ID,city,city_ascii,state_id,state_name,county_fips,county_name,lat,lng,population,density,source,military,incorporated,timezone,ranking
1,New York,New York,NY,New York,36061,New York,40.6943,-73.9249,18713220,10715,polygon,FALSE,TRUE,America/New_York,1
2,Los Angeles,Los Angeles,CA,California,6037,Los Angeles,34.1139,-118.4068,12750807,3276,polygon,FALSE,TRUE,America/Los_Angeles,1
3,Chicago,Chicago,IL,Illinois,17031,Cook,41.8373,-87.6862,8604203,4574,polygon,FALSE,TRUE,America/Chicago,1
4,Miami,Miami,FL,Florida,12086,Miami-Dade,25.7839,-80.2102,6445545,5019,polygon,FALSE,TRUE,America/New_York,1
5,Dallas,Dallas,TX,Texas,48113,Dallas,32.7936,-96.7662,5743938,1526,polygon,FALSE,TRUE,America/Chicago,1
6,Philadelphia,Philadelphia,PA,Pennsylvania,42101,Philadelphia,40.0077,-75.1339,5649300,4554,polygon,FALSE,TRUE,America/New_York,1
7,Houston,Houston,TX,Texas,48201,Harris,29.7863,-95.3889,5464251,1399,polygon,FALSE,TRUE,America/Chicago,1
8,Atlanta,Atlanta,GA,Georgia,13121,Fulton,33.7627,-84.4224,5449398,1441,polygon,FALSE,TRUE,America/New_York,1
9,Washington,Washington,DC,District of Columbia,11001,District of Columbia,38.9047,-77.0163,5379184,4457,polygon,FALSE,TRUE,America/New_York,1
10,Boston,Boston,MA,Massachusetts,25025,Suffolk,42.3188,-71.0846,4688346,5532,polygon,FALSE,TRUE,America/New_York,1
11,Phoenix,Phoenix,AZ,Arizona,4013,Maricopa,33.5722,-112.0891,4219697,1253,polygon,FALSE,TRUE,America/Phoenix,1
12,Seattle,Seattle,WA,Washington,53033,King,47.6211,-122.3244,3789215,3469,polygon,FALSE,TRUE,America/Los_Angeles,1
13,San Francisco,San Francisco,CA,California,6075,San Francisco,37.7562,-122.443,3592294,7256,polygon,FALSE,TRUE,America/Los_Angeles,1
14,Detroit,Detroit,MI,Michigan,26163,Wayne,42.3834,-83.1024,3506126,1864,polygon,FALSE,TRUE,America/Detroit,1
15,San Diego,San Diego,CA,California,6073,San Diego,32.8312,-117.1225,3220118,1686,polygon,FALSE,TRUE,America/Los_Angeles,1
16,Minneapolis,Minneapolis,MN,Minnesota,27053,Hennepin,44.9635,-93.2678,2977172,3071,polygon,FALSE,TRUE,America/Chicago,1
17,Tampa,Tampa,FL,Florida,12057,Hillsborough,27.9942,-82.4451,2908063,1353,polygon,FALSE,TRUE,America/New_York,1
18,Denver,Denver,CO,Colorado,8031,Denver,39.7621,-104.8759,2876625,1831,polygon,FALSE,TRUE,America/Denver,1
19,Brooklyn,Brooklyn,NY,New York,36047,Kings,40.6501,-73.9496,2559903,14221,polygon,FALSE,TRUE,America/New_York,1
20,Queens,Queens,NY,New York,36081,Queens,40.7498,-73.7976,2230722,7885,polygon,FALSE,TRUE,America/New_York,1
21,Riverside,Riverside,CA,California,6065,Riverside,33.9381,-117.3948,2107852,1574,polygon,FALSE,TRUE,America/Los_Angeles,1
22,Baltimore,Baltimore,MD,Maryland,24510,Baltimore,39.3051,-76.6144,2106068,2830,polygon,FALSE,TRUE,America/New_York,1
23,Las Vegas,Las Vegas,NV,Nevada,32003,Clark,36.2333,-115.2654,2104198,1773,polygon,FALSE,TRUE,America/Los_Angeles,1
24,Portland,Portland,OR,Oregon,41051,Multnomah,45.5372,-122.65,2074775,1894,polygon,FALSE,TRUE,America/Los_Angeles,1
25,San Antonio,San Antonio,TX,Texas,48029,Bexar,29.4658,-98.5253,2049293,1231,polygon,FALSE,TRUE,America/Chicago,1
26,St. Louis,St. Louis,MO,Missouri,29510,St. Louis,38.6358,-90.2451,2024074,1879,polygon,FALSE,TRUE,America/Chicago,1
27,Sacramento,Sacramento,CA,California,6067,Sacramento,38.5667,-121.4683,1898019,2029,polygon,FALSE,TRUE,America/Los_Angeles,1
28,Orlando,Orlando,FL,Florida,12095,Orange,28.4772,-81.3369,1822394,1003,polygon,FALSE,TRUE,America/New_York,1
29,San Jose,San Jose,CA,California,6085,Santa Clara,37.3019,-121.8486,1798103,2218,polygon,FALSE,TRUE,America/Los_Angeles,1
30,Cleveland,Cleveland,OH,Ohio,39035,Cuyahoga,41.4767,-81.6804,1710093,1893,polygon,FALSE,TRUE,America/New_York,1
31,Pittsburgh,Pittsburgh,PA,Pennsylvania,42003,Allegheny,40.4396,-79.9762,1703266,2093,polygon,FALSE,TRUE,America/New_York,1
32,Austin,Austin,TX,Texas,48453,Travis,30.3004,-97.7522,1687311,1181,polygon,FALSE,TRUE,America/Chicago,1
33,Cincinnati,Cincinnati,OH,Ohio,39061,Hamilton,39.1413,-84.5061,1662691,1507,polygon,FALSE,TRUE,America/New_York,1
34,Kansas City,Kansas City,MO,Missouri,29095,Jackson,39.1239,-94.5541,1636715,607,polygon,FALSE,TRUE,America/Chicago,1
35,Manhattan,Manhattan,NY,New York,36061,New York,40.7834,-73.9662,1628706,27545,polygon,FALSE,TRUE,America/New_York,1
36,Indianapolis,Indianapolis,IN,Indiana,18097,Marion,39.7771,-86.1458,1588961,935,polygon,FALSE,TRUE,America/Indiana/Indianapolis,1
37,Columbus,Columbus,OH,Ohio,39049,Franklin,39.9862,-82.985,1562009,1582,polygon,FALSE,TRUE,America/New_York,1
38,Charlotte,Charlotte,NC,North Carolina,37119,Mecklenburg,35.208,-80.8304,1512923,1113,polygon,FALSE,TRUE,America/New_York,1
39,Virginia Beach,Virginia Beach,VA,Virginia,51810,Virginia Beach,36.7335,-76.0435,1478868,709,polygon,FALSE,TRUE,America/New_York,1
40,Bronx,Bronx,NY,New York,36005,Bronx,40.8501,-73.8662,1418207,12862,polygon,FALSE,TRUE,America/New_York,1
41,Milwaukee,Milwaukee,WI,Wisconsin,55079,Milwaukee,43.0642,-87.9673,1365787,2369,polygon,FALSE,TRUE,America/Chicago,1
42,Providence,Providence,RI,Rhode Island,44007,Providence,41.823,-71.4187,1203230,3773,polygon,FALSE,TRUE,America/New_York,1
43,Jacksonville,Jacksonville,FL,Florida,12031,Duval,30.3322,-81.6749,1181496,470,polygon,FALSE,TRUE,America/New_York,1
44,Salt Lake City,Salt Lake City,UT,Utah,49035,Salt Lake,40.7777,-111.9306,1098526,699,polygon,FALSE,TRUE,America/Denver,1
45,Nashville,Nashville,TN,Tennessee,47037,Davidson,36.1715,-86.7843,1081903,544,polygon,FALSE,TRUE,America/Chicago,1
46,Richmond,Richmond,VA,Virginia,51760,Richmond,37.5295,-77.4756,1075798,1484,polygon,FALSE,TRUE,America/New_York,1
47,Memphis,Memphis,TN,Tennessee,47157,Shelby,35.1046,-89.9773,1066967,792,polygon,FALSE,TRUE,America/Chicago,1
48,Raleigh,Raleigh,NC,North Carolina,37183,Wake,35.8325,-78.6435,1038738,1254,polygon,FALSE,TRUE,America/New_York,1
49,New Orleans,New Orleans,LA,Louisiana,22071,Orleans,30.0687,-89.9288,1020886,889,polygon,FALSE,TRUE,America/Chicago,1
50,Louisville,Louisville,KY,Kentucky,21111,Jefferson,38.1663,-85.6485,1005654,905,polygon,FALSE,TRUE,America/New_York,1
51,Oklahoma City,Oklahoma City,OK,Oklahoma,40109,Oklahoma,35.4676,-97.5136,972943,417,polygon,FALSE,TRUE,America/Chicago,2
52,Bridgeport,Bridgeport,CT,Connecticut,9001,Fairfield,41.1918,-73.1953,924449,3470,polygon,FALSE,TRUE,America/New_York,2
53,Buffalo,Buffalo,NY,New York,36029,Erie,42.9016,-78.8487,914341,2441,polygon,FALSE,TRUE,America/New_York,2
54,Fort Worth,Fort Worth,TX,Texas,48439,Tarrant,32.7811,-97.3473,909585,1016,polygon,FALSE,TRUE,America/Chicago,2
55,Hartford,Hartford,CT,Connecticut,9003,Hartford,41.7661,-72.6834,905152,2712,polygon,FALSE,TRUE,America/New_York,2
56,Tucson,Tucson,AZ,Arizona,4019,Pima,32.1545,-110.8782,888486,889,polygon,FALSE,TRUE,America/Phoenix,2
57,Omaha,Omaha,NE,Nebraska,31055,Douglas,41.2627,-96.0522,847819,1309,polygon,FALSE,TRUE,America/Chicago,2
58,El Paso,El Paso,TX,Texas,48141,El Paso,31.8479,-106.4309,843386,1022,polygon,FALSE,TRUE,America/Denver,2
59,Honolulu,Honolulu,HI,Hawaii,15003,Honolulu,21.3294,-157.846,820987,2200,polygon,FALSE,TRUE,Pacific/Honolulu,2
60,McAllen,McAllen,TX,Texas,48215,Hidalgo,26.2273,-98.2471,804114,841,polygon,FALSE,TRUE,America/Chicago,2
61,Albuquerque,Albuquerque,NM,New Mexico,35001,Bernalillo,35.1053,-106.6464,761195,1155,polygon,FALSE,TRUE,America/Denver,2
62,Birmingham,Birmingham,AL,Alabama,1073,Jefferson,33.5277,-86.7987,739573,553,polygon,FALSE,TRUE,America/Chicago,2
63,Sarasota,Sarasota,FL,Florida,12115,Sarasota,27.3386,-82.5431,722243,1528,polygon,FALSE,TRUE,America/New_York,2
64,Dayton,Dayton,OH,Ohio,39113,Montgomery,39.7797,-84.1998,718353,978,polygon,FALSE,TRUE,America/New_York,2
65,Rochester,Rochester,NY,New York,36055,Monroe,43.168,-77.6162,703952,2220,polygon,FALSE,TRUE,America/New_York,2
66,Fresno,Fresno,CA,California,6019,Fresno,36.7831,-119.7941,703498,1789,polygon,FALSE,TRUE,America/Los_Angeles,2
67,Allentown,Allentown,PA,Pennsylvania,42077,Lehigh,40.5961,-75.4756,683794,2672,polygon,FALSE,TRUE,America/New_York,2
68,Tulsa,Tulsa,OK,Oklahoma,40143,Tulsa,36.1284,-95.9042,671033,784,polygon,FALSE,TRUE,America/Chicago,2
69,Cape Coral,Cape Coral,FL,Florida,12071,Lee,26.6446,-81.9956,668382,708,polygon,FALSE,TRUE,America/New_York,2
70,Concord,Concord,CA,California,6013,Contra Costa,37.9722,-122.0016,652308,1633,polygon,FALSE,TRUE,America/Los_Angeles,2
71,Colorado Springs,Colorado Springs,CO,Colorado,8041,El Paso,38.8674,-104.7606,642413,946,polygon,FALSE,TRUE,America/Denver,2
72,Charleston,Charleston,SC,South Carolina,45019,Charleston,32.8153,-79.9628,628377,480,polygon,FALSE,TRUE,America/New_York,2
73,Springfield,Springfield,MA,Massachusetts,25013,Hampden,42.1155,-72.5395,623401,1860,polygon,FALSE,TRUE,America/New_York,2
74,Grand Rapids,Grand Rapids,MI,Michigan,26081,Kent,42.962,-85.6562,609314,1734,polygon,FALSE,TRUE,America/Detroit,2
75,Mission Viejo,Mission Viejo,CA,California,6059,Orange,33.6095,-117.655,590249,2058,polygon,FALSE,TRUE,America/Los_Angeles,2
76,Albany,Albany,NY,New York,36001,Albany,42.6664,-73.7987,586383,1740,polygon,FALSE,TRUE,America/New_York,2
77,Knoxville,Knoxville,TN,Tennessee,47093,Knox,35.9692,-83.9496,586048,733,polygon,FALSE,TRUE,America/New_York,2
78,Bakersfield,Bakersfield,CA,California,6029,Kern,35.3529,-119.0359,579295,990,polygon,FALSE,TRUE,America/Los_Angeles,2
79,Ogden,Ogden,UT,Utah,49057,Weber,41.2278,-111.9682,578523,1230,polygon,FALSE,TRUE,America/Denver,2
80,Baton Rouge,Baton Rouge,LA,Louisiana,22033,East Baton Rouge,30.4418,-91.131,570308,983,polygon,FALSE,TRUE,America/Chicago,2
81,Akron,Akron,OH,Ohio,39153,Summit,41.0798,-81.5219,565208,1231,polygon,FALSE,TRUE,America/New_York,2
82,New Haven,New Haven,CT,Connecticut,9009,New Haven,41.3112,-72.9246,564830,2690,polygon,FALSE,TRUE,America/New_York,2
83,Columbia,Columbia,SC,South Carolina,45079,Richland,34.0376,-80.9037,560041,373,polygon,FALSE,TRUE,America/New_York,2
84,Mesa,Mesa,AZ,Arizona,4013,Maricopa,33.4017,-111.718,518012,1448,polygon,FALSE,TRUE,America/Phoenix,2
85,Palm Bay,Palm Bay,FL,Florida,12009,Brevard,27.955,-80.6627,507002,456,polygon,FALSE,TRUE,America/New_York,2
86,Provo,Provo,UT,Utah,49049,Utah,40.2457,-111.6457,500617,1080,polygon,FALSE,TRUE,America/Denver,2
87,Worcester,Worcester,MA,Massachusetts,25027,Worcester,42.2705,-71.8079,498328,1916,polygon,FALSE,TRUE,America/New_York,2
88,Murrieta,Murrieta,CA,California,6065,Riverside,33.572,-117.1909,496046,1335,polygon,FALSE,TRUE,America/Los_Angeles,2
89,Greenville,Greenville,SC,South Carolina,45045,Greenville,34.8353,-82.3647,484465,920,polygon,FALSE,TRUE,America/New_York,2
90,Wichita,Wichita,KS,Kansas,20173,Sedgwick,37.6896,-97.3442,482249,931,polygon,FALSE,TRUE,America/Chicago,2
91,Toledo,Toledo,OH,Ohio,39095,Lucas,41.6639,-83.5822,482111,1308,polygon,FALSE,TRUE,America/New_York,2
92,Staten Island,Staten Island,NY,New York,36085,Richmond,40.5834,-74.1496,476143,3156,polygon,FALSE,TRUE,America/New_York,2
93,Des Moines,Des Moines,IA,Iowa,19153,Polk,41.5725,-93.6105,473957,938,polygon,FALSE,TRUE,America/Chicago,2
94,Long Beach,Long Beach,CA,California,6037,Los Angeles,33.7981,-118.1675,462628,3523,polygon,FALSE,TRUE,America/Los_Angeles,2
95,Port St. Lucie,Port St. Lucie,FL,Florida,12111,St. Lucie,27.2796,-80.3883,461152,653,polygon,FALSE,TRUE,America/New_York,2
96,Denton,Denton,TX,Texas,48121,Denton,33.2176,-97.1419,457177,567,polygon,FALSE,TRUE,America/Chicago,2
97,Madison,Madison,WI,Wisconsin,55025,Dane,43.0826,-89.3931,447245,1263,polygon,FALSE,TRUE,America/Chicago,2
98,Reno,Reno,NV,Nevada,32031,Washoe,39.5497,-119.8483,445020,907,polygon,FALSE,TRUE,America/Los_Angeles,2
99,Harrisburg,Harrisburg,PA,Pennsylvania,42043,Dauphin,40.2752,-76.8843,442289,2343,polygon,FALSE,TRUE,America/New_York,2
100,Little Rock,Little Rock,AR,Arkansas,5119,Pulaski,34.7256,-92.3576,439815,634,polygon,FALSE,TRUE,America/Chicago,2
101,Oakland,Oakland,CA,California,6001,Alameda,37.7903,-122.2165,433031,2991,polygon,FALSE,TRUE,America/Los_Angeles,2
102,Durham,Durham,NC,North Carolina,37063,Durham,35.9794,-78.9031,424700,959,polygon,FALSE,TRUE,America/New_York,2
103,Winston-Salem,Winston-Salem,NC,North Carolina,37067,Forsyth,36.1029,-80.2611,422269,721,polygon,FALSE,TRUE,America/New_York,2
104,Bonita Springs,Bonita Springs,FL,Florida,12071,Lee,26.3559,-81.7861,421291,600,polygon,FALSE,TRUE,America/New_York,2
105,Indio,Indio,CA,California,6065,Riverside,33.7346,-116.2346,417059,1066,polygon,FALSE,TRUE,America/Los_Angeles,2
106,Palm Coast,Palm Coast,FL,Florida,12035,Flagler,29.5392,-81.246,417007,364,polygon,FALSE,TRUE,America/New_York,2
107,Chattanooga,Chattanooga,TN,Tennessee,47065,Hamilton,35.0657,-85.2488,415501,493,polygon,FALSE,TRUE,America/New_York,2
108,Spokane,Spokane,WA,Washington,53063,Spokane,47.6671,-117.433,412275,1247,polygon,FALSE,TRUE,America/Los_Angeles,2
109,Syracuse,Syracuse,NY,New York,36067,Onondaga,43.0409,-76.1438,404223,2195,polygon,FALSE,TRUE,America/New_York,2
110,Lancaster,Lancaster,PA,Pennsylvania,42071,Lancaster,40.0421,-76.3012,401524,3166,polygon,FALSE,TRUE,America/New_York,2
111,Arlington,Arlington,TX,Texas,48439,Tarrant,32.6998,-97.125,398854,1607,polygon,FALSE,TRUE,America/Chicago,2
112,Stockton,Stockton,CA,California,6077,San Joaquin,37.9765,-121.3109,397264,1941,polygon,FALSE,TRUE,America/Los_Angeles,2
113,Poughkeepsie,Poughkeepsie,NY,New York,36027,Dutchess,41.6949,-73.921,394760,2290,polygon,FALSE,TRUE,America/New_York,2
114,Augusta,Augusta,GA,Georgia,13245,Richmond,33.3645,-82.0708,390809,252,polygon,FALSE,TRUE,America/New_York,2
115,Boise,Boise,ID,Idaho,16001,Ada,43.6007,-116.2312,389280,1056,polygon,FALSE,TRUE,America/Boise,2
116,Oxnard,Oxnard,CA,California,6111,Ventura,34.1963,-119.1815,387647,3040,polygon,FALSE,TRUE,America/Los_Angeles,2
117,Scranton,Scranton,PA,Pennsylvania,42069,Lackawanna,41.4044,-75.6649,384250,1169,polygon,FALSE,TRUE,America/New_York,2
118,Modesto,Modesto,CA,California,6099,Stanislaus,37.6374,-121.0028,383134,1933,polygon,FALSE,TRUE,America/Los_Angeles,2
119,Kissimmee,Kissimmee,FL,Florida,12097,Osceola,28.3042,-81.4164,382720,1349,polygon,FALSE,TRUE,America/New_York,2
120,Aurora,Aurora,CO,Colorado,8001,Adams,39.7087,-104.7273,379289,949,polygon,FALSE,TRUE,America/Denver,2
121,Youngstown,Youngstown,OH,Ohio,39099,Mahoning,41.0993,-80.6463,378732,744,polygon,FALSE,TRUE,America/New_York,2
122,Fayetteville,Fayetteville,AR,Arkansas,5143,Washington,36.0713,-94.166,351246,625,polygon,FALSE,TRUE,America/Chicago,2
123,Anaheim,Anaheim,CA,California,6059,Orange,33.839,-117.8572,350365,2688,polygon,FALSE,TRUE,America/Los_Angeles,2
124,Pensacola,Pensacola,FL,Florida,12033,Escambia,30.4427,-87.1886,346921,903,polygon,FALSE,TRUE,America/Chicago,2
125,Victorville,Victorville,CA,California,6071,San Bernardino,34.5277,-117.3536,346789,641,polygon,FALSE,TRUE,America/Los_Angeles,2
126,Lancaster,Lancaster,CA,California,6037,Los Angeles,34.6935,-118.1753,343304,645,polygon,FALSE,TRUE,America/Los_Angeles,2
127,Greensboro,Greensboro,NC,North Carolina,37081,Guilford,36.0956,-79.8269,343090,887,polygon,FALSE,TRUE,America/New_York,2
128,Corpus Christi,Corpus Christi,TX,Texas,48355,Nueces,27.726,-97.3755,342464,789,polygon,FALSE,TRUE,America/Chicago,2
129,Fort Wayne,Fort Wayne,IN,Indiana,18003,Allen,41.0886,-85.1437,334122,943,polygon,FALSE,TRUE,America/Indiana/Indianapolis,2
130,Santa Ana,Santa Ana,CA,California,6059,Orange,33.7366,-117.8819,332318,4689,polygon,FALSE,TRUE,America/Los_Angeles,2
131,Flint,Flint,MI,Michigan,26049,Genesee,43.0235,-83.6922,332190,1103,polygon,FALSE,TRUE,America/Detroit,2
132,San Juan,San Juan,PR,Puerto Rico,72127,San Juan,18.4037,-66.0636,331165,3234,polygon,FALSE,FALSE,America/Puerto_Rico,2
133,Fayetteville,Fayetteville,NC,North Carolina,37051,Cumberland,35.0846,-78.9776,327435,552,polygon,FALSE,TRUE,America/New_York,2
134,Jackson,Jackson,MS,Mississippi,28049,Hinds,32.3163,-90.2124,325350,558,polygon,FALSE,TRUE,America/Chicago,2
135,Santa Rosa,Santa Rosa,CA,California,6097,Sonoma,38.4458,-122.7067,324634,1605,polygon,FALSE,TRUE,America/Los_Angeles,2
136,Lansing,Lansing,MI,Michigan,26065,Ingham,42.7142,-84.5601,324286,1164,polygon,FALSE,TRUE,America/Detroit,2
137,Ann Arbor,Ann Arbor,MI,Michigan,26161,Washtenaw,42.2755,-83.7312,322267,1659,polygon,FALSE,TRUE,America/Detroit,2
138,Henderson,Henderson,NV,Nevada,32003,Clark,36.0133,-115.038,320189,1165,polygon,FALSE,TRUE,America/Los_Angeles,2
139,Huntsville,Huntsville,AL,Alabama,1089,Madison,34.6988,-86.6412,319249,361,polygon,FALSE,TRUE,America/Chicago,2
140,Lexington,Lexington,KY,Kentucky,21067,Fayette,38.0423,-84.4587,317110,439,polygon,FALSE,TRUE,America/New_York,2
141,Mobile,Mobile,AL,Alabama,1097,Mobile,30.6783,-88.1162,315502,522,polygon,FALSE,TRUE,America/Chicago,2
142,Fort Collins,Fort Collins,CO,Colorado,8069,Larimer,40.5478,-105.0656,312666,1149,polygon,FALSE,TRUE,America/Denver,2
143,Asheville,Asheville,NC,North Carolina,37021,Buncombe,35.5704,-82.5536,312507,786,polygon,FALSE,TRUE,America/New_York,2
144,Santa Clarita,Santa Clarita,CA,California,6037,Los Angeles,34.4175,-118.4964,312446,1162,polygon,FALSE,TRUE,America/Los_Angeles,2
145,St. Paul,St. Paul,MN,Minnesota,27123,Ramsey,44.9477,-93.104,308096,2288,polygon,FALSE,TRUE,America/Chicago,2
146,Antioch,Antioch,CA,California,6013,Contra Costa,37.9789,-121.7958,302419,1466,polygon,FALSE,TRUE,America/Los_Angeles,2
147,Lakeland,Lakeland,FL,Florida,12105,Polk,28.0556,-81.9545,302284,654,polygon,FALSE,TRUE,America/New_York,2
148,Trenton,Trenton,NJ,New Jersey,34021,Mercer,40.2236,-74.7641,290716,4238,polygon,FALSE,TRUE,America/New_York,2
149,Lincoln,Lincoln,NE,Nebraska,31109,Lancaster,40.809,-96.6788,289490,1160,polygon,FALSE,TRUE,America/Chicago,2
150,Springfield,Springfield,MO,Missouri,29077,Greene,37.1943,-93.2916,288090,786,polygon,FALSE,TRUE,America/Chicago,2
151,Plano,Plano,TX,Texas,48085,Collin,33.0502,-96.7487,287677,1549,polygon,FALSE,TRUE,America/Chicago,2
152,Irvine,Irvine,CA,California,6059,Orange,33.6772,-117.7738,287401,1691,polygon,FALSE,TRUE,America/Los_Angeles,2
153,Davenport,Davenport,IA,Iowa,19163,Scott,41.5563,-90.6052,285362,617,polygon,FALSE,TRUE,America/Chicago,2
154,Rockford,Rockford,IL,Illinois,17201,Winnebago,42.2597,-89.0641,282762,873,polygon,FALSE,TRUE,America/Chicago,2
155,Newark,Newark,NJ,New Jersey,34013,Essex,40.7245,-74.1725,282011,4509,polygon,FALSE,TRUE,America/New_York,2
156,South Bend,South Bend,IN,Indiana,18141,St. Joseph,41.6767,-86.2696,280498,938,polygon,FALSE,TRUE,America/Indiana/Indianapolis,2
157,Shreveport,Shreveport,LA,Louisiana,22017,Caddo,32.4656,-93.7956,280062,672,polygon,FALSE,TRUE,America/Chicago,2
158,Round Lake Beach,Round Lake Beach,IL,Illinois,17097,Lake,42.379,-88.0811,279381,2073,polygon,FALSE,TRUE,America/Chicago,2
159,Savannah,Savannah,GA,Georgia,13051,Chatham,32.0281,-81.1784,276295,536,polygon,FALSE,TRUE,America/New_York,2
160,Myrtle Beach,Myrtle Beach,SC,South Carolina,45051,Horry,33.7096,-78.8843,275579,568,polygon,FALSE,TRUE,America/New_York,2
161,Chula Vista,Chula Vista,CA,California,6073,San Diego,32.6281,-117.0145,274492,2134,polygon,FALSE,TRUE,America/Los_Angeles,2
162,Eugene,Eugene,OR,Oregon,41039,Lane,44.0563,-123.1173,273439,1510,polygon,FALSE,TRUE,America/Los_Angeles,2
163,Canton,Canton,OH,Ohio,39151,Stark,40.8075,-81.3677,269418,1040,polygon,FALSE,TRUE,America/New_York,2
164,Lubbock,Lubbock,TX,Texas,48303,Lubbock,33.5659,-101.8878,267648,741,polygon,FALSE,TRUE,America/Chicago,2
165,Reading,Reading,PA,Pennsylvania,42011,Berks,40.34,-75.9267,267155,3466,polygon,FALSE,TRUE,America/New_York,2
166,Winter Haven,Winter Haven,FL,Florida,12105,Polk,28.0118,-81.7017,267069,538,polygon,FALSE,TRUE,America/New_York,2
167,Salem,Salem,OR,Oregon,41047,Marion,44.9231,-123.0246,266804,1382,polygon,FALSE,TRUE,America/Los_Angeles,2
168,St. Petersburg,St. Petersburg,FL,Florida,12103,Pinellas,27.7931,-82.6652,265351,1656,polygon,FALSE,TRUE,America/New_York,2
169,Lafayette,Lafayette,LA,Louisiana,22055,Lafayette,30.2084,-92.0323,264357,877,polygon,FALSE,TRUE,America/Chicago,2
170,Laredo,Laredo,TX,Texas,48479,Webb,27.5629,-99.4875,262079,958,polygon,FALSE,TRUE,America/Chicago,2
171,Jersey City,Jersey City,NJ,New Jersey,34017,Hudson,40.7161,-74.0682,262075,6863,polygon,FALSE,TRUE,America/New_York,2
172,Concord,Concord,NC,North Carolina,37025,Cabarrus,35.3933,-80.6366,261801,585,polygon,FALSE,TRUE,America/New_York,2
173,Columbus,Columbus,GA,Georgia,13215,Muscogee,32.51,-84.8771,261445,349,polygon,FALSE,TRUE,America/New_York,2
174,Chandler,Chandler,AZ,Arizona,4013,Maricopa,33.2826,-111.8516,261165,1548,polygon,FALSE,TRUE,America/Phoenix,2
175,McKinney,McKinney,TX,Texas,48085,Collin,33.2015,-96.6669,258277,1148,polygon,FALSE,TRUE,America/Chicago,2
176,Scottsdale,Scottsdale,AZ,Arizona,4013,Maricopa,33.6872,-111.8651,258069,541,polygon,FALSE,TRUE,America/Phoenix,2
177,Killeen,Killeen,TX,Texas,48027,Bell,31.0754,-97.7296,258009,1073,polygon,FALSE,TRUE,America/Chicago,2
178,Tallahassee,Tallahassee,FL,Florida,12073,Leon,30.4551,-84.2526,257601,747,polygon,FALSE,TRUE,America/New_York,2
179,Peoria,Peoria,IL,Illinois,17143,Peoria,40.752,-89.6153,256286,888,polygon,FALSE,TRUE,America/Chicago,2
180,Wilmington,Wilmington,NC,North Carolina,37129,New Hanover,34.21,-77.8866,255616,929,polygon,FALSE,TRUE,America/New_York,2
181,Montgomery,Montgomery,AL,Alabama,1101,Montgomery,32.3473,-86.2666,254634,479,polygon,FALSE,TRUE,America/Chicago,2
182,Gilbert,Gilbert,AZ,Arizona,4013,Maricopa,33.3101,-111.7463,254114,1432,polygon,FALSE,TRUE,America/Phoenix,2
183,Glendale,Glendale,AZ,Arizona,4013,Maricopa,33.5791,-112.2311,252381,1582,polygon,FALSE,TRUE,America/Phoenix,2
184,North Las Vegas,North Las Vegas,NV,Nevada,32003,Clark,36.288,-115.0901,251974,992,polygon,FALSE,TRUE,America/Los_Angeles,2
185,Anchorage,Anchorage,AK,Alaska,2020,Anchorage,61.1508,-149.1091,247949,65,polygon,FALSE,TRUE,America/Anchorage,2
186,Chesapeake,Chesapeake,VA,Virginia,51550,Chesapeake,36.6778,-76.3024,244835,279,polygon,FALSE,TRUE,America/New_York,2
187,Barnstable,Barnstable,MA,Massachusetts,25001,Barnstable,41.6722,-70.3599,242847,286,polygon,FALSE,TRUE,America/New_York,2
188,Norfolk,Norfolk,VA,Virginia,51710,Norfolk,36.8945,-76.259,242742,1759,polygon,FALSE,TRUE,America/New_York,2
189,Fremont,Fremont,CA,California,6001,Alameda,37.5265,-121.9852,241110,1201,polygon,FALSE,TRUE,America/Los_Angeles,2
190,Kennewick,Kennewick,WA,Washington,53005,Benton,46.1978,-119.1732,240735,1186,polygon,FALSE,TRUE,America/Los_Angeles,2
191,Garland,Garland,TX,Texas,48113,Dallas,32.91,-96.6305,239928,1623,polygon,FALSE,TRUE,America/Chicago,2
192,Irving,Irving,TX,Texas,48113,Dallas,32.8584,-96.9702,239798,1380,polygon,FALSE,TRUE,America/Chicago,2
193,Visalia,Visalia,CA,California,6107,Tulare,36.3276,-119.3269,237386,1370,polygon,FALSE,TRUE,America/Los_Angeles,2
194,Atlantic City,Atlantic City,NJ,New Jersey,34001,Atlantic,39.3797,-74.4527,237054,1354,polygon,FALSE,TRUE,America/New_York,2
195,Nashua,Nashua,NH,New Hampshire,33011,Hillsborough,42.7491,-71.491,233917,1118,polygon,FALSE,TRUE,America/New_York,2
196,Paradise,Paradise,NV,Nevada,32003,Clark,36.0807,-115.1369,233689,1930,polygon,FALSE,FALSE,America/Los_Angeles,2
197,Hialeah,Hialeah,FL,Florida,12086,Miami-Dade,25.8696,-80.3046,233339,4174,polygon,FALSE,TRUE,America/New_York,2
198,York,York,PA,Pennsylvania,42133,York,39.9651,-76.7315,233184,3204,polygon,FALSE,TRUE,America/New_York,2
199,Arlington,Arlington,VA,Virginia,51013,Arlington,38.8786,-77.1011,231803,3442,polygon,FALSE,FALSE,America/New_York,2
200,Evansville,Evansville,IN,Indiana,18163,Vanderburgh,37.9881,-87.5341,230427,962,polygon,FALSE,TRUE,America/Chicago,2
201,Avondale,Avondale,AZ,Arizona,4013,Maricopa,33.3858,-112.3236,227289,750,polygon,FALSE,TRUE,America/Phoenix,2
202,Brownsville,Brownsville,TX,Texas,48061,Cameron,25.998,-97.4565,227239,533,polygon,FALSE,TRUE,America/Matamoros,2
203,Gulfport,Gulfport,MS,Mississippi,28047,Harrison,30.4271,-89.0703,220987,497,polygon,FALSE,TRUE,America/Chicago,2
204,Appleton,Appleton,WI,Wisconsin,55087,Outagamie,44.2779,-88.3891,220570,1156,polygon,FALSE,TRUE,America/Chicago,2
205,Bremerton,Bremerton,WA,Washington,53035,Kitsap,47.5436,-122.7122,218400,561,polygon,FALSE,TRUE,America/Los_Angeles,2
206,Hickory,Hickory,NC,North Carolina,37035,Catawba,35.7425,-81.323,218323,536,polygon,FALSE,TRUE,America/New_York,2
207,Tacoma,Tacoma,WA,Washington,53053,Pierce,47.2431,-122.4531,217827,1690,polygon,FALSE,TRUE,America/Los_Angeles,2
208,San Bernardino,San Bernardino,CA,California,6071,San Bernardino,34.1417,-117.2946,215784,1341,polygon,FALSE,TRUE,America/Los_Angeles,2
209,College Station,College Station,TX,Texas,48041,Brazos,30.5852,-96.296,215243,890,polygon,FALSE,TRUE,America/Chicago,2
210,Kalamazoo,Kalamazoo,MI,Michigan,26077,Kalamazoo,42.2749,-85.5882,215193,1192,polygon,FALSE,TRUE,America/Detroit,2
211,Thousand Oaks,Thousand Oaks,CA,California,6111,Ventura,34.1914,-118.8755,215029,885,polygon,FALSE,TRUE,America/Los_Angeles,2
212,Roanoke,Roanoke,VA,Virginia,51770,Roanoke,37.2785,-79.958,214674,900,polygon,FALSE,TRUE,America/New_York,2
213,Fontana,Fontana,CA,California,6071,San Bernardino,34.0968,-117.4599,214547,1923,polygon,FALSE,TRUE,America/Los_Angeles,2
214,Moreno Valley,Moreno Valley,CA,California,6065,Riverside,33.9244,-117.2045,213055,1604,polygon,FALSE,TRUE,America/Los_Angeles,2
215,North Port,North Port,FL,Florida,12115,Sarasota,27.0577,-82.1975,209070,274,polygon,FALSE,TRUE,America/New_York,2
216,Fargo,Fargo,ND,North Dakota,38017,Cass,46.8652,-96.8292,208675,967,polygon,FALSE,TRUE,America/Chicago,2
217,Green Bay,Green Bay,WI,Wisconsin,55009,Brown,44.515,-87.9896,207557,887,polygon,FALSE,TRUE,America/Chicago,2
218,Amarillo,Amarillo,TX,Texas,48375,Potter,35.1988,-101.8311,205603,756,polygon,FALSE,TRUE,America/Chicago,2
219,Portland,Portland,ME,Maine,23005,Cumberland,43.6773,-70.2715,203969,1185,polygon,FALSE,TRUE,America/New_York,2
220,Santa Barbara,Santa Barbara,CA,California,6083,Santa Barbara,34.4285,-119.7202,202401,1808,polygon,FALSE,TRUE,America/Los_Angeles,2
221,Gainesville,Gainesville,FL,Florida,12001,Alachua,29.6804,-82.3458,202335,820,polygon,FALSE,TRUE,America/New_York,2
222,Olympia,Olympia,WA,Washington,53067,Thurston,47.0417,-122.8959,200915,1119,polygon,FALSE,TRUE,America/Los_Angeles,2
223,Frisco,Frisco,TX,Texas,48085,Collin,33.1555,-96.8215,200490,1136,polygon,FALSE,TRUE,America/Chicago,2
224,Yonkers,Yonkers,NY,New York,36119,Westchester,40.9466,-73.8674,200370,4295,polygon,FALSE,TRUE,America/New_York,2
225,Norwich,Norwich,CT,Connecticut,9011,New London,41.5495,-72.0882,200289,533,polygon,FALSE,TRUE,America/New_York,2
226,Spring Valley,Spring Valley,NV,Nevada,32003,Clark,36.0987,-115.2619,199722,2318,polygon,FALSE,FALSE,America/Los_Angeles,2
227,Glendale,Glendale,CA,California,6037,Los Angeles,34.1818,-118.2468,199303,2525,polygon,FALSE,TRUE,America/Los_Angeles,2
228,Huntington Beach,Huntington Beach,CA,California,6059,Orange,33.696,-118.0025,199223,2848,polygon,FALSE,TRUE,America/Los_Angeles,2
229,Deltona,Deltona,FL,Florida,12127,Volusia,28.905,-81.2137,198361,960,polygon,FALSE,TRUE,America/New_York,2
230,Aurora,Aurora,IL,Illinois,17089,Kane,41.7637,-88.2901,197757,1696,polygon,FALSE,TRUE,America/Chicago,2
231,Tempe,Tempe,AZ,Arizona,4013,Maricopa,33.3881,-111.9318,195805,1891,polygon,FALSE,TRUE,America/Phoenix,2
232,Overland Park,Overland Park,KS,Kansas,20091,Johnson,38.887,-94.687,195494,1003,polygon,FALSE,TRUE,America/Chicago,2
233,Grand Prairie,Grand Prairie,TX,Texas,48113,Dallas,32.6872,-97.0209,194543,1039,polygon,FALSE,TRUE,America/Chicago,2
234,Sunrise Manor,Sunrise Manor,NV,Nevada,32003,Clark,36.1785,-115.049,192934,2231,polygon,FALSE,FALSE,America/Los_Angeles,2
235,Waco,Waco,TX,Texas,48309,McLennan,31.5598,-97.1881,192315,605,polygon,FALSE,TRUE,America/Chicago,2
236,Salinas,Salinas,CA,California,6053,Monterey,36.6884,-121.6317,190972,2562,polygon,FALSE,TRUE,America/Los_Angeles,2
237,Waterbury,Waterbury,CT,Connecticut,9009,New Haven,41.5583,-73.0361,189614,1456,polygon,FALSE,TRUE,America/New_York,2
238,Clarksville,Clarksville,TN,Tennessee,47125,Montgomery,36.5695,-87.342,188746,618,polygon,FALSE,TRUE,America/Chicago,2
239,Cedar Rapids,Cedar Rapids,IA,Iowa,19113,Linn,41.9665,-91.6782,188038,720,polygon,FALSE,TRUE,America/Chicago,2
240,Sioux Falls,Sioux Falls,SD,South Dakota,46099,Minnehaha,43.5397,-96.732,187239,907,polygon,FALSE,TRUE,America/Chicago,2
241,Huntington,Huntington,WV,West Virginia,54011,Cabell,38.4109,-82.4344,186034,1073,polygon,FALSE,TRUE,America/New_York,2
242,Ontario,Ontario,CA,California,6071,San Bernardino,34.0393,-117.6064,185010,1429,polygon,FALSE,TRUE,America/Los_Angeles,2
243,Hagerstown,Hagerstown,MD,Maryland,24043,Washington,39.6401,-77.7217,184755,1272,polygon,FALSE,TRUE,America/New_York,2
244,Erie,Erie,PA,Pennsylvania,42049,Erie,42.1168,-80.0733,184484,1926,polygon,FALSE,TRUE,America/New_York,2
245,Vancouver,Vancouver,WA,Washington,53011,Clark,45.6366,-122.5967,184463,1461,polygon,FALSE,TRUE,America/Los_Angeles,2
246,Nampa,Nampa,ID,Idaho,16027,Canyon,43.5845,-116.5631,184428,1167,polygon,FALSE,TRUE,America/Boise,2
247,Spartanburg,Spartanburg,SC,South Carolina,45083,Spartanburg,34.9437,-81.9257,182701,730,polygon,FALSE,TRUE,America/New_York,2
248,Gastonia,Gastonia,NC,North Carolina,37071,Gaston,35.2494,-81.1853,182581,577,polygon,FALSE,TRUE,America/New_York,2
249,Fort Lauderdale,Fort Lauderdale,FL,Florida,12011,Broward,26.1412,-80.1464,182437,2036,polygon,FALSE,TRUE,America/New_York,2
250,Lorain,Lorain,OH,Ohio,39093,Lorain,41.4409,-82.184,180279,1041,polygon,FALSE,TRUE,America/New_York,2
251,Murfreesboro,Murfreesboro,TN,Tennessee,47149,Rutherford,35.8492,-86.4119,179951,919,polygon,FALSE,TRUE,America/Chicago,2
252,High Point,High Point,NC,North Carolina,37081,Guilford,35.9907,-79.9938,179913,777,polygon,FALSE,TRUE,America/New_York,2
253,Newport News,Newport News,VA,Virginia,51700,Newport News,37.1051,-76.5185,179225,1002,polygon,FALSE,TRUE,America/New_York,2
254,Rancho Cucamonga,Rancho Cucamonga,CA,California,6071,San Bernardino,34.1248,-117.5666,177603,1709,polygon,FALSE,TRUE,America/Los_Angeles,2
255,Hemet,Hemet,CA,California,6065,Riverside,33.7341,-116.9969,177253,1125,polygon,FALSE,TRUE,America/Los_Angeles,2
256,Santa Cruz,Santa Cruz,CA,California,6087,Santa Cruz,36.9789,-122.0346,176428,1957,polygon,FALSE,TRUE,America/Los_Angeles,2
257,Danbury,Danbury,CT,Connecticut,9001,Fairfield,41.4016,-73.471,176030,779,polygon,FALSE,TRUE,America/New_York,2
258,Peoria,Peoria,AZ,Arizona,4013,Maricopa,33.7844,-112.2989,175961,386,polygon,FALSE,TRUE,America/Phoenix,2
259,Oceanside,Oceanside,CA,California,6073,San Diego,33.2247,-117.3083,175742,1644,polygon,FALSE,TRUE,America/Los_Angeles,2
260,Elk Grove,Elk Grove,CA,California,6067,Sacramento,38.416,-121.3842,174775,1605,polygon,FALSE,TRUE,America/Los_Angeles,2
261,Pembroke Pines,Pembroke Pines,FL,Florida,12011,Broward,26.0128,-80.3382,173591,2051,polygon,FALSE,TRUE,America/New_York,2
262,Vallejo,Vallejo,CA,California,6095,Solano,38.1133,-122.2358,173256,1524,polygon,FALSE,TRUE,America/Los_Angeles,2
263,Garden Grove,Garden Grove,CA,California,6059,Orange,33.7787,-117.9601,171644,3690,polygon,FALSE,TRUE,America/Los_Angeles,2
264,Medford,Medford,OR,Oregon,41029,Jackson,42.3372,-122.8537,170876,1243,polygon,FALSE,TRUE,America/Los_Angeles,2
265,Cary,Cary,NC,North Carolina,37183,Wake,35.782,-78.8191,170282,1119,polygon,FALSE,TRUE,America/New_York,2
266,Marysville,Marysville,WA,Washington,53061,Snohomish,48.0809,-122.1561,170009,1308,polygon,FALSE,TRUE,America/Los_Angeles,2
267,Corona,Corona,CA,California,6065,Riverside,33.8616,-117.5649,169868,1640,polygon,FALSE,TRUE,America/Los_Angeles,2
268,Ocala,Ocala,FL,Florida,12083,Marion,29.178,-82.1511,169383,496,polygon,FALSE,TRUE,America/New_York,2
269,Fredericksburg,Fredericksburg,VA,Virginia,51630,Fredericksburg,38.2992,-77.4872,168909,1072,polygon,FALSE,TRUE,America/New_York,2
270,Gainesville,Gainesville,GA,Georgia,13139,Hall,34.2903,-83.8301,167371,506,polygon,FALSE,TRUE,America/New_York,2
271,Bayamón,Bayamon,PR,Puerto Rico,72021,Bayamón,18.3793,-66.1635,165383,2366,polygon,FALSE,FALSE,America/Puerto_Rico,2
272,Enterprise,Enterprise,NV,Nevada,32003,Clark,36.0164,-115.2208,164314,1240,polygon,FALSE,FALSE,America/Los_Angeles,2
273,Manchester,Manchester,NH,New Hampshire,33011,Hillsborough,42.9848,-71.4447,162877,1315,polygon,FALSE,TRUE,America/New_York,2
274,Champaign,Champaign,IL,Illinois,17019,Champaign,40.1144,-88.2735,159443,1503,polygon,FALSE,TRUE,America/Chicago,2
275,Alexandria,Alexandria,VA,Virginia,51510,Alexandria,38.8185,-77.0861,159428,4121,polygon,FALSE,TRUE,America/New_York,2
276,Hayward,Hayward,CA,California,6001,Alameda,37.6328,-122.0772,159203,1349,polygon,FALSE,TRUE,America/Los_Angeles,2
277,Springfield,Springfield,IL,Illinois,17167,Sangamon,39.771,-89.6538,158509,723,polygon,FALSE,TRUE,America/Chicago,2
278,Lakewood,Lakewood,CO,Colorado,8059,Jefferson,39.6977,-105.1168,157935,1416,polygon,FALSE,TRUE,America/Denver,2
279,Lafayette,Lafayette,IN,Indiana,18157,Tippecanoe,40.399,-86.8594,157820,942,polygon,FALSE,TRUE,America/Indiana/Indianapolis,2
280,Frederick,Frederick,MD,Maryland,24021,Frederick,39.4336,-77.4141,156787,1172,polygon,FALSE,TRUE,America/New_York,2
281,Lake Charles,Lake Charles,LA,Louisiana,22019,Calcasieu,30.2012,-93.2122,156181,674,polygon,FALSE,TRUE,America/Chicago,2
282,Odessa,Odessa,TX,Texas,48135,Ector,31.8831,-102.3406,155998,1052,polygon,FALSE,TRUE,America/Chicago,2
283,Tuscaloosa,Tuscaloosa,AL,Alabama,1125,Tuscaloosa,33.2348,-87.5267,155499,631,polygon,FALSE,TRUE,America/Chicago,2
284,Warner Robins,Warner Robins,GA,Georgia,13153,Houston,32.597,-83.6529,155140,805,polygon,FALSE,TRUE,America/New_York,2
285,Palmdale,Palmdale,CA,California,6037,Los Angeles,34.5944,-118.1057,155079,564,polygon,FALSE,TRUE,America/Los_Angeles,2
286,Hollywood,Hollywood,FL,Florida,12011,Broward,26.0294,-80.1679,154817,2192,polygon,FALSE,TRUE,America/New_York,2
287,Midland,Midland,TX,Texas,48329,Midland,32.0249,-102.1137,154793,758,polygon,FALSE,TRUE,America/Chicago,2
288,Leesburg,Leesburg,FL,Florida,12069,Lake,28.7657,-81.8996,154574,249,polygon,FALSE,TRUE,America/New_York,2
289,Port Arthur,Port Arthur,TX,Texas,48245,Jefferson,29.8554,-93.9264,154468,272,polygon,FALSE,TRUE,America/Chicago,2
290,Muskegon,Muskegon,MI,Michigan,26121,Muskegon,43.2281,-86.2563,153565,998,polygon,FALSE,TRUE,America/Detroit,2
291,Macon,Macon,GA,Georgia,13021,Bibb,32.8065,-83.6974,153159,237,polygon,FALSE,TRUE,America/New_York,2
292,Kansas City,Kansas City,KS,Kansas,20209,Wyandotte,39.1234,-94.7443,152960,473,polygon,FALSE,TRUE,America/Chicago,2
293,Sunnyvale,Sunnyvale,CA,California,6085,Santa Clara,37.3836,-122.0256,152703,2676,polygon,FALSE,TRUE,America/Los_Angeles,2
294,Pomona,Pomona,CA,California,6037,Los Angeles,34.0585,-117.7626,151691,2548,polygon,FALSE,TRUE,America/Los_Angeles,2
295,Escondido,Escondido,CA,California,6073,San Diego,33.1347,-117.0722,151625,1568,polygon,FALSE,TRUE,America/Los_Angeles,2
296,Pasadena,Pasadena,TX,Texas,48201,Harris,29.6583,-95.1499,151227,1339,polygon,FALSE,TRUE,America/Chicago,2
297,New Bedford,New Bedford,MA,Massachusetts,25005,Bristol,41.6697,-70.9428,149910,1840,polygon,FALSE,TRUE,America/New_York,2
298,Fairfield,Fairfield,CA,California,6095,Solano,38.2592,-122.0324,148683,1097,polygon,FALSE,TRUE,America/Los_Angeles,2
299,Naperville,Naperville,IL,Illinois,17043,DuPage,41.7483,-88.1657,148449,1476,polygon,FALSE,TRUE,America/Chicago,2
300,Bellevue,Bellevue,WA,Washington,53033,King,47.5951,-122.1535,148164,1709,polygon,FALSE,TRUE,America/Los_Angeles,2
301,Binghamton,Binghamton,NY,New York,36007,Broome,42.1014,-75.9093,148145,1635,polygon,FALSE,TRUE,America/New_York,2
302,Elkhart,Elkhart,IN,Indiana,18039,Elkhart,41.6916,-85.9628,147567,734,polygon,FALSE,TRUE,America/Indiana/Indianapolis,2
303,Topeka,Topeka,KS,Kansas,20177,Shawnee,39.0346,-95.6955,147458,787,polygon,FALSE,TRUE,America/Chicago,2
304,Joliet,Joliet,IL,Illinois,17197,Will,41.5189,-88.1499,147344,886,polygon,FALSE,TRUE,America/Chicago,2
305,Beaumont,Beaumont,TX,Texas,48245,Jefferson,30.0849,-94.1451,146091,547,polygon,FALSE,TRUE,America/Chicago,2
306,Paterson,Paterson,NJ,New Jersey,34031,Passaic,40.9147,-74.1624,145233,6665,polygon,FALSE,TRUE,America/New_York,2
307,Merced,Merced,CA,California,6047,Merced,37.3057,-120.4778,145149,1390,polygon,FALSE,TRUE,America/Los_Angeles,2
308,Pueblo,Pueblo,CO,Colorado,8101,Pueblo,38.2705,-104.6112,143932,789,polygon,FALSE,TRUE,America/Denver,2
309,Tyler,Tyler,TX,Texas,48423,Smith,32.3184,-95.3062,143796,718,polygon,FALSE,TRUE,America/Chicago,2
310,Torrance,Torrance,CA,California,6037,Los Angeles,33.8346,-118.3417,143592,2701,polygon,FALSE,TRUE,America/Los_Angeles,2
311,Metairie,Metairie,LA,Louisiana,22051,Jefferson,29.9977,-90.178,143481,2381,polygon,FALSE,FALSE,America/Chicago,2
312,Yuma,Yuma,AZ,Arizona,4027,Yuma,32.5992,-114.5488,142847,313,polygon,FALSE,TRUE,America/Phoenix,2
313,Surprise,Surprise,AZ,Arizona,4013,Maricopa,33.68,-112.4524,141664,506,polygon,FALSE,TRUE,America/Phoenix,2
314,Columbia,Columbia,MO,Missouri,29019,Boone,38.9478,-92.3256,141645,725,polygon,FALSE,TRUE,America/Chicago,2
315,Athens,Athens,GA,Georgia,13059,Clarke,33.9508,-83.3689,141532,421,polygon,FALSE,TRUE,America/New_York,2
316,Roseville,Roseville,CA,California,6061,Placer,38.7703,-121.3196,141500,1239,polygon,FALSE,TRUE,America/Los_Angeles,2
317,Thornton,Thornton,CO,Colorado,8001,Adams,39.9197,-104.9438,141464,1521,polygon,FALSE,TRUE,America/Denver,2
318,Miramar,Miramar,FL,Florida,12011,Broward,25.9773,-80.3351,141191,1889,polygon,FALSE,TRUE,America/New_York,2
319,Pasadena,Pasadena,CA,California,6037,Los Angeles,34.1597,-118.139,141029,2371,polygon,FALSE,TRUE,America/Los_Angeles,2
320,Mesquite,Mesquite,TX,Texas,48113,Dallas,32.7623,-96.5889,140937,1151,polygon,FALSE,TRUE,America/Chicago,2
321,Santa Maria,Santa Maria,CA,California,6083,Santa Barbara,34.9334,-120.4432,140545,1815,polygon,FALSE,TRUE,America/Los_Angeles,2
322,Olathe,Olathe,KS,Kansas,20091,Johnson,38.8832,-94.8198,140545,880,polygon,FALSE,TRUE,America/Chicago,2
323,Houma,Houma,LA,Louisiana,22109,Terrebonne,29.5799,-90.7058,140469,874,polygon,FALSE,TRUE,America/Chicago,2
324,Carolina,Carolina,PR,Puerto Rico,72031,Carolina,18.4054,-65.9792,140072,2611,polygon,FALSE,FALSE,America/Puerto_Rico,2
325,Carrollton,Carrollton,TX,Texas,48113,Dallas,32.989,-96.8999,139248,1466,polygon,FALSE,TRUE,America/Chicago,2
326,Grand Junction,Grand Junction,CO,Colorado,8077,Mesa,39.0876,-108.5673,139143,621,polygon,FALSE,TRUE,America/Denver,2
327,Charleston,Charleston,WV,West Virginia,54039,Kanawha,38.3484,-81.6323,138706,570,polygon,FALSE,TRUE,America/New_York,2
328,Orange,Orange,CA,California,6059,Orange,33.8038,-117.8218,138669,2086,polygon,FALSE,TRUE,America/Los_Angeles,2
329,Fullerton,Fullerton,CA,California,6059,Orange,33.8841,-117.9279,138632,2386,polygon,FALSE,TRUE,America/Los_Angeles,2
330,Greeley,Greeley,CO,Colorado,8123,Weld,40.4151,-104.7706,137810,858,polygon,FALSE,TRUE,America/Denver,2
331,Las Cruces,Las Cruces,NM,New Mexico,35013,Doña Ana,32.3265,-106.7892,136254,519,polygon,FALSE,TRUE,America/Denver,2
332,Panama City,Panama City,FL,Florida,12005,Bay,30.1995,-85.6004,136133,382,polygon,FALSE,TRUE,America/Chicago,2
333,Harlingen,Harlingen,TX,Texas,48061,Cameron,26.1917,-97.6976,136037,626,polygon,FALSE,TRUE,America/Chicago,2
334,West Valley City,West Valley City,UT,Utah,49035,Salt Lake,40.6889,-112.0115,135248,1472,polygon,FALSE,TRUE,America/Denver,2
335,Hampton,Hampton,VA,Virginia,51650,Hampton,37.0551,-76.363,134510,1009,polygon,FALSE,TRUE,America/New_York,2
336,Warren,Warren,MI,Michigan,26099,Macomb,42.4934,-83.027,133943,1505,polygon,FALSE,TRUE,America/Detroit,2
337,Mauldin,Mauldin,SC,South Carolina,45045,Greenville,34.7849,-82.3005,133872,899,polygon,FALSE,TRUE,America/New_York,2
338,Bloomington,Bloomington,IL,Illinois,17113,McLean,40.4757,-88.9703,133846,1100,polygon,FALSE,TRUE,America/Chicago,2
339,Coral Springs,Coral Springs,FL,Florida,12011,Broward,26.2702,-80.2591,133759,2258,polygon,FALSE,TRUE,America/New_York,2
340,Round Rock,Round Rock,TX,Texas,48491,Williamson,30.5254,-97.666,133372,1421,polygon,FALSE,TRUE,America/Chicago,2
341,Yakima,Yakima,WA,Washington,53077,Yakima,46.5923,-120.5496,133191,1300,polygon,FALSE,TRUE,America/Los_Angeles,2
342,Sterling Heights,Sterling Heights,MI,Michigan,26099,Macomb,42.5809,-83.0305,132438,1403,polygon,FALSE,TRUE,America/Detroit,2
343,Kent,Kent,WA,Washington,53033,King,47.3887,-122.2129,132319,1513,polygon,FALSE,TRUE,America/Los_Angeles,2
344,Burlington,Burlington,NC,North Carolina,37001,Alamance,36.0758,-79.4686,131043,707,polygon,FALSE,TRUE,America/New_York,2
345,Bellingham,Bellingham,WA,Washington,53073,Whatcom,48.7543,-122.4687,130641,1287,polygon,FALSE,TRUE,America/Los_Angeles,2
346,Santa Clara,Santa Clara,CA,California,6085,Santa Clara,37.3645,-121.968,130365,2761,polygon,FALSE,TRUE,America/Los_Angeles,2
347,Racine,Racine,WI,Wisconsin,55101,Racine,42.7274,-87.8135,130142,1915,polygon,FALSE,TRUE,America/Chicago,2
348,Greenville,Greenville,NC,North Carolina,37147,Pitt,35.5956,-77.3768,130118,1012,polygon,FALSE,TRUE,America/New_York,2
349,Stamford,Stamford,CT,Connecticut,9001,Fairfield,41.1035,-73.5583,129638,1330,polygon,FALSE,TRUE,America/New_York,2
350,Elizabeth,Elizabeth,NJ,New Jersey,34039,Union,40.6657,-74.1912,129216,4049,polygon,FALSE,TRUE,America/New_York,2
351,Johnson City,Johnson City,TN,Tennessee,47179,Washington,36.3406,-82.3803,127571,599,polygon,FALSE,TRUE,America/New_York,2
352,Lynchburg,Lynchburg,VA,Virginia,51680,Lynchburg,37.4003,-79.1909,126814,647,polygon,FALSE,TRUE,America/New_York,2
353,Simi Valley,Simi Valley,CA,California,6111,Ventura,34.2663,-118.749,126589,1167,polygon,FALSE,TRUE,America/Los_Angeles,2
354,Fort Smith,Fort Smith,AR,Arkansas,5131,Sebastian,35.3493,-94.3695,125354,536,polygon,FALSE,TRUE,America/Chicago,2
355,Kenosha,Kenosha,WI,Wisconsin,55059,Kenosha,42.5864,-87.8765,124972,1378,polygon,FALSE,TRUE,America/Chicago,2
356,South Lyon,South Lyon,MI,Michigan,26125,Oakland,42.4614,-83.6526,124694,1219,polygon,FALSE,TRUE,America/Detroit,2
357,Boulder,Boulder,CO,Colorado,8013,Boulder,40.0249,-105.2523,124345,1551,polygon,FALSE,TRUE,America/Denver,2
358,Pearland,Pearland,TX,Texas,48039,Brazoria,29.5585,-95.3215,122460,981,polygon,FALSE,TRUE,America/Chicago,2
359,Berkeley,Berkeley,CA,California,6001,Alameda,37.8723,-122.276,121363,4473,polygon,FALSE,TRUE,America/Los_Angeles,2
360,Richardson,Richardson,TX,Texas,48113,Dallas,32.9717,-96.7093,121323,1639,polygon,FALSE,TRUE,America/Chicago,2
361,Redding,Redding,CA,California,6089,Shasta,40.5698,-122.365,121313,599,polygon,FALSE,TRUE,America/Los_Angeles,2
362,Arvada,Arvada,CO,Colorado,8059,Jefferson,39.8321,-105.1511,121272,1207,polygon,FALSE,TRUE,America/Denver,2
363,St. George,St. George,UT,Utah,49053,Washington,37.077,-113.577,120899,449,polygon,FALSE,TRUE,America/Denver,2
364,Billings,Billings,MT,Montana,30111,Yellowstone,45.7891,-108.5524,120728,948,polygon,FALSE,TRUE,America/Denver,2
365,Yuba City,Yuba City,CA,California,6101,Sutter,39.1357,-121.6381,120456,1736,polygon,FALSE,TRUE,America/Los_Angeles,2
366,Rochester,Rochester,MN,Minnesota,27109,Olmsted,44.0151,-92.4778,119942,831,polygon,FALSE,TRUE,America/Chicago,2
367,East Los Angeles,East Los Angeles,CA,California,6037,Los Angeles,34.0326,-118.1691,119827,6212,polygon,FALSE,FALSE,America/Los_Angeles,2
368,Leominster,Leominster,MA,Massachusetts,25027,Worcester,42.5209,-71.7717,119690,558,polygon,FALSE,TRUE,America/New_York,2
369,Kingsport,Kingsport,TN,Tennessee,47163,Sullivan,36.5224,-82.5453,119666,397,polygon,FALSE,TRUE,America/New_York,2
370,Duluth,Duluth,MN,Minnesota,27137,St. Louis,46.7756,-92.1392,119476,461,polygon,FALSE,TRUE,America/Chicago,2
371,Lehigh Acres,Lehigh Acres,FL,Florida,12071,Lee,26.612,-81.6388,119205,496,polygon,FALSE,FALSE,America/New_York,2
372,Rock Hill,Rock Hill,SC,South Carolina,45091,York,34.9416,-81.0244,119105,750,polygon,FALSE,TRUE,America/New_York,2
373,Gilroy,Gilroy,CA,California,6085,Santa Clara,37.0047,-121.5855,118993,1378,polygon,FALSE,TRUE,America/Los_Angeles,2
374,Cambridge,Cambridge,MA,Massachusetts,25017,Middlesex,42.3759,-71.1185,118927,7182,polygon,FALSE,TRUE,America/New_York,2
375,Sugar Land,Sugar Land,TX,Texas,48157,Fort Bend,29.5935,-95.6357,118488,1130,polygon,FALSE,TRUE,America/Chicago,2
376,Texas City,Texas City,TX,Texas,48167,Galveston,29.4128,-94.9658,118169,300,polygon,FALSE,TRUE,America/Chicago,2
377,Iowa City,Iowa City,IA,Iowa,19103,Johnson,41.6559,-91.5303,118041,1133,polygon,FALSE,TRUE,America/Chicago,2
378,Saginaw,Saginaw,MI,Michigan,26145,Saginaw,43.4199,-83.9501,117958,1087,polygon,FALSE,TRUE,America/Detroit,2
379,Chico,Chico,CA,California,6007,Butte,39.7575,-121.8152,117668,1191,polygon,FALSE,TRUE,America/Los_Angeles,2
380,Dover,Dover,DE,Delaware,10001,Kent,39.161,-75.5203,117282,622,polygon,FALSE,TRUE,America/New_York,2
381,Norman,Norman,OK,Oklahoma,40027,Cleveland,35.2335,-97.3471,116973,269,polygon,FALSE,TRUE,America/Chicago,2
382,Clearwater,Clearwater,FL,Florida,12103,Pinellas,27.9789,-82.7622,116946,1731,polygon,FALSE,TRUE,America/New_York,2
383,Coeur d'Alene,Coeur d'Alene,ID,Idaho,16055,Kootenai,47.7041,-116.7935,116834,1260,polygon,FALSE,TRUE,America/Los_Angeles,2
384,Ponce,Ponce,PR,Puerto Rico,72113,Ponce,18.012,-66.6198,116796,1469,polygon,FALSE,FALSE,America/Puerto_Rico,2
385,Seaside,Seaside,CA,California,6053,Monterey,36.6224,-121.8191,116720,1410,polygon,FALSE,TRUE,America/Los_Angeles,2
386,Independence,Independence,MO,Missouri,29095,Jackson,39.0871,-94.3501,116672,577,polygon,FALSE,TRUE,America/Chicago,2
387,West Jordan,West Jordan,UT,Utah,49035,Salt Lake,40.6024,-112.0008,116480,1391,polygon,FALSE,TRUE,America/Denver,2
388,Abilene,Abilene,TX,Texas,48441,Taylor,32.4543,-99.7384,116412,446,polygon,FALSE,TRUE,America/Chicago,2
389,Bloomington,Bloomington,IN,Indiana,18105,Monroe,39.1637,-86.5257,115884,1424,polygon,FALSE,TRUE,America/Indiana/Indianapolis,2
390,El Monte,El Monte,CA,California,6037,Los Angeles,34.0739,-118.0291,115487,4663,polygon,FALSE,TRUE,America/Los_Angeles,2
391,Carlsbad,Carlsbad,CA,California,6073,San Diego,33.1247,-117.2837,115382,1180,polygon,FALSE,TRUE,America/Los_Angeles,2
392,North Charleston,North Charleston,SC,South Carolina,45019,Charleston,32.9066,-80.0722,115382,574,polygon,FALSE,TRUE,America/New_York,2
393,St. Cloud,St. Cloud,MN,Minnesota,27145,Stearns,45.5339,-94.1718,115028,660,polygon,FALSE,TRUE,America/Chicago,2
394,Temecula,Temecula,CA,California,6065,Riverside,33.4928,-117.1315,114761,1188,polygon,FALSE,TRUE,America/Los_Angeles,2
395,Clovis,Clovis,CA,California,6019,Fresno,36.8278,-119.6831,114584,1741,polygon,FALSE,TRUE,America/Los_Angeles,2
396,Meridian,Meridian,ID,Idaho,16001,Ada,43.6112,-116.3968,114161,1297,polygon,FALSE,TRUE,America/Boise,2
397,Brandon,Brandon,FL,Florida,12057,Hillsborough,27.9367,-82.3,113279,1319,polygon,FALSE,FALSE,America/New_York,2
398,Westminster,Westminster,CO,Colorado,8001,Adams,39.8837,-105.0624,113166,1383,polygon,FALSE,TRUE,America/Denver,2
399,Costa Mesa,Costa Mesa,CA,California,6059,Orange,33.6667,-117.9135,113003,2762,polygon,FALSE,TRUE,America/Los_Angeles,2
400,Monroe,Monroe,LA,Louisiana,22073,Ouachita,32.5183,-92.0774,112891,623,polygon,FALSE,TRUE,America/Chicago,2
401,Utica,Utica,NY,New York,36065,Oneida,43.0961,-75.226,112650,1376,polygon,FALSE,TRUE,America/New_York,2
402,Pompano Beach,Pompano Beach,FL,Florida,12011,Broward,26.2428,-80.1312,112118,1802,polygon,FALSE,TRUE,America/New_York,2
403,West Palm Beach,West Palm Beach,FL,Florida,12099,Palm Beach,26.7468,-80.1316,111955,803,polygon,FALSE,TRUE,America/New_York,2
404,Waterloo,Waterloo,IA,Iowa,19013,Black Hawk,42.492,-92.3522,111631,423,polygon,FALSE,TRUE,America/Chicago,2
405,Everett,Everett,WA,Washington,53061,Snohomish,47.9525,-122.1669,111475,1296,polygon,FALSE,TRUE,America/Los_Angeles,2
406,El Centro,El Centro,CA,California,6025,Imperial,32.7867,-115.5586,111425,1478,polygon,FALSE,TRUE,America/Los_Angeles,2
407,Santa Fe,Santa Fe,NM,New Mexico,35049,Santa Fe,35.6619,-105.9819,111269,625,polygon,FALSE,TRUE,America/Denver,2
408,Downey,Downey,CA,California,6037,Los Angeles,33.9379,-118.1312,111126,3457,polygon,FALSE,TRUE,America/Los_Angeles,2
409,Lowell,Lowell,MA,Massachusetts,25017,Middlesex,42.6389,-71.3217,110997,3149,polygon,FALSE,TRUE,America/New_York,2
410,Centennial,Centennial,CO,Colorado,8005,Arapahoe,39.5926,-104.8674,110937,1448,polygon,FALSE,TRUE,America/Denver,2
411,Elgin,Elgin,IL,Illinois,17089,Kane,42.0385,-88.3229,110849,1141,polygon,FALSE,TRUE,America/Chicago,2
412,Richmond,Richmond,CA,California,6013,Contra Costa,37.9477,-122.339,110567,1420,polygon,FALSE,TRUE,America/Los_Angeles,2
413,Broken Arrow,Broken Arrow,OK,Oklahoma,40143,Tulsa,36.0365,-95.7809,110198,688,polygon,FALSE,TRUE,America/Chicago,2
414,Miami Gardens,Miami Gardens,FL,Florida,12086,Miami-Dade,25.9433,-80.2426,110001,2329,polygon,FALSE,TRUE,America/New_York,2
415,The Woodlands,The Woodlands,TX,Texas,48339,Montgomery,30.1738,-95.5134,109843,981,polygon,FALSE,FALSE,America/Chicago,2
416,Bend,Bend,OR,Oregon,41017,Deschutes,44.0562,-121.3087,109802,1171,polygon,FALSE,TRUE,America/Los_Angeles,2
417,Burlington,Burlington,VT,Vermont,50007,Chittenden,44.4877,-73.2314,109763,1604,polygon,FALSE,TRUE,America/New_York,2
418,Jurupa Valley,Jurupa Valley,CA,California,6065,Riverside,34.001,-117.4705,109527,984,polygon,FALSE,TRUE,America/Los_Angeles,2
419,Sandy Springs,Sandy Springs,GA,Georgia,13121,Fulton,33.9366,-84.3703,109452,1122,polygon,FALSE,TRUE,America/New_York,2
420,Gresham,Gresham,OR,Oregon,41051,Multnomah,45.5023,-122.4413,109381,1808,polygon,FALSE,TRUE,America/Los_Angeles,2
421,Lewisville,Lewisville,TX,Texas,48121,Denton,33.0452,-96.9823,109212,1148,polygon,FALSE,TRUE,America/Chicago,2
422,Hillsboro,Hillsboro,OR,Oregon,41067,Washington,45.5272,-122.9361,109128,1640,polygon,FALSE,TRUE,America/Los_Angeles,2
423,San Buenaventura,San Buenaventura,CA,California,6111,Ventura,34.2741,-119.2314,109106,1925,polygon,FALSE,TRUE,America/Los_Angeles,2
424,Jacksonville,Jacksonville,NC,North Carolina,37133,Onslow,34.7288,-77.3941,108856,574,polygon,FALSE,TRUE,America/New_York,2
425,Pottstown,Pottstown,PA,Pennsylvania,42091,Montgomery,40.2507,-75.6444,108758,1798,polygon,FALSE,TRUE,America/New_York,2
426,Inglewood,Inglewood,CA,California,6037,Los Angeles,33.9566,-118.3444,108151,4604,polygon,FALSE,TRUE,America/Los_Angeles,2
427,Spring Hill,Spring Hill,FL,Florida,12053,Hernando,28.4797,-82.53,107855,695,polygon,FALSE,FALSE,America/New_York,2
428,League City,League City,TX,Texas,48167,Galveston,29.4873,-95.1087,107536,809,polygon,FALSE,TRUE,America/Chicago,2
429,Eau Claire,Eau Claire,WI,Wisconsin,55035,Eau Claire,44.8199,-91.4949,107404,812,polygon,FALSE,TRUE,America/Chicago,2
430,Turlock,Turlock,CA,California,6099,Stanislaus,37.5053,-120.8588,107317,1679,polygon,FALSE,TRUE,America/Los_Angeles,2
431,Temple,Temple,TX,Texas,48027,Bell,31.1076,-97.3894,107258,429,polygon,FALSE,TRUE,America/Chicago,2
432,Sioux City,Sioux City,IA,Iowa,19193,Woodbury,42.4959,-96.3901,106455,545,polygon,FALSE,TRUE,America/Chicago,2
433,Salisbury,Salisbury,MD,Maryland,24045,Wicomico,38.3756,-75.5867,106447,927,polygon,FALSE,TRUE,America/New_York,2
434,Davie,Davie,FL,Florida,12011,Broward,26.0789,-80.287,106306,1175,polygon,FALSE,TRUE,America/New_York,2
435,Daly City,Daly City,CA,California,6081,San Mateo,37.6862,-122.4685,106280,5370,polygon,FALSE,TRUE,America/Los_Angeles,2
436,Allen,Allen,TX,Texas,48085,Collin,33.1088,-96.6735,105623,1544,polygon,FALSE,TRUE,America/Chicago,2
437,Highlands Ranch,Highlands Ranch,CO,Colorado,8035,Douglas,39.5419,-104.9708,105147,1672,polygon,FALSE,FALSE,America/Denver,2
438,West Covina,West Covina,CA,California,6037,Los Angeles,34.0555,-117.9112,105101,2529,polygon,FALSE,TRUE,America/Los_Angeles,2
439,Sparks,Sparks,NV,Nevada,32031,Washoe,39.5729,-119.7157,105006,1131,polygon,FALSE,TRUE,America/Los_Angeles,2
440,San Mateo,San Mateo,CA,California,6081,San Mateo,37.5521,-122.3122,104430,3312,polygon,FALSE,TRUE,America/Los_Angeles,2
441,Norwalk,Norwalk,CA,California,6037,Los Angeles,33.9069,-118.0829,103949,4133,polygon,FALSE,TRUE,America/Los_Angeles,2
442,Columbia,Columbia,MD,Maryland,24027,Howard,39.2004,-76.859,103663,1253,polygon,FALSE,FALSE,America/New_York,2
443,Rialto,Rialto,CA,California,6071,San Bernardino,34.1174,-117.3894,103526,1665,polygon,FALSE,TRUE,America/Los_Angeles,2
444,Manteca,Manteca,CA,California,6077,San Joaquin,37.7927,-121.2264,103420,1498,polygon,FALSE,TRUE,America/Los_Angeles,2
445,El Cajon,El Cajon,CA,California,6073,San Diego,32.8017,-116.9605,102708,2732,polygon,FALSE,TRUE,America/Los_Angeles,2
446,Burbank,Burbank,CA,California,6037,Los Angeles,34.1879,-118.3235,102511,2285,polygon,FALSE,TRUE,America/Los_Angeles,2
447,Longmont,Longmont,CO,Colorado,8013,Boulder,40.1686,-105.1005,102474,1306,polygon,FALSE,TRUE,America/Denver,2
448,Renton,Renton,WA,Washington,53033,King,47.4784,-122.1919,101751,1676,polygon,FALSE,TRUE,America/Los_Angeles,2
449,Vista,Vista,CA,California,6073,San Diego,33.1896,-117.2386,101638,2093,polygon,FALSE,TRUE,America/Los_Angeles,2
450,Logan,Logan,UT,Utah,49005,Cache,41.74,-111.8419,101616,1126,polygon,FALSE,TRUE,America/Denver,2
451,Prescott Valley,Prescott Valley,AZ,Arizona,4025,Yavapai,34.5983,-112.3176,101539,439,polygon,FALSE,TRUE,America/Phoenix,2
452,Vacaville,Vacaville,CA,California,6095,Solano,38.359,-121.968,101444,1330,polygon,FALSE,TRUE,America/Los_Angeles,2
453,Edinburg,Edinburg,TX,Texas,48215,Hidalgo,26.3197,-98.1596,101170,873,polygon,FALSE,TRUE,America/Chicago,2
454,Carmel,Carmel,IN,Indiana,18057,Hamilton,39.965,-86.146,101068,795,polygon,FALSE,TRUE,America/Indiana/Indianapolis,2
455,Spokane Valley,Spokane Valley,WA,Washington,53063,Spokane,47.6626,-117.2346,101060,1034,polygon,FALSE,TRUE,America/Los_Angeles,2
456,San Angelo,San Angelo,TX,Texas,48451,Tom Green,31.4424,-100.4506,100773,653,polygon,FALSE,TRUE,America/Chicago,2
457,La Crosse,La Crosse,WI,Wisconsin,55063,La Crosse,43.824,-91.2268,100693,911,polygon,FALSE,TRUE,America/Chicago,2
458,Arden-Arcade,Arden-Arcade,CA,California,6067,Sacramento,38.6034,-121.381,100548,2184,polygon,FALSE,TRUE,America/Los_Angeles,2
459,Idaho Falls,Idaho Falls,ID,Idaho,16019,Bonneville,43.4872,-112.0362,100442,1011,polygon,FALSE,TRUE,America/Boise,2
460,Holland,Holland,MI,Michigan,26139,Ottawa,42.7677,-86.0985,100432,768,polygon,FALSE,TRUE,America/Detroit,2
461,Charlottesville,Charlottesville,VA,Virginia,51540,Charlottesville,38.0375,-78.4855,100416,1781,polygon,FALSE,TRUE,America/New_York,2
462,Longview,Longview,TX,Texas,48183,Gregg,32.5193,-94.7621,100330,565,polygon,FALSE,TRUE,America/Chicago,2
463,Tracy,Tracy,CA,California,6077,San Joaquin,37.7269,-121.4522,100049,1412,polygon,FALSE,TRUE,America/Los_Angeles,2
464,Boca Raton,Boca Raton,FL,Florida,12099,Palm Beach,26.3752,-80.108,99805,1320,polygon,FALSE,TRUE,America/New_York,3
465,Lafayette,Lafayette,CO,Colorado,8013,Boulder,39.9949,-105.0997,99645,1257,polygon,FALSE,TRUE,America/Denver,3
466,Wichita Falls,Wichita Falls,TX,Texas,48485,Wichita,33.9072,-98.5291,99557,561,polygon,FALSE,TRUE,America/Chicago,3
467,Rio Rancho,Rio Rancho,NM,New Mexico,35043,Sandoval,35.2872,-106.6981,99178,370,polygon,FALSE,TRUE,America/Denver,3
468,South Fulton,South Fulton,GA,Georgia,13121,Fulton,33.6269,-84.5802,99155,451,polygon,FALSE,TRUE,America/New_York,3
469,Beaverton,Beaverton,OR,Oregon,41067,Washington,45.4779,-122.8168,99037,1952,polygon,FALSE,TRUE,America/Los_Angeles,3
470,Lawrence,Lawrence,KS,Kansas,20045,Douglas,38.9597,-95.2641,98648,1110,polygon,FALSE,TRUE,America/Chicago,3
471,Bismarck,Bismarck,ND,North Dakota,38015,Burleigh,46.8144,-100.7694,98345,827,polygon,FALSE,TRUE,America/Chicago,2
472,Orem,Orem,UT,Utah,49049,Utah,40.2983,-111.6992,97828,2044,polygon,FALSE,TRUE,America/Denver,2
473,Middletown,Middletown,OH,Ohio,39017,Butler,39.5032,-84.366,97730,720,polygon,FALSE,TRUE,America/New_York,3
474,San Marcos,San Marcos,CA,California,6073,San Diego,33.135,-117.1744,96664,1532,polygon,FALSE,TRUE,America/Los_Angeles,3
475,Sandy,Sandy,UT,Utah,49035,Salt Lake,40.571,-111.8505,96380,1544,polygon,FALSE,TRUE,America/Denver,3
476,Federal Way,Federal Way,WA,Washington,53033,King,47.3091,-122.3358,96289,1667,polygon,FALSE,TRUE,America/Los_Angeles,3
477,Mandeville,Mandeville,LA,Louisiana,22103,St. Tammany,30.3751,-90.0904,95968,676,polygon,FALSE,TRUE,America/Chicago,3
478,Hesperia,Hesperia,CA,California,6071,San Bernardino,34.3975,-117.3147,95750,508,polygon,FALSE,TRUE,America/Los_Angeles,3
479,Brockton,Brockton,MA,Massachusetts,25023,Plymouth,42.0821,-71.0242,95708,1732,polygon,FALSE,TRUE,America/New_York,3
480,Compton,Compton,CA,California,6037,Los Angeles,33.893,-118.2275,95605,3680,polygon,FALSE,TRUE,America/Los_Angeles,2
481,Fishers,Fishers,IN,Indiana,18057,Hamilton,39.9589,-85.9661,95310,1037,polygon,FALSE,TRUE,America/Indiana/Indianapolis,3
482,Sunrise,Sunrise,FL,Florida,12011,Broward,26.1547,-80.2997,95166,2270,polygon,FALSE,TRUE,America/New_York,2
483,Bowling Green,Bowling Green,KY,Kentucky,21227,Warren,36.9719,-86.4373,95135,690,polygon,FALSE,TRUE,America/Chicago,3
484,Roswell,Roswell,GA,Georgia,13121,Fulton,34.0391,-84.3513,94763,898,polygon,FALSE,TRUE,America/New_York,3
485,Menifee,Menifee,CA,California,6065,Riverside,33.6909,-117.1849,94756,787,polygon,FALSE,TRUE,America/Los_Angeles,3
486,Plantation,Plantation,FL,Florida,12011,Broward,26.126,-80.2617,94580,1685,polygon,FALSE,TRUE,America/New_York,3
487,Dover,Dover,NH,New Hampshire,33017,Strafford,43.1887,-70.8845,94563,464,polygon,FALSE,TRUE,America/New_York,3
488,Quincy,Quincy,MA,Massachusetts,25021,Norfolk,42.2516,-71.0183,94470,2200,polygon,FALSE,TRUE,America/New_York,2
489,Portsmouth,Portsmouth,VA,Virginia,51740,Portsmouth,36.8468,-76.354,94398,1094,polygon,FALSE,TRUE,America/New_York,3
490,Chino,Chino,CA,California,6071,San Bernardino,33.9836,-117.6654,94371,1229,polygon,FALSE,TRUE,America/Los_Angeles,3
491,Lynn,Lynn,MA,Massachusetts,25009,Essex,42.4779,-70.9663,94299,3388,polygon,FALSE,TRUE,America/New_York,2
492,Edmond,Edmond,OK,Oklahoma,40109,Oklahoma,35.6689,-97.4159,94054,428,polygon,FALSE,TRUE,America/Chicago,3
493,Hanford,Hanford,CA,California,6031,Kings,36.3274,-119.6549,94028,1280,polygon,FALSE,TRUE,America/Los_Angeles,3
494,Dearborn,Dearborn,MI,Michigan,26163,Wayne,42.3127,-83.2129,93932,1496,polygon,FALSE,TRUE,America/Detroit,3
495,Livonia,Livonia,MI,Michigan,26163,Wayne,42.3972,-83.3733,93665,1013,polygon,FALSE,TRUE,America/Detroit,3
496,South Gate,South Gate,CA,California,6037,Los Angeles,33.9448,-118.1926,93444,4985,polygon,FALSE,TRUE,America/Los_Angeles,2
497,Vineland,Vineland,NJ,New Jersey,34011,Cumberland,39.4653,-74.9981,93239,335,polygon,FALSE,TRUE,America/New_York,3
498,San Tan Valley,San Tan Valley,AZ,Arizona,4021,Pinal,33.1879,-111.5472,93230,981,polygon,FALSE,FALSE,America/Phoenix,3
499,Florence,Florence,SC,South Carolina,45041,Florence,34.1781,-79.7877,93131,657,polygon,FALSE,TRUE,America/New_York,3
500,Portsmouth,Portsmouth,NH,New Hampshire,33015,Rockingham,43.058,-70.7826,93069,540,polygon,FALSE,TRUE,America/New_York,3
501,Slidell,Slidell,LA,Louisiana,22103,St. Tammany,30.2881,-89.7826,93040,695,polygon,FALSE,TRUE,America/Chicago,3
502,Kirkland,Kirkland,WA,Washington,53033,King,47.6974,-122.2054,93010,2016,polygon,FALSE,TRUE,America/Los_Angeles,2
503,Missoula,Missoula,MT,Montana,30063,Missoula,46.875,-114.0214,92895,845,polygon,FALSE,TRUE,America/Denver,3
504,Auburn,Auburn,AL,Alabama,1081,Lee,32.6087,-85.4899,92777,425,polygon,FALSE,TRUE,America/Chicago,3
505,Rapid City,Rapid City,SD,South Dakota,46103,Pennington,44.0716,-103.2204,92664,546,polygon,FALSE,TRUE,America/Denver,3
506,Lee's Summit,Lee's Summit,MO,Missouri,29095,Jackson,38.9172,-94.3816,92522,601,polygon,FALSE,TRUE,America/Chicago,3
507,Terre Haute,Terre Haute,IN,Indiana,18167,Vigo,39.4654,-87.3763,92490,677,polygon,FALSE,TRUE,America/Indiana/Indianapolis,3
508,Suffolk,Suffolk,VA,Virginia,51800,Suffolk,36.6953,-76.6398,92108,89,polygon,FALSE,TRUE,America/New_York,3
509,Blacksburg,Blacksburg,VA,Virginia,51121,Montgomery,37.23,-80.4279,91888,865,polygon,FALSE,TRUE,America/New_York,3
510,Mount Pleasant,Mount Pleasant,SC,South Carolina,45019,Charleston,32.8538,-79.8204,91684,717,polygon,FALSE,TRUE,America/New_York,3
511,Carson,Carson,CA,California,6037,Los Angeles,33.8374,-118.2559,91394,1883,polygon,FALSE,TRUE,America/Los_Angeles,3
512,Riverview,Riverview,FL,Florida,12057,Hillsborough,27.8227,-82.3023,91190,761,polygon,FALSE,FALSE,America/New_York,3
513,Conroe,Conroe,TX,Texas,48339,Montgomery,30.3239,-95.4825,91079,488,polygon,FALSE,TRUE,America/Chicago,3
514,Livermore,Livermore,CA,California,6001,Alameda,37.6862,-121.7608,90923,1288,polygon,FALSE,TRUE,America/Los_Angeles,3
515,Germantown,Germantown,MD,Maryland,24031,Montgomery,39.1755,-77.2643,90844,2059,polygon,FALSE,FALSE,America/New_York,2
516,Lawton,Lawton,OK,Oklahoma,40031,Comanche,34.6176,-98.4203,90712,441,polygon,FALSE,TRUE,America/Chicago,3
517,Westminster,Westminster,CA,California,6059,Orange,33.7523,-117.9938,90643,3486,polygon,FALSE,TRUE,America/Los_Angeles,2
518,Santa Monica,Santa Monica,CA,California,6037,Los Angeles,34.0232,-118.4813,90401,4147,polygon,FALSE,TRUE,America/Los_Angeles,2
519,New Braunfels,New Braunfels,TX,Texas,48091,Comal,29.6994,-98.1148,90209,770,polygon,FALSE,TRUE,America/Chicago,3
520,Fall River,Fall River,MA,Massachusetts,25005,Bristol,41.7137,-71.1014,89541,1044,polygon,FALSE,TRUE,America/New_York,3
521,Albany,Albany,GA,Georgia,13095,Dougherty,31.5776,-84.1762,89217,505,polygon,FALSE,TRUE,America/New_York,3
522,Miami Beach,Miami Beach,FL,Florida,12086,Miami-Dade,25.8171,-80.1396,88885,4461,polygon,FALSE,TRUE,America/New_York,2
523,Norwalk,Norwalk,CT,Connecticut,9001,Fairfield,41.1144,-73.4215,88816,1498,polygon,FALSE,TRUE,America/New_York,3
524,San Leandro,San Leandro,CA,California,6001,Alameda,37.7071,-122.1601,88815,2570,polygon,FALSE,TRUE,America/Los_Angeles,2
525,O'Fallon,O'Fallon,MO,Missouri,29183,St. Charles,38.785,-90.7175,88673,1149,polygon,FALSE,TRUE,America/Chicago,3
526,Alafaya,Alafaya,FL,Florida,12095,Orange,28.5278,-81.1865,88542,1124,polygon,FALSE,FALSE,America/New_York,3
527,Newton,Newton,MA,Massachusetts,25017,Middlesex,42.3316,-71.2085,88414,1914,polygon,FALSE,TRUE,America/New_York,3
528,Muncie,Muncie,IN,Indiana,18035,Delaware,40.1989,-85.395,87879,958,polygon,FALSE,TRUE,America/Indiana/Indianapolis,3
529,Citrus Heights,Citrus Heights,CA,California,6067,Sacramento,38.6948,-121.288,87796,2381,polygon,FALSE,TRUE,America/Los_Angeles,2
530,State College,State College,PA,Pennsylvania,42027,Centre,40.7909,-77.8568,87723,3572,polygon,FALSE,TRUE,America/New_York,2
531,Decatur,Decatur,IL,Illinois,17115,Macon,39.8556,-88.9337,87236,645,polygon,FALSE,TRUE,America/Chicago,3
532,Jackson,Jackson,MI,Michigan,26075,Jackson,42.2431,-84.4037,87110,1153,polygon,FALSE,TRUE,America/Detroit,3
533,Fort Myers,Fort Myers,FL,Florida,12071,Lee,26.6195,-81.8303,87103,844,polygon,FALSE,TRUE,America/New_York,3
534,Goodyear,Goodyear,AZ,Arizona,4013,Maricopa,33.2613,-112.3622,86840,175,polygon,FALSE,TRUE,America/Phoenix,3
535,Dalton,Dalton,GA,Georgia,13313,Whitfield,34.769,-84.9712,86628,632,polygon,FALSE,TRUE,America/New_York,3
536,Bryan,Bryan,TX,Texas,48041,Brazos,30.6657,-96.3668,86276,726,polygon,FALSE,TRUE,America/Chicago,3
537,Waukegan,Waukegan,IL,Illinois,17097,Lake,42.3697,-87.8716,86075,1370,polygon,FALSE,TRUE,America/Chicago,3
538,Hawthorne,Hawthorne,CA,California,6037,Los Angeles,33.9146,-118.3476,86068,5463,polygon,FALSE,TRUE,America/Los_Angeles,2
539,Anderson,Anderson,IN,Indiana,18095,Madison,40.0891,-85.6893,85992,508,polygon,FALSE,TRUE,America/Indiana/Indianapolis,3
540,Redwood City,Redwood City,CA,California,6081,San Mateo,37.5026,-122.2252,85925,1721,polygon,FALSE,TRUE,America/Los_Angeles,3
541,Hoover,Hoover,AL,Alabama,1073,Jefferson,33.3754,-86.8064,85768,691,polygon,FALSE,TRUE,America/Chicago,3
542,Town 'n' Country,Town 'n' Country,FL,Florida,12057,Hillsborough,28.0108,-82.576,85620,1496,polygon,FALSE,FALSE,America/New_York,3
543,Lake Forest,Lake Forest,CA,California,6059,Orange,33.6606,-117.6712,85531,1985,polygon,FALSE,TRUE,America/Los_Angeles,3
544,Napa,Napa,CA,California,6055,Napa,38.2976,-122.3011,85239,1679,polygon,FALSE,TRUE,America/Los_Angeles,3
545,Whittier,Whittier,CA,California,6037,Los Angeles,33.9678,-118.0188,85098,2242,polygon,FALSE,TRUE,America/Los_Angeles,2
546,Clifton,Clifton,NJ,New Jersey,34031,Passaic,40.8631,-74.1575,85052,2913,polygon,FALSE,TRUE,America/New_York,2
547,Largo,Largo,FL,Florida,12103,Pinellas,27.9088,-82.7711,84948,1773,polygon,FALSE,TRUE,America/New_York,3
548,Bloomington,Bloomington,MN,Minnesota,27053,Hennepin,44.8306,-93.3151,84943,945,polygon,FALSE,TRUE,America/Chicago,3
549,Johns Creek,Johns Creek,GA,Georgia,13121,Fulton,34.0333,-84.2027,84579,1059,polygon,FALSE,TRUE,America/New_York,3
550,Newport Beach,Newport Beach,CA,California,6059,Orange,33.6151,-117.8669,84534,1370,polygon,FALSE,TRUE,America/Los_Angeles,3
551,Mission,Mission,TX,Texas,48215,Hidalgo,26.2041,-98.3251,84331,916,polygon,FALSE,TRUE,America/Chicago,3
552,Milpitas,Milpitas,CA,California,6085,Santa Clara,37.4339,-121.8921,84196,2381,polygon,FALSE,TRUE,America/Los_Angeles,2
553,Troy,Troy,MI,Michigan,26125,Oakland,42.5818,-83.1457,84092,970,polygon,FALSE,TRUE,America/Detroit,3
554,Madera,Madera,CA,California,6039,Madera,36.9631,-120.0782,84086,1557,polygon,FALSE,TRUE,America/Los_Angeles,3
555,Joplin,Joplin,MO,Missouri,29097,Jasper,37.0758,-94.5018,84048,515,polygon,FALSE,TRUE,America/Chicago,3
556,Chino Hills,Chino Hills,CA,California,6071,San Bernardino,33.9508,-117.7253,83853,724,polygon,FALSE,TRUE,America/Los_Angeles,3
557,Alhambra,Alhambra,CA,California,6037,Los Angeles,34.084,-118.1355,83750,4237,polygon,FALSE,TRUE,America/Los_Angeles,2
558,Franklin,Franklin,TN,Tennessee,47187,Williamson,35.9216,-86.8525,83097,771,polygon,FALSE,TRUE,America/Chicago,3
559,Melbourne,Melbourne,FL,Florida,12009,Brevard,28.1085,-80.6627,83029,727,polygon,FALSE,TRUE,America/New_York,3
560,Port Huron,Port Huron,MI,Michigan,26147,St. Clair,42.9822,-82.4387,82970,1369,polygon,FALSE,TRUE,America/Detroit,3
561,Springfield,Springfield,OH,Ohio,39023,Clark,39.9297,-83.7957,82820,883,polygon,FALSE,TRUE,America/New_York,3
562,Mountain View,Mountain View,CA,California,6085,Santa Clara,37.4,-122.0796,82739,2664,polygon,FALSE,TRUE,America/Los_Angeles,2
563,Zephyrhills,Zephyrhills,FL,Florida,12101,Pasco,28.2408,-82.1796,82476,670,polygon,FALSE,TRUE,America/New_York,3
564,St. Augustine,St. Augustine,FL,Florida,12109,St. Johns,29.8977,-81.31,82180,629,polygon,FALSE,TRUE,America/New_York,3
565,Flagstaff,Flagstaff,AZ,Arizona,4005,Coconino,35.1872,-111.6195,81974,438,polygon,FALSE,TRUE,America/Phoenix,3
566,Buena Park,Buena Park,CA,California,6059,Orange,33.8572,-118.0046,81788,3002,polygon,FALSE,TRUE,America/Los_Angeles,2
567,Pleasanton,Pleasanton,CA,California,6001,Alameda,37.6663,-121.8805,81777,1307,polygon,FALSE,TRUE,America/Los_Angeles,3
568,Westland,Westland,MI,Michigan,26163,Wayne,42.3192,-83.3805,81511,1540,polygon,FALSE,TRUE,America/Detroit,3
569,Auburn,Auburn,WA,Washington,53033,King,47.3039,-122.2108,81464,1063,polygon,FALSE,TRUE,America/Los_Angeles,3
570,Cranston,Cranston,RI,Rhode Island,44007,Providence,41.7658,-71.4857,81456,1109,polygon,FALSE,TRUE,America/New_York,3
571,Somerville,Somerville,MA,Massachusetts,25017,Middlesex,42.3908,-71.1013,81360,7619,polygon,FALSE,TRUE,America/New_York,2
572,Folsom,Folsom,CA,California,6067,Sacramento,38.6668,-121.1422,81328,1126,polygon,FALSE,TRUE,America/Los_Angeles,3
573,Springdale,Springdale,AR,Arkansas,5143,Washington,36.1899,-94.1574,81125,668,polygon,FALSE,TRUE,America/Chicago,3
574,Deerfield Beach,Deerfield Beach,FL,Florida,12011,Broward,26.305,-80.1277,81066,2093,polygon,FALSE,TRUE,America/New_York,2
575,Warwick,Warwick,RI,Rhode Island,44003,Kent,41.7062,-71.4334,81004,893,polygon,FALSE,TRUE,America/New_York,3
576,Cicero,Cicero,IL,Illinois,17031,Cook,41.8445,-87.7593,80796,5318,polygon,FALSE,TRUE,America/Chicago,2
577,Farmington Hills,Farmington Hills,MI,Michigan,26125,Oakland,42.486,-83.3771,80612,935,polygon,FALSE,TRUE,America/Detroit,3
578,Newark,Newark,OH,Ohio,39089,Licking,40.0705,-82.4251,80451,930,polygon,FALSE,TRUE,America/New_York,3
579,Williamsburg,Williamsburg,VA,Virginia,51830,Williamsburg,37.2692,-76.7076,80441,645,polygon,FALSE,TRUE,America/New_York,3
580,Brooklyn Park,Brooklyn Park,MN,Minnesota,27053,Hennepin,45.1112,-93.3505,80389,1190,polygon,FALSE,TRUE,America/Chicago,3
581,Hattiesburg,Hattiesburg,MS,Mississippi,28035,Forrest,31.3074,-89.317,80138,331,polygon,FALSE,TRUE,America/Chicago,3
582,Alexandria,Alexandria,LA,Louisiana,22079,Rapides,31.2923,-92.4702,80129,625,polygon,FALSE,TRUE,America/Chicago,3
583,Lawrence,Lawrence,MA,Massachusetts,25009,Essex,42.7003,-71.1626,80028,4458,polygon,FALSE,TRUE,America/New_York,2
584,Florence,Florence,AL,Alabama,1077,Lauderdale,34.8303,-87.6654,79964,594,polygon,FALSE,TRUE,America/Chicago,3
585,Valdosta,Valdosta,GA,Georgia,13185,Lowndes,30.8502,-83.2788,79820,606,polygon,FALSE,TRUE,America/New_York,3
586,Plymouth,Plymouth,MN,Minnesota,27053,Hennepin,45.0225,-93.4618,79768,941,polygon,FALSE,TRUE,America/Chicago,3
587,Silver Spring,Silver Spring,MD,Maryland,24031,Montgomery,39.0028,-77.0207,79750,3905,polygon,FALSE,FALSE,America/New_York,2
588,Buckeye,Buckeye,AZ,Arizona,4013,Maricopa,33.4314,-112.6429,79620,78,polygon,FALSE,TRUE,America/Phoenix,3
589,Georgetown,Georgetown,TX,Texas,48491,Williamson,30.6668,-97.6953,79604,560,polygon,FALSE,TRUE,America/Chicago,3
590,Cheyenne,Cheyenne,WY,Wyoming,56021,Laramie,41.1351,-104.79,79484,771,polygon,FALSE,TRUE,America/Denver,2
591,Cedar Park,Cedar Park,TX,Texas,48491,Williamson,30.5106,-97.8196,79462,1207,polygon,FALSE,TRUE,America/Chicago,3
592,Kokomo,Kokomo,IN,Indiana,18067,Howard,40.464,-86.1277,79351,610,polygon,FALSE,TRUE,America/Indiana/Indianapolis,3
593,Tustin,Tustin,CA,California,6059,Orange,33.7309,-117.8106,79348,2755,polygon,FALSE,TRUE,America/Los_Angeles,2
594,Lakewood,Lakewood,CA,California,6037,Los Angeles,33.8471,-118.1221,79307,3253,polygon,FALSE,TRUE,America/Los_Angeles,2
595,Perris,Perris,CA,California,6065,Riverside,33.7899,-117.2233,79291,970,polygon,FALSE,TRUE,America/Los_Angeles,3
596,St. Joseph,St. Joseph,MO,Missouri,29021,Buchanan,39.7599,-94.821,79161,656,polygon,FALSE,TRUE,America/Chicago,3
597,Flower Mound,Flower Mound,TX,Texas,48121,Denton,33.0344,-97.1146,79135,728,polygon,FALSE,TRUE,America/Chicago,3
598,Pharr,Pharr,TX,Texas,48215,Hidalgo,26.1685,-98.1904,79112,1292,polygon,FALSE,TRUE,America/Chicago,3
599,Atascocita,Atascocita,TX,Texas,48201,Harris,29.9777,-95.1953,79019,1279,polygon,FALSE,FALSE,America/Chicago,3
600,Alton,Alton,IL,Illinois,17119,Madison,38.9034,-90.1523,78905,652,polygon,FALSE,TRUE,America/Chicago,3
601,Loveland,Loveland,CO,Colorado,8069,Larimer,40.4166,-105.0623,78877,885,polygon,FALSE,TRUE,America/Denver,3
602,Boynton Beach,Boynton Beach,FL,Florida,12099,Palm Beach,26.5281,-80.0811,78679,1880,polygon,FALSE,TRUE,America/New_York,3
603,New Rochelle,New Rochelle,NY,New York,36119,Westchester,40.9305,-73.7836,78557,2930,polygon,FALSE,TRUE,America/New_York,2
604,Anderson,Anderson,SC,South Carolina,45007,Anderson,34.5211,-82.6479,78512,736,polygon,FALSE,TRUE,America/New_York,3
605,Lebanon,Lebanon,PA,Pennsylvania,42075,Lebanon,40.3412,-76.4227,78302,2397,polygon,FALSE,TRUE,America/New_York,2
606,Parma,Parma,OH,Ohio,39035,Cuyahoga,41.3843,-81.7286,78103,1506,polygon,FALSE,TRUE,America/New_York,3
607,Layton,Layton,UT,Utah,49011,Davis,41.0769,-111.9621,78014,1339,polygon,FALSE,TRUE,America/Denver,3
608,Elizabethtown,Elizabethtown,KY,Kentucky,21093,Hardin,37.703,-85.877,78002,437,polygon,FALSE,TRUE,America/New_York,3
609,Texarkana,Texarkana,TX,Texas,48037,Bowie,33.4487,-94.0815,77964,482,polygon,FALSE,TRUE,America/Chicago,3
610,Alameda,Alameda,CA,California,6001,Alameda,37.767,-122.2672,77624,2868,polygon,FALSE,TRUE,America/Los_Angeles,2
611,The Villages,The Villages,FL,Florida,12119,Sumter,28.9021,-81.9888,77609,956,polygon,FALSE,FALSE,America/New_York,3
612,Kankakee,Kankakee,IL,Illinois,17091,Kankakee,41.1019,-87.8643,77429,668,polygon,FALSE,TRUE,America/Chicago,3
613,Watsonville,Watsonville,CA,California,6087,Santa Cruz,36.9206,-121.7706,77352,3109,polygon,FALSE,TRUE,America/Los_Angeles,2
614,Porterville,Porterville,CA,California,6107,Tulare,36.0644,-119.0338,77318,1236,polygon,FALSE,TRUE,America/Los_Angeles,3
615,Baytown,Baytown,TX,Texas,48201,Harris,29.7586,-94.9669,77192,807,polygon,FALSE,TRUE,America/Chicago,3
616,Upland,Upland,CA,California,6071,San Bernardino,34.1178,-117.6603,77140,1907,polygon,FALSE,TRUE,America/Los_Angeles,3
617,Davis,Davis,CA,California,6113,Yolo,38.5552,-121.7365,76997,2710,polygon,FALSE,TRUE,America/Los_Angeles,2
618,Camarillo,Camarillo,CA,California,6111,Ventura,34.223,-119.0322,76931,1371,polygon,FALSE,TRUE,America/Los_Angeles,3
619,South Jordan,South Jordan,UT,Utah,49035,Salt Lake,40.557,-111.9782,76598,1331,polygon,FALSE,TRUE,America/Denver,3
620,Battle Creek,Battle Creek,MI,Michigan,26025,Calhoun,42.2986,-85.2296,76514,463,polygon,FALSE,TRUE,America/Detroit,3
621,Bellflower,Bellflower,CA,California,6037,Los Angeles,33.888,-118.1271,76435,4822,polygon,FALSE,TRUE,America/Los_Angeles,2
622,Jonesboro,Jonesboro,AR,Arkansas,5031,Craighead,35.8212,-90.6791,76247,377,polygon,FALSE,TRUE,America/Chicago,3
623,San Marcos,San Marcos,TX,Texas,48209,Hays,29.8736,-97.9381,76218,732,polygon,FALSE,TRUE,America/Chicago,3
624,San Ramon,San Ramon,CA,California,6013,Contra Costa,37.7625,-121.9365,75995,1570,polygon,FALSE,TRUE,America/Los_Angeles,3
625,Lake Jackson,Lake Jackson,TX,Texas,48039,Brazoria,29.0516,-95.4522,75860,532,polygon,FALSE,TRUE,America/Chicago,3
626,Bethlehem,Bethlehem,PA,Pennsylvania,42095,Northampton,40.6266,-75.3679,75815,1531,polygon,FALSE,TRUE,America/New_York,3
627,Wyoming,Wyoming,MI,Michigan,26081,Kent,42.8909,-85.7066,75667,1186,polygon,FALSE,TRUE,America/Detroit,3
628,Pine Hills,Pine Hills,FL,Florida,12095,Orange,28.5818,-81.4693,75575,2392,polygon,FALSE,FALSE,America/New_York,2
629,Oshkosh,Oshkosh,WI,Wisconsin,55139,Winnebago,44.0228,-88.5619,75536,958,polygon,FALSE,TRUE,America/Chicago,3
630,Hammond,Hammond,IN,Indiana,18089,Lake,41.6169,-87.491,75522,1282,polygon,FALSE,TRUE,America/Chicago,3
631,Missouri City,Missouri City,TX,Texas,48157,Fort Bend,29.563,-95.5365,75457,1003,polygon,FALSE,TRUE,America/Chicago,3
632,Centreville,Centreville,VA,Virginia,51059,Fairfax,38.8391,-77.4388,75452,2439,polygon,FALSE,FALSE,America/New_York,2
633,Pasco,Pasco,WA,Washington,53021,Franklin,46.2506,-119.1304,75432,858,polygon,FALSE,TRUE,America/Los_Angeles,3
634,Wheeling,Wheeling,WV,West Virginia,54069,Ohio,40.0752,-80.6951,75392,740,polygon,FALSE,TRUE,America/New_York,3
635,Baldwin Park,Baldwin Park,CA,California,6037,Los Angeles,34.0829,-117.9721,75251,4381,polygon,FALSE,TRUE,America/Los_Angeles,2
636,Rancho Cordova,Rancho Cordova,CA,California,6067,Sacramento,38.574,-121.2523,75087,827,polygon,FALSE,TRUE,America/Los_Angeles,3
637,Caguas,Caguas,PR,Puerto Rico,72025,Caguas,18.2319,-66.0388,74980,2656,polygon,FALSE,FALSE,America/Puerto_Rico,2
638,Conway,Conway,AR,Arkansas,5045,Faulkner,35.0754,-92.4694,74951,567,polygon,FALSE,TRUE,America/Chicago,3
639,Gary,Gary,IN,Indiana,18089,Lake,41.5906,-87.3472,74879,581,polygon,FALSE,TRUE,America/Chicago,3
640,Altoona,Altoona,PA,Pennsylvania,42013,Blair,40.5082,-78.4007,74829,1710,polygon,FALSE,TRUE,America/New_York,3
641,Lodi,Lodi,CA,California,6077,San Joaquin,38.1218,-121.2932,74773,1913,polygon,FALSE,TRUE,America/Los_Angeles,3
642,Arlington Heights,Arlington Heights,IL,Illinois,17031,Cook,42.0955,-87.9825,74760,1738,polygon,FALSE,TRUE,America/Chicago,3
643,Kendall,Kendall,FL,Florida,12086,Miami-Dade,25.6697,-80.3556,74631,1788,polygon,FALSE,FALSE,America/New_York,3
644,Waldorf,Waldorf,MD,Maryland,24017,Charles,38.6085,-76.9195,74587,794,polygon,FALSE,FALSE,America/New_York,3
645,Bolingbrook,Bolingbrook,IL,Illinois,17197,Will,41.6903,-88.1019,74545,1169,polygon,FALSE,TRUE,America/Chicago,3
646,Rochester Hills,Rochester Hills,MI,Michigan,26125,Oakland,42.6645,-83.1563,74516,877,polygon,FALSE,TRUE,America/Detroit,3
647,Winchester,Winchester,VA,Virginia,51840,Winchester,39.1735,-78.1746,74417,1179,polygon,FALSE,TRUE,America/New_York,3
648,Framingham,Framingham,MA,Massachusetts,25017,Middlesex,42.3085,-71.4368,74416,1147,polygon,FALSE,TRUE,America/New_York,3
649,Hilton Head Island,Hilton Head Island,SC,South Carolina,45013,Beaufort,32.1896,-80.7499,74139,372,polygon,FALSE,TRUE,America/New_York,3
650,Union City,Union City,CA,California,6001,Alameda,37.603,-122.0187,74107,1474,polygon,FALSE,TRUE,America/Los_Angeles,3
651,Owensboro,Owensboro,KY,Kentucky,21059,Daviess,37.7574,-87.1173,74068,1132,polygon,FALSE,TRUE,America/Chicago,3
652,Jackson,Jackson,TN,Tennessee,47113,Madison,35.6535,-88.8353,74065,444,polygon,FALSE,TRUE,America/Chicago,3
653,Cleveland,Cleveland,TN,Tennessee,47011,Bradley,35.1817,-84.8707,73596,648,polygon,FALSE,TRUE,America/New_York,3
654,Wausau,Wausau,WI,Wisconsin,55073,Marathon,44.962,-89.6459,73593,774,polygon,FALSE,TRUE,America/Chicago,3
655,Camden,Camden,NJ,New Jersey,34007,Camden,39.9362,-75.1073,73562,3184,polygon,FALSE,TRUE,America/New_York,2
656,Dale City,Dale City,VA,Virginia,51153,Prince William,38.6473,-77.3459,73545,1994,polygon,FALSE,FALSE,America/New_York,3
657,Anniston,Anniston,AL,Alabama,1015,Calhoun,33.6712,-85.8136,73501,179,polygon,FALSE,TRUE,America/Chicago,3
658,Evanston,Evanston,IL,Illinois,17031,Cook,42.0463,-87.6942,73473,3646,polygon,FALSE,TRUE,America/Chicago,2
659,Apple Valley,Apple Valley,CA,California,6071,San Bernardino,34.5328,-117.2104,73453,378,polygon,FALSE,TRUE,America/Los_Angeles,3
660,Mansfield,Mansfield,OH,Ohio,39139,Richland,40.7656,-82.5275,73326,583,polygon,FALSE,TRUE,America/New_York,3
661,Schaumburg,Schaumburg,IL,Illinois,17031,Cook,42.0307,-88.0838,72887,1457,polygon,FALSE,TRUE,America/Chicago,3
662,Pocatello,Pocatello,ID,Idaho,16005,Bannock,42.8724,-112.4646,72878,657,polygon,FALSE,TRUE,America/Boise,3
663,Woodbury,Woodbury,MN,Minnesota,27163,Washington,44.9056,-92.923,72828,805,polygon,FALSE,TRUE,America/Chicago,3
664,Southfield,Southfield,MI,Michigan,26125,Oakland,42.4765,-83.2605,72689,1068,polygon,FALSE,TRUE,America/Detroit,3
665,Maple Grove,Maple Grove,MN,Minnesota,27053,Hennepin,45.1089,-93.4626,72622,860,polygon,FALSE,TRUE,America/Chicago,3
666,Pittsburg,Pittsburg,CA,California,6013,Contra Costa,38.0182,-121.8964,72588,1588,polygon,FALSE,TRUE,America/Los_Angeles,3
667,New Britain,New Britain,CT,Connecticut,9003,Hartford,41.6758,-72.7862,72495,2095,polygon,FALSE,TRUE,America/New_York,2
668,Morgantown,Morgantown,WV,West Virginia,54061,Monongalia,39.638,-79.9468,72458,1181,polygon,FALSE,TRUE,America/New_York,3
669,Mansfield,Mansfield,TX,Texas,48439,Tarrant,32.569,-97.1211,72419,762,polygon,FALSE,TRUE,America/Chicago,3
670,Hammond,Hammond,LA,Louisiana,22105,Tangipahoa,30.5061,-90.4563,72413,589,polygon,FALSE,TRUE,America/Chicago,3
671,Dothan,Dothan,AL,Alabama,1069,Houston,31.2335,-85.4069,72396,296,polygon,FALSE,TRUE,America/Chicago,3
672,Harrisonburg,Harrisonburg,VA,Virginia,51660,Harrisonburg,38.4361,-78.8735,72386,1180,polygon,FALSE,TRUE,America/New_York,3
673,Wenatchee,Wenatchee,WA,Washington,53007,Chelan,47.4356,-120.3283,72350,1312,polygon,FALSE,TRUE,America/Los_Angeles,3
674,Waukesha,Waukesha,WI,Wisconsin,55133,Waukesha,43.0087,-88.2464,72299,1093,polygon,FALSE,TRUE,America/Chicago,3
675,Ellicott City,Ellicott City,MD,Maryland,24027,Howard,39.2773,-76.8344,72247,930,polygon,FALSE,FALSE,America/New_York,3
676,Pawtucket,Pawtucket,RI,Rhode Island,44007,Providence,41.8744,-71.3743,72117,3212,polygon,FALSE,TRUE,America/New_York,2
677,Redmond,Redmond,WA,Washington,53033,King,47.6762,-122.1169,71929,1676,polygon,FALSE,TRUE,America/Los_Angeles,3
678,Lauderhill,Lauderhill,FL,Florida,12011,Broward,26.1605,-80.2242,71868,3256,polygon,FALSE,TRUE,America/New_York,2
679,Sumter,Sumter,SC,South Carolina,45085,Sumter,33.9392,-80.393,71518,469,polygon,FALSE,TRUE,America/New_York,3
680,Redlands,Redlands,CA,California,6071,San Bernardino,34.0511,-117.1712,71513,770,polygon,FALSE,TRUE,America/Los_Angeles,3
681,Daphne,Daphne,AL,Alabama,1003,Baldwin,30.6286,-87.8866,71484,603,polygon,FALSE,TRUE,America/Chicago,3
682,Mount Vernon,Mount Vernon,WA,Washington,53057,Skagit,48.4202,-122.3115,71422,1130,polygon,FALSE,TRUE,America/Los_Angeles,3
683,Weston,Weston,FL,Florida,12011,Broward,26.1006,-80.4054,71166,1117,polygon,FALSE,TRUE,America/New_York,3
684,St. Charles,St. Charles,MO,Missouri,29183,St. Charles,38.7954,-90.5157,71028,1104,polygon,FALSE,TRUE,America/Chicago,3
685,Janesville,Janesville,WI,Wisconsin,55105,Rock,42.6855,-89.0136,70755,732,polygon,FALSE,TRUE,America/Chicago,3
686,Sherman,Sherman,TX,Texas,48181,Grayson,33.6274,-96.6218,70704,372,polygon,FALSE,TRUE,America/Chicago,3
687,North Richland Hills,North Richland Hills,TX,Texas,48439,Tarrant,32.8605,-97.218,70670,1505,polygon,FALSE,TRUE,America/Chicago,3
688,Broomfield,Broomfield,CO,Colorado,8014,Broomfield,39.9541,-105.0527,70465,824,polygon,FALSE,TRUE,America/Denver,3
689,El Paso de Robles,El Paso de Robles,CA,California,6079,San Luis Obispo,35.6394,-120.656,70248,632,polygon,FALSE,TRUE,America/Los_Angeles,3
690,Bristol,Bristol,TN,Tennessee,47163,Sullivan,36.5572,-82.2154,70243,318,polygon,FALSE,TRUE,America/New_York,3
691,Wilmington,Wilmington,DE,Delaware,10003,New Castle,39.7415,-75.5413,70166,2484,polygon,FALSE,TRUE,America/New_York,2
692,Walnut Creek,Walnut Creek,CA,California,6013,Contra Costa,37.9024,-122.0398,70166,1371,polygon,FALSE,TRUE,America/Los_Angeles,3
693,Lynwood,Lynwood,CA,California,6037,Los Angeles,33.924,-118.2017,69887,5575,polygon,FALSE,TRUE,America/Los_Angeles,2
694,Glen Burnie,Glen Burnie,MD,Maryland,24003,Anne Arundel,39.1559,-76.6072,69813,1555,polygon,FALSE,FALSE,America/New_York,3
695,Lehi,Lehi,UT,Utah,49049,Utah,40.4136,-111.8726,69724,960,polygon,FALSE,TRUE,America/Denver,3
696,Passaic,Passaic,NJ,New Jersey,34031,Passaic,40.8574,-74.1282,69703,8590,polygon,FALSE,TRUE,America/New_York,2
697,Guaynabo,Guaynabo,PR,Puerto Rico,72061,Guaynabo,18.3839,-66.1134,69697,2233,polygon,FALSE,FALSE,America/Puerto_Rico,2
698,Casas Adobes,Casas Adobes,AZ,Arizona,4019,Pima,32.3423,-111.0114,69615,1008,polygon,FALSE,FALSE,America/Phoenix,3
699,Homestead,Homestead,FL,Florida,12086,Miami-Dade,25.4665,-80.4472,69523,1779,polygon,FALSE,TRUE,America/New_York,3
700,West Bend,West Bend,WI,Wisconsin,55131,Washington,43.4184,-88.1824,69504,804,polygon,FALSE,TRUE,America/Chicago,3
701,Delray Beach,Delray Beach,FL,Florida,12099,Palm Beach,26.455,-80.0905,69451,1685,polygon,FALSE,TRUE,America/New_York,3
702,Sheboygan,Sheboygan,WI,Wisconsin,55117,Sheboygan,43.7403,-87.7316,69393,1184,polygon,FALSE,TRUE,America/Chicago,3
703,Lake Elsinore,Lake Elsinore,CA,California,6065,Riverside,33.6847,-117.3344,69283,699,polygon,FALSE,TRUE,America/Los_Angeles,3
704,Daytona Beach,Daytona Beach,FL,Florida,12127,Volusia,29.1994,-81.0982,69186,406,polygon,FALSE,TRUE,America/New_York,3
705,Los Lunas,Los Lunas,NM,New Mexico,35061,Valencia,34.8115,-106.7803,69020,331,polygon,FALSE,TRUE,America/Denver,3
706,Lima,Lima,OH,Ohio,39003,Allen,40.741,-84.1121,68878,1045,polygon,FALSE,TRUE,America/New_York,3
707,Decatur,Decatur,AL,Alabama,1103,Morgan,34.573,-86.9906,68867,388,polygon,FALSE,TRUE,America/Chicago,3
708,Rocklin,Rocklin,CA,California,6061,Placer,38.8075,-121.2488,68823,1341,polygon,FALSE,TRUE,America/Los_Angeles,3
709,Rogers,Rogers,AR,Arkansas,5007,Benton,36.3172,-94.1526,68669,685,polygon,FALSE,TRUE,America/Chicago,3
710,Castle Rock,Castle Rock,CO,Colorado,8035,Douglas,39.3763,-104.8535,68484,771,polygon,FALSE,TRUE,America/Denver,3
711,Hanover,Hanover,PA,Pennsylvania,42133,York,39.8117,-76.9835,68165,1641,polygon,FALSE,TRUE,America/New_York,3
712,Bossier City,Bossier City,LA,Louisiana,22015,Bossier,32.5227,-93.6666,68159,605,polygon,FALSE,TRUE,America/Chicago,3
713,Dubuque,Dubuque,IA,Iowa,19061,Dubuque,42.5008,-90.7067,68109,729,polygon,FALSE,TRUE,America/Chicago,3
714,Rockville,Rockville,MD,Maryland,24031,Montgomery,39.0834,-77.1552,68079,1933,polygon,FALSE,TRUE,America/New_York,3
715,Victoria,Victoria,TX,Texas,48469,Victoria,28.8285,-96.985,68078,694,polygon,FALSE,TRUE,America/Chicago,3
716,Saratoga Springs,Saratoga Springs,NY,New York,36091,Saratoga,43.0674,-73.7775,68028,388,polygon,FALSE,TRUE,America/New_York,3
717,Gaithersburg,Gaithersburg,MD,Maryland,24031,Montgomery,39.1346,-77.2132,67985,2543,polygon,FALSE,TRUE,America/New_York,2
718,Union City,Union City,NJ,New Jersey,34017,Hudson,40.7674,-74.0323,67982,20394,polygon,FALSE,TRUE,America/New_York,2
719,Ames,Ames,IA,Iowa,19169,Story,42.0259,-93.6215,67910,935,polygon,FALSE,TRUE,America/Chicago,3
720,West Des Moines,West Des Moines,IA,Iowa,19153,Polk,41.5522,-93.7805,67899,556,polygon,FALSE,TRUE,America/Chicago,3
721,South San Francisco,South San Francisco,CA,California,6081,San Mateo,37.6536,-122.4197,67789,2837,polygon,FALSE,TRUE,America/Los_Angeles,2
722,Yorba Linda,Yorba Linda,CA,California,6059,Orange,33.889,-117.7714,67644,1316,polygon,FALSE,TRUE,America/Los_Angeles,3
723,Casper,Casper,WY,Wyoming,56025,Natrona,42.842,-106.3207,67598,843,polygon,FALSE,TRUE,America/Denver,3
724,Palatine,Palatine,IL,Illinois,17031,Cook,42.1181,-88.043,67482,1916,polygon,FALSE,TRUE,America/Chicago,3
725,Corvallis,Corvallis,OR,Oregon,41003,Benton,44.5697,-123.278,67467,1592,polygon,FALSE,TRUE,America/Los_Angeles,3
726,Ankeny,Ankeny,IA,Iowa,19153,Polk,41.7285,-93.6033,67355,862,polygon,FALSE,TRUE,America/Chicago,3
727,Mount Vernon,Mount Vernon,NY,New York,36119,Westchester,40.9136,-73.8291,67345,5930,polygon,FALSE,TRUE,America/New_York,2
728,Rowlett,Rowlett,TX,Texas,48113,Dallas,32.9157,-96.5488,67339,1244,polygon,FALSE,TRUE,America/Chicago,3
729,Lakeville,Lakeville,MN,Minnesota,27037,Dakota,44.6774,-93.252,67317,715,polygon,FALSE,TRUE,America/Chicago,3
730,Alpharetta,Alpharetta,GA,Georgia,13121,Fulton,34.0704,-84.2739,67213,964,polygon,FALSE,TRUE,America/New_York,3
731,Poinciana,Poinciana,FL,Florida,12105,Polk,28.1217,-81.482,67169,360,polygon,FALSE,FALSE,America/New_York,3
732,Longview,Longview,WA,Washington,53015,Cowlitz,46.1461,-122.9629,67081,1000,polygon,FALSE,TRUE,America/Los_Angeles,3
733,DeKalb,DeKalb,IL,Illinois,17037,DeKalb,41.9313,-88.7482,66959,1025,polygon,FALSE,TRUE,America/Chicago,3
734,Petaluma,Petaluma,CA,California,6097,Sonoma,38.2423,-122.6267,66929,1620,polygon,FALSE,TRUE,America/Los_Angeles,3
735,Redondo Beach,Redondo Beach,CA,California,6037,Los Angeles,33.8574,-118.3766,66749,4158,polygon,FALSE,TRUE,America/Los_Angeles,2
736,Tamarac,Tamarac,FL,Florida,12011,Broward,26.2056,-80.2542,66721,2207,polygon,FALSE,TRUE,America/New_York,2
737,Laguna Niguel,Laguna Niguel,CA,California,6059,Orange,33.5275,-117.705,66385,1738,polygon,FALSE,TRUE,America/Los_Angeles,3
738,Eagan,Eagan,MN,Minnesota,27037,Dakota,44.8169,-93.1638,66372,821,polygon,FALSE,TRUE,America/Chicago,3
739,Kenner,Kenner,LA,Louisiana,22051,Jefferson,30.0109,-90.2549,66340,1721,polygon,FALSE,TRUE,America/Chicago,3
740,Bay City,Bay City,MI,Michigan,26017,Bay,43.5903,-83.8886,66107,1242,polygon,FALSE,TRUE,America/Detroit,3
741,North Little Rock,North Little Rock,AR,Arkansas,5119,Pulaski,34.7808,-92.2371,65903,486,polygon,FALSE,TRUE,America/Chicago,3
742,Sammamish,Sammamish,WA,Washington,53033,King,47.6017,-122.0416,65892,1245,polygon,FALSE,TRUE,America/Los_Angeles,3
743,Shawnee,Shawnee,KS,Kansas,20091,Johnson,39.0158,-94.8076,65807,605,polygon,FALSE,TRUE,America/Chicago,3
744,Jupiter,Jupiter,FL,Florida,12099,Palm Beach,26.9199,-80.1128,65791,1174,polygon,FALSE,TRUE,America/New_York,3
745,Doral,Doral,FL,Florida,12086,Miami-Dade,25.8151,-80.3565,65741,1836,polygon,FALSE,TRUE,America/New_York,3
746,Carbondale,Carbondale,IL,Illinois,17077,Jackson,37.7221,-89.2238,65671,556,polygon,FALSE,TRUE,America/Chicago,3
747,Blaine,Blaine,MN,Minnesota,27003,Anoka,45.1696,-93.2077,65607,769,polygon,FALSE,TRUE,America/Chicago,3
748,Weirton,Weirton,WV,West Virginia,54029,Hancock,40.406,-80.5671,65578,390,polygon,FALSE,TRUE,America/New_York,3
749,Tulare,Tulare,CA,California,6107,Tulare,36.1996,-119.34,65496,1241,polygon,FALSE,TRUE,America/Los_Angeles,3
750,Wellington,Wellington,FL,Florida,12099,Palm Beach,26.6461,-80.2699,65398,561,polygon,FALSE,TRUE,America/New_York,3
751,Pflugerville,Pflugerville,TX,Texas,48453,Travis,30.452,-97.6022,65380,1013,polygon,FALSE,TRUE,America/Chicago,3
752,Palo Alto,Palo Alto,CA,California,6085,Santa Clara,37.3913,-122.1468,65364,1058,polygon,FALSE,TRUE,America/Los_Angeles,3
753,Schenectady,Schenectady,NY,New York,36093,Schenectady,42.8025,-73.9276,65273,2335,polygon,FALSE,TRUE,America/New_York,2
754,Great Falls,Great Falls,MT,Montana,30013,Cascade,47.5022,-111.2995,65131,982,polygon,FALSE,TRUE,America/Denver,3
755,Michigan City,Michigan City,IN,Indiana,18091,LaPorte,41.7099,-86.8705,65058,608,polygon,FALSE,TRUE,America/Chicago,3
756,Bayonne,Bayonne,NJ,New Jersey,34017,Hudson,40.6661,-74.1141,64897,4304,polygon,FALSE,TRUE,America/New_York,2
757,Eden Prairie,Eden Prairie,MN,Minnesota,27053,Hennepin,44.8488,-93.4595,64893,770,polygon,FALSE,TRUE,America/Chicago,3
758,Port Orange,Port Orange,FL,Florida,12127,Volusia,29.1084,-81.0137,64842,933,polygon,FALSE,TRUE,America/New_York,3
759,Dublin,Dublin,CA,California,6001,Alameda,37.7161,-121.8963,64826,1643,polygon,FALSE,TRUE,America/Los_Angeles,3
760,Carmichael,Carmichael,CA,California,6067,Sacramento,38.6337,-121.323,64785,1859,polygon,FALSE,FALSE,America/Los_Angeles,3
761,Grand Forks,Grand Forks,ND,North Dakota,38035,Grand Forks,47.9218,-97.0886,64748,784,polygon,FALSE,TRUE,America/Chicago,3
762,Noblesville,Noblesville,IN,Indiana,18057,Hamilton,40.0354,-86.0042,64668,726,polygon,FALSE,TRUE,America/Indiana/Indianapolis,3
763,San Clemente,San Clemente,CA,California,6059,Orange,33.4498,-117.6103,64558,1358,polygon,FALSE,TRUE,America/Los_Angeles,3
764,Brentwood,Brentwood,CA,California,6013,Contra Costa,37.9355,-121.7191,64474,1675,polygon,FALSE,TRUE,America/Los_Angeles,3
765,East Orange,East Orange,NJ,New Jersey,34013,Essex,40.7651,-74.2117,64367,6327,polygon,FALSE,TRUE,America/New_York,2
766,Florence-Graham,Florence-Graham,CA,California,6037,Los Angeles,33.9682,-118.2447,64162,7059,polygon,FALSE,TRUE,America/Los_Angeles,2
767,Eastvale,Eastvale,CA,California,6065,Riverside,33.9617,-117.5802,64157,1954,polygon,FALSE,TRUE,America/Los_Angeles,3
768,Chapel Hill,Chapel Hill,NC,North Carolina,37135,Orange,35.927,-79.0391,64051,1148,polygon,FALSE,TRUE,America/New_York,3
769,Rocky Mount,Rocky Mount,NC,North Carolina,37127,Nash,35.9676,-77.8048,64018,471,polygon,FALSE,TRUE,America/New_York,3
770,Haverhill,Haverhill,MA,Massachusetts,25009,Essex,42.7838,-71.0871,64014,748,polygon,FALSE,TRUE,America/New_York,3
771,Beloit,Beloit,WI,Wisconsin,55105,Rock,42.523,-89.0184,63762,822,polygon,FALSE,TRUE,America/Chicago,3
772,Glens Falls,Glens Falls,NY,New York,36113,Warren,43.3109,-73.6459,63499,1430,polygon,FALSE,TRUE,America/New_York,3
773,Castro Valley,Castro Valley,CA,California,6001,Alameda,37.7091,-122.0631,63288,1472,polygon,FALSE,FALSE,America/Los_Angeles,3
774,Fairbanks,Fairbanks,AK,Alaska,2090,Fairbanks North Star,64.8353,-147.6534,63245,375,polygon,FALSE,TRUE,America/Anchorage,3
775,Springfield,Springfield,OR,Oregon,41039,Lane,44.0538,-122.981,63230,1541,polygon,FALSE,TRUE,America/Los_Angeles,3
776,Johnstown,Johnstown,PA,Pennsylvania,42021,Cambria,40.3258,-78.9193,63141,1257,polygon,FALSE,TRUE,America/New_York,3
777,Coon Rapids,Coon Rapids,MN,Minnesota,27003,Anoka,45.1755,-93.3095,62998,1075,polygon,FALSE,TRUE,America/Chicago,3
778,Elmira,Elmira,NY,New York,36015,Chemung,42.0938,-76.8097,62989,1440,polygon,FALSE,TRUE,America/New_York,3
779,Brentwood,Brentwood,NY,New York,36103,Suffolk,40.7839,-73.2522,62942,2215,polygon,FALSE,FALSE,America/New_York,2
780,Mankato,Mankato,MN,Minnesota,27013,Blue Earth,44.1712,-93.9773,62889,868,polygon,FALSE,TRUE,America/Chicago,3
781,Albany,Albany,OR,Oregon,41043,Linn,44.6274,-123.0966,62880,1218,polygon,FALSE,TRUE,America/Los_Angeles,3
782,North Miami,North Miami,FL,Florida,12086,Miami-Dade,25.9007,-80.1686,62822,2877,polygon,FALSE,TRUE,America/New_York,2
783,Dundalk,Dundalk,MD,Maryland,24005,Baltimore,39.2703,-76.4942,62768,1854,polygon,FALSE,FALSE,America/New_York,3
784,Encinitas,Encinitas,CA,California,6073,San Diego,33.049,-117.2613,62709,1270,polygon,FALSE,TRUE,America/Los_Angeles,3
785,Skokie,Skokie,IL,Illinois,17031,Cook,42.0359,-87.74,62700,2405,polygon,FALSE,TRUE,America/Chicago,2
786,Leander,Leander,TX,Texas,48491,Williamson,30.5728,-97.8618,62608,644,polygon,FALSE,TRUE,America/Chicago,3
787,Mayagüez,Mayaguez,PR,Puerto Rico,72097,Mayagüez,18.2003,-67.1397,62579,1151,polygon,FALSE,FALSE,America/Puerto_Rico,3
788,Parkersburg,Parkersburg,WV,West Virginia,54107,Wood,39.2624,-81.542,62566,961,polygon,FALSE,TRUE,America/New_York,3
789,Waltham,Waltham,MA,Massachusetts,25017,Middlesex,42.3889,-71.2423,62495,1893,polygon,FALSE,TRUE,America/New_York,3
790,Bethesda,Bethesda,MD,Maryland,24031,Montgomery,38.9866,-77.1188,62448,1818,polygon,FALSE,FALSE,America/New_York,3
791,San Luis Obispo,San Luis Obispo,CA,California,6079,San Luis Obispo,35.2669,-120.6691,62290,1374,polygon,FALSE,TRUE,America/Los_Angeles,3
792,Sebring,Sebring,FL,Florida,12055,Highlands,27.477,-81.453,62250,404,polygon,FALSE,TRUE,America/New_York,3
793,Council Bluffs,Council Bluffs,IA,Iowa,19155,Pottawattamie,41.2369,-95.8517,62166,559,polygon,FALSE,TRUE,America/Chicago,3
794,Hamilton,Hamilton,OH,Ohio,39017,Butler,39.3938,-84.5653,62082,1117,polygon,FALSE,TRUE,America/New_York,3
795,Moore,Moore,OK,Oklahoma,40027,Cleveland,35.3293,-97.4758,62055,1094,polygon,FALSE,TRUE,America/Chicago,3
796,Pico Rivera,Pico Rivera,CA,California,6037,Los Angeles,33.9902,-118.0888,62027,2887,polygon,FALSE,TRUE,America/Los_Angeles,2
797,Palm Harbor,Palm Harbor,FL,Florida,12103,Pinellas,28.0847,-82.7481,61995,1380,polygon,FALSE,FALSE,America/New_York,3
798,Casa Grande,Casa Grande,AZ,Arizona,4021,Pinal,32.9068,-111.7624,61966,204,polygon,FALSE,TRUE,America/Phoenix,3
799,Monessen,Monessen,PA,Pennsylvania,42129,Westmoreland,40.1519,-79.8828,61960,967,polygon,FALSE,TRUE,America/New_York,3
800,Montebello,Montebello,CA,California,6037,Los Angeles,34.0155,-118.1108,61954,2870,polygon,FALSE,TRUE,America/Los_Angeles,2
801,Rome,Rome,GA,Georgia,13115,Floyd,34.2661,-85.1862,61537,449,polygon,FALSE,TRUE,America/New_York,3
802,Millcreek,Millcreek,UT,Utah,49035,Salt Lake,40.6892,-111.8291,61450,1859,polygon,FALSE,TRUE,America/Denver,3
803,Sanford,Sanford,FL,Florida,12117,Seminole,28.7893,-81.276,61448,1015,polygon,FALSE,TRUE,America/New_York,3
804,National City,National City,CA,California,6073,San Diego,32.6654,-117.0983,61394,3250,polygon,FALSE,TRUE,America/Los_Angeles,2
805,Burnsville,Burnsville,MN,Minnesota,27037,Dakota,44.7648,-93.2795,61339,953,polygon,FALSE,TRUE,America/Chicago,3
806,Coconut Creek,Coconut Creek,FL,Florida,12011,Broward,26.2803,-80.1842,61248,2117,polygon,FALSE,TRUE,America/New_York,2
807,Port Charlotte,Port Charlotte,FL,Florida,12015,Charlotte,26.9918,-82.114,61204,829,polygon,FALSE,FALSE,America/New_York,3
808,Morristown,Morristown,TN,Tennessee,47063,Hamblen,36.2046,-83.3006,61171,426,polygon,FALSE,TRUE,America/New_York,3
809,Lakewood,Lakewood,WA,Washington,53053,Pierce,47.1628,-122.5299,61037,1381,polygon,FALSE,TRUE,America/Los_Angeles,3
810,Gadsden,Gadsden,AL,Alabama,1055,Etowah,34.009,-86.0156,60944,362,polygon,FALSE,TRUE,America/Chicago,3
811,Taylor,Taylor,MI,Michigan,26163,Wayne,42.226,-83.2688,60922,996,polygon,FALSE,TRUE,America/Detroit,3
812,Novi,Novi,MI,Michigan,26125,Oakland,42.4786,-83.4893,60896,777,polygon,FALSE,TRUE,America/Detroit,3
813,Marietta,Marietta,GA,Georgia,13067,Cobb,33.9533,-84.5422,60867,1004,polygon,FALSE,TRUE,America/New_York,3
814,Hot Springs,Hot Springs,AR,Arkansas,5051,Garland,34.4892,-93.0501,60767,400,polygon,FALSE,TRUE,America/Chicago,3
815,Woodland,Woodland,CA,California,6113,Yolo,38.6712,-121.75,60598,1527,polygon,FALSE,TRUE,America/Los_Angeles,3
816,La Habra,La Habra,CA,California,6059,Orange,33.9278,-117.9513,60513,3177,polygon,FALSE,TRUE,America/Los_Angeles,2
817,The Hammocks,The Hammocks,FL,Florida,12086,Miami-Dade,25.67,-80.4483,60473,2959,polygon,FALSE,FALSE,America/New_York,2
818,Malden,Malden,MA,Massachusetts,25017,Middlesex,42.4305,-71.0576,60470,4628,polygon,FALSE,TRUE,America/New_York,2
819,Commerce City,Commerce City,CO,Colorado,8001,Adams,39.8642,-104.8434,60336,652,polygon,FALSE,TRUE,America/Denver,3
820,Reston,Reston,VA,Virginia,51059,Fairfax,38.9497,-77.3461,60335,1519,polygon,FALSE,FALSE,America/New_York,3
821,South Whittier,South Whittier,CA,California,6037,Los Angeles,33.9336,-118.0311,60096,4347,polygon,FALSE,FALSE,America/Los_Angeles,2
822,Bristol,Bristol,CT,Connecticut,9003,Hartford,41.6812,-72.9407,59947,876,polygon,FALSE,TRUE,America/New_York,3
823,Columbus,Columbus,IN,Indiana,18005,Bartholomew,39.2093,-85.9183,59897,660,polygon,FALSE,TRUE,America/Indiana/Indianapolis,3
824,West Allis,West Allis,WI,Wisconsin,55079,Milwaukee,43.0068,-88.0296,59890,2031,polygon,FALSE,TRUE,America/Chicago,2
825,Fountainebleau,Fountainebleau,FL,Florida,12086,Miami-Dade,25.7723,-80.3458,59833,5785,polygon,FALSE,FALSE,America/New_York,2
826,Taylorsville,Taylorsville,UT,Utah,49035,Salt Lake,40.657,-111.9493,59805,2128,polygon,FALSE,TRUE,America/Denver,2
827,Bangor,Bangor,ME,Maine,23019,Penobscot,44.8322,-68.7906,59772,363,polygon,FALSE,TRUE,America/New_York,3
828,Monterey Park,Monterey Park,CA,California,6037,Los Angeles,34.0497,-118.1326,59669,3002,polygon,FALSE,TRUE,America/Los_Angeles,2
829,Greenwood,Greenwood,IN,Indiana,18081,Johnson,39.6019,-86.1073,59458,822,polygon,FALSE,TRUE,America/Indiana/Indianapolis,3
830,Bartlett,Bartlett,TN,Tennessee,47157,Shelby,35.2337,-89.8195,59440,710,polygon,FALSE,TRUE,America/Chicago,3
831,Bradenton,Bradenton,FL,Florida,12081,Manatee,27.49,-82.5739,59439,1596,polygon,FALSE,TRUE,America/New_York,3
832,Pontiac,Pontiac,MI,Michigan,26125,Oakland,42.6493,-83.2878,59438,1154,polygon,FALSE,TRUE,America/Detroit,3
833,Staunton,Staunton,VA,Virginia,51790,Staunton,38.1593,-79.0611,59433,483,polygon,FALSE,TRUE,America/New_York,3
834,Meriden,Meriden,CT,Connecticut,9009,New Haven,41.5367,-72.7944,59395,963,polygon,FALSE,TRUE,America/New_York,3
835,Gardena,Gardena,CA,California,6037,Los Angeles,33.8944,-118.3073,59329,3929,polygon,FALSE,TRUE,America/Los_Angeles,2
836,Apex,Apex,NC,North Carolina,37183,Wake,35.7239,-78.8728,59300,1100,polygon,FALSE,TRUE,America/New_York,3
837,Royal Oak,Royal Oak,MI,Michigan,26125,Oakland,42.5084,-83.1539,59277,1940,polygon,FALSE,TRUE,America/Detroit,3
838,Cupertino,Cupertino,CA,California,6085,Santa Clara,37.3168,-122.0465,59276,2023,polygon,FALSE,TRUE,America/Los_Angeles,2
839,La Mesa,La Mesa,CA,California,6073,San Diego,32.7703,-117.0204,59249,2515,polygon,FALSE,TRUE,America/Los_Angeles,2
840,Benton Harbor,Benton Harbor,MI,Michigan,26021,Berrien,42.1159,-86.4488,59216,858,polygon,FALSE,TRUE,America/Detroit,3
841,St. Clair Shores,St. Clair Shores,MI,Michigan,26099,Macomb,42.4921,-82.8957,58984,1949,polygon,FALSE,TRUE,America/Detroit,3
842,Des Plaines,Des Plaines,IL,Illinois,17031,Cook,42.0345,-87.9009,58899,1598,polygon,FALSE,TRUE,America/Chicago,3
843,Lewiston,Lewiston,ME,Maine,23001,Androscoggin,44.0915,-70.1681,58802,409,polygon,FALSE,TRUE,America/New_York,3
844,Margate,Margate,FL,Florida,12011,Broward,26.2466,-80.2119,58796,2591,polygon,FALSE,TRUE,America/New_York,2
845,Midland,Midland,MI,Michigan,26111,Midland,43.6241,-84.2319,58787,468,polygon,FALSE,TRUE,America/Detroit,3
846,Spring,Spring,TX,Texas,48201,Harris,30.0613,-95.383,58756,1008,polygon,FALSE,FALSE,America/Chicago,3
847,Carson City,Carson City,NV,Nevada,32510,Carson City,39.1512,-119.7474,58756,149,polygon,FALSE,TRUE,America/Los_Angeles,2
848,Bowie,Bowie,MD,Maryland,24033,Prince George's,38.9569,-76.7409,58643,1144,polygon,FALSE,TRUE,America/New_York,3
849,Middletown,Middletown,NY,New York,36071,Orange,41.4459,-74.4236,58592,2048,polygon,FALSE,TRUE,America/New_York,2
850,Caldwell,Caldwell,ID,Idaho,16027,Canyon,43.6453,-116.6591,58481,998,polygon,FALSE,TRUE,America/Boise,3
851,San Rafael,San Rafael,CA,California,6041,Marin,37.9905,-122.5222,58440,1361,polygon,FALSE,TRUE,America/Los_Angeles,3
852,Kendale Lakes,Kendale Lakes,FL,Florida,12086,Miami-Dade,25.7081,-80.4078,58395,2792,polygon,FALSE,FALSE,America/New_York,2
853,Towson,Towson,MD,Maryland,24005,Baltimore,39.3944,-76.619,58347,1591,polygon,FALSE,FALSE,America/New_York,3
854,Richland,Richland,WA,Washington,53005,Benton,46.2824,-119.2938,58225,573,polygon,FALSE,TRUE,America/Los_Angeles,3
855,St. Peters,St. Peters,MO,Missouri,29183,St. Charles,38.7824,-90.6061,58212,1003,polygon,FALSE,TRUE,America/Chicago,3
856,South Hill,South Hill,WA,Washington,53053,Pierce,47.1203,-122.2848,58164,1223,polygon,FALSE,FALSE,America/Los_Angeles,3
857,Hendersonville,Hendersonville,TN,Tennessee,47165,Sumner,36.3063,-86.5998,58113,714,polygon,FALSE,TRUE,America/Chicago,3
858,White Plains,White Plains,NY,New York,36119,Westchester,41.022,-73.7549,58109,2291,polygon,FALSE,TRUE,America/New_York,2
859,Huntersville,Huntersville,NC,North Carolina,37119,Mecklenburg,35.4058,-80.8727,58098,550,polygon,FALSE,TRUE,America/New_York,3
860,Santee,Santee,CA,California,6073,San Diego,32.8554,-116.9851,58081,1355,polygon,FALSE,TRUE,America/Los_Angeles,3
861,Jefferson City,Jefferson City,MO,Missouri,29051,Cole,38.5676,-92.1759,58025,457,polygon,FALSE,TRUE,America/Chicago,2
862,Beckley,Beckley,WV,West Virginia,54081,Raleigh,37.7878,-81.1841,57942,647,polygon,FALSE,TRUE,America/New_York,3
863,Arcadia,Arcadia,CA,California,6037,Los Angeles,34.1342,-118.0373,57939,2047,polygon,FALSE,TRUE,America/Los_Angeles,2
864,Titusville,Titusville,FL,Florida,12009,Brevard,28.5727,-80.8193,57891,615,polygon,FALSE,TRUE,America/New_York,3
865,Cartersville,Cartersville,GA,Georgia,13015,Bartow,34.1639,-84.8007,57873,289,polygon,FALSE,TRUE,America/New_York,3
866,Walla Walla,Walla Walla,WA,Washington,53071,Walla Walla,46.067,-118.3366,57860,926,polygon,FALSE,TRUE,America/Los_Angeles,3
867,Orland Park,Orland Park,IL,Illinois,17031,Cook,41.6074,-87.8619,57857,1014,polygon,FALSE,TRUE,America/Chicago,3
868,Weymouth,Weymouth,MA,Massachusetts,25021,Norfolk,42.1984,-70.9466,57746,1329,polygon,FALSE,TRUE,America/New_York,3
869,Parker,Parker,CO,Colorado,8035,Douglas,39.5084,-104.7753,57706,1003,polygon,FALSE,TRUE,America/Denver,3
870,Palm Beach Gardens,Palm Beach Gardens,FL,Florida,12099,Palm Beach,26.8466,-80.1679,57704,379,polygon,FALSE,TRUE,America/New_York,3
871,Bozeman,Bozeman,MT,Montana,30031,Gallatin,45.6832,-111.0552,57695,945,polygon,FALSE,TRUE,America/Denver,3
872,East Stroudsburg,East Stroudsburg,PA,Pennsylvania,42089,Monroe,41.0023,-75.1779,57577,1416,polygon,FALSE,TRUE,America/New_York,3
873,Tamiami,Tamiami,FL,Florida,12086,Miami-Dade,25.7556,-80.4016,57514,3150,polygon,FALSE,FALSE,America/New_York,2
874,Huntington Park,Huntington Park,CA,California,6037,Los Angeles,33.98,-118.2167,57509,7370,polygon,FALSE,TRUE,America/Los_Angeles,2
875,Taunton,Taunton,MA,Massachusetts,25005,Bristol,41.9036,-71.0943,57464,475,polygon,FALSE,TRUE,America/New_York,3
876,Midwest City,Midwest City,OK,Oklahoma,40109,Oklahoma,35.463,-97.3709,57407,907,polygon,FALSE,TRUE,America/Chicago,3
877,Medford,Medford,MA,Massachusetts,25017,Middlesex,42.4234,-71.1087,57341,2733,polygon,FALSE,TRUE,America/New_York,2
878,Goldsboro,Goldsboro,NC,North Carolina,37191,Wayne,35.3778,-77.972,57278,462,polygon,FALSE,TRUE,America/New_York,3
879,Euless,Euless,TX,Texas,48439,Tarrant,32.8508,-97.0799,57197,1368,polygon,FALSE,TRUE,America/Chicago,3
880,Manhattan,Manhattan,KS,Kansas,20161,Riley,39.1886,-96.6046,57046,1062,polygon,FALSE,TRUE,America/Chicago,3
881,Shoreline,Shoreline,WA,Washington,53033,King,47.7564,-122.3426,57027,1892,polygon,FALSE,TRUE,America/Los_Angeles,3
882,Lake Havasu City,Lake Havasu City,AZ,Arizona,4015,Mohave,34.5006,-114.3113,56820,465,polygon,FALSE,TRUE,America/Los_Angeles,3
883,Smyrna,Smyrna,GA,Georgia,13067,Cobb,33.8633,-84.5168,56666,1406,polygon,FALSE,TRUE,America/New_York,3
884,Cape Girardeau,Cape Girardeau,MO,Missouri,29031,Cape Girardeau,37.3108,-89.5597,56551,538,polygon,FALSE,TRUE,America/Chicago,3
885,Grants Pass,Grants Pass,OR,Oregon,41033,Josephine,42.4333,-123.3317,55837,1279,polygon,FALSE,TRUE,America/Los_Angeles,3
886,Blue Springs,Blue Springs,MO,Missouri,29095,Jackson,39.0124,-94.2721,55829,961,polygon,FALSE,TRUE,America/Chicago,3
887,Southaven,Southaven,MS,Mississippi,28033,DeSoto,34.9514,-89.9787,55780,521,polygon,FALSE,TRUE,America/Chicago,3
888,Tinley Park,Tinley Park,IL,Illinois,17031,Cook,41.567,-87.805,55773,1336,polygon,FALSE,TRUE,America/Chicago,3
889,Diamond Bar,Diamond Bar,CA,California,6037,Los Angeles,33.9991,-117.8161,55720,1446,polygon,FALSE,TRUE,America/Los_Angeles,3
890,Pittsfield,Pittsfield,MA,Massachusetts,25003,Berkshire,42.4517,-73.2605,55697,402,polygon,FALSE,TRUE,America/New_York,3
891,Eagle Pass,Eagle Pass,TX,Texas,48323,Maverick,28.7125,-100.484,55686,1216,polygon,FALSE,TRUE,America/Matamoros,3
892,New Brunswick,New Brunswick,NJ,New Jersey,34023,Middlesex,40.487,-74.445,55676,4108,polygon,FALSE,TRUE,America/New_York,2
893,Lenexa,Lenexa,KS,Kansas,20091,Johnson,38.9609,-94.8018,55625,630,polygon,FALSE,TRUE,America/Chicago,3
894,Hazleton,Hazleton,PA,Pennsylvania,42079,Luzerne,40.9504,-75.9724,55604,1592,polygon,FALSE,TRUE,America/New_York,3
895,Twin Falls,Twin Falls,ID,Idaho,16083,Twin Falls,42.5645,-114.4615,55556,1008,polygon,FALSE,TRUE,America/Boise,3
896,Brookhaven,Brookhaven,GA,Georgia,13089,DeKalb,33.8744,-84.3314,55554,1847,polygon,FALSE,TRUE,America/New_York,3
897,Novato,Novato,CA,California,6041,Marin,38.092,-122.5576,55516,780,polygon,FALSE,TRUE,America/Los_Angeles,3
898,Tigard,Tigard,OR,Oregon,41067,Washington,45.4237,-122.7845,55514,1680,polygon,FALSE,TRUE,America/Los_Angeles,3
899,Aloha,Aloha,OR,Oregon,41067,Washington,45.492,-122.8726,55492,2915,polygon,FALSE,FALSE,America/Los_Angeles,2
900,Highland,Highland,CA,California,6071,San Bernardino,34.1113,-117.1654,55417,1141,polygon,FALSE,TRUE,America/Los_Angeles,3
901,Fountain Valley,Fountain Valley,CA,California,6059,Orange,33.7105,-117.9514,55357,2356,polygon,FALSE,TRUE,America/Los_Angeles,2
902,Dearborn Heights,Dearborn Heights,MI,Michigan,26163,Wayne,42.3164,-83.2769,55353,1820,polygon,FALSE,TRUE,America/Detroit,3
903,Grapevine,Grapevine,TX,Texas,48439,Tarrant,32.9343,-97.0744,55281,667,polygon,FALSE,TRUE,America/Chicago,3
904,Fond du Lac,Fond du Lac,WI,Wisconsin,55039,Fond du Lac,43.7718,-88.4396,55209,869,polygon,FALSE,TRUE,America/Chicago,3
905,Ithaca,Ithaca,NY,New York,36109,Tompkins,42.4442,-76.5032,55137,2209,polygon,FALSE,TRUE,America/New_York,2
906,Apple Valley,Apple Valley,MN,Minnesota,27037,Dakota,44.7457,-93.2006,55135,1254,polygon,FALSE,TRUE,America/Chicago,3
907,Chicopee,Chicopee,MA,Massachusetts,25013,Hampden,42.1764,-72.5719,55126,929,polygon,FALSE,TRUE,America/New_York,3
908,Wesley Chapel,Wesley Chapel,FL,Florida,12101,Pasco,28.2106,-82.3238,55046,483,polygon,FALSE,FALSE,America/New_York,3
909,Oak Lawn,Oak Lawn,IL,Illinois,17031,Cook,41.7139,-87.7528,55022,2478,polygon,FALSE,TRUE,America/Chicago,2
910,Cathedral City,Cathedral City,CA,California,6065,Riverside,33.8363,-116.4642,55007,944,polygon,FALSE,TRUE,America/Los_Angeles,3
911,Hacienda Heights,Hacienda Heights,CA,California,6037,Los Angeles,33.997,-117.9728,54970,1898,polygon,FALSE,FALSE,America/Los_Angeles,3
912,Delano,Delano,CA,California,6029,Kern,35.767,-119.2637,54917,1448,polygon,FALSE,TRUE,America/Los_Angeles,3
913,Bentonville,Bentonville,AR,Arkansas,5007,Benton,36.3546,-94.2306,54909,627,polygon,FALSE,TRUE,America/Chicago,3
914,Stonecrest,Stonecrest,GA,Georgia,13089,DeKalb,33.6842,-84.1372,54903,566,polygon,FALSE,TRUE,America/New_York,3
915,Kettering,Kettering,OH,Ohio,39113,Montgomery,39.6957,-84.1495,54855,1133,polygon,FALSE,TRUE,America/New_York,3
916,Colton,Colton,CA,California,6071,San Bernardino,34.0538,-117.3254,54824,1362,polygon,FALSE,TRUE,America/Los_Angeles,3
917,Kingston,Kingston,NY,New York,36111,Ulster,41.9295,-73.9968,54791,1176,polygon,FALSE,TRUE,America/New_York,3
918,West Haven,West Haven,CT,Connecticut,9009,New Haven,41.2739,-72.9672,54620,1961,polygon,FALSE,TRUE,America/New_York,3
919,St. Cloud,St. Cloud,FL,Florida,12097,Osceola,28.2294,-81.2829,54579,1038,polygon,FALSE,TRUE,America/New_York,3
920,Normal,Normal,IL,Illinois,17113,McLean,40.5218,-88.9881,54469,1149,polygon,FALSE,TRUE,America/Chicago,3
921,Berwyn,Berwyn,IL,Illinois,17031,Cook,41.8433,-87.7909,54391,5378,polygon,FALSE,TRUE,America/Chicago,2
922,Arroyo Grande,Arroyo Grande,CA,California,6079,San Luis Obispo,35.1241,-120.5845,54177,1168,polygon,FALSE,TRUE,America/Los_Angeles,3
923,Minnetonka,Minnetonka,MN,Minnesota,27053,Hennepin,44.9322,-93.4598,54064,775,polygon,FALSE,TRUE,America/Chicago,3
924,Rosemead,Rosemead,CA,California,6037,Los Angeles,34.0689,-118.0823,54058,4043,polygon,FALSE,TRUE,America/Los_Angeles,2
925,Milford,Milford,CT,Connecticut,9009,New Haven,41.2256,-73.0616,54047,940,polygon,FALSE,TRUE,America/New_York,3
926,Paramount,Paramount,CA,California,6037,Los Angeles,33.8976,-118.1652,53955,4405,polygon,FALSE,TRUE,America/Los_Angeles,2
927,Yucaipa,Yucaipa,CA,California,6071,San Bernardino,34.0336,-117.0429,53921,735,polygon,FALSE,TRUE,America/Los_Angeles,3
928,Brunswick,Brunswick,GA,Georgia,13127,Glynn,31.145,-81.474,53914,367,polygon,FALSE,TRUE,America/New_York,3
929,Williamsport,Williamsport,PA,Pennsylvania,42081,Lycoming,41.2398,-77.0371,53861,1246,polygon,FALSE,TRUE,America/New_York,3
930,Elyria,Elyria,OH,Ohio,39093,Lorain,41.3761,-82.1063,53757,1009,polygon,FALSE,TRUE,America/New_York,3
931,Leesburg,Leesburg,VA,Virginia,51107,Loudoun,39.1058,-77.5544,53727,1673,polygon,FALSE,TRUE,America/New_York,3
932,Mount Prospect,Mount Prospect,IL,Illinois,17031,Cook,42.0641,-87.9375,53719,1934,polygon,FALSE,TRUE,America/Chicago,3
933,Pinellas Park,Pinellas Park,FL,Florida,12103,Pinellas,27.8589,-82.7078,53637,1289,polygon,FALSE,TRUE,America/New_York,3
934,Bellevue,Bellevue,NE,Nebraska,31153,Sarpy,41.1535,-95.9357,53544,1247,polygon,FALSE,TRUE,America/Chicago,3
935,West Sacramento,West Sacramento,CA,California,6113,Yolo,38.5557,-121.5504,53519,962,polygon,FALSE,TRUE,America/Los_Angeles,3
936,Apopka,Apopka,FL,Florida,12095,Orange,28.7014,-81.5304,53447,613,polygon,FALSE,TRUE,America/New_York,3
937,Lewiston,Lewiston,ID,Idaho,16069,Nez Perce,46.3934,-116.9934,53384,731,polygon,FALSE,TRUE,America/Los_Angeles,3
938,Grand Island,Grand Island,NE,Nebraska,31079,Hall,40.9214,-98.3584,53296,665,polygon,FALSE,TRUE,America/Chicago,3
939,Palm Desert,Palm Desert,CA,California,6065,Riverside,33.7378,-116.3695,53275,767,polygon,FALSE,TRUE,America/Los_Angeles,3
940,Milford city ,Milford city ,CT,Connecticut,9009,New Haven,41.2256,-73.0625,53195,937,polygon,FALSE,TRUE,America/New_York,3
941,Watertown,Watertown,NY,New York,36045,Jefferson,43.9734,-75.9094,53163,1061,polygon,FALSE,TRUE,America/New_York,3
942,Little Elm,Little Elm,TX,Texas,48121,Denton,33.1856,-96.929,53126,1151,polygon,FALSE,TRUE,America/Chicago,3
943,Chambersburg,Chambersburg,PA,Pennsylvania,42055,Franklin,39.9315,-77.6556,53083,1178,polygon,FALSE,TRUE,America/New_York,3
944,Revere,Revere,MA,Massachusetts,25025,Suffolk,42.4192,-71.0036,53073,3592,polygon,FALSE,TRUE,America/New_York,2
945,Peabody,Peabody,MA,Massachusetts,25009,Essex,42.5335,-70.9724,53070,1262,polygon,FALSE,TRUE,America/New_York,3
946,Wylie,Wylie,TX,Texas,48085,Collin,33.0362,-96.5161,53067,928,polygon,FALSE,TRUE,America/Chicago,3
947,Beaufort,Beaufort,SC,South Carolina,45013,Beaufort,32.4597,-80.7235,53051,212,polygon,FALSE,TRUE,America/New_York,3
948,DeSoto,DeSoto,TX,Texas,48113,Dallas,32.5992,-96.8633,52988,945,polygon,FALSE,TRUE,America/Chicago,3
949,Helena,Helena,MT,Montana,30049,Lewis and Clark,46.5965,-112.0202,52936,760,polygon,FALSE,TRUE,America/Denver,2
950,Edina,Edina,MN,Minnesota,27053,Hennepin,44.8914,-93.3602,52857,1320,polygon,FALSE,TRUE,America/Chicago,3
951,Aspen Hill,Aspen Hill,MD,Maryland,24031,Montgomery,39.0928,-77.0823,52807,2124,polygon,FALSE,FALSE,America/New_York,2
952,Wheaton,Wheaton,IL,Illinois,17043,DuPage,41.8561,-88.1083,52745,1801,polygon,FALSE,TRUE,America/Chicago,3
953,West New York,West New York,NJ,New Jersey,34017,Hudson,40.7856,-74.0093,52723,20473,polygon,FALSE,TRUE,America/New_York,2
954,Hoboken,Hoboken,NJ,New Jersey,34017,Hudson,40.7453,-74.0279,52677,16268,polygon,FALSE,TRUE,America/New_York,2
955,Lacey,Lacey,WA,Washington,53067,Thurston,47.046,-122.7934,52592,1187,polygon,FALSE,TRUE,America/Los_Angeles,3
956,Summerville,Summerville,SC,South Carolina,45035,Dorchester,33.0015,-80.1799,52549,1030,polygon,FALSE,TRUE,America/New_York,3
957,Oak Park,Oak Park,IL,Illinois,17031,Cook,41.8872,-87.7899,52381,4303,polygon,FALSE,TRUE,America/Chicago,2
958,Lompoc,Lompoc,CA,California,6083,Santa Barbara,34.6618,-120.4714,52020,1423,polygon,FALSE,TRUE,America/Los_Angeles,3
959,Kentwood,Kentwood,MI,Michigan,26081,Kent,42.8852,-85.5925,51898,958,polygon,FALSE,TRUE,America/Detroit,3
960,Sierra Vista,Sierra Vista,AZ,Arizona,4003,Cochise,31.563,-110.3153,51731,109,polygon,FALSE,TRUE,America/Phoenix,3
961,Levittown,Levittown,PA,Pennsylvania,42017,Bucks,40.1537,-74.853,51726,1965,polygon,FALSE,FALSE,America/New_York,3
962,Madison,Madison,AL,Alabama,1089,Madison,34.7114,-86.7626,51593,657,polygon,FALSE,TRUE,America/Chicago,3
963,Smyrna,Smyrna,TN,Tennessee,47149,Rutherford,35.9722,-86.5253,51586,657,polygon,FALSE,TRUE,America/Chicago,3
964,Glendora,Glendora,CA,California,6037,Los Angeles,34.1449,-117.8468,51544,1020,polygon,FALSE,TRUE,America/Los_Angeles,3
965,Levittown,Levittown,NY,New York,36059,Nassau,40.7241,-73.5125,51539,2921,polygon,FALSE,FALSE,America/New_York,2
966,Burien,Burien,WA,Washington,53033,King,47.4762,-122.3394,51500,1980,polygon,FALSE,TRUE,America/Los_Angeles,3
967,Perth Amboy,Perth Amboy,NJ,New Jersey,34023,Middlesex,40.5203,-74.2724,51390,4255,polygon,FALSE,TRUE,America/New_York,2
968,Herriman,Herriman,UT,Utah,49035,Salt Lake,40.4899,-112.0171,51348,916,polygon,FALSE,TRUE,America/Denver,3
969,Farmington,Farmington,NM,New Mexico,35045,San Juan,36.7555,-108.1823,51309,497,polygon,FALSE,TRUE,America/Denver,3
970,New Bern,New Bern,NC,North Carolina,37049,Craven,35.0955,-77.0723,51308,409,polygon,FALSE,TRUE,America/New_York,3
971,Placentia,Placentia,CA,California,6059,Orange,33.8807,-117.8553,51233,2990,polygon,FALSE,TRUE,America/Los_Angeles,2
972,Hinesville,Hinesville,GA,Georgia,13179,Liberty,31.8247,-81.6135,51206,707,polygon,FALSE,TRUE,America/New_York,3
973,Beaumont,Beaumont,CA,California,6065,Riverside,33.9076,-116.9766,51063,650,polygon,FALSE,TRUE,America/Los_Angeles,3
974,Collierville,Collierville,TN,Tennessee,47157,Shelby,35.0471,-89.6988,51040,544,polygon,FALSE,TRUE,America/Chicago,3
975,West Lafayette,West Lafayette,IN,Indiana,18157,Tippecanoe,40.4432,-86.9239,50996,1449,polygon,FALSE,TRUE,America/Indiana/Indianapolis,3
976,Florissant,Florissant,MO,Missouri,29189,St. Louis,38.7996,-90.3269,50952,1567,polygon,FALSE,TRUE,America/Chicago,3
977,Hoffman Estates,Hoffman Estates,IL,Illinois,17031,Cook,42.0639,-88.1468,50932,933,polygon,FALSE,TRUE,America/Chicago,3
978,Queen Creek,Queen Creek,AZ,Arizona,4013,Maricopa,33.2386,-111.6343,50890,606,polygon,FALSE,TRUE,America/Phoenix,3
979,Aliso Viejo,Aliso Viejo,CA,California,6059,Orange,33.5792,-117.7289,50887,2839,polygon,FALSE,TRUE,America/Los_Angeles,2
980,Kannapolis,Kannapolis,NC,North Carolina,37025,Cabarrus,35.4764,-80.6403,50841,602,polygon,FALSE,TRUE,America/New_York,3
981,Maricopa,Maricopa,AZ,Arizona,4021,Pinal,33.0404,-112.0006,50752,470,polygon,FALSE,TRUE,America/Phoenix,3
982,Methuen Town,Methuen Town,MA,Massachusetts,25009,Essex,42.734,-71.1889,50706,881,polygon,FALSE,TRUE,America/New_York,3
983,Sahuarita,Sahuarita,AZ,Arizona,4019,Pima,31.9323,-110.9654,50616,382,polygon,FALSE,TRUE,America/Phoenix,3
984,Rowland Heights,Rowland Heights,CA,California,6037,Los Angeles,33.9716,-117.8911,50602,1494,polygon,FALSE,FALSE,America/Los_Angeles,3
985,Traverse City,Traverse City,MI,Michigan,26055,Grand Traverse,44.7547,-85.6035,50522,729,polygon,FALSE,TRUE,America/Detroit,3
986,Wheaton,Wheaton,MD,Maryland,24031,Montgomery,39.0492,-77.0572,50459,2823,polygon,FALSE,FALSE,America/New_York,2
987,Catalina Foothills,Catalina Foothills,AZ,Arizona,4019,Pima,32.3041,-110.8835,50426,465,polygon,FALSE,FALSE,America/Phoenix,3
988,Cookeville,Cookeville,TN,Tennessee,47141,Putnam,36.1484,-85.5114,50408,378,polygon,FALSE,TRUE,America/Chicago,3
989,Mishawaka,Mishawaka,IN,Indiana,18141,St. Joseph,41.6736,-86.1669,50363,1101,polygon,FALSE,TRUE,America/Indiana/Indianapolis,3
990,Plainfield,Plainfield,NJ,New Jersey,34039,Union,40.6154,-74.4157,50317,3260,polygon,FALSE,TRUE,America/New_York,2
991,Bullhead City,Bullhead City,AZ,Arizona,4015,Mohave,35.1205,-114.546,50309,265,polygon,FALSE,TRUE,America/Phoenix,3
992,Ashburn,Ashburn,VA,Virginia,51107,Loudoun,39.03,-77.4711,50290,1130,polygon,FALSE,FALSE,America/New_York,3
993,North Bethesda,North Bethesda,MD,Maryland,24031,Montgomery,39.0393,-77.1191,50262,2188,polygon,FALSE,FALSE,America/New_York,2
994,Forney,Forney,TX,Texas,48257,Kaufman,32.744,-96.4529,50251,710,polygon,FALSE,TRUE,America/Chicago,3
995,Severn,Severn,MD,Maryland,24003,Anne Arundel,39.1355,-76.6958,50052,1054,polygon,FALSE,FALSE,America/New_York,3
996,Azusa,Azusa,CA,California,6037,Los Angeles,34.1386,-117.9124,49974,1996,polygon,FALSE,TRUE,America/Los_Angeles,3
997,Cerritos,Cerritos,CA,California,6037,Los Angeles,33.8677,-118.0686,49859,2207,polygon,FALSE,TRUE,America/Los_Angeles,2
998,Bloomsburg,Bloomsburg,PA,Pennsylvania,42037,Columbia,41.0027,-76.4561,49840,1226,polygon,FALSE,TRUE,America/New_York,3
999,Morehead City,Morehead City,NC,North Carolina,37031,Carteret,34.7308,-76.7387,49760,504,polygon,FALSE,TRUE,America/New_York,3
1000,Coral Gables,Coral Gables,FL,Florida,12086,Miami-Dade,25.7037,-80.2715,49700,1484,polygon,FALSE,TRUE,America/New_York,3
1001,Country Club,Country Club,FL,Florida,12086,Miami-Dade,25.9407,-80.3102,49684,4595,polygon,FALSE,FALSE,America/New_York,2
1002,Lakewood,Lakewood,OH,Ohio,39035,Cuyahoga,41.4824,-81.8008,49678,3460,polygon,FALSE,TRUE,America/New_York,2
1003,Oroville,Oroville,CA,California,6007,Butte,39.4999,-121.5634,49513,578,polygon,FALSE,TRUE,America/Los_Angeles,3
1004,Wilson,Wilson,NC,North Carolina,37195,Wilson,35.7312,-77.9284,49483,613,polygon,FALSE,TRUE,America/New_York,3
1005,Lawrence,Lawrence,IN,Indiana,18097,Marion,39.8674,-85.9905,49462,945,polygon,FALSE,TRUE,America/Indiana/Indianapolis,3
1006,Portage,Portage,MI,Michigan,26077,Kalamazoo,42.2,-85.5906,49445,591,polygon,FALSE,TRUE,America/Detroit,3
1007,Minot,Minot,ND,North Dakota,38101,Ward,48.2375,-101.2781,49425,671,polygon,FALSE,TRUE,America/Chicago,3
1008,Dunwoody,Dunwoody,GA,Georgia,13089,DeKalb,33.9418,-84.3122,49356,1462,polygon,FALSE,TRUE,America/New_York,3
1009,Poway,Poway,CA,California,6073,San Diego,32.9871,-117.0201,49323,487,polygon,FALSE,TRUE,America/Los_Angeles,3
1010,San Jacinto,San Jacinto,CA,California,6065,Riverside,33.797,-116.9916,49215,738,polygon,FALSE,TRUE,America/Los_Angeles,3
1011,Troy,Troy,NY,New York,36083,Rensselaer,42.7354,-73.6751,49154,1832,polygon,FALSE,TRUE,America/New_York,3
1012,Newark,Newark,CA,California,6001,Alameda,37.5204,-122.0312,49149,1367,polygon,FALSE,TRUE,America/Los_Angeles,3
1013,Florin,Florin,CA,California,6067,Sacramento,38.4832,-121.4042,49132,2179,polygon,FALSE,FALSE,America/Los_Angeles,2
1014,Cuyahoga Falls,Cuyahoga Falls,OH,Ohio,39153,Summit,41.1641,-81.5207,49106,734,polygon,FALSE,TRUE,America/New_York,3
1015,Downers Grove,Downers Grove,IL,Illinois,17043,DuPage,41.7949,-88.017,49057,1304,polygon,FALSE,TRUE,America/Chicago,3
1016,Bedford,Bedford,TX,Texas,48439,Tarrant,32.8464,-97.135,49049,1890,polygon,FALSE,TRUE,America/Chicago,3
1017,Reedley,Reedley,CA,California,6019,Fresno,36.5987,-119.4473,49042,1818,polygon,FALSE,TRUE,America/Los_Angeles,3
1018,Dublin,Dublin,OH,Ohio,39049,Franklin,40.1112,-83.1454,49037,767,polygon,FALSE,TRUE,America/New_York,3
1019,Marana,Marana,AZ,Arizona,4019,Pima,32.4355,-111.1558,49030,156,polygon,FALSE,TRUE,America/Phoenix,3
1020,Stillwater,Stillwater,OK,Oklahoma,40119,Payne,36.1316,-97.074,49008,657,polygon,FALSE,TRUE,America/Chicago,3
1021,Cypress,Cypress,CA,California,6059,Orange,33.8171,-118.0386,49006,2861,polygon,FALSE,TRUE,America/Los_Angeles,2
1022,Hollister,Hollister,CA,California,6069,San Benito,36.8563,-121.3981,48992,2140,polygon,FALSE,TRUE,America/Los_Angeles,2
1023,North Highlands,North Highlands,CA,California,6067,Sacramento,38.6713,-121.3721,48968,2145,polygon,FALSE,FALSE,America/Los_Angeles,2
1024,Murray,Murray,UT,Utah,49035,Salt Lake,40.6498,-111.8874,48917,1532,polygon,FALSE,TRUE,America/Denver,3
1025,Roswell,Roswell,NM,New Mexico,35005,Chaves,33.373,-104.5294,48889,617,polygon,FALSE,TRUE,America/Denver,3
1026,Pascagoula,Pascagoula,MS,Mississippi,28059,Jackson,30.3665,-88.5507,48869,544,polygon,FALSE,TRUE,America/Chicago,3
1027,Ceres,Ceres,CA,California,6099,Stanislaus,37.5953,-120.9625,48706,2009,polygon,FALSE,TRUE,America/Los_Angeles,2
1028,St. Louis Park,St. Louis Park,MN,Minnesota,27053,Hennepin,44.9488,-93.3649,48662,1767,polygon,FALSE,TRUE,America/Chicago,3
1029,Rio Grande City,Rio Grande City,TX,Texas,48427,Starr,26.3808,-98.8215,48610,493,polygon,FALSE,TRUE,America/Chicago,3
1030,Draper,Draper,UT,Utah,49035,Salt Lake,40.4957,-111.8605,48587,626,polygon,FALSE,TRUE,America/Denver,3
1031,Palm Springs,Palm Springs,CA,California,6065,Riverside,33.8017,-116.5382,48518,198,polygon,FALSE,TRUE,America/Los_Angeles,3
1032,Paducah,Paducah,KY,Kentucky,21145,McCracken,37.0711,-88.6436,48481,475,polygon,FALSE,TRUE,America/Chicago,3
1033,Findlay,Findlay,OH,Ohio,39063,Hancock,41.0467,-83.6379,48469,810,polygon,FALSE,TRUE,America/New_York,3
1034,Kyle,Kyle,TX,Texas,48209,Hays,29.9937,-97.8859,48393,613,polygon,FALSE,TRUE,America/Chicago,3
1035,Monroe,Monroe,MI,Michigan,26115,Monroe,41.9154,-83.385,48317,834,polygon,FALSE,TRUE,America/Detroit,3
1036,Tuckahoe,Tuckahoe,VA,Virginia,51087,Henrico,37.5878,-77.5858,48282,912,polygon,FALSE,FALSE,America/New_York,3
1037,Lincoln,Lincoln,CA,California,6061,Placer,38.8759,-121.2916,48275,792,polygon,FALSE,TRUE,America/Los_Angeles,3
1038,Bel Air South,Bel Air South,MD,Maryland,24025,Harford,39.5051,-76.3197,48269,1189,polygon,FALSE,TRUE,America/New_York,3
1039,Ocoee,Ocoee,FL,Florida,12095,Orange,28.5787,-81.5338,48263,1217,polygon,FALSE,TRUE,America/New_York,3
1040,Burleson,Burleson,TX,Texas,48251,Johnson,32.517,-97.3343,48225,658,polygon,FALSE,TRUE,America/Chicago,3
1041,La Mirada,La Mirada,CA,California,6037,Los Angeles,33.9025,-118.0093,48183,2378,polygon,FALSE,TRUE,America/Los_Angeles,2
1042,Farmers Branch,Farmers Branch,TX,Texas,48113,Dallas,32.9272,-96.8804,48158,1565,polygon,FALSE,TRUE,America/Chicago,3
1043,East Lansing,East Lansing,MI,Michigan,26065,Ingham,42.748,-84.4835,48145,1384,polygon,FALSE,TRUE,America/Detroit,3
1044,Uniontown,Uniontown,PA,Pennsylvania,42051,Fayette,39.8994,-79.7244,48137,1838,polygon,FALSE,TRUE,America/New_York,3
1045,Jeffersonville,Jeffersonville,IN,Indiana,18019,Clark,38.3376,-85.7026,48126,544,polygon,FALSE,TRUE,America/Kentucky/Louisville,3
1046,Winder,Winder,GA,Georgia,13013,Barrow,33.9917,-83.7218,48125,507,polygon,FALSE,TRUE,America/New_York,3
1047,Wauwatosa,Wauwatosa,WI,Wisconsin,55079,Milwaukee,43.0615,-88.0347,48118,1404,polygon,FALSE,TRUE,America/Chicago,3
1048,Littleton,Littleton,CO,Colorado,8005,Arapahoe,39.5915,-105.0188,48065,1469,polygon,FALSE,TRUE,America/Denver,3
1049,Cumberland,Cumberland,MD,Maryland,24001,Allegany,39.6515,-78.7585,47980,740,polygon,FALSE,TRUE,America/New_York,3
1050,Cedar Hill,Cedar Hill,TX,Texas,48113,Dallas,32.581,-96.9591,47930,517,polygon,FALSE,TRUE,America/Chicago,3
1051,Carrollton,Carrollton,GA,Georgia,13045,Carroll,33.5817,-85.0837,47920,471,polygon,FALSE,TRUE,America/New_York,3
1052,Enid,Enid,OK,Oklahoma,40047,Garfield,36.4061,-97.8701,47907,259,polygon,FALSE,TRUE,America/Chicago,3
1053,Rancho Santa Margarita,Rancho Santa Margarita,CA,California,6059,Orange,33.6318,-117.5989,47896,1434,polygon,FALSE,TRUE,America/Los_Angeles,3
1054,East Honolulu,East Honolulu,HI,Hawaii,15003,Honolulu,21.2975,-157.7211,47770,801,polygon,FALSE,TRUE,Pacific/Honolulu,3
1055,Beavercreek,Beavercreek,OH,Ohio,39057,Greene,39.731,-84.0624,47741,693,polygon,FALSE,TRUE,America/New_York,3
1056,Niagara Falls,Niagara Falls,NY,New York,36063,Niagara,43.0921,-79.0147,47720,1308,polygon,FALSE,TRUE,America/Toronto,3
1057,East Providence,East Providence,RI,Rhode Island,44007,Providence,41.8065,-71.3565,47618,1383,polygon,FALSE,TRUE,America/New_York,3
1058,Chesterfield,Chesterfield,MO,Missouri,29189,St. Louis,38.6588,-90.5804,47538,575,polygon,FALSE,TRUE,America/Chicago,3
1059,Covina,Covina,CA,California,6037,Los Angeles,34.0903,-117.8817,47450,2606,polygon,FALSE,TRUE,America/Los_Angeles,2
1060,Bothell,Bothell,WA,Washington,53033,King,47.7735,-122.2044,47415,1342,polygon,FALSE,TRUE,America/Los_Angeles,3
1061,Antelope,Antelope,CA,California,6067,Sacramento,38.7153,-121.361,47326,2672,polygon,FALSE,FALSE,America/Los_Angeles,2
1062,Glenview,Glenview,IL,Illinois,17031,Cook,42.0825,-87.8216,47308,1302,polygon,FALSE,TRUE,America/Chicago,3
1063,Mentor,Mentor,OH,Ohio,39085,Lake,41.6895,-81.3361,47262,656,polygon,FALSE,TRUE,America/New_York,3
1064,Keller,Keller,TX,Texas,48439,Tarrant,32.9337,-97.2255,47213,987,polygon,FALSE,TRUE,America/Chicago,3
1065,McLean,McLean,VA,Virginia,51059,Fairfax,38.9436,-77.1943,47075,733,polygon,FALSE,FALSE,America/New_York,3
1066,Danville,Danville,IL,Illinois,17183,Vermilion,40.1423,-87.6114,47059,654,polygon,FALSE,TRUE,America/Chicago,3
1067,Spring Hill,Spring Hill,TN,Tennessee,47119,Maury,35.7438,-86.9116,47042,630,polygon,FALSE,TRUE,America/Chicago,3
1068,Roseville,Roseville,MI,Michigan,26099,Macomb,42.5074,-82.9369,47018,1845,polygon,FALSE,TRUE,America/Detroit,3
1069,Elmhurst,Elmhurst,IL,Illinois,17043,DuPage,41.8973,-87.9432,46746,1759,polygon,FALSE,TRUE,America/Chicago,3
1070,New Philadelphia,New Philadelphia,OH,Ohio,39157,Tuscarawas,40.486,-81.4402,46698,818,polygon,FALSE,TRUE,America/New_York,3
1071,Sandusky,Sandusky,OH,Ohio,39043,Erie,41.4437,-82.7149,46655,981,polygon,FALSE,TRUE,America/New_York,3
1072,Euclid,Euclid,OH,Ohio,39035,Cuyahoga,41.5904,-81.5188,46550,1687,polygon,FALSE,TRUE,America/New_York,3
1073,Kingman,Kingman,AZ,Arizona,4015,Mohave,35.217,-114.0105,46524,318,polygon,FALSE,TRUE,America/Phoenix,3
1074,Galveston,Galveston,TX,Texas,48167,Galveston,29.2487,-94.891,46514,473,polygon,FALSE,TRUE,America/Chicago,3
1075,Everett,Everett,MA,Massachusetts,25017,Middlesex,42.4064,-71.0545,46451,5244,polygon,FALSE,TRUE,America/New_York,2
1076,University,University,FL,Florida,12057,Hillsborough,28.0771,-82.4335,46359,2827,polygon,FALSE,TRUE,America/New_York,2
1077,Salina,Salina,KS,Kansas,20169,Saline,38.8137,-97.6143,46340,698,polygon,FALSE,TRUE,America/Chicago,3
1078,Farmington,Farmington,MO,Missouri,29187,St. Francois,37.7821,-90.4288,46331,808,polygon,FALSE,TRUE,America/Chicago,3
1079,Hilo,Hilo,HI,Hawaii,15001,Hawaii,19.6886,-155.0864,46284,334,polygon,FALSE,FALSE,Pacific/Honolulu,3
1080,Weatherford,Weatherford,TX,Texas,48367,Parker,32.7536,-97.7723,46268,477,polygon,FALSE,TRUE,America/Chicago,3
1081,Middletown,Middletown,CT,Connecticut,9007,Middlesex,41.5476,-72.6549,46258,435,polygon,FALSE,TRUE,America/New_York,3
1082,Roseburg,Roseburg,OR,Oregon,41019,Douglas,43.2232,-123.3518,46228,843,polygon,FALSE,TRUE,America/Los_Angeles,3
1083,Biloxi,Biloxi,MS,Mississippi,28047,Harrison,30.4422,-88.9512,46212,415,polygon,FALSE,TRUE,America/Chicago,3
1084,Leavenworth,Leavenworth,KS,Kansas,20103,Leavenworth,39.3239,-94.924,46192,572,polygon,FALSE,TRUE,America/Chicago,3
1085,Pearl City,Pearl City,HI,Hawaii,15003,Honolulu,21.4031,-157.9566,46129,1955,polygon,FALSE,FALSE,Pacific/Honolulu,3
1086,Fort Pierce,Fort Pierce,FL,Florida,12111,St. Lucie,27.4256,-80.3431,46103,751,polygon,FALSE,TRUE,America/New_York,3
1087,Winter Garden,Winter Garden,FL,Florida,12095,Orange,28.5421,-81.5966,46051,1094,polygon,FALSE,TRUE,America/New_York,3
1088,Oro Valley,Oro Valley,AZ,Arizona,4019,Pima,32.4208,-110.9768,46044,509,polygon,FALSE,TRUE,America/Phoenix,3
1089,Morgan Hill,Morgan Hill,CA,California,6085,Santa Clara,37.1326,-121.6417,45952,1365,polygon,FALSE,TRUE,America/Los_Angeles,3
1090,Pinehurst,Pinehurst,NC,North Carolina,37125,Moore,35.1922,-79.4684,45935,384,polygon,FALSE,TRUE,America/New_York,3
1091,Danville,Danville,VA,Virginia,51590,Danville,36.5831,-79.4087,45890,361,polygon,FALSE,TRUE,America/New_York,3
1092,Rockwall,Rockwall,TX,Texas,48397,Rockwall,32.9169,-96.4377,45888,603,polygon,FALSE,TRUE,America/Chicago,3
1093,Potomac,Potomac,MD,Maryland,24031,Montgomery,39.0141,-77.1943,45824,703,polygon,FALSE,FALSE,America/New_York,3
1094,Coachella,Coachella,CA,California,6065,Riverside,33.6905,-116.143,45743,587,polygon,FALSE,TRUE,America/Los_Angeles,3
1095,Wake Forest,Wake Forest,NC,North Carolina,37183,Wake,35.9629,-78.5141,45629,999,polygon,FALSE,TRUE,America/New_York,3
1096,El Dorado Hills,El Dorado Hills,CA,California,6017,El Dorado,38.675,-121.049,45599,363,polygon,FALSE,FALSE,America/Los_Angeles,3
1097,Tupelo,Tupelo,MS,Mississippi,28081,Lee,34.2692,-88.7318,45466,229,polygon,FALSE,TRUE,America/Chicago,3
1098,Attleboro,Attleboro,MA,Massachusetts,25005,Bristol,41.9311,-71.295,45237,652,polygon,FALSE,TRUE,America/New_York,3
1099,Pine Bluff,Pine Bluff,AR,Arkansas,5069,Jefferson,34.2116,-92.0178,45204,365,polygon,FALSE,TRUE,America/Chicago,3
1100,Oakland Park,Oakland Park,FL,Florida,12011,Broward,26.178,-80.1528,45202,2318,polygon,FALSE,TRUE,America/New_York,2
1101,Marion,Marion,OH,Ohio,39101,Marion,40.5933,-83.1237,45181,1175,polygon,FALSE,TRUE,America/New_York,3
1102,Altadena,Altadena,CA,California,6037,Los Angeles,34.1928,-118.1345,45146,2058,polygon,FALSE,FALSE,America/Los_Angeles,2
1103,Lufkin,Lufkin,TX,Texas,48005,Angelina,31.3217,-94.7277,44867,395,polygon,FALSE,TRUE,America/Chicago,3
1104,Manitowoc,Manitowoc,WI,Wisconsin,55071,Manitowoc,44.0991,-87.6811,44770,707,polygon,FALSE,TRUE,America/Chicago,3
1105,Selma,Selma,CA,California,6019,Fresno,36.5715,-119.6143,44703,1661,polygon,FALSE,TRUE,America/Los_Angeles,3
1106,Trujillo Alto,Trujillo Alto,PR,Puerto Rico,72139,Trujillo Alto,18.3601,-66.0103,44689,2381,polygon,FALSE,FALSE,America/Puerto_Rico,2
1107,Strongsville,Strongsville,OH,Ohio,39035,Cuyahoga,41.3128,-81.8313,44660,700,polygon,FALSE,TRUE,America/New_York,3
1108,Danville,Danville,CA,California,6013,Contra Costa,37.8121,-121.9698,44510,950,polygon,FALSE,TRUE,America/Los_Angeles,3
1109,Quincy,Quincy,IL,Illinois,17001,Adams,39.9335,-91.3799,44466,981,polygon,FALSE,TRUE,America/Chicago,3
1110,Lancaster,Lancaster,OH,Ohio,39045,Fairfield,39.7249,-82.6049,44447,829,polygon,FALSE,TRUE,America/New_York,3
1111,Riverton,Riverton,UT,Utah,49035,Salt Lake,40.5177,-111.9635,44440,1363,polygon,FALSE,TRUE,America/Denver,3
1112,The Colony,The Colony,TX,Texas,48121,Denton,33.0925,-96.8977,44438,1225,polygon,FALSE,TRUE,America/Chicago,3
1113,Lake Ridge,Lake Ridge,VA,Virginia,51153,Prince William,38.6843,-77.3059,44430,1837,polygon,FALSE,FALSE,America/New_York,3
1114,Urbandale,Urbandale,IA,Iowa,19153,Polk,41.639,-93.7813,44379,762,polygon,FALSE,TRUE,America/Chicago,3
1115,Plainfield,Plainfield,IL,Illinois,17197,Will,41.6206,-88.2252,44308,705,polygon,FALSE,TRUE,America/Chicago,3
1116,Lombard,Lombard,IL,Illinois,17043,DuPage,41.8742,-88.0157,44303,1675,polygon,FALSE,TRUE,America/Chicago,3
1117,Prescott,Prescott,AZ,Arizona,4025,Yavapai,34.585,-112.4475,44299,380,polygon,FALSE,TRUE,America/Phoenix,3
1118,North Lauderdale,North Lauderdale,FL,Florida,12011,Broward,26.2113,-80.2209,44262,3697,polygon,FALSE,TRUE,America/New_York,2
1119,Eureka,Eureka,CA,California,6023,Humboldt,40.7942,-124.1568,44236,1098,polygon,FALSE,TRUE,America/Los_Angeles,3
1120,Hackensack,Hackensack,NJ,New Jersey,34003,Bergen,40.889,-74.0461,44188,4070,polygon,FALSE,TRUE,America/New_York,2
1121,Sayreville,Sayreville,NJ,New Jersey,34023,Middlesex,40.4656,-74.3237,44173,1077,polygon,FALSE,TRUE,America/New_York,3
1122,Altamonte Springs,Altamonte Springs,FL,Florida,12117,Seminole,28.6615,-81.3953,44143,1876,polygon,FALSE,TRUE,America/New_York,3
1123,Del Rio,Del Rio,TX,Texas,48465,Val Verde,29.3708,-100.88,44121,676,polygon,FALSE,TRUE,America/Chicago,3
1124,Cleveland Heights,Cleveland Heights,OH,Ohio,39035,Cuyahoga,41.5112,-81.5636,43992,2097,polygon,FALSE,TRUE,America/New_York,2
1125,Bountiful,Bountiful,UT,Utah,49011,Davis,40.8722,-111.8647,43981,1286,polygon,FALSE,TRUE,America/Denver,3
1126,Desert Hot Springs,Desert Hot Springs,CA,California,6065,Riverside,33.9551,-116.543,43914,368,polygon,FALSE,TRUE,America/Los_Angeles,3
1127,Peachtree Corners,Peachtree Corners,GA,Georgia,13135,Gwinnett,33.967,-84.2319,43905,1052,polygon,FALSE,TRUE,America/New_York,3
1128,Haltom City,Haltom City,TX,Texas,48439,Tarrant,32.8176,-97.2707,43874,1369,polygon,FALSE,TRUE,America/Chicago,3
1129,Ormond Beach,Ormond Beach,FL,Florida,12127,Volusia,29.296,-81.1003,43759,510,polygon,FALSE,TRUE,America/New_York,3
1130,Annandale,Annandale,VA,Virginia,51059,Fairfax,38.8324,-77.196,43729,2151,polygon,FALSE,FALSE,America/New_York,2
1131,Cutler Bay,Cutler Bay,FL,Florida,12086,Miami-Dade,25.5765,-80.3356,43718,1707,polygon,FALSE,TRUE,America/New_York,3
1132,Adrian,Adrian,MI,Michigan,26091,Lenawee,41.8994,-84.0446,43689,994,polygon,FALSE,TRUE,America/Detroit,3
1133,Goose Creek,Goose Creek,SC,South Carolina,45015,Berkeley,32.9925,-80.0054,43665,409,polygon,FALSE,TRUE,America/New_York,3
1134,Moorhead,Moorhead,MN,Minnesota,27027,Clay,46.8673,-96.7461,43652,756,polygon,FALSE,TRUE,America/Chicago,3
1135,Westfield,Westfield,IN,Indiana,18057,Hamilton,40.0333,-86.1532,43649,554,polygon,FALSE,TRUE,America/Indiana/Indianapolis,3
1136,Concord,Concord,NH,New Hampshire,33013,Merrimack,43.2305,-71.5595,43542,263,polygon,FALSE,TRUE,America/New_York,2
1137,Rohnert Park,Rohnert Park,CA,California,6097,Sonoma,38.348,-122.6964,43291,2386,polygon,FALSE,TRUE,America/Los_Angeles,2
1138,Brea,Brea,CA,California,6059,Orange,33.9254,-117.8656,43255,1373,polygon,FALSE,TRUE,America/Los_Angeles,3
1139,Klamath Falls,Klamath Falls,OR,Oregon,41035,Klamath,42.2191,-121.7754,43246,419,polygon,FALSE,TRUE,America/Los_Angeles,3
1140,Salem,Salem,MA,Massachusetts,25009,Essex,42.5129,-70.902,43226,2012,polygon,FALSE,TRUE,America/New_York,2
1141,Whitney,Whitney,NV,Nevada,32003,Clark,36.1005,-115.038,43072,2476,polygon,FALSE,FALSE,America/Los_Angeles,2
1142,North Miami Beach,North Miami Beach,FL,Florida,12086,Miami-Dade,25.9302,-80.166,43041,3429,polygon,FALSE,TRUE,America/New_York,2
1143,Freeport,Freeport,NY,New York,36059,Nassau,40.6515,-73.585,42956,3622,polygon,FALSE,TRUE,America/New_York,2
1144,Centralia,Centralia,WA,Washington,53041,Lewis,46.7226,-122.9696,42922,904,polygon,FALSE,TRUE,America/Los_Angeles,3
1145,Gallatin,Gallatin,TN,Tennessee,47165,Sumner,36.3782,-86.4696,42918,520,polygon,FALSE,TRUE,America/Chicago,3
1146,West Babylon,West Babylon,NY,New York,36103,Suffolk,40.7112,-73.3567,42918,2130,polygon,FALSE,FALSE,America/New_York,2
1147,Stevens Point,Stevens Point,WI,Wisconsin,55097,Portage,44.5241,-89.5508,42837,581,polygon,FALSE,TRUE,America/Chicago,3
1148,San Bruno,San Bruno,CA,California,6081,San Mateo,37.6254,-122.4313,42807,3019,polygon,FALSE,TRUE,America/Los_Angeles,2
1149,Brentwood,Brentwood,TN,Tennessee,47187,Williamson,35.9918,-86.7758,42783,401,polygon,FALSE,TRUE,America/Chicago,3
1150,Burke,Burke,VA,Virginia,51059,Fairfax,38.7773,-77.2633,42722,1916,polygon,FALSE,FALSE,America/New_York,3
1151,Hicksville,Hicksville,NY,New York,36059,Nassau,40.7637,-73.5245,42649,2424,polygon,FALSE,FALSE,America/New_York,2
1152,Edmonds,Edmonds,WA,Washington,53061,Snohomish,47.8115,-122.3533,42605,1844,polygon,FALSE,TRUE,America/Los_Angeles,3
1153,Apache Junction,Apache Junction,AZ,Arizona,4021,Pinal,33.3985,-111.5351,42571,468,polygon,FALSE,TRUE,America/Phoenix,3
1154,Fairfield,Fairfield,OH,Ohio,39017,Butler,39.3301,-84.5409,42558,788,polygon,FALSE,TRUE,America/New_York,3
1155,Oakley,Oakley,CA,California,6013,Contra Costa,37.9929,-121.6951,42543,1035,polygon,FALSE,TRUE,America/Los_Angeles,3
1156,Hutchinson,Hutchinson,KS,Kansas,20155,Reno,38.0671,-97.9081,42531,634,polygon,FALSE,TRUE,America/Chicago,3
1157,Greenwood,Greenwood,SC,South Carolina,45047,Greenwood,34.1945,-82.1542,42429,553,polygon,FALSE,TRUE,America/New_York,3
1158,Richmond,Richmond,IN,Indiana,18177,Wayne,39.8318,-84.8905,42373,568,polygon,FALSE,TRUE,America/Indiana/Indianapolis,3
1159,Puyallup,Puyallup,WA,Washington,53053,Pierce,47.1794,-122.2902,42361,1157,polygon,FALSE,TRUE,America/Los_Angeles,3
1160,Linden,Linden,NJ,New Jersey,34039,Union,40.6251,-74.2381,42361,1530,polygon,FALSE,TRUE,America/New_York,3
1161,Urbana,Urbana,IL,Illinois,17019,Champaign,40.1106,-88.1972,42214,1379,polygon,FALSE,TRUE,America/Chicago,3
1162,Beverly,Beverly,MA,Massachusetts,25009,Essex,42.5681,-70.8627,42174,1079,polygon,FALSE,TRUE,America/New_York,3
1163,Clovis,Clovis,NM,New Mexico,35009,Curry,34.4376,-103.1923,42168,626,polygon,FALSE,TRUE,America/Denver,3
1164,Statesboro,Statesboro,GA,Georgia,13031,Bulloch,32.4376,-81.775,42102,854,polygon,FALSE,TRUE,America/New_York,3
1165,Hobbs,Hobbs,NM,New Mexico,35025,Lea,32.7282,-103.16,42095,572,polygon,FALSE,TRUE,America/Denver,3
1166,McMinnville,McMinnville,OR,Oregon,41071,Yamhill,45.211,-123.1918,42062,1268,polygon,FALSE,TRUE,America/Los_Angeles,3
1167,Schertz,Schertz,TX,Texas,48187,Guadalupe,29.5649,-98.2537,42042,507,polygon,FALSE,TRUE,America/Chicago,3
1168,Bell Gardens,Bell Gardens,CA,California,6037,Los Angeles,33.9663,-118.155,42012,6597,polygon,FALSE,TRUE,America/Los_Angeles,2
1169,Channelview,Channelview,TX,Texas,48201,Harris,29.7914,-95.1145,41930,1118,polygon,FALSE,FALSE,America/Chicago,3
1170,Oviedo,Oviedo,FL,Florida,12117,Seminole,28.658,-81.1872,41860,1043,polygon,FALSE,TRUE,America/New_York,3
1171,Odenton,Odenton,MD,Maryland,24003,Anne Arundel,39.0661,-76.6939,41846,1093,polygon,FALSE,FALSE,America/New_York,3
1172,Grove City,Grove City,OH,Ohio,39049,Franklin,39.8659,-83.0694,41820,940,polygon,FALSE,TRUE,America/New_York,3
1173,Campbell,Campbell,CA,California,6085,Santa Clara,37.2802,-121.9538,41793,2656,polygon,FALSE,TRUE,America/Los_Angeles,2
1174,Wentzville,Wentzville,MO,Missouri,29183,St. Charles,38.8152,-90.8667,41784,809,polygon,FALSE,TRUE,America/Chicago,3
1175,Woonsocket,Woonsocket,RI,Rhode Island,44007,Providence,42.001,-71.4993,41751,2081,polygon,FALSE,TRUE,America/New_York,2
1176,La Quinta,La Quinta,CA,California,6065,Riverside,33.6536,-116.2785,41748,457,polygon,FALSE,TRUE,America/Los_Angeles,3
1177,North Fort Myers,North Fort Myers,FL,Florida,12071,Lee,26.7243,-81.8491,41690,317,polygon,FALSE,FALSE,America/New_York,3
1178,Weslaco,Weslaco,TX,Texas,48215,Hidalgo,26.1648,-97.9898,41629,913,polygon,FALSE,TRUE,America/Chicago,3
1179,Zanesville,Zanesville,OH,Ohio,39119,Muskingum,39.9565,-82.0132,41589,825,polygon,FALSE,TRUE,America/New_York,3
1180,Newnan,Newnan,GA,Georgia,13077,Coweta,33.3766,-84.7761,41581,831,polygon,FALSE,TRUE,America/New_York,3
1181,Shakopee,Shakopee,MN,Minnesota,27139,Scott,44.7744,-93.4764,41570,570,polygon,FALSE,TRUE,America/Chicago,3
1182,Brighton,Brighton,CO,Colorado,8001,Adams,39.9716,-104.7964,41554,757,polygon,FALSE,TRUE,America/Denver,3
1183,Rancho Palos Verdes,Rancho Palos Verdes,CA,California,6037,Los Angeles,33.7554,-118.3637,41530,1190,polygon,FALSE,TRUE,America/Los_Angeles,3
1184,Catonsville,Catonsville,MD,Maryland,24005,Baltimore,39.2646,-76.7424,41515,1148,polygon,FALSE,FALSE,America/New_York,3
1185,Coppell,Coppell,TX,Texas,48113,Dallas,32.9638,-96.9905,41421,1102,polygon,FALSE,TRUE,America/Chicago,3
1186,Moline,Moline,IL,Illinois,17161,Rock Island,41.4821,-90.4921,41356,953,polygon,FALSE,TRUE,America/Chicago,3
1187,Delaware,Delaware,OH,Ohio,39041,Delaware,40.2866,-83.0747,41283,825,polygon,FALSE,TRUE,America/New_York,3
1188,Westfield,Westfield,MA,Massachusetts,25013,Hampden,42.1382,-72.7561,41204,343,polygon,FALSE,TRUE,America/New_York,3
1189,Shelton,Shelton,CT,Connecticut,9001,Fairfield,41.306,-73.1383,41129,518,polygon,FALSE,TRUE,America/New_York,3
1190,Greenacres,Greenacres,FL,Florida,12099,Palm Beach,26.6272,-80.1371,41117,2714,polygon,FALSE,TRUE,America/New_York,2
1191,Westerville,Westerville,OH,Ohio,39049,Franklin,40.1241,-82.9209,41103,1259,polygon,FALSE,TRUE,America/New_York,3
1192,Linton Hall,Linton Hall,VA,Virginia,51153,Prince William,38.7551,-77.575,41088,1246,polygon,FALSE,FALSE,America/New_York,3
1193,Manassas,Manassas,VA,Virginia,51683,Manassas,38.7479,-77.4839,41085,1610,polygon,FALSE,TRUE,America/New_York,3
1194,Kearny,Kearny,NJ,New Jersey,34017,Hudson,40.7528,-74.1202,41058,1792,polygon,FALSE,TRUE,America/New_York,3
1195,South Valley,South Valley,NM,New Mexico,35001,Bernalillo,35.0092,-106.6819,41011,545,polygon,FALSE,FALSE,America/Denver,3
1196,Los Banos,Los Banos,CA,California,6047,Merced,37.063,-120.8406,40972,1585,polygon,FALSE,TRUE,America/Los_Angeles,3
1197,Richmond,Richmond,KY,Kentucky,21151,Madison,37.7306,-84.2926,40972,686,polygon,FALSE,TRUE,America/New_York,3
1198,Spanish Fork,Spanish Fork,UT,Utah,49049,Utah,40.1101,-111.6406,40913,974,polygon,FALSE,TRUE,America/Denver,3
1199,Belleville,Belleville,IL,Illinois,17163,St. Clair,38.5165,-89.99,40897,680,polygon,FALSE,TRUE,America/Chicago,3
1200,Maplewood,Maplewood,MN,Minnesota,27123,Ramsey,44.9842,-93.0247,40885,926,polygon,FALSE,TRUE,America/Chicago,3
1201,Wilkes-Barre,Wilkes-Barre,PA,Pennsylvania,42079,Luzerne,41.2468,-75.8759,40766,2254,polygon,FALSE,TRUE,America/New_York,2
1202,Pottsville,Pottsville,PA,Pennsylvania,42107,Schuylkill,40.6798,-76.2092,40685,1248,polygon,FALSE,TRUE,America/New_York,3
1203,Columbia,Columbia,TN,Tennessee,47119,Maury,35.6235,-87.0486,40663,472,polygon,FALSE,TRUE,America/Chicago,3
1204,Bartlett,Bartlett,IL,Illinois,17031,Cook,41.9803,-88.2069,40647,996,polygon,FALSE,TRUE,America/Chicago,3
1205,Bluefield,Bluefield,WV,West Virginia,54055,Mercer,37.2608,-81.2143,40640,411,polygon,FALSE,TRUE,America/New_York,3
1206,Fitchburg,Fitchburg,MA,Massachusetts,25027,Worcester,42.5912,-71.8156,40638,563,polygon,FALSE,TRUE,America/New_York,3
1207,Marion,Marion,IN,Indiana,18053,Grant,40.5496,-85.66,40588,691,polygon,FALSE,TRUE,America/Indiana/Indianapolis,3
1208,Cedar Falls,Cedar Falls,IA,Iowa,19013,Black Hawk,42.5195,-92.4534,40536,540,polygon,FALSE,TRUE,America/Chicago,3
1209,Buffalo Grove,Buffalo Grove,IL,Illinois,17031,Cook,42.1673,-87.9616,40494,1648,polygon,FALSE,TRUE,America/Chicago,3
1210,Jamestown,Jamestown,NY,New York,36013,Chautauqua,42.0975,-79.2366,40493,1255,polygon,FALSE,TRUE,America/New_York,3
1211,Essex,Essex,MD,Maryland,24005,Baltimore,39.3024,-76.4457,40480,1687,polygon,FALSE,FALSE,America/New_York,3
1212,Huntsville,Huntsville,TX,Texas,48471,Walker,30.705,-95.5544,40466,454,polygon,FALSE,TRUE,America/Chicago,3
1213,Mableton,Mableton,GA,Georgia,13067,Cobb,33.8132,-84.5656,40464,759,polygon,FALSE,FALSE,America/New_York,3
1214,Waipahu,Waipahu,HI,Hawaii,15003,Honolulu,21.3858,-158.0103,40427,5889,polygon,FALSE,FALSE,Pacific/Honolulu,2
1215,Clarksburg,Clarksburg,WV,West Virginia,54033,Harrison,39.2863,-80.323,40403,604,polygon,FALSE,TRUE,America/New_York,3
1216,Royal Palm Beach,Royal Palm Beach,FL,Florida,12099,Palm Beach,26.7038,-80.2241,40396,1374,polygon,FALSE,TRUE,America/New_York,3
1217,Marion,Marion,IA,Iowa,19113,Linn,42.045,-91.5846,40359,879,polygon,FALSE,TRUE,America/Chicago,3
1218,Covington,Covington,KY,Kentucky,21117,Kenton,39.0334,-84.5166,40341,1180,polygon,FALSE,TRUE,America/New_York,3
1219,Friendswood,Friendswood,TX,Texas,48167,Galveston,29.5111,-95.1979,40290,754,polygon,FALSE,TRUE,America/Chicago,3
1220,Indian Trail,Indian Trail,NC,North Carolina,37179,Union,35.0698,-80.6457,40252,707,polygon,FALSE,TRUE,America/New_York,3
1221,Woburn,Woburn,MA,Massachusetts,25017,Middlesex,42.4869,-71.1543,40228,1227,polygon,FALSE,TRUE,America/New_York,3
1222,Holyoke,Holyoke,MA,Massachusetts,25013,Hampden,42.2125,-72.6411,40117,731,polygon,FALSE,TRUE,America/New_York,3
1223,Arecibo,Arecibo,PR,Puerto Rico,72013,Arecibo,18.4491,-66.7387,40108,998,polygon,FALSE,FALSE,America/Puerto_Rico,3
1224,Montclair,Montclair,CA,California,6071,San Bernardino,34.0714,-117.698,40083,2806,polygon,FALSE,TRUE,America/Los_Angeles,2
1225,Clinton,Clinton,MD,Maryland,24033,Prince George's,38.7499,-76.9063,40027,617,polygon,FALSE,FALSE,America/New_York,3
1226,Torrington,Torrington,CT,Connecticut,9005,Litchfield,41.8349,-73.1281,40003,330,polygon,FALSE,TRUE,America/New_York,3
1227,Cedar City,Cedar City,UT,Utah,49021,Iron,37.6834,-113.0956,39995,374,polygon,FALSE,TRUE,America/Denver,3
1228,Coram,Coram,NY,New York,36103,Suffolk,40.8813,-73.0059,39977,1116,polygon,FALSE,FALSE,America/New_York,3
1229,San Gabriel,San Gabriel,CA,California,6037,Los Angeles,34.0948,-118.099,39899,3716,polygon,FALSE,TRUE,America/Los_Angeles,2
1230,Hallandale Beach,Hallandale Beach,FL,Florida,12011,Broward,25.9854,-80.1423,39847,3651,polygon,FALSE,TRUE,America/New_York,2
1231,Crystal Lake,Crystal Lake,IL,Illinois,17111,McHenry,42.2333,-88.3351,39829,814,polygon,FALSE,TRUE,America/Chicago,3
1232,Calexico,Calexico,CA,California,6025,Imperial,32.6849,-115.4944,39825,1783,polygon,FALSE,TRUE,America/Tijuana,3
1233,Lake Oswego,Lake Oswego,OR,Oregon,41005,Clackamas,45.413,-122.7003,39822,1426,polygon,FALSE,TRUE,America/Los_Angeles,3
1234,Muskogee,Muskogee,OK,Oklahoma,40101,Muskogee,35.7431,-95.3568,39789,331,polygon,FALSE,TRUE,America/Chicago,3
1235,Romeoville,Romeoville,IL,Illinois,17197,Will,41.6318,-88.0996,39746,804,polygon,FALSE,TRUE,America/Chicago,3
1236,Plant City,Plant City,FL,Florida,12057,Hillsborough,28.014,-82.1201,39744,557,polygon,FALSE,TRUE,America/New_York,3
1237,Amherst,Amherst,MA,Massachusetts,25015,Hampshire,42.3645,-72.5069,39741,555,polygon,FALSE,TRUE,America/New_York,3
1238,Keizer,Keizer,OR,Oregon,41047,Marion,45.0029,-123.0241,39713,2144,polygon,FALSE,TRUE,America/Los_Angeles,2
1239,New Berlin,New Berlin,WI,Wisconsin,55133,Waukesha,42.9726,-88.1291,39691,420,polygon,FALSE,TRUE,America/Chicago,3
1240,Chelsea,Chelsea,MA,Massachusetts,25025,Suffolk,42.3959,-71.0325,39690,6917,polygon,FALSE,TRUE,America/New_York,2
1241,The Acreage,The Acreage,FL,Florida,12099,Palm Beach,26.7741,-80.2779,39656,446,polygon,FALSE,FALSE,America/New_York,3
1242,La Puente,La Puente,CA,California,6037,Los Angeles,34.0323,-117.9533,39614,4396,polygon,FALSE,TRUE,America/Los_Angeles,2
1243,Roy,Roy,UT,Utah,49057,Weber,41.1715,-112.0485,39613,1880,polygon,FALSE,TRUE,America/Denver,3
1244,Marlborough,Marlborough,MA,Massachusetts,25017,Middlesex,42.3494,-71.5468,39597,732,polygon,FALSE,TRUE,America/New_York,3
1245,Milton,Milton,GA,Georgia,13121,Fulton,34.1353,-84.3138,39587,396,polygon,FALSE,TRUE,America/New_York,3
1246,Issaquah,Issaquah,WA,Washington,53033,King,47.544,-122.0471,39509,1257,polygon,FALSE,TRUE,America/Los_Angeles,3
1247,Kendall West,Kendall West,FL,Florida,12086,Miami-Dade,25.7065,-80.4388,39491,5544,polygon,FALSE,TRUE,America/New_York,2
1248,Sun City,Sun City,AZ,Arizona,4013,Maricopa,33.6165,-112.2819,39348,1053,polygon,FALSE,FALSE,America/Phoenix,3
1249,Bartlesville,Bartlesville,OK,Oklahoma,40147,Washington,36.7357,-95.9453,39301,611,polygon,FALSE,TRUE,America/Chicago,3
1250,Mission Bend,Mission Bend,TX,Texas,48157,Fort Bend,29.6948,-95.6657,39291,3268,polygon,FALSE,FALSE,America/Chicago,2
1251,Lancaster,Lancaster,TX,Texas,48113,Dallas,32.5922,-96.7737,39228,455,polygon,FALSE,TRUE,America/Chicago,3
1252,Streamwood,Streamwood,IL,Illinois,17031,Cook,42.0209,-88.1778,39228,1944,polygon,FALSE,TRUE,America/Chicago,3
1253,Germantown,Germantown,TN,Tennessee,47157,Shelby,35.0829,-89.7825,39225,757,polygon,FALSE,TRUE,America/Chicago,3
1254,Annapolis,Annapolis,MD,Maryland,24003,Anne Arundel,38.9706,-76.5047,39223,2100,polygon,FALSE,TRUE,America/New_York,2
1255,Carol Stream,Carol Stream,IL,Illinois,17043,DuPage,41.9182,-88.1308,39203,1661,polygon,FALSE,TRUE,America/Chicago,3
1256,Asheboro,Asheboro,NC,North Carolina,37151,Randolph,35.7158,-79.8129,39192,531,polygon,FALSE,TRUE,America/New_York,3
1257,Culver City,Culver City,CA,California,6037,Los Angeles,34.0058,-118.3968,39185,2960,polygon,FALSE,TRUE,America/Los_Angeles,2
1258,Kalispell,Kalispell,MT,Montana,30029,Flathead,48.2156,-114.3262,39182,789,polygon,FALSE,TRUE,America/Denver,3
1259,Lynnwood,Lynnwood,WA,Washington,53061,Snohomish,47.8284,-122.3033,39141,1918,polygon,FALSE,TRUE,America/Los_Angeles,3
1260,Mooresville,Mooresville,NC,North Carolina,37097,Iredell,35.5849,-80.8265,39132,613,polygon,FALSE,TRUE,America/New_York,3
1261,Brookfield,Brookfield,WI,Wisconsin,55133,Waukesha,43.064,-88.1231,39115,553,polygon,FALSE,TRUE,America/Chicago,3
1262,Crestview,Crestview,FL,Florida,12091,Okaloosa,30.748,-86.5784,39072,606,polygon,FALSE,TRUE,America/Chicago,3
1263,Moses Lake,Moses Lake,WA,Washington,53025,Grant,47.128,-119.2761,39002,519,polygon,FALSE,TRUE,America/Los_Angeles,3
1264,Woodlawn,Woodlawn,MD,Maryland,24005,Baltimore,39.3054,-76.7489,38951,1576,polygon,FALSE,FALSE,America/New_York,3
1265,New Castle,New Castle,PA,Pennsylvania,42073,Lawrence,40.9956,-80.3459,38930,1004,polygon,FALSE,TRUE,America/New_York,3
1266,Olive Branch,Olive Branch,MS,Mississippi,28033,DeSoto,34.961,-89.8469,38924,403,polygon,FALSE,TRUE,America/Chicago,3
1267,Enterprise,Enterprise,AL,Alabama,1031,Coffee,31.3276,-85.8459,38914,357,polygon,FALSE,TRUE,America/Chicago,3
1268,Frankfort,Frankfort,KY,Kentucky,21073,Franklin,38.1924,-84.8643,38852,725,polygon,FALSE,TRUE,America/New_York,2
1269,Northglenn,Northglenn,CO,Colorado,8001,Adams,39.9108,-104.9783,38819,2038,polygon,FALSE,TRUE,America/Denver,2
1270,Warren,Warren,OH,Ohio,39155,Trumbull,41.239,-80.8174,38752,937,polygon,FALSE,TRUE,America/New_York,3
1271,Duncanville,Duncanville,TX,Texas,48113,Dallas,32.646,-96.9127,38751,1335,polygon,FALSE,TRUE,America/Chicago,3
1272,Hurst,Hurst,TX,Texas,48439,Tarrant,32.8353,-97.1808,38655,1497,polygon,FALSE,TRUE,America/Chicago,3
1273,Clermont,Clermont,FL,Florida,12069,Lake,28.5402,-81.7259,38654,937,polygon,FALSE,TRUE,America/New_York,3
1274,Wheeling,Wheeling,IL,Illinois,17031,Cook,42.1308,-87.924,38646,1720,polygon,FALSE,TRUE,America/Chicago,3
1275,Fort Lee,Fort Lee,NJ,New Jersey,34003,Bergen,40.8509,-73.9712,38605,5920,polygon,FALSE,TRUE,America/New_York,2
1276,Severna Park,Severna Park,MD,Maryland,24003,Anne Arundel,39.087,-76.5687,38576,900,polygon,FALSE,FALSE,America/New_York,3
1277,Pacifica,Pacifica,CA,California,6081,San Mateo,37.6112,-122.4781,38546,1175,polygon,FALSE,TRUE,America/Los_Angeles,3
1278,Lake Worth,Lake Worth,FL,Florida,12099,Palm Beach,26.6196,-80.0591,38526,2524,polygon,FALSE,TRUE,America/New_York,2
1279,Lebanon,Lebanon,TN,Tennessee,47189,Wilson,36.204,-86.3481,38518,355,polygon,FALSE,TRUE,America/Chicago,3
1280,Eagle Mountain,Eagle Mountain,UT,Utah,49049,Utah,40.3137,-112.0114,38391,293,polygon,FALSE,TRUE,America/Denver,3
1281,Reynoldsburg,Reynoldsburg,OH,Ohio,39049,Franklin,39.9587,-82.7944,38327,1332,polygon,FALSE,TRUE,America/New_York,3
1282,Oxford,Oxford,MS,Mississippi,28071,Lafayette,34.3627,-89.5336,38310,407,polygon,FALSE,TRUE,America/Chicago,3
1283,Rosenberg,Rosenberg,TX,Texas,48157,Fort Bend,29.546,-95.822,38307,401,polygon,FALSE,TRUE,America/Chicago,3
1284,Martinez,Martinez,CA,California,6013,Contra Costa,37.9985,-122.116,38297,1170,polygon,FALSE,TRUE,America/Los_Angeles,3
1285,Pleasant Grove,Pleasant Grove,UT,Utah,49049,Utah,40.3716,-111.7412,38258,1609,polygon,FALSE,TRUE,America/Denver,3
1286,Valrico,Valrico,FL,Florida,12057,Hillsborough,27.9193,-82.2293,38169,1067,polygon,FALSE,FALSE,America/New_York,3
1287,Huber Heights,Huber Heights,OH,Ohio,39113,Montgomery,39.8595,-84.113,38154,663,polygon,FALSE,TRUE,America/New_York,3
1288,Stanton,Stanton,CA,California,6059,Orange,33.8002,-117.9935,38139,4754,polygon,FALSE,TRUE,America/Los_Angeles,2
1289,Security-Widefield,Security-Widefield,CO,Colorado,8041,El Paso,38.7489,-104.7142,38134,1132,polygon,FALSE,TRUE,America/Denver,3
1290,Menomonee Falls,Menomonee Falls,WI,Wisconsin,55133,Waukesha,43.1487,-88.1227,38014,445,polygon,FALSE,TRUE,America/Chicago,3
1291,Granbury,Granbury,TX,Texas,48221,Hood,32.4484,-97.7685,37996,309,polygon,FALSE,TRUE,America/Chicago,3
1292,Waxahachie,Waxahachie,TX,Texas,48139,Ellis,32.4032,-96.8444,37988,300,polygon,FALSE,TRUE,America/Chicago,3
1293,Richmond West,Richmond West,FL,Florida,12086,Miami-Dade,25.6105,-80.4297,37965,3513,polygon,FALSE,TRUE,America/New_York,2
1294,South Miami Heights,South Miami Heights,FL,Florida,12086,Miami-Dade,25.5886,-80.3862,37861,2984,polygon,FALSE,FALSE,America/New_York,2
1295,Holly Springs,Holly Springs,NC,North Carolina,37183,Wake,35.653,-78.8397,37812,856,polygon,FALSE,TRUE,America/New_York,3
1296,Butler,Butler,PA,Pennsylvania,42019,Butler,40.8616,-79.8962,37796,1829,polygon,FALSE,TRUE,America/New_York,3
1297,Albertville,Albertville,AL,Alabama,1095,Marshall,34.2634,-86.2107,37775,313,polygon,FALSE,TRUE,America/Chicago,3
1298,London,London,KY,Kentucky,21125,Laurel,37.1175,-84.0767,37714,269,polygon,FALSE,TRUE,America/New_York,3
1299,Cottage Grove,Cottage Grove,MN,Minnesota,27163,Washington,44.8161,-92.9274,37604,431,polygon,FALSE,TRUE,America/Chicago,3
1300,St. Marys,St. Marys,GA,Georgia,13039,Camden,30.7567,-81.5722,37556,314,polygon,FALSE,TRUE,America/New_York,3
1301,Mechanicsville,Mechanicsville,VA,Virginia,51085,Hanover,37.6262,-77.3561,37501,510,polygon,FALSE,FALSE,America/New_York,3
1302,Cleburne,Cleburne,TX,Texas,48251,Johnson,32.357,-97.4152,37468,340,polygon,FALSE,TRUE,America/Chicago,3
1303,La Presa,La Presa,CA,California,6073,San Diego,32.711,-117.0027,37437,2629,polygon,FALSE,FALSE,America/Los_Angeles,2
1304,Valley Stream,Valley Stream,NY,New York,36059,Nassau,40.6647,-73.7044,37431,4154,polygon,FALSE,TRUE,America/New_York,2
1305,Hanover Park,Hanover Park,IL,Illinois,17043,DuPage,41.9819,-88.1447,37426,2279,polygon,FALSE,TRUE,America/Chicago,2
1306,Oswego,Oswego,NY,New York,36075,Oswego,43.4516,-76.5005,37420,874,polygon,FALSE,TRUE,America/New_York,3
1307,East Meadow,East Meadow,NY,New York,36059,Nassau,40.7197,-73.5604,37358,2288,polygon,FALSE,FALSE,America/New_York,2
1308,Oregon City,Oregon City,OR,Oregon,41005,Clackamas,45.3415,-122.5927,37339,1459,polygon,FALSE,TRUE,America/Los_Angeles,3
1309,Winter Springs,Winter Springs,FL,Florida,12117,Seminole,28.6889,-81.2704,37312,969,polygon,FALSE,TRUE,America/New_York,3
1310,Carpentersville,Carpentersville,IL,Illinois,17089,Kane,42.1227,-88.2895,37254,1828,polygon,FALSE,TRUE,America/Chicago,3
1311,Wildomar,Wildomar,CA,California,6065,Riverside,33.6173,-117.2582,37229,606,polygon,FALSE,TRUE,America/Los_Angeles,3
1312,Greenfield,Greenfield,WI,Wisconsin,55079,Milwaukee,42.9619,-88.0051,37221,1246,polygon,FALSE,TRUE,America/Chicago,3
1313,Braintree,Braintree,MA,Massachusetts,25021,Norfolk,42.2039,-71.0022,37190,1043,polygon,FALSE,TRUE,America/New_York,3
1314,Parkland,Parkland,WA,Washington,53053,Pierce,47.1417,-122.4376,37185,1661,polygon,FALSE,FALSE,America/Los_Angeles,3
1315,Oakton,Oakton,VA,Virginia,51059,Fairfax,38.8887,-77.3016,37185,1470,polygon,FALSE,FALSE,America/New_York,3
1316,Rock Island,Rock Island,IL,Illinois,17161,Rock Island,41.4699,-90.5827,37176,850,polygon,FALSE,TRUE,America/Chicago,3
1317,West Fargo,West Fargo,ND,North Dakota,38017,Cass,46.8573,-96.9057,37058,892,polygon,FALSE,TRUE,America/Chicago,3
1318,Egypt Lake-Leto,Egypt Lake-Leto,FL,Florida,12057,Hillsborough,28.0177,-82.5062,37039,2420,polygon,FALSE,TRUE,America/New_York,2
1319,Mount Juliet,Mount Juliet,TN,Tennessee,47189,Wilson,36.1991,-86.5114,37029,574,polygon,FALSE,TRUE,America/Chicago,3
1320,San Juan,San Juan,TX,Texas,48215,Hidalgo,26.1903,-98.152,37008,1229,polygon,FALSE,TRUE,America/Chicago,3
1321,Land O' Lakes,Land O' Lakes,FL,Florida,12101,Pasco,28.2075,-82.4476,37007,749,polygon,FALSE,FALSE,America/New_York,3
1322,Georgetown,Georgetown,KY,Kentucky,21209,Scott,38.2249,-84.5482,36994,810,polygon,FALSE,TRUE,America/New_York,3
1323,Portage,Portage,IN,Indiana,18127,Porter,41.5866,-87.1792,36988,559,polygon,FALSE,TRUE,America/Chicago,3
1324,Aventura,Aventura,FL,Florida,12086,Miami-Dade,25.9565,-80.1372,36987,5398,polygon,FALSE,TRUE,America/New_York,2
1325,Owasso,Owasso,OK,Oklahoma,40143,Tulsa,36.2882,-95.8328,36957,807,polygon,FALSE,TRUE,America/Chicago,3
1326,Park Ridge,Park Ridge,IL,Illinois,17031,Cook,42.0125,-87.8436,36950,2012,polygon,FALSE,TRUE,America/Chicago,2
1327,Commack,Commack,NY,New York,36103,Suffolk,40.8443,-73.2834,36936,1192,polygon,FALSE,FALSE,America/New_York,3
1328,Foley,Foley,AL,Alabama,1003,Baldwin,30.3983,-87.6649,36921,242,polygon,FALSE,TRUE,America/Chicago,3
1329,New Albany,New Albany,IN,Indiana,18043,Floyd,38.3089,-85.8234,36843,923,polygon,FALSE,TRUE,America/Kentucky/Louisville,3
1330,Oakville,Oakville,MO,Missouri,29189,St. Louis,38.4472,-90.3199,36827,895,polygon,FALSE,FALSE,America/Chicago,3
1331,Benton,Benton,AR,Arkansas,5125,Saline,34.5775,-92.5712,36820,625,polygon,FALSE,TRUE,America/Chicago,3
1332,Merritt Island,Merritt Island,FL,Florida,12009,Brevard,28.3146,-80.6713,36797,811,polygon,FALSE,FALSE,America/New_York,3
1333,Meridian,Meridian,MS,Mississippi,28075,Lauderdale,32.3846,-88.6896,36686,261,polygon,FALSE,TRUE,America/Chicago,3
1334,Kailua,Kailua,HI,Hawaii,15003,Honolulu,21.392,-157.7396,36662,1822,polygon,FALSE,FALSE,Pacific/Honolulu,3
1335,Bettendorf,Bettendorf,IA,Iowa,19163,Scott,41.5656,-90.4764,36543,662,polygon,FALSE,TRUE,America/Chicago,3
1336,Dunedin,Dunedin,FL,Florida,12103,Pinellas,28.0329,-82.7863,36537,1355,polygon,FALSE,TRUE,America/New_York,3
1337,Hilliard,Hilliard,OH,Ohio,39049,Franklin,40.0353,-83.1578,36534,988,polygon,FALSE,TRUE,America/New_York,3
1338,Phenix City,Phenix City,AL,Alabama,1113,Russell,32.4588,-85.0251,36487,503,polygon,FALSE,TRUE,America/Chicago,3
1339,Addison,Addison,IL,Illinois,17043,DuPage,41.9314,-88.0085,36482,1431,polygon,FALSE,TRUE,America/Chicago,3
1340,West Hollywood,West Hollywood,CA,California,6037,Los Angeles,34.0882,-118.3718,36475,7461,polygon,FALSE,TRUE,America/Los_Angeles,2
1341,Roseville,Roseville,MN,Minnesota,27123,Ramsey,45.0155,-93.1545,36457,1081,polygon,FALSE,TRUE,America/Chicago,3
1342,Tucker,Tucker,GA,Georgia,13089,DeKalb,33.8436,-84.2021,36395,698,polygon,FALSE,TRUE,America/New_York,3
1343,Moorpark,Moorpark,CA,California,6111,Ventura,34.2855,-118.877,36375,1116,polygon,FALSE,TRUE,America/Los_Angeles,3
1344,Richfield,Richfield,MN,Minnesota,27053,Hennepin,44.8762,-93.2833,36354,2088,polygon,FALSE,TRUE,America/Chicago,2
1345,Monrovia,Monrovia,CA,California,6037,Los Angeles,34.165,-117.9921,36331,1028,polygon,FALSE,TRUE,America/Los_Angeles,3
1346,Kearns,Kearns,UT,Utah,49035,Salt Lake,40.652,-112.0093,36330,3028,polygon,FALSE,TRUE,America/Denver,2
1347,Oak Creek,Oak Creek,WI,Wisconsin,55079,Milwaukee,42.8803,-87.9009,36325,493,polygon,FALSE,TRUE,America/Chicago,3
1348,Lincoln Park,Lincoln Park,MI,Michigan,26163,Wayne,42.2432,-83.1811,36321,2402,polygon,FALSE,TRUE,America/Detroit,2
1349,Claremont,Claremont,CA,California,6037,Los Angeles,34.1259,-117.7153,36266,1048,polygon,FALSE,TRUE,America/Los_Angeles,3
1350,Oswego,Oswego,IL,Illinois,17093,Kendall,41.6834,-88.3372,36252,940,polygon,FALSE,TRUE,America/Chicago,3
1351,Post Falls,Post Falls,ID,Idaho,16055,Kootenai,47.7213,-116.9385,36250,925,polygon,FALSE,TRUE,America/Los_Angeles,3
1352,Peachtree City,Peachtree City,GA,Georgia,13113,Fayette,33.3943,-84.5712,36223,569,polygon,FALSE,TRUE,America/New_York,3
1353,Lauderdale Lakes,Lauderdale Lakes,FL,Florida,12011,Broward,26.1682,-80.2017,36194,3796,polygon,FALSE,TRUE,America/New_York,2
1354,Meadow Woods,Meadow Woods,FL,Florida,12095,Orange,28.3698,-81.3467,36190,1250,polygon,FALSE,FALSE,America/New_York,3
1355,Pahrump,Pahrump,NV,Nevada,32023,Nye,36.2411,-116.0176,36174,46,polygon,FALSE,FALSE,America/Los_Angeles,3
1356,Portsmouth,Portsmouth,OH,Ohio,39145,Scioto,38.7539,-82.9446,36111,725,polygon,FALSE,TRUE,America/New_York,3
1357,Martinez,Martinez,GA,Georgia,13073,Columbia,33.5209,-82.0985,36068,960,polygon,FALSE,FALSE,America/New_York,3
1358,Shawnee,Shawnee,OK,Oklahoma,40125,Pottawatomie,35.3529,-96.965,36067,278,polygon,FALSE,TRUE,America/Chicago,3
1359,Gillette,Gillette,WY,Wyoming,56005,Campbell,44.2752,-105.4983,36032,538,polygon,FALSE,TRUE,America/Denver,3
1360,Elmont,Elmont,NY,New York,36059,Nassau,40.7033,-73.7078,36028,4079,polygon,FALSE,FALSE,America/New_York,2
1361,Prattville,Prattville,AL,Alabama,1001,Autauga,32.4605,-86.4588,35957,410,polygon,FALSE,TRUE,America/Chicago,3
1362,Woodburn,Woodburn,OR,Oregon,41047,Marion,45.1473,-122.8603,35941,1737,polygon,FALSE,TRUE,America/Los_Angeles,3
1363,Watertown Town,Watertown Town,MA,Massachusetts,25017,Middlesex,42.37,-71.1774,35939,3470,polygon,FALSE,TRUE,America/New_York,2
1364,Calumet City,Calumet City,IL,Illinois,17031,Cook,41.6134,-87.5505,35913,1930,polygon,FALSE,TRUE,America/Chicago,3
1365,San Juan Capistrano,San Juan Capistrano,CA,California,6059,Orange,33.5009,-117.6544,35911,960,polygon,FALSE,TRUE,America/Los_Angeles,3
1366,Franklin,Franklin,WI,Wisconsin,55079,Milwaukee,42.8854,-88.0104,35811,399,polygon,FALSE,TRUE,America/Chicago,3
1367,Temple City,Temple City,CA,California,6037,Los Angeles,34.1021,-118.0579,35811,3452,polygon,FALSE,TRUE,America/Los_Angeles,2
1368,Cooper City,Cooper City,FL,Florida,12011,Broward,26.0463,-80.2862,35800,1719,polygon,FALSE,TRUE,America/New_York,3
1369,Chillum,Chillum,MD,Maryland,24033,Prince George's,38.9667,-76.979,35798,4067,polygon,FALSE,FALSE,America/New_York,2
1370,El Mirage,El Mirage,AZ,Arizona,4013,Maricopa,33.5905,-112.3271,35753,1394,polygon,FALSE,TRUE,America/Phoenix,3
1371,LaGrange,LaGrange,GA,Georgia,13285,Troup,33.0274,-85.0384,35721,277,polygon,FALSE,FALSE,America/New_York,3
1372,La Vergne,La Vergne,TN,Tennessee,47149,Rutherford,36.0203,-86.5582,35716,561,polygon,FALSE,TRUE,America/Chicago,3
1373,Middletown,Middletown,DE,Delaware,10003,New Castle,39.4453,-75.7166,35695,748,polygon,FALSE,TRUE,America/New_York,3
1374,Mount Pleasant,Mount Pleasant,MI,Michigan,26073,Isabella,43.5966,-84.7759,35694,1239,polygon,FALSE,TRUE,America/Detroit,3
1375,Junction City,Junction City,KS,Kansas,20061,Geary,39.0271,-96.8496,35677,746,polygon,FALSE,TRUE,America/Chicago,3
1376,Inver Grove Heights,Inver Grove Heights,MN,Minnesota,27037,Dakota,44.8247,-93.0596,35672,494,polygon,FALSE,TRUE,America/Chicago,3
1377,Navarre,Navarre,FL,Florida,12113,Santa Rosa,30.4174,-86.8907,35540,594,polygon,FALSE,FALSE,America/Chicago,3
1378,Monroe,Monroe,NC,North Carolina,37179,Union,35.0061,-80.5595,35540,452,polygon,FALSE,TRUE,America/New_York,3
1379,Bell,Bell,CA,California,6037,Los Angeles,33.9801,-118.1798,35521,5486,polygon,FALSE,TRUE,America/Los_Angeles,2
1380,Gahanna,Gahanna,OH,Ohio,39049,Franklin,40.0251,-82.8637,35483,1102,polygon,FALSE,TRUE,America/New_York,3
1381,Sanford,Sanford,NC,North Carolina,37105,Lee,35.4874,-79.1772,35467,399,polygon,FALSE,TRUE,America/New_York,3
1382,Riviera Beach,Riviera Beach,FL,Florida,12099,Palm Beach,26.7812,-80.0742,35463,1653,polygon,FALSE,TRUE,America/New_York,3
1383,Wildwood,Wildwood,MO,Missouri,29189,St. Louis,38.5799,-90.6699,35432,205,polygon,FALSE,TRUE,America/Chicago,3
1384,Tooele,Tooele,UT,Utah,49045,Tooele,40.5393,-112.3082,35392,577,polygon,FALSE,TRUE,America/Denver,3
1385,Upper Arlington,Upper Arlington,OH,Ohio,39049,Franklin,40.0272,-83.0704,35366,1394,polygon,FALSE,TRUE,America/New_York,3
1386,Auburn,Auburn,CA,California,6061,Placer,38.895,-121.0778,35311,763,polygon,FALSE,TRUE,America/Los_Angeles,3
1387,Plainfield,Plainfield,IN,Indiana,18063,Hendricks,39.6953,-86.3717,35287,528,polygon,FALSE,TRUE,America/Indiana/Indianapolis,3
1388,Olney,Olney,MD,Maryland,24031,Montgomery,39.1465,-77.0715,35280,841,polygon,FALSE,FALSE,America/New_York,3
1389,Oak Harbor,Oak Harbor,WA,Washington,53029,Island,48.2965,-122.6333,35228,943,polygon,FALSE,TRUE,America/Los_Angeles,3
1390,Manhattan Beach,Manhattan Beach,CA,California,6037,Los Angeles,33.8895,-118.3972,35183,3450,polygon,FALSE,TRUE,America/Los_Angeles,2
1391,Carrollwood,Carrollwood,FL,Florida,12057,Hillsborough,28.0577,-82.5149,35095,1470,polygon,FALSE,FALSE,America/New_York,3
1392,La Porte,La Porte,TX,Texas,48201,Harris,29.6689,-95.0484,34976,724,polygon,FALSE,TRUE,America/Chicago,3
1393,Englewood,Englewood,CO,Colorado,8005,Arapahoe,39.6468,-104.9942,34917,2057,polygon,FALSE,TRUE,America/Denver,2
1394,Randallstown,Randallstown,MD,Maryland,24005,Baltimore,39.3723,-76.8024,34897,1318,polygon,FALSE,FALSE,America/New_York,3
1395,Brunswick,Brunswick,OH,Ohio,39103,Medina,41.2464,-81.8198,34880,1042,polygon,FALSE,TRUE,America/New_York,3
1396,East Point,East Point,GA,Georgia,13121,Fulton,33.6696,-84.4701,34875,916,polygon,FALSE,TRUE,America/New_York,3
1397,DeLand,DeLand,FL,Florida,12127,Volusia,29.0224,-81.2873,34851,714,polygon,FALSE,TRUE,America/New_York,3
1398,Pleasant Hill,Pleasant Hill,CA,California,6013,Contra Costa,37.954,-122.0759,34839,1901,polygon,FALSE,TRUE,America/Los_Angeles,3
1399,Golden Glades,Golden Glades,FL,Florida,12086,Miami-Dade,25.9129,-80.2013,34836,2783,polygon,FALSE,FALSE,America/New_York,2
1400,Merrillville,Merrillville,IN,Indiana,18089,Lake,41.4728,-87.3197,34792,404,polygon,FALSE,TRUE,America/Chicago,3
1401,Stow,Stow,OH,Ohio,39153,Summit,41.1765,-81.4344,34785,786,polygon,FALSE,TRUE,America/New_York,3
1402,Orangevale,Orangevale,CA,California,6067,Sacramento,38.6881,-121.2209,34757,1170,polygon,FALSE,FALSE,America/Los_Angeles,3
1403,Calhoun,Calhoun,GA,Georgia,13129,Gordon,34.4918,-84.9391,34754,426,polygon,FALSE,TRUE,America/New_York,3
1404,Leawood,Leawood,KS,Kansas,20091,Johnson,38.9076,-94.6258,34727,887,polygon,FALSE,TRUE,America/Chicago,3
1405,Oildale,Oildale,CA,California,6029,Kern,35.4249,-119.0279,34723,2052,polygon,FALSE,FALSE,America/Los_Angeles,2
1406,Menlo Park,Menlo Park,CA,California,6081,San Mateo,37.4686,-122.1672,34698,1338,polygon,FALSE,TRUE,America/Los_Angeles,3
1407,Sun Prairie,Sun Prairie,WI,Wisconsin,55025,Dane,43.1827,-89.2358,34661,1071,polygon,FALSE,TRUE,America/Chicago,3
1408,New City,New City,NY,New York,36087,Rockland,41.1543,-73.9909,34652,859,polygon,FALSE,FALSE,America/New_York,3
1409,Arcata,Arcata,CA,California,6023,Humboldt,40.8615,-124.0757,34616,759,polygon,FALSE,TRUE,America/Los_Angeles,3
1410,Lockport,Lockport,NY,New York,36063,Niagara,43.1698,-78.6956,34561,933,polygon,FALSE,TRUE,America/New_York,3
1411,Boardman,Boardman,OH,Ohio,39099,Mahoning,41.0334,-80.6671,34557,882,polygon,FALSE,FALSE,America/New_York,3
1412,Owings Mills,Owings Mills,MD,Maryland,24005,Baltimore,39.4115,-76.7913,34477,1396,polygon,FALSE,FALSE,America/New_York,3
1413,Pullman,Pullman,WA,Washington,53075,Whitman,46.734,-117.1669,34425,1248,polygon,FALSE,TRUE,America/Los_Angeles,3
1414,Nacogdoches,Nacogdoches,TX,Texas,48347,Nacogdoches,31.6134,-94.6528,34420,460,polygon,FALSE,TRUE,America/Chicago,3
1415,Kearney,Kearney,NE,Nebraska,31019,Buffalo,40.701,-99.0834,34418,904,polygon,FALSE,TRUE,America/Chicago,3
1416,Ferry Pass,Ferry Pass,FL,Florida,12033,Escambia,30.5203,-87.1903,34416,953,polygon,FALSE,FALSE,America/Chicago,3
1417,Vestavia Hills,Vestavia Hills,AL,Alabama,1073,Jefferson,33.4518,-86.7438,34413,668,polygon,FALSE,TRUE,America/Chicago,3
1418,North Ridgeville,North Ridgeville,OH,Ohio,39093,Lorain,41.3851,-82.0194,34392,566,polygon,FALSE,TRUE,America/New_York,3
1419,Evans,Evans,GA,Georgia,13073,Columbia,33.5619,-82.1351,34379,525,polygon,FALSE,FALSE,America/New_York,3
1420,Socorro,Socorro,TX,Texas,48141,El Paso,31.6384,-106.2601,34370,604,polygon,FALSE,TRUE,America/Denver,3
1421,Randolph,Randolph,MA,Massachusetts,25021,Norfolk,42.1778,-71.0539,34362,1349,polygon,FALSE,TRUE,America/New_York,3
1422,Norristown,Norristown,PA,Pennsylvania,42091,Montgomery,40.1224,-75.3398,34341,3771,polygon,FALSE,TRUE,America/New_York,2
1423,Dakota Ridge,Dakota Ridge,CO,Colorado,8059,Jefferson,39.6192,-105.1344,34250,1409,polygon,FALSE,TRUE,America/Denver,3
1424,Redmond,Redmond,OR,Oregon,41017,Deschutes,44.2631,-121.1798,34240,744,polygon,FALSE,TRUE,America/Los_Angeles,3
1425,Firestone,Firestone,CO,Colorado,8123,Weld,40.1563,-104.9494,34230,462,polygon,FALSE,TRUE,America/Denver,3
1426,Goshen,Goshen,IN,Indiana,18039,Elkhart,41.5743,-85.8308,34217,751,polygon,FALSE,TRUE,America/Indiana/Indianapolis,3
1427,Russellville,Russellville,AR,Arkansas,5115,Pope,35.2763,-93.1383,34205,397,polygon,FALSE,TRUE,America/Chicago,3
1428,Grass Valley,Grass Valley,CA,California,6057,Nevada,39.2237,-121.0521,34196,942,polygon,FALSE,TRUE,America/Los_Angeles,3
1429,Parkland,Parkland,FL,Florida,12011,Broward,26.3218,-80.2533,34170,1055,polygon,FALSE,TRUE,America/New_York,3
1430,University City,University City,MO,Missouri,29189,St. Louis,38.6657,-90.3315,34165,2244,polygon,FALSE,TRUE,America/Chicago,2
1431,Midvale,Midvale,UT,Utah,49035,Salt Lake,40.6148,-111.8928,34124,2228,polygon,FALSE,TRUE,America/Denver,2
1432,Franklin,Franklin,MA,Massachusetts,25021,Norfolk,42.0862,-71.4113,34087,494,polygon,FALSE,TRUE,America/New_York,3
1433,Buenaventura Lakes,Buenaventura Lakes,FL,Florida,12097,Osceola,28.3349,-81.3539,34085,2359,polygon,FALSE,FALSE,America/New_York,2
1434,Kennesaw,Kennesaw,GA,Georgia,13067,Cobb,34.026,-84.6177,34077,1354,polygon,FALSE,TRUE,America/New_York,3
1435,Adelanto,Adelanto,CA,California,6071,San Bernardino,34.5815,-117.4397,34049,248,polygon,FALSE,TRUE,America/Los_Angeles,3
1436,Carlsbad,Carlsbad,NM,New Mexico,35015,Eddy,32.4011,-104.2389,34031,368,polygon,FALSE,TRUE,America/Denver,3
1437,University Place,University Place,WA,Washington,53053,Pierce,47.2147,-122.5461,34001,1574,polygon,FALSE,TRUE,America/Los_Angeles,3
1438,Chester,Chester,PA,Pennsylvania,42045,Delaware,39.8456,-75.3718,34000,2716,polygon,FALSE,TRUE,America/New_York,2
1439,Douglasville,Douglasville,GA,Georgia,13097,Douglas,33.7384,-84.7065,33992,581,polygon,FALSE,TRUE,America/New_York,3
1440,Salisbury,Salisbury,NC,North Carolina,37159,Rowan,35.6656,-80.4909,33988,588,polygon,FALSE,TRUE,America/New_York,3
1441,Laramie,Laramie,WY,Wyoming,56001,Albany,41.3099,-105.6085,33929,688,polygon,FALSE,TRUE,America/Denver,3
1442,Lake Stevens,Lake Stevens,WA,Washington,53061,Snohomish,48.0028,-122.096,33911,1469,polygon,FALSE,TRUE,America/Los_Angeles,3
1443,Foster City,Foster City,CA,California,6081,San Mateo,37.5553,-122.2659,33901,3448,polygon,FALSE,TRUE,America/Los_Angeles,2
1444,Valparaiso,Valparaiso,IN,Indiana,18127,Porter,41.4782,-87.0507,33897,802,polygon,FALSE,TRUE,America/Chicago,3
1445,Fairborn,Fairborn,OH,Ohio,39057,Greene,39.801,-84.0093,33876,897,polygon,FALSE,TRUE,America/New_York,3
1446,Estero,Estero,FL,Florida,12071,Lee,26.4277,-81.7951,33871,537,polygon,FALSE,TRUE,America/New_York,3
1447,Mason,Mason,OH,Ohio,39165,Warren,39.3571,-84.3023,33870,679,polygon,FALSE,TRUE,America/New_York,3
1448,Cottonwood Heights,Cottonwood Heights,UT,Utah,49035,Salt Lake,40.6137,-111.8144,33843,1417,polygon,FALSE,TRUE,America/Denver,3
1449,Sonoma,Sonoma,CA,California,6097,Sonoma,38.2902,-122.4598,33831,1551,polygon,FALSE,TRUE,America/Los_Angeles,3
1450,French Valley,French Valley,CA,California,6065,Riverside,33.5998,-117.1069,33818,1200,polygon,FALSE,TRUE,America/Los_Angeles,3
1451,Ken Caryl,Ken Caryl,CO,Colorado,8059,Jefferson,39.577,-105.1144,33804,1327,polygon,FALSE,FALSE,America/Denver,3
1452,Montgomery Village,Montgomery Village,MD,Maryland,24031,Montgomery,39.1783,-77.1957,33798,3283,polygon,FALSE,FALSE,America/New_York,2
1453,Beverly Hills,Beverly Hills,CA,California,6037,Los Angeles,34.0786,-118.4021,33792,2285,polygon,FALSE,TRUE,America/Los_Angeles,2
1454,Galesburg,Galesburg,IL,Illinois,17095,Knox,40.9506,-90.3763,33767,657,polygon,FALSE,TRUE,America/Chicago,3
1455,Foothill Farms,Foothill Farms,CA,California,6067,Sacramento,38.6867,-121.3475,33749,3104,polygon,FALSE,FALSE,America/Los_Angeles,2
1456,Kaneohe,Kaneohe,HI,Hawaii,15003,Honolulu,21.4062,-157.7904,33739,1994,polygon,FALSE,FALSE,Pacific/Honolulu,3
1457,Westmont,Westmont,CA,California,6037,Los Angeles,33.9417,-118.3018,33723,7047,polygon,FALSE,FALSE,America/Los_Angeles,2
1458,Warsaw,Warsaw,IN,Indiana,18085,Kosciusko,41.2448,-85.8464,33708,437,polygon,FALSE,TRUE,America/Indiana/Indianapolis,3
1459,Fair Oaks,Fair Oaks,VA,Virginia,51059,Fairfax,38.8653,-77.3586,33700,2606,polygon,FALSE,FALSE,America/New_York,2
1460,San Dimas,San Dimas,CA,California,6037,Los Angeles,34.1082,-117.809,33621,863,polygon,FALSE,TRUE,America/Los_Angeles,3
1461,Glendale Heights,Glendale Heights,IL,Illinois,17043,DuPage,41.9196,-88.0785,33617,2396,polygon,FALSE,TRUE,America/Chicago,2
1462,Dana Point,Dana Point,CA,California,6059,Orange,33.4733,-117.6968,33577,1998,polygon,FALSE,TRUE,America/Los_Angeles,3
1463,Midlothian,Midlothian,TX,Texas,48139,Ellis,32.4668,-96.9892,33532,204,polygon,FALSE,TRUE,America/Chicago,3
1464,Newark,Newark,DE,Delaware,10003,New Castle,39.6776,-75.7573,33515,1408,polygon,FALSE,TRUE,America/New_York,3
1465,Alamogordo,Alamogordo,NM,New Mexico,35035,Otero,32.8837,-105.9624,33513,577,polygon,FALSE,TRUE,America/Denver,3
1466,Alabaster,Alabaster,AL,Alabama,1117,Shelby,33.2198,-86.8225,33487,512,polygon,FALSE,TRUE,America/Chicago,3
1467,Deer Park,Deer Park,TX,Texas,48201,Harris,29.6898,-95.1151,33474,1234,polygon,FALSE,TRUE,America/Chicago,3
1468,Long Beach,Long Beach,NY,New York,36059,Nassau,40.5887,-73.666,33454,5824,polygon,FALSE,TRUE,America/New_York,2
1469,Woodridge,Woodridge,IL,Illinois,17043,DuPage,41.7368,-88.0408,33432,1335,polygon,FALSE,TRUE,America/Chicago,3
1470,West Little River,West Little River,FL,Florida,12086,Miami-Dade,25.857,-80.2367,33396,2811,polygon,FALSE,FALSE,America/New_York,2
1471,Pikesville,Pikesville,MD,Maryland,24005,Baltimore,39.3893,-76.702,33387,1043,polygon,FALSE,FALSE,America/New_York,3
1472,Bridgeton,Bridgeton,NJ,New Jersey,34011,Cumberland,39.4286,-75.2281,33379,1497,polygon,FALSE,TRUE,America/New_York,3
1473,Greer,Greer,SC,South Carolina,45045,Greenville,34.9313,-82.2315,33373,563,polygon,FALSE,TRUE,America/New_York,3
1474,Springville,Springville,UT,Utah,49049,Utah,40.1638,-111.6206,33310,897,polygon,FALSE,TRUE,America/Denver,3
1475,Saratoga Springs,Saratoga Springs,UT,Utah,49049,Utah,40.3449,-111.9152,33282,562,polygon,FALSE,TRUE,America/Denver,3
1476,Huntington Station,Huntington Station,NY,New York,36103,Suffolk,40.8446,-73.405,33259,2345,polygon,FALSE,FALSE,America/New_York,2
1477,Copperas Cove,Copperas Cove,TX,Texas,48099,Coryell,31.1192,-97.914,33235,711,polygon,FALSE,TRUE,America/Chicago,3
1478,American Fork,American Fork,UT,Utah,49049,Utah,40.3792,-111.7952,33161,1190,polygon,FALSE,TRUE,America/Denver,3
1479,Franklin,Franklin,NJ,New Jersey,34037,Sussex,41.1101,-74.5886,33153,418,polygon,FALSE,TRUE,America/New_York,3
1480,Andover,Andover,MN,Minnesota,27003,Anoka,45.2571,-93.3265,33140,377,polygon,FALSE,TRUE,America/Chicago,3
1481,Matthews,Matthews,NC,North Carolina,37119,Mecklenburg,35.1195,-80.7101,33138,747,polygon,FALSE,TRUE,America/New_York,3
1482,Woodstock,Woodstock,GA,Georgia,13057,Cherokee,34.1026,-84.509,33039,1026,polygon,FALSE,TRUE,America/New_York,3
1483,Fallbrook,Fallbrook,CA,California,6073,San Diego,33.3693,-117.2259,33021,726,polygon,FALSE,FALSE,America/Los_Angeles,3
1484,Florence,Florence,KY,Kentucky,21015,Boone,38.99,-84.647,33004,1194,polygon,FALSE,TRUE,America/New_York,3
1485,Fruit Cove,Fruit Cove,FL,Florida,12109,St. Johns,30.0972,-81.6176,32994,792,polygon,FALSE,FALSE,America/New_York,3
1486,Northbrook,Northbrook,IL,Illinois,17031,Cook,42.1292,-87.8353,32958,961,polygon,FALSE,TRUE,America/Chicago,3
1487,Fair Lawn,Fair Lawn,NJ,New Jersey,34003,Bergen,40.9359,-74.1177,32896,2473,polygon,FALSE,TRUE,America/New_York,2
1488,St. Charles,St. Charles,IL,Illinois,17089,Kane,41.9193,-88.3109,32887,881,polygon,FALSE,TRUE,America/Chicago,3
1489,San Luis,San Luis,AZ,Arizona,4027,Yuma,32.4911,-114.7089,32850,393,polygon,FALSE,TRUE,America/Phoenix,3
1490,Fairmont,Fairmont,WV,West Virginia,54049,Marion,39.4768,-80.1491,32847,826,polygon,FALSE,TRUE,America/New_York,3
1491,Ridgecrest,Ridgecrest,CA,California,6029,Kern,35.6308,-117.6621,32684,535,polygon,FALSE,TRUE,America/Los_Angeles,3
1492,Massillon,Massillon,OH,Ohio,39151,Stark,40.7838,-81.5254,32584,663,polygon,FALSE,TRUE,America/New_York,3
1493,Starkville,Starkville,MS,Mississippi,28105,Oktibbeha,33.4608,-88.8297,32546,388,polygon,FALSE,TRUE,America/Chicago,3
1494,Horizon West,Horizon West,FL,Florida,12095,Orange,28.4417,-81.6145,32530,382,polygon,FALSE,TRUE,America/New_York,3
1495,Harker Heights,Harker Heights,TX,Texas,48027,Bell,31.0572,-97.6445,32421,799,polygon,FALSE,TRUE,America/Chicago,3
1496,Elk Grove Village,Elk Grove Village,IL,Illinois,17031,Cook,42.0063,-87.9921,32400,1076,polygon,FALSE,TRUE,America/Chicago,3
1497,Kaysville,Kaysville,UT,Utah,49011,Davis,41.029,-111.9456,32390,1190,polygon,FALSE,TRUE,America/Denver,3
1498,Lawndale,Lawndale,CA,California,6037,Los Angeles,33.8884,-118.3531,32389,6334,polygon,FALSE,TRUE,America/Los_Angeles,2
1499,Southlake,Southlake,TX,Texas,48439,Tarrant,32.9545,-97.1503,32376,572,polygon,FALSE,TRUE,America/Chicago,3
1500,Savage,Savage,MN,Minnesota,27139,Scott,44.7544,-93.3631,32362,801,polygon,FALSE,TRUE,America/Chicago,3
1501,Redan,Redan,GA,Georgia,13089,DeKalb,33.7394,-84.1644,32357,1545,polygon,FALSE,FALSE,America/New_York,3
1502,Des Moines,Des Moines,WA,Washington,53033,King,47.3915,-122.3157,32348,1947,polygon,FALSE,TRUE,America/Los_Angeles,3
1503,Bethel Park,Bethel Park,PA,Pennsylvania,42003,Allegheny,40.3239,-80.0364,32345,1070,polygon,FALSE,TRUE,America/New_York,3
1504,Franklin Square,Franklin Square,NY,New York,36059,Nassau,40.7002,-73.6775,32329,4337,polygon,FALSE,FALSE,America/New_York,2
1505,East Lake,East Lake,FL,Florida,12103,Pinellas,28.1205,-82.6868,32315,434,polygon,FALSE,FALSE,America/New_York,3
1506,Kahului,Kahului,HI,Hawaii,15009,Maui,20.8715,-156.4603,32312,867,polygon,FALSE,FALSE,Pacific/Honolulu,3
1507,Dania Beach,Dania Beach,FL,Florida,12011,Broward,26.0594,-80.1637,32271,1595,polygon,FALSE,TRUE,America/New_York,3
1508,Spring Valley,Spring Valley,NY,New York,36087,Rockland,41.1151,-74.0486,32261,6195,polygon,FALSE,TRUE,America/New_York,2
1509,Bowling Green,Bowling Green,OH,Ohio,39173,Wood,41.3773,-83.65,32249,960,polygon,FALSE,TRUE,America/New_York,3
1510,College Park,College Park,MD,Maryland,24033,Prince George's,38.996,-76.9337,32163,2213,polygon,FALSE,TRUE,America/New_York,2
1511,Coos Bay,Coos Bay,OR,Oregon,41011,Coos,43.3789,-124.233,32159,594,polygon,FALSE,TRUE,America/Los_Angeles,3
1512,Smithfield,Smithfield,NC,North Carolina,37101,Johnston,35.5131,-78.3497,32156,420,polygon,FALSE,TRUE,America/New_York,3
1513,Spanaway,Spanaway,WA,Washington,53053,Pierce,47.0979,-122.4233,32150,1418,polygon,FALSE,FALSE,America/Los_Angeles,3
1514,Clearfield,Clearfield,UT,Utah,49011,Davis,41.103,-112.0237,32118,1607,polygon,FALSE,TRUE,America/Denver,3
1515,Liberty,Liberty,MO,Missouri,29047,Clay,39.2394,-94.4191,32100,429,polygon,FALSE,TRUE,America/Chicago,3
1516,Marrero,Marrero,LA,Louisiana,22051,Jefferson,29.8871,-90.1127,32088,1720,polygon,FALSE,FALSE,America/Chicago,3
1517,Eastpointe,Eastpointe,MI,Michigan,26099,Macomb,42.4657,-82.9461,32081,2401,polygon,FALSE,TRUE,America/Detroit,2
1518,Pekin,Pekin,IL,Illinois,17179,Tazewell,40.5679,-89.6262,32045,848,polygon,FALSE,TRUE,America/Chicago,3
1519,Westlake,Westlake,OH,Ohio,39035,Cuyahoga,41.4524,-81.9295,32032,776,polygon,FALSE,TRUE,America/New_York,3
1520,Centereach,Centereach,NY,New York,36103,Suffolk,40.8696,-73.0808,32028,1416,polygon,FALSE,FALSE,America/New_York,3
1521,Chillicothe,Chillicothe,OH,Ohio,39141,Ross,39.3393,-82.9937,31999,804,polygon,FALSE,TRUE,America/New_York,3
1522,La Verne,La Verne,CA,California,6037,Los Angeles,34.1208,-117.7702,31974,1463,polygon,FALSE,TRUE,America/Los_Angeles,3
1523,Placerville,Placerville,CA,California,6017,El Dorado,38.7308,-120.7978,31943,738,polygon,FALSE,TRUE,America/Los_Angeles,3
1524,Martinsville,Martinsville,VA,Virginia,51690,Martinsville,36.6827,-79.8636,31871,442,polygon,FALSE,TRUE,America/New_York,3
1525,Rome,Rome,NY,New York,36065,Oneida,43.226,-75.4909,31863,165,polygon,FALSE,TRUE,America/New_York,3
1526,Pueblo West,Pueblo West,CO,Colorado,8101,Pueblo,38.3551,-104.7266,31860,174,polygon,FALSE,FALSE,America/Denver,3
1527,Central Islip,Central Islip,NY,New York,36103,Suffolk,40.7837,-73.1945,31846,1729,polygon,FALSE,FALSE,America/New_York,3
1528,Uniondale,Uniondale,NY,New York,36059,Nassau,40.7176,-73.5947,31828,2152,polygon,FALSE,FALSE,America/New_York,2
1529,Garfield,Garfield,NJ,New Jersey,34003,Bergen,40.8791,-74.1085,31802,5816,polygon,FALSE,TRUE,America/New_York,2
1530,Prairieville,Prairieville,LA,Louisiana,22005,Ascension,30.3151,-90.9571,31721,556,polygon,FALSE,FALSE,America/Chicago,3
1531,Parkville,Parkville,MD,Maryland,24005,Baltimore,39.3832,-76.5519,31633,2850,polygon,FALSE,FALSE,America/New_York,2
1532,Spring Valley,Spring Valley,CA,California,6073,San Diego,32.7316,-116.9766,31591,1661,polygon,FALSE,FALSE,America/Los_Angeles,3
1533,Bel Air North,Bel Air North,MD,Maryland,24025,Harford,39.5544,-76.3733,31582,763,polygon,FALSE,TRUE,America/New_York,3
1534,Hopkinsville,Hopkinsville,KY,Kentucky,21047,Christian,36.8386,-87.4776,31569,372,polygon,FALSE,TRUE,America/Chicago,3
1535,Rochester,Rochester,NH,New Hampshire,33017,Strafford,43.299,-70.9787,31526,270,polygon,FALSE,TRUE,America/New_York,3
1536,Milledgeville,Milledgeville,GA,Georgia,13009,Baldwin,33.0874,-83.2414,31471,355,polygon,FALSE,TRUE,America/New_York,3
1537,Syracuse,Syracuse,UT,Utah,49011,Davis,41.086,-112.0698,31458,1195,polygon,FALSE,TRUE,America/Denver,3
1538,Eldersburg,Eldersburg,MD,Maryland,24013,Carroll,39.4041,-76.9529,31454,304,polygon,FALSE,FALSE,America/New_York,3
1539,Sherwood,Sherwood,AR,Arkansas,5119,Pulaski,34.8508,-92.2028,31436,582,polygon,FALSE,TRUE,America/Chicago,3
1540,Garner,Garner,NC,North Carolina,37183,Wake,35.6934,-78.6196,31407,762,polygon,FALSE,TRUE,America/New_York,3
1541,Key West,Key West,FL,Florida,12087,Monroe,24.5637,-81.7768,31401,1665,polygon,FALSE,TRUE,America/New_York,3
1542,Miami Lakes,Miami Lakes,FL,Florida,12086,Miami-Dade,25.9125,-80.3214,31367,2140,polygon,FALSE,TRUE,America/New_York,2
1543,Petersburg,Petersburg,VA,Virginia,51730,Petersburg,37.2043,-77.3913,31346,532,polygon,FALSE,TRUE,America/New_York,3
1544,North Olmsted,North Olmsted,OH,Ohio,39035,Cuyahoga,41.415,-81.919,31341,1036,polygon,FALSE,TRUE,America/New_York,3
1545,Wheat Ridge,Wheat Ridge,CO,Colorado,8059,Jefferson,39.7728,-105.1029,31324,1294,polygon,FALSE,TRUE,America/Denver,3
1546,Cibolo,Cibolo,TX,Texas,48187,Guadalupe,29.5639,-98.2123,31281,584,polygon,FALSE,TRUE,America/Chicago,3
1547,Alliance,Alliance,OH,Ohio,39151,Stark,40.9107,-81.1189,31255,919,polygon,FALSE,TRUE,America/New_York,3
1548,Banning,Banning,CA,California,6065,Riverside,33.946,-116.8992,31221,518,polygon,FALSE,TRUE,America/Los_Angeles,3
1549,Laguna Hills,Laguna Hills,CA,California,6059,Orange,33.592,-117.6992,31207,1824,polygon,FALSE,TRUE,America/Los_Angeles,3
1550,Princeton,Princeton,NJ,New Jersey,34021,Mercer,40.3563,-74.6693,31187,670,polygon,FALSE,TRUE,America/New_York,3
1551,Athens,Athens,AL,Alabama,1083,Limestone,34.7847,-86.951,31187,265,polygon,FALSE,TRUE,America/Chicago,3
1552,Oceanside,Oceanside,NY,New York,36059,Nassau,40.6328,-73.6364,31185,2442,polygon,FALSE,FALSE,America/New_York,2
1553,Springfield,Springfield,VA,Virginia,51059,Fairfax,38.7809,-77.1839,31117,1530,polygon,FALSE,FALSE,America/New_York,3
1554,Naugatuck,Naugatuck,CT,Connecticut,9009,New Haven,41.489,-73.0518,31108,736,polygon,FALSE,TRUE,America/New_York,3
1555,Columbus,Columbus,MS,Mississippi,28087,Lowndes,33.5088,-88.4096,31084,363,polygon,FALSE,TRUE,America/Chicago,3
1556,South Riding,South Riding,VA,Virginia,51107,Loudoun,38.912,-77.5132,31071,1750,polygon,FALSE,FALSE,America/New_York,3
1557,Mundelein,Mundelein,IL,Illinois,17097,Lake,42.2691,-88.0101,31051,1257,polygon,FALSE,TRUE,America/Chicago,3
1558,Fair Oaks,Fair Oaks,CA,California,6067,Sacramento,38.6504,-121.2497,31002,1101,polygon,FALSE,FALSE,America/Los_Angeles,3
1559,San Pablo,San Pablo,CA,California,6013,Contra Costa,37.9628,-122.3425,30990,4550,polygon,FALSE,TRUE,America/Los_Angeles,2
1560,Rexburg,Rexburg,ID,Idaho,16065,Madison,43.8224,-111.792,30979,1134,polygon,FALSE,TRUE,America/Boise,3
1561,Nogales,Nogales,AZ,Arizona,4023,Santa Cruz,31.3624,-110.9336,30917,372,polygon,FALSE,TRUE,America/Phoenix,3
1562,Nicholasville,Nicholasville,KY,Kentucky,21113,Jessamine,37.8902,-84.5669,30912,823,polygon,FALSE,TRUE,America/New_York,3
1563,Goleta,Goleta,CA,California,6083,Santa Barbara,34.436,-119.8596,30911,1520,polygon,FALSE,TRUE,America/Los_Angeles,3
1564,Opelika,Opelika,AL,Alabama,1081,Lee,32.6612,-85.3769,30908,202,polygon,FALSE,TRUE,America/Chicago,3
1565,Butte,Butte,MT,Montana,30093,Silver Bow,45.902,-112.6571,30904,18,polygon,FALSE,TRUE,America/Denver,3
1566,Algonquin,Algonquin,IL,Illinois,17111,McHenry,42.1629,-88.3159,30897,969,polygon,FALSE,TRUE,America/Chicago,3
1567,Lakeside,Lakeside,FL,Florida,12019,Clay,30.1356,-81.7674,30890,886,polygon,FALSE,FALSE,America/New_York,3
1568,Burlingame,Burlingame,CA,California,6081,San Mateo,37.586,-122.3669,30889,2707,polygon,FALSE,TRUE,America/Los_Angeles,2
1569,Aiken,Aiken,SC,South Carolina,45003,Aiken,33.531,-81.7268,30869,565,polygon,FALSE,TRUE,America/New_York,3
1570,Princeton,Princeton,FL,Florida,12086,Miami-Dade,25.5396,-80.3971,30852,1605,polygon,FALSE,FALSE,America/New_York,3
1571,Lawrenceville,Lawrenceville,GA,Georgia,13135,Gwinnett,33.9523,-83.9931,30834,874,polygon,FALSE,TRUE,America/New_York,3
1572,Winter Park,Winter Park,FL,Florida,12095,Orange,28.5987,-81.3438,30825,1361,polygon,FALSE,TRUE,America/New_York,3
1573,Granger,Granger,IN,Indiana,18141,St. Joseph,41.7373,-86.135,30815,477,polygon,FALSE,FALSE,America/Indiana/Indianapolis,3
1574,Fitchburg,Fitchburg,WI,Wisconsin,55025,Dane,42.9859,-89.4255,30792,340,polygon,FALSE,TRUE,America/Chicago,3
1575,Wooster,Wooster,OH,Ohio,39169,Wayne,40.8171,-81.9335,30750,597,polygon,FALSE,TRUE,America/New_York,3
1576,Fountain,Fountain,CO,Colorado,8041,El Paso,38.6886,-104.6829,30735,527,polygon,FALSE,TRUE,America/Denver,3
1577,Brooklyn Center,Brooklyn Center,MN,Minnesota,27053,Hennepin,45.0681,-93.3162,30690,1480,polygon,FALSE,TRUE,America/Chicago,3
1578,Bay Shore,Bay Shore,NY,New York,36103,Suffolk,40.7317,-73.2505,30685,2193,polygon,FALSE,FALSE,America/New_York,2
1579,Kerrville,Kerrville,TX,Texas,48265,Kerr,30.0398,-99.132,30623,418,polygon,FALSE,TRUE,America/Chicago,3
1580,Barstow,Barstow,CA,California,6071,San Bernardino,34.8661,-117.0472,30605,223,polygon,FALSE,TRUE,America/Los_Angeles,3
1581,Canton,Canton,GA,Georgia,13057,Cherokee,34.2467,-84.49,30528,649,polygon,FALSE,TRUE,America/New_York,3
1582,Auburn,Auburn,NY,New York,36011,Cayuga,42.9338,-76.5684,30507,1212,polygon,FALSE,TRUE,America/New_York,3
1583,Orcutt,Orcutt,CA,California,6083,Santa Barbara,34.8668,-120.4269,30493,1058,polygon,FALSE,FALSE,America/Los_Angeles,3
1584,Crown Point,Crown Point,IN,Indiana,18089,Lake,41.4141,-87.3457,30488,660,polygon,FALSE,TRUE,America/Chicago,3
1585,Windsor,Windsor,CO,Colorado,8123,Weld,40.4693,-104.9213,30477,469,polygon,FALSE,TRUE,America/Denver,3
1586,Gloucester,Gloucester,MA,Massachusetts,25009,Essex,42.626,-70.6897,30430,448,polygon,FALSE,TRUE,America/New_York,3
1587,Sterling,Sterling,VA,Virginia,51107,Loudoun,39.0052,-77.405,30403,2152,polygon,FALSE,FALSE,America/New_York,2
1588,Gurnee,Gurnee,IL,Illinois,17097,Lake,42.3708,-87.9392,30378,868,polygon,FALSE,TRUE,America/Chicago,3
1589,Orangeburg,Orangeburg,SC,South Carolina,45075,Orangeburg,33.4928,-80.867,30365,542,polygon,FALSE,TRUE,America/New_York,3
1590,Holladay,Holladay,UT,Utah,49035,Salt Lake,40.6599,-111.8226,30325,1379,polygon,FALSE,TRUE,America/Denver,3
1591,Fuquay-Varina,Fuquay-Varina,NC,North Carolina,37183,Wake,35.5958,-78.7794,30324,770,polygon,FALSE,TRUE,America/New_York,3
1592,Chamblee,Chamblee,GA,Georgia,13089,DeKalb,33.8842,-84.3008,30307,1518,polygon,FALSE,TRUE,America/New_York,3
1593,Ladera Ranch,Ladera Ranch,CA,California,6059,Orange,33.5491,-117.6416,30288,2379,polygon,FALSE,FALSE,America/Los_Angeles,2
1594,Peru,Peru,IL,Illinois,17099,LaSalle,41.3484,-89.137,30287,390,polygon,FALSE,TRUE,America/Chicago,3
1595,Cornelius,Cornelius,NC,North Carolina,37119,Mecklenburg,35.4725,-80.8801,30257,907,polygon,FALSE,TRUE,America/New_York,3
1596,North Tonawanda,North Tonawanda,NY,New York,36063,Niagara,43.0457,-78.8659,30245,1156,polygon,FALSE,TRUE,America/New_York,3
1597,Long Branch,Long Branch,NJ,New Jersey,34025,Monmouth,40.2965,-73.9915,30241,2278,polygon,FALSE,TRUE,America/New_York,2
1598,Santa Paula,Santa Paula,CA,California,6111,Ventura,34.3521,-119.0698,30233,2534,polygon,FALSE,TRUE,America/Los_Angeles,2
1599,Los Gatos,Los Gatos,CA,California,6085,Santa Clara,37.2303,-121.956,30222,1024,polygon,FALSE,TRUE,America/Los_Angeles,3
1600,Westchester,Westchester,FL,Florida,12086,Miami-Dade,25.7474,-80.3358,30210,2943,polygon,FALSE,FALSE,America/New_York,2
1601,South Lake Tahoe,South Lake Tahoe,CA,California,6017,El Dorado,38.9393,-119.9828,30188,844,polygon,FALSE,TRUE,America/Los_Angeles,3
1602,San Carlos,San Carlos,CA,California,6081,San Mateo,37.4982,-122.268,30185,2113,polygon,FALSE,TRUE,America/Los_Angeles,2
1603,Clinton,Clinton,IA,Iowa,19045,Clinton,41.8434,-90.2408,30177,275,polygon,FALSE,TRUE,America/Chicago,3
1604,Saratoga,Saratoga,CA,California,6085,Santa Clara,37.2684,-122.0263,30153,911,polygon,FALSE,TRUE,America/Los_Angeles,3
1605,Golden Gate,Golden Gate,FL,Florida,12021,Collier,26.1844,-81.7031,30104,2976,polygon,FALSE,FALSE,America/New_York,2
1606,Los Altos,Los Altos,CA,California,6085,Santa Clara,37.3685,-122.0966,30089,1792,polygon,FALSE,TRUE,America/Los_Angeles,3
1607,Ballwin,Ballwin,MO,Missouri,29189,St. Louis,38.5951,-90.55,30082,1293,polygon,FALSE,TRUE,America/Chicago,3
1608,Atascadero,Atascadero,CA,California,6079,San Luis Obispo,35.4827,-120.6858,30075,445,polygon,FALSE,TRUE,America/Los_Angeles,3
1609,North Royalton,North Royalton,OH,Ohio,39035,Cuyahoga,41.3138,-81.7452,30068,544,polygon,FALSE,TRUE,America/New_York,3
1610,Somerset,Somerset,KY,Kentucky,21199,Pulaski,37.0815,-84.6091,30053,381,polygon,FALSE,TRUE,America/New_York,3
1611,Milford Mill,Milford Mill,MD,Maryland,24005,Baltimore,39.3444,-76.7668,29974,1666,polygon,FALSE,FALSE,America/New_York,3
1612,Stockbridge,Stockbridge,GA,Georgia,13151,Henry,33.5253,-84.2294,29904,844,polygon,FALSE,TRUE,America/New_York,3
1613,East Liverpool,East Liverpool,OH,Ohio,39029,Columbiana,40.6333,-80.5677,29898,870,polygon,FALSE,TRUE,America/New_York,3
1614,Rahway,Rahway,NJ,New Jersey,34039,Union,40.6077,-74.2807,29895,2962,polygon,FALSE,TRUE,America/New_York,2
1615,Madison Heights,Madison Heights,MI,Michigan,26125,Oakland,42.5073,-83.1034,29886,1628,polygon,FALSE,TRUE,America/Detroit,3
1616,Williston,Williston,ND,North Dakota,38105,Williams,48.1814,-103.6364,29844,483,polygon,FALSE,TRUE,America/Chicago,3
1617,Eagle,Eagle,ID,Idaho,16001,Ada,43.7223,-116.3862,29796,376,polygon,FALSE,TRUE,America/Boise,3
1618,Lake Magdalene,Lake Magdalene,FL,Florida,12057,Hillsborough,28.0875,-82.4791,29794,1126,polygon,FALSE,FALSE,America/New_York,3
1619,Carney,Carney,MD,Maryland,24005,Baltimore,39.405,-76.5236,29743,1647,polygon,FALSE,FALSE,America/New_York,3
1620,Maryville,Maryville,TN,Tennessee,47009,Blount,35.7468,-83.9789,29742,665,polygon,FALSE,TRUE,America/New_York,3
1621,Walnut,Walnut,CA,California,6037,Los Angeles,34.0334,-117.8593,29685,1274,polygon,FALSE,TRUE,America/Los_Angeles,3
1622,Suisun City,Suisun City,CA,California,6095,Solano,38.2473,-122.009,29663,2820,polygon,FALSE,TRUE,America/Los_Angeles,2
1623,Garden City,Garden City,KS,Kansas,20055,Finney,37.9754,-100.8529,29659,945,polygon,FALSE,TRUE,America/Chicago,3
1624,Texarkana,Texarkana,AR,Arkansas,5091,Miller,33.4361,-93.996,29657,273,polygon,FALSE,TRUE,America/Chicago,3
1625,Kent,Kent,OH,Ohio,39133,Portage,41.149,-81.361,29646,1247,polygon,FALSE,TRUE,America/New_York,3
1626,North Chicago,North Chicago,IL,Illinois,17097,Lake,42.3172,-87.8596,29615,1430,polygon,FALSE,TRUE,America/Chicago,3
1627,Greenville,Greenville,MS,Mississippi,28151,Washington,33.385,-91.0514,29613,417,polygon,FALSE,TRUE,America/Chicago,3
1628,Aberdeen,Aberdeen,WA,Washington,53027,Grays Harbor,46.9757,-123.8094,29609,595,polygon,FALSE,TRUE,America/Los_Angeles,3
1629,Duluth,Duluth,GA,Georgia,13135,Gwinnett,34.0053,-84.1492,29609,1118,polygon,FALSE,TRUE,America/New_York,3
1630,Winona,Winona,MN,Minnesota,27169,Winona,44.0505,-91.6684,29601,539,polygon,FALSE,TRUE,America/Chicago,3
1631,O'Fallon,O'Fallon,IL,Illinois,17163,St. Clair,38.5976,-89.9155,29583,743,polygon,FALSE,TRUE,America/Chicago,3
1632,Ukiah,Ukiah,CA,California,6045,Mendocino,39.1463,-123.2105,29561,1290,polygon,FALSE,TRUE,America/Los_Angeles,3
1633,Atwater,Atwater,CA,California,6047,Merced,37.3543,-120.5981,29559,1873,polygon,FALSE,TRUE,America/Los_Angeles,3
1634,Sanford,Sanford,ME,Maine,23031,York,43.4244,-70.7573,29535,171,polygon,FALSE,FALSE,America/New_York,3
1635,Highland Park,Highland Park,IL,Illinois,17097,Lake,42.1823,-87.8105,29515,930,polygon,FALSE,TRUE,America/Chicago,3
1636,Drexel Heights,Drexel Heights,AZ,Arizona,4019,Pima,32.1457,-111.0478,29514,585,polygon,FALSE,FALSE,America/Phoenix,3
1637,Westfield,Westfield,NJ,New Jersey,34039,Union,40.6515,-74.3433,29512,1694,polygon,FALSE,TRUE,America/New_York,3
1638,Hermiston,Hermiston,OR,Oregon,41059,Umatilla,45.8323,-119.2858,29512,838,polygon,FALSE,TRUE,America/Los_Angeles,3
1639,Fortuna Foothills,Fortuna Foothills,AZ,Arizona,4027,Yuma,32.6616,-114.3973,29485,284,polygon,FALSE,FALSE,America/Phoenix,3
1640,Oak Park,Oak Park,MI,Michigan,26125,Oakland,42.4649,-83.1824,29431,2204,polygon,FALSE,TRUE,America/Detroit,2
1641,Central,Central,LA,Louisiana,22033,East Baton Rouge,30.5593,-91.0369,29357,182,polygon,FALSE,TRUE,America/Chicago,3
1642,Chicago Heights,Chicago Heights,IL,Illinois,17031,Cook,41.5101,-87.6345,29322,1101,polygon,FALSE,TRUE,America/Chicago,3
1643,East Palo Alto,East Palo Alto,CA,California,6081,San Mateo,37.4671,-122.1352,29314,4489,polygon,FALSE,TRUE,America/Los_Angeles,2
1644,Newberg,Newberg,OR,Oregon,41071,Yamhill,45.3075,-122.9601,29225,1560,polygon,FALSE,TRUE,America/Los_Angeles,3
1645,Lewes,Lewes,DE,Delaware,10005,Sussex,38.7777,-75.1448,29187,308,polygon,FALSE,TRUE,America/New_York,3
1646,Washington,Washington,UT,Utah,49053,Washington,37.1304,-113.4877,29174,324,polygon,FALSE,TRUE,America/Denver,3
1647,Port Chester,Port Chester,NY,New York,36119,Westchester,41.0052,-73.668,29163,4831,polygon,FALSE,TRUE,America/New_York,2
1648,Oak Ridge,Oak Ridge,TN,Tennessee,47001,Anderson,35.9639,-84.2938,29156,132,polygon,FALSE,TRUE,America/New_York,3
1649,West Falls Church,West Falls Church,VA,Virginia,51059,Fairfax,38.8648,-77.1878,29154,2255,polygon,FALSE,FALSE,America/New_York,2
1650,Laplace,Laplace,LA,Louisiana,22095,St. John the Baptist,30.0731,-90.4758,29147,538,polygon,FALSE,FALSE,America/Chicago,3
1651,Athens,Athens,OH,Ohio,39009,Athens,39.3269,-82.0988,29122,964,polygon,FALSE,TRUE,America/New_York,3
1652,North Attleborough,North Attleborough,MA,Massachusetts,25005,Bristol,41.9699,-71.3345,29116,596,polygon,FALSE,TRUE,America/New_York,3
1653,SeaTac,SeaTac,WA,Washington,53033,King,47.4444,-122.2986,29044,1114,polygon,FALSE,TRUE,America/Los_Angeles,3
1654,Raytown,Raytown,MO,Missouri,29095,Jackson,38.9944,-94.4641,28991,1127,polygon,FALSE,TRUE,America/Chicago,3
1655,Southgate,Southgate,MI,Michigan,26163,Wayne,42.2047,-83.2057,28959,1626,polygon,FALSE,TRUE,America/Detroit,3
1656,Harrison,Harrison,NY,New York,36119,Westchester,41.0233,-73.7192,28943,666,polygon,FALSE,TRUE,America/New_York,3
1657,Niles,Niles,IL,Illinois,17031,Cook,42.0278,-87.8099,28938,1911,polygon,FALSE,TRUE,America/Chicago,3
1658,Fernandina Beach,Fernandina Beach,FL,Florida,12089,Nassau,30.6579,-81.4504,28931,444,polygon,FALSE,TRUE,America/New_York,3
1659,Big Spring,Big Spring,TX,Texas,48227,Howard,32.2387,-101.4802,28913,569,polygon,FALSE,TRUE,America/Chicago,3
1660,Bella Vista,Bella Vista,AR,Arkansas,5007,Benton,36.4667,-94.2707,28872,246,polygon,FALSE,TRUE,America/Chicago,3
1661,Milton,Milton,PA,Pennsylvania,42097,Northumberland,41.009,-76.8507,28851,749,polygon,FALSE,TRUE,America/New_York,3
1662,Morrisville,Morrisville,NC,North Carolina,37183,Wake,35.8367,-78.8348,28846,1277,polygon,FALSE,TRUE,America/New_York,3
1663,Casselberry,Casselberry,FL,Florida,12117,Seminole,28.6625,-81.3218,28757,1601,polygon,FALSE,TRUE,America/New_York,3
1664,Plattsburgh,Plattsburgh,NY,New York,36019,Clinton,44.6951,-73.4563,28740,1495,polygon,FALSE,TRUE,America/New_York,3
1665,Seguin,Seguin,TX,Texas,48187,Guadalupe,29.5889,-97.9671,28735,304,polygon,FALSE,TRUE,America/Chicago,3
1666,Shirley,Shirley,NY,New York,36103,Suffolk,40.7949,-72.8743,28698,965,polygon,FALSE,FALSE,America/New_York,3
1667,Belle Glade,Belle Glade,FL,Florida,12099,Palm Beach,26.692,-80.6672,28665,1094,polygon,FALSE,TRUE,America/New_York,3
1668,Wasco,Wasco,CA,California,6029,Kern,35.5938,-119.3671,28647,1180,polygon,FALSE,TRUE,America/Los_Angeles,3
1669,Lake in the Hills,Lake in the Hills,IL,Illinois,17111,McHenry,42.1913,-88.3476,28634,1082,polygon,FALSE,TRUE,America/Chicago,3
1670,Agawam,Agawam,MA,Massachusetts,25013,Hampden,42.0657,-72.6526,28613,473,polygon,FALSE,TRUE,America/New_York,3
1671,East Lake-Orient Park,East Lake-Orient Park,FL,Florida,12057,Hillsborough,27.9971,-82.3653,28602,691,polygon,FALSE,TRUE,America/New_York,3
1672,Burton,Burton,MI,Michigan,26049,Genesee,42.9974,-83.6175,28574,472,polygon,FALSE,TRUE,America/Detroit,3
1673,Geneva,Geneva,NY,New York,36069,Ontario,42.8644,-76.9827,28563,1158,polygon,FALSE,TRUE,America/New_York,3
1674,Fleming Island,Fleming Island,FL,Florida,12019,Clay,30.0988,-81.7124,28531,695,polygon,FALSE,TRUE,America/New_York,3
1675,Schererville,Schererville,IN,Indiana,18089,Lake,41.486,-87.444,28527,733,polygon,FALSE,TRUE,America/Chicago,3
1676,Independence,Independence,KY,Kentucky,21117,Kenton,38.951,-84.5492,28521,627,polygon,FALSE,TRUE,America/New_York,3
1677,West Springfield,West Springfield,MA,Massachusetts,25013,Hampden,42.1253,-72.6503,28517,658,polygon,FALSE,TRUE,America/New_York,3
1678,Burlington,Burlington,IA,Iowa,19057,Des Moines,40.8072,-91.1247,28474,662,polygon,FALSE,TRUE,America/Chicago,3
1679,Shamokin,Shamokin,PA,Pennsylvania,42097,Northumberland,40.7883,-76.555,28457,3218,polygon,FALSE,TRUE,America/New_York,2
1680,New Iberia,New Iberia,LA,Louisiana,22045,Iberia,30.0049,-91.8202,28454,986,polygon,FALSE,TRUE,America/Chicago,3
1681,Northampton,Northampton,MA,Massachusetts,25015,Hampshire,42.3266,-72.6745,28451,320,polygon,FALSE,TRUE,America/New_York,3
1682,Englewood,Englewood,NJ,New Jersey,34003,Bergen,40.8917,-73.9736,28402,2226,polygon,FALSE,TRUE,America/New_York,2
1683,Austintown,Austintown,OH,Ohio,39099,Mahoning,41.0932,-80.7405,28386,943,polygon,FALSE,FALSE,America/New_York,3
1684,Crofton,Crofton,MD,Maryland,24003,Anne Arundel,39.0144,-76.68,28379,1656,polygon,FALSE,FALSE,America/New_York,3
1685,Mehlville,Mehlville,MO,Missouri,29189,St. Louis,38.5018,-90.3149,28376,1466,polygon,FALSE,FALSE,America/Chicago,3
1686,Zionsville,Zionsville,IN,Indiana,18011,Boone,39.9897,-86.3182,28357,162,polygon,FALSE,TRUE,America/Indiana/Indianapolis,3
1687,Pasadena,Pasadena,MD,Maryland,24003,Anne Arundel,39.1552,-76.5537,28338,732,polygon,FALSE,FALSE,America/New_York,3
1688,Winchester,Winchester,NV,Nevada,32003,Clark,36.1368,-115.1299,28331,2484,polygon,FALSE,FALSE,America/Los_Angeles,2
1689,Vineyard,Vineyard,CA,California,6067,Sacramento,38.4744,-121.319,28315,635,polygon,FALSE,FALSE,America/Los_Angeles,3
1690,Burbank,Burbank,IL,Illinois,17031,Cook,41.7444,-87.7686,28289,2619,polygon,FALSE,TRUE,America/Chicago,2
1691,Lumberton,Lumberton,NC,North Carolina,37155,Robeson,34.6312,-79.0186,28279,446,polygon,FALSE,TRUE,America/New_York,3
1692,Benicia,Benicia,CA,California,6095,Solano,38.0725,-122.1525,28240,849,polygon,FALSE,TRUE,America/Los_Angeles,3
1693,Jacksonville,Jacksonville,AR,Arkansas,5119,Pulaski,34.8807,-92.1302,28235,381,polygon,FALSE,TRUE,America/Chicago,3
1694,Rockledge,Rockledge,FL,Florida,12009,Brevard,28.3201,-80.732,28227,898,polygon,FALSE,TRUE,America/New_York,3
1695,Henderson,Henderson,KY,Kentucky,21101,Henderson,37.8397,-87.5798,28207,675,polygon,FALSE,TRUE,America/Chicago,3
1696,Graham,Graham,WA,Washington,53053,Pierce,47.0407,-122.2756,28194,311,polygon,FALSE,FALSE,America/Los_Angeles,3
1697,Drexel Hill,Drexel Hill,PA,Pennsylvania,42045,Delaware,39.9495,-75.3039,28188,3403,polygon,FALSE,FALSE,America/New_York,2
1698,Monterey,Monterey,CA,California,6053,Monterey,36.5922,-121.8807,28178,1259,polygon,FALSE,TRUE,America/Los_Angeles,3
1699,Converse,Converse,TX,Texas,48029,Bexar,29.5091,-98.3084,28171,1286,polygon,FALSE,TRUE,America/Chicago,3
1700,Granite City,Granite City,IL,Illinois,17119,Madison,38.7292,-90.1266,28158,564,polygon,FALSE,TRUE,America/Chicago,3
1701,Aberdeen,Aberdeen,SD,South Dakota,46013,Brown,45.4646,-98.468,28134,680,polygon,FALSE,TRUE,America/Chicago,3
1702,Perry Hall,Perry Hall,MD,Maryland,24005,Baltimore,39.4067,-76.4781,28129,1557,polygon,FALSE,FALSE,America/New_York,3
1703,Yukon,Yukon,OK,Oklahoma,40017,Canadian,35.5201,-97.7639,28084,408,polygon,FALSE,TRUE,America/Chicago,3
1704,South Laurel,South Laurel,MD,Maryland,24033,Prince George's,39.0603,-76.8456,28048,1341,polygon,FALSE,FALSE,America/New_York,3
1705,Sonora,Sonora,CA,California,6109,Tuolumne,37.9819,-120.3828,28035,593,polygon,FALSE,TRUE,America/Los_Angeles,3
1706,Melrose,Melrose,MA,Massachusetts,25017,Middlesex,42.4556,-71.059,28016,2309,polygon,FALSE,TRUE,America/New_York,2
1707,Wisconsin Rapids,Wisconsin Rapids,WI,Wisconsin,55141,Wood,44.3927,-89.8265,27966,490,polygon,FALSE,TRUE,America/Chicago,3
1708,Galt,Galt,CA,California,6067,Sacramento,38.2693,-121.3,27954,1505,polygon,FALSE,TRUE,America/Los_Angeles,3
1709,Hutto,Hutto,TX,Texas,48491,Williamson,30.5373,-97.5516,27947,1287,polygon,FALSE,TRUE,America/Chicago,3
1710,Forest Hills,Forest Hills,MI,Michigan,26081,Kent,42.9577,-85.4895,27947,219,polygon,FALSE,FALSE,America/Detroit,3
1711,Bixby,Bixby,OK,Oklahoma,40143,Tulsa,35.9454,-95.8773,27944,433,polygon,FALSE,TRUE,America/Chicago,3
1712,Hobart,Hobart,IN,Indiana,18089,Lake,41.5139,-87.2729,27939,411,polygon,FALSE,TRUE,America/Chicago,3
1713,Oakdale,Oakdale,MN,Minnesota,27163,Washington,44.9876,-92.9641,27933,983,polygon,FALSE,TRUE,America/Chicago,3
1714,Mililani Town,Mililani Town,HI,Hawaii,15003,Honolulu,21.4465,-158.0147,27926,2688,polygon,FALSE,FALSE,Pacific/Honolulu,2
1715,Sunbury,Sunbury,PA,Pennsylvania,42097,Northumberland,40.8617,-76.7874,27921,1786,polygon,FALSE,TRUE,America/New_York,3
1716,New Smyrna Beach,New Smyrna Beach,FL,Florida,12127,Volusia,29.0249,-80.9651,27843,285,polygon,FALSE,TRUE,America/New_York,3
1717,Tualatin,Tualatin,OR,Oregon,41067,Washington,45.3772,-122.7746,27837,1314,polygon,FALSE,TRUE,America/Los_Angeles,3
1718,Fridley,Fridley,MN,Minnesota,27003,Anoka,45.0841,-93.2595,27826,1056,polygon,FALSE,TRUE,America/Chicago,3
1719,East Chicago,East Chicago,IN,Indiana,18089,Lake,41.6484,-87.4536,27817,762,polygon,FALSE,TRUE,America/Chicago,3
1720,Kirkwood,Kirkwood,MO,Missouri,29189,St. Louis,38.5788,-90.4203,27807,1170,polygon,FALSE,TRUE,America/Chicago,3
1721,Sanger,Sanger,CA,California,6019,Fresno,36.699,-119.5575,27777,1697,polygon,FALSE,TRUE,America/Los_Angeles,3
1722,Morgan City,Morgan City,LA,Louisiana,22101,St. Mary,29.7041,-91.192,27728,693,polygon,FALSE,TRUE,America/Chicago,3
1723,Ramsey,Ramsey,MN,Minnesota,27003,Anoka,45.2617,-93.4494,27721,370,polygon,FALSE,TRUE,America/Chicago,3
1724,Ruston,Ruston,LA,Louisiana,22061,Lincoln,32.5329,-92.6363,27717,399,polygon,FALSE,TRUE,America/Chicago,3
1725,Jeffersontown,Jeffersontown,KY,Kentucky,21111,Jefferson,38.2048,-85.5701,27715,1034,polygon,FALSE,TRUE,America/New_York,3
1726,Glen Ellyn,Glen Ellyn,IL,Illinois,17043,DuPage,41.8667,-88.0629,27714,1576,polygon,FALSE,TRUE,America/Chicago,3
1727,Isla Vista,Isla Vista,CA,California,6083,Santa Barbara,34.4144,-119.8581,27690,5779,polygon,FALSE,FALSE,America/Los_Angeles,2
1728,Cañon City,Canon City,CO,Colorado,8043,Fremont,38.443,-105.2203,27676,521,polygon,FALSE,TRUE,America/Denver,3
1729,Monticello,Monticello,MN,Minnesota,27171,Wright,45.298,-93.7984,27665,609,polygon,FALSE,TRUE,America/Chicago,3
1730,Ashtabula,Ashtabula,OH,Ohio,39007,Ashtabula,41.8806,-80.7984,27645,894,polygon,FALSE,TRUE,America/New_York,3
1731,Bridgewater,Bridgewater,MA,Massachusetts,25023,Plymouth,41.9728,-70.9749,27619,391,polygon,FALSE,TRUE,America/New_York,3
1732,Mint Hill,Mint Hill,NC,North Carolina,37119,Mecklenburg,35.1782,-80.6533,27617,441,polygon,FALSE,TRUE,America/New_York,3
1733,Statesville,Statesville,NC,North Carolina,37097,Iredell,35.7842,-80.8714,27528,429,polygon,FALSE,TRUE,America/New_York,3
1734,Short Pump,Short Pump,VA,Virginia,51087,Henrico,37.6549,-77.6201,27526,1186,polygon,FALSE,FALSE,America/New_York,3
1735,Gloversville,Gloversville,NY,New York,36035,Fulton,43.0491,-74.3465,27512,1128,polygon,FALSE,TRUE,America/New_York,3
1736,Summerlin South,Summerlin South,NV,Nevada,32003,Clark,36.1242,-115.3324,27506,1096,polygon,FALSE,TRUE,America/Los_Angeles,3
1737,Gladstone,Gladstone,MO,Missouri,29047,Clay,39.2133,-94.5593,27489,1313,polygon,FALSE,TRUE,America/Chicago,3
1738,Fremont,Fremont,NE,Nebraska,31053,Dodge,41.4396,-96.4879,27456,977,polygon,FALSE,TRUE,America/Chicago,3
1739,Garfield Heights,Garfield Heights,OH,Ohio,39035,Cuyahoga,41.4199,-81.6038,27448,1465,polygon,FALSE,TRUE,America/New_York,3
1740,Imperial Beach,Imperial Beach,CA,California,6073,San Diego,32.5689,-117.1184,27440,2464,polygon,FALSE,TRUE,America/Los_Angeles,2
1741,Seneca,Seneca,SC,South Carolina,45073,Oconee,34.6815,-82.9609,27439,418,polygon,FALSE,TRUE,America/New_York,3
1742,Lansing,Lansing,IL,Illinois,17031,Cook,41.5648,-87.5462,27402,1417,polygon,FALSE,TRUE,America/Chicago,3
1743,Millville,Millville,NJ,New Jersey,34011,Cumberland,39.3903,-75.0561,27391,251,polygon,FALSE,TRUE,America/New_York,3
1744,Monroeville,Monroeville,PA,Pennsylvania,42003,Allegheny,40.4262,-79.7605,27380,536,polygon,FALSE,TRUE,America/New_York,3
1745,St. Helens,St. Helens,OR,Oregon,41009,Columbia,45.8571,-122.8164,27353,1104,polygon,FALSE,TRUE,America/Los_Angeles,3
1746,Paragould,Paragould,AR,Arkansas,5055,Greene,36.0555,-90.5149,27328,351,polygon,FALSE,TRUE,America/Chicago,3
1747,Bergenfield,Bergenfield,NJ,New Jersey,34003,Bergen,40.9236,-73.9983,27327,3633,polygon,FALSE,TRUE,America/New_York,2
1748,Deer Park,Deer Park,NY,New York,36103,Suffolk,40.7623,-73.3219,27273,1707,polygon,FALSE,FALSE,America/New_York,3
1749,Horn Lake,Horn Lake,MS,Mississippi,28033,DeSoto,34.9512,-90.0501,27272,656,polygon,FALSE,TRUE,America/Chicago,3
1750,Oakleaf Plantation,Oakleaf Plantation,FL,Florida,12019,Clay,30.1689,-81.8337,27252,640,polygon,FALSE,TRUE,America/New_York,3
1751,Prior Lake,Prior Lake,MN,Minnesota,27139,Scott,44.7251,-93.4409,27241,661,polygon,FALSE,TRUE,America/Chicago,3
1752,Huntley,Huntley,IL,Illinois,17111,McHenry,42.1599,-88.433,27228,735,polygon,FALSE,TRUE,America/Chicago,3
1753,Maple Valley,Maple Valley,WA,Washington,53033,King,47.3659,-122.0368,27202,1749,polygon,FALSE,TRUE,America/Los_Angeles,3
1754,Easton,Easton,PA,Pennsylvania,42095,Northampton,40.6858,-75.2209,27189,2462,polygon,FALSE,TRUE,America/New_York,2
1755,Oak Forest,Oak Forest,IL,Illinois,17031,Cook,41.6054,-87.7527,27173,1746,polygon,FALSE,TRUE,America/Chicago,3
1756,Glen Cove,Glen Cove,NY,New York,36059,Nassau,40.8709,-73.6287,27166,1576,polygon,FALSE,TRUE,America/New_York,3
1757,West Islip,West Islip,NY,New York,36103,Suffolk,40.7097,-73.2971,27149,1662,polygon,FALSE,FALSE,America/New_York,3
1758,West Whittier-Los Nietos,West Whittier-Los Nietos,CA,California,6037,Los Angeles,33.9759,-118.0689,27144,4160,polygon,FALSE,TRUE,America/Los_Angeles,2
1759,Indiana,Indiana,PA,Pennsylvania,42063,Indiana,40.622,-79.1552,27142,2889,polygon,FALSE,TRUE,America/New_York,2
1760,Shoreview,Shoreview,MN,Minnesota,27123,Ramsey,45.0842,-93.1358,27130,972,polygon,FALSE,TRUE,America/Chicago,3
1761,Windsor,Windsor,CA,California,6097,Sonoma,38.5417,-122.8086,27128,1440,polygon,FALSE,TRUE,America/Los_Angeles,3
1762,Sterling,Sterling,IL,Illinois,17195,Whiteside,41.7995,-89.6956,27127,965,polygon,FALSE,TRUE,America/Chicago,3
1763,Colleyville,Colleyville,TX,Texas,48439,Tarrant,32.8913,-97.1486,27091,797,polygon,FALSE,TRUE,America/Chicago,3
1764,Wilmette,Wilmette,IL,Illinois,17031,Cook,42.0771,-87.7282,27089,1936,polygon,FALSE,TRUE,America/Chicago,3
1765,Plum,Plum,PA,Pennsylvania,42003,Allegheny,40.5024,-79.7496,27087,365,polygon,FALSE,TRUE,America/New_York,3
1766,Mount Pleasant,Mount Pleasant,WI,Wisconsin,55101,Racine,42.7129,-87.8875,27082,308,polygon,FALSE,TRUE,America/Chicago,3
1767,Dodge City,Dodge City,KS,Kansas,20057,Ford,37.761,-100.0183,27080,717,polygon,FALSE,TRUE,America/Chicago,3
1768,McHenry,McHenry,IL,Illinois,17111,McHenry,42.3388,-88.2931,27061,722,polygon,FALSE,TRUE,America/Chicago,3
1769,Waterville,Waterville,ME,Maine,23011,Kennebec,44.5441,-69.6624,27054,472,polygon,FALSE,TRUE,America/New_York,3
1770,Norfolk,Norfolk,NE,Nebraska,31119,Madison,42.0327,-97.4208,27032,832,polygon,FALSE,TRUE,America/Chicago,3
1771,Shaker Heights,Shaker Heights,OH,Ohio,39035,Cuyahoga,41.4744,-81.5496,27027,1654,polygon,FALSE,TRUE,America/New_York,3
1772,Erie,Erie,CO,Colorado,8013,Boulder,40.0403,-105.0398,27003,529,polygon,FALSE,TRUE,America/Denver,3
1773,Brownsburg,Brownsburg,IN,Indiana,18063,Hendricks,39.833,-86.3824,27001,660,polygon,FALSE,TRUE,America/Indiana/Indianapolis,3
1774,Chaska,Chaska,MN,Minnesota,27019,Carver,44.8164,-93.6092,26989,612,polygon,FALSE,TRUE,America/Chicago,3
1775,Shelby,Shelby,NC,North Carolina,37045,Cleveland,35.2904,-81.5451,26973,346,polygon,FALSE,TRUE,America/New_York,3
1776,Maywood,Maywood,CA,California,6037,Los Angeles,33.9885,-118.1877,26973,8837,polygon,FALSE,TRUE,America/Los_Angeles,2
1777,Maryland Heights,Maryland Heights,MO,Missouri,29189,St. Louis,38.7189,-90.4749,26956,475,polygon,FALSE,TRUE,America/Chicago,3
1778,Magna,Magna,UT,Utah,49035,Salt Lake,40.7634,-112.1599,26949,688,polygon,FALSE,TRUE,America/Denver,3
1779,Xenia,Xenia,OH,Ohio,39057,Greene,39.6828,-83.9414,26947,799,polygon,FALSE,TRUE,America/New_York,3
1780,Belmont,Belmont,CA,California,6081,San Mateo,37.5154,-122.2955,26941,2244,polygon,FALSE,TRUE,America/Los_Angeles,2
1781,Allen Park,Allen Park,MI,Michigan,26163,Wayne,42.2595,-83.2107,26940,1487,polygon,FALSE,TRUE,America/Detroit,3
1782,Reisterstown,Reisterstown,MD,Maryland,24005,Baltimore,39.4552,-76.8144,26933,2013,polygon,FALSE,FALSE,America/New_York,2
1783,New Lenox,New Lenox,IL,Illinois,17197,Will,41.5097,-87.97,26926,670,polygon,FALSE,TRUE,America/Chicago,3
1784,Hanahan,Hanahan,SC,South Carolina,45015,Berkeley,32.9302,-80.0027,26917,986,polygon,FALSE,TRUE,America/New_York,3
1785,Kinston,Kinston,NC,North Carolina,37107,Lenoir,35.2748,-77.5936,26889,420,polygon,FALSE,TRUE,America/New_York,3
1786,Searcy,Searcy,AR,Arkansas,5145,White,35.2418,-91.7351,26889,498,polygon,FALSE,TRUE,America/Chicago,3
1787,New London,New London,CT,Connecticut,9011,New London,41.3502,-72.1023,26858,1844,polygon,FALSE,TRUE,America/New_York,3
1788,Dix Hills,Dix Hills,NY,New York,36103,Suffolk,40.8035,-73.337,26819,649,polygon,FALSE,FALSE,America/New_York,3
1789,West Chicago,West Chicago,IL,Illinois,17043,DuPage,41.896,-88.2253,26816,673,polygon,FALSE,TRUE,America/Chicago,3
1790,Kiryas Joel,Kiryas Joel,NY,New York,36071,Orange,41.3406,-74.166,26813,7593,polygon,FALSE,TRUE,America/New_York,2
1791,Lemon Grove,Lemon Grove,CA,California,6073,San Diego,32.7331,-117.0344,26811,2668,polygon,FALSE,TRUE,America/Los_Angeles,2
1792,Lindenhurst,Lindenhurst,NY,New York,36103,Suffolk,40.6858,-73.371,26801,2757,polygon,FALSE,TRUE,America/New_York,2
1793,Immokalee,Immokalee,FL,Florida,12021,Collier,26.4253,-81.4251,26773,455,polygon,FALSE,FALSE,America/New_York,3
1794,McDonough,McDonough,GA,Georgia,13151,Henry,33.4399,-84.1509,26768,818,polygon,FALSE,TRUE,America/New_York,3
1795,Bayonet Point,Bayonet Point,FL,Florida,12101,Pasco,28.3254,-82.6834,26740,1792,polygon,FALSE,FALSE,America/New_York,3
1796,West Linn,West Linn,OR,Oregon,41005,Clackamas,45.3669,-122.6399,26736,1393,polygon,FALSE,TRUE,America/Los_Angeles,3
1797,Cortland,Cortland,NY,New York,36023,Cortland,42.6004,-76.1784,26729,1851,polygon,FALSE,TRUE,America/New_York,3
1798,Lemoore,Lemoore,CA,California,6031,Kings,36.2949,-119.7983,26725,1170,polygon,FALSE,TRUE,America/Los_Angeles,3
1799,Alvin,Alvin,TX,Texas,48039,Brazoria,29.3871,-95.2933,26723,426,polygon,FALSE,TRUE,America/Chicago,3
1800,Temescal Valley,Temescal Valley,CA,California,6065,Riverside,33.7581,-117.4677,26709,533,polygon,FALSE,TRUE,America/Los_Angeles,3
1801,Waynesboro,Waynesboro,PA,Pennsylvania,42055,Franklin,39.7525,-77.5822,26694,1231,polygon,FALSE,TRUE,America/New_York,3
1802,Lebanon,Lebanon,NH,New Hampshire,33009,Grafton,43.6353,-72.2531,26666,130,polygon,FALSE,TRUE,America/New_York,3
1803,Thomasville,Thomasville,NC,North Carolina,37057,Davidson,35.8813,-80.0807,26649,613,polygon,FALSE,TRUE,America/New_York,3
1804,Ilchester,Ilchester,MD,Maryland,24027,Howard,39.2187,-76.7684,26647,959,polygon,FALSE,FALSE,America/New_York,3
1805,Temple Terrace,Temple Terrace,FL,Florida,12057,Hillsborough,28.0437,-82.3774,26639,1410,polygon,FALSE,TRUE,America/New_York,3
1806,Lafayette,Lafayette,CA,California,6013,Contra Costa,37.8919,-122.1189,26638,683,polygon,FALSE,TRUE,America/Los_Angeles,3
1807,Norco,Norco,CA,California,6065,Riverside,33.9252,-117.5499,26604,742,polygon,FALSE,TRUE,America/Los_Angeles,3
1808,Vernon Hills,Vernon Hills,IL,Illinois,17097,Lake,42.234,-87.9608,26521,1322,polygon,FALSE,TRUE,America/Chicago,3
1809,Pearl,Pearl,MS,Mississippi,28121,Rankin,32.273,-90.0918,26510,401,polygon,FALSE,TRUE,America/Chicago,3
1810,Marquette,Marquette,MI,Michigan,26103,Marquette,46.544,-87.4082,26491,715,polygon,FALSE,TRUE,America/Detroit,3
1811,Citrus Park,Citrus Park,FL,Florida,12057,Hillsborough,28.073,-82.5628,26473,1005,polygon,FALSE,FALSE,America/New_York,3
1812,Sedalia,Sedalia,MO,Missouri,29159,Pettis,38.7042,-93.2351,26473,619,polygon,FALSE,TRUE,America/Chicago,3
1813,Bessemer,Bessemer,AL,Alabama,1073,Jefferson,33.3709,-86.9713,26472,252,polygon,FALSE,TRUE,America/Chicago,3
1814,Batavia,Batavia,IL,Illinois,17089,Kane,41.8479,-88.311,26420,968,polygon,FALSE,TRUE,America/Chicago,3
1815,Garden City,Garden City,MI,Michigan,26163,Wayne,42.3244,-83.3412,26408,1739,polygon,FALSE,TRUE,America/Detroit,3
1816,Chanhassen,Chanhassen,MN,Minnesota,27019,Carver,44.8544,-93.5621,26389,499,polygon,FALSE,TRUE,America/Chicago,3
1817,Cabot,Cabot,AR,Arkansas,5085,Lonoke,34.9768,-92.0274,26352,490,polygon,FALSE,TRUE,America/Chicago,3
1818,Vicksburg,Vicksburg,MS,Mississippi,28149,Warren,32.3173,-90.8868,26340,253,polygon,FALSE,TRUE,America/Chicago,3
1819,University Park,University Park,FL,Florida,12086,Miami-Dade,25.7469,-80.3684,26317,2546,polygon,FALSE,FALSE,America/New_York,2
1820,Brawley,Brawley,CA,California,6025,Imperial,32.9783,-115.5287,26309,1247,polygon,FALSE,TRUE,America/Los_Angeles,3
1821,Neenah,Neenah,WI,Wisconsin,55139,Winnebago,44.167,-88.4764,26300,1093,polygon,FALSE,TRUE,America/Chicago,3
1822,Snoqualmie,Snoqualmie,WA,Washington,53033,King,47.5293,-121.8412,26289,732,polygon,FALSE,TRUE,America/Los_Angeles,3
1823,Holbrook,Holbrook,NY,New York,36103,Suffolk,40.7944,-73.0707,26286,1414,polygon,FALSE,FALSE,America/New_York,3
1824,Troy,Troy,OH,Ohio,39109,Miami,40.0436,-84.2191,26281,840,polygon,FALSE,TRUE,America/New_York,3
1825,West Odessa,West Odessa,TX,Texas,48135,Ector,31.8388,-102.4996,26278,161,polygon,FALSE,FALSE,America/Chicago,3
1826,Hercules,Hercules,CA,California,6013,Contra Costa,38.0064,-122.2564,26276,1582,polygon,FALSE,TRUE,America/Los_Angeles,3
1827,Lake City,Lake City,FL,Florida,12023,Columbia,30.1901,-82.647,26271,402,polygon,FALSE,TRUE,America/New_York,3
1828,Lochearn,Lochearn,MD,Maryland,24005,Baltimore,39.346,-76.7307,26271,1814,polygon,FALSE,FALSE,America/New_York,3
1829,Paramus,Paramus,NJ,New Jersey,34003,Bergen,40.9455,-74.0712,26264,970,polygon,FALSE,TRUE,America/New_York,3
1830,Greenville,Greenville,TX,Texas,48231,Hunt,33.1116,-96.1098,26261,344,polygon,FALSE,TRUE,America/Chicago,3
1831,Okeechobee,Okeechobee,FL,Florida,12093,Okeechobee,27.2414,-80.8298,26256,553,polygon,FALSE,TRUE,America/New_York,3
1832,Edgewood,Edgewood,MD,Maryland,24025,Harford,39.421,-76.2968,26219,569,polygon,TRUE,TRUE,America/New_York,3
1833,Soledad,Soledad,CA,California,6053,Monterey,36.4432,-121.3426,26207,2240,polygon,FALSE,TRUE,America/Los_Angeles,2
1834,Muscatine,Muscatine,IA,Iowa,19139,Muscatine,41.4196,-91.068,26168,501,polygon,FALSE,TRUE,America/Chicago,3
1835,Boone,Boone,NC,North Carolina,37189,Watauga,36.2111,-81.6668,26146,1203,polygon,FALSE,TRUE,America/New_York,3
1836,Moscow,Moscow,ID,Idaho,16057,Latah,46.7307,-116.9986,26145,1436,polygon,FALSE,TRUE,America/Los_Angeles,3
1837,Cliffside Park,Cliffside Park,NJ,New Jersey,34003,Bergen,40.8221,-73.988,26133,10556,polygon,FALSE,TRUE,America/New_York,2
1838,Sebastian,Sebastian,FL,Florida,12061,Indian River,27.7882,-80.4813,26118,720,polygon,FALSE,TRUE,America/New_York,3
1839,Northport,Northport,AL,Alabama,1125,Tuscaloosa,33.2589,-87.5984,26115,596,polygon,FALSE,TRUE,America/Chicago,3
1840,Natchez,Natchez,MS,Mississippi,28001,Adams,31.5437,-91.3867,26095,356,polygon,FALSE,TRUE,America/Chicago,3
1841,Winchester,Winchester,KY,Kentucky,21049,Clark,38.0017,-84.1907,26083,783,polygon,FALSE,TRUE,America/New_York,3
1842,Leisure City,Leisure City,FL,Florida,12086,Miami-Dade,25.4937,-80.4369,26080,2958,polygon,FALSE,FALSE,America/New_York,2
1843,East St. Louis,East St. Louis,IL,Illinois,17163,St. Clair,38.6156,-90.1304,26047,722,polygon,FALSE,TRUE,America/Chicago,3
1844,Sachse,Sachse,TX,Texas,48113,Dallas,32.9726,-96.5793,26046,1029,polygon,FALSE,TRUE,America/Chicago,3
1845,Paris,Paris,TX,Texas,48277,Lamar,33.6688,-95.546,26010,272,polygon,FALSE,TRUE,America/Chicago,3
1846,Haines City,Haines City,FL,Florida,12105,Polk,28.11,-81.6157,26009,532,polygon,FALSE,TRUE,America/New_York,3
1847,Mason City,Mason City,IA,Iowa,19033,Cerro Gordo,43.1487,-93.1998,26005,374,polygon,FALSE,TRUE,America/Chicago,3
1848,Marshalltown,Marshalltown,IA,Iowa,19127,Marshall,42.0341,-92.9067,25994,533,polygon,FALSE,TRUE,America/Chicago,3
1849,Superior,Superior,WI,Wisconsin,55031,Douglas,46.6941,-92.0823,25977,273,polygon,FALSE,TRUE,America/Chicago,3
1850,Timberwood Park,Timberwood Park,TX,Texas,48029,Bexar,29.6994,-98.4838,25976,491,polygon,FALSE,FALSE,America/Chicago,3
1851,Medina,Medina,OH,Ohio,39103,Medina,41.1358,-81.8694,25956,866,polygon,FALSE,TRUE,America/New_York,3
1852,Conway,Conway,SC,South Carolina,45051,Horry,33.8399,-79.0424,25956,436,polygon,FALSE,TRUE,America/New_York,3
1853,Barberton,Barberton,OH,Ohio,39153,Summit,41.0094,-81.6038,25953,1111,polygon,FALSE,TRUE,America/New_York,3
1854,Española,Espanola,NM,New Mexico,35039,Rio Arriba,36.0041,-106.0669,25952,497,polygon,FALSE,TRUE,America/Denver,3
1855,Rock Springs,Rock Springs,WY,Wyoming,56037,Sweetwater,41.5951,-109.2238,25913,451,polygon,FALSE,TRUE,America/Denver,3
1856,Plainview,Plainview,NY,New York,36059,Nassau,40.7832,-73.4732,25902,1747,polygon,FALSE,FALSE,America/New_York,3
1857,Mercer Island,Mercer Island,WA,Washington,53033,King,47.5661,-122.232,25894,1566,polygon,FALSE,TRUE,America/Los_Angeles,3
1858,Heber,Heber,UT,Utah,49051,Wasatch,40.5068,-111.3984,25877,743,polygon,FALSE,TRUE,America/Denver,3
1859,White Bear Lake,White Bear Lake,MN,Minnesota,27123,Ramsey,45.0657,-93.015,25875,1238,polygon,FALSE,TRUE,America/Chicago,3
1860,Laurel,Laurel,MS,Mississippi,28067,Jones,31.6956,-89.1448,25844,436,polygon,FALSE,TRUE,America/Chicago,3
1861,Cave Spring,Cave Spring,VA,Virginia,51161,Roanoke,37.2254,-80.0073,25793,834,polygon,FALSE,FALSE,America/New_York,3
1862,Woodstock,Woodstock,IL,Illinois,17111,McHenry,42.3096,-88.4352,25786,745,polygon,FALSE,TRUE,America/Chicago,3
1863,Ewa Gentry,Ewa Gentry,HI,Hawaii,15003,Honolulu,21.3344,-158.0262,25752,4666,polygon,FALSE,FALSE,Pacific/Honolulu,2
1864,Green,Green,OH,Ohio,39153,Summit,40.9483,-81.4757,25752,310,polygon,FALSE,TRUE,America/New_York,3
1865,Decatur,Decatur,GA,Georgia,13089,DeKalb,33.7711,-84.2968,25696,2236,polygon,FALSE,TRUE,America/New_York,2
1866,Pooler,Pooler,GA,Georgia,13051,Chatham,32.1043,-81.2568,25694,358,polygon,FALSE,TRUE,America/New_York,3
1867,Madison,Madison,MS,Mississippi,28089,Madison,32.4738,-90.13,25661,392,polygon,FALSE,TRUE,America/Chicago,3
1868,Lancaster,Lancaster,SC,South Carolina,45057,Lancaster,34.7247,-80.7801,25649,546,polygon,FALSE,TRUE,America/New_York,3
1869,South Bradenton,South Bradenton,FL,Florida,12081,Manatee,27.4612,-82.5821,25646,2205,polygon,FALSE,FALSE,America/New_York,2
1870,Laurel,Laurel,MD,Maryland,24033,Prince George's,39.095,-76.8622,25631,2055,polygon,FALSE,TRUE,America/New_York,2
1871,Austin,Austin,MN,Minnesota,27099,Mower,43.6718,-92.9783,25626,746,polygon,FALSE,TRUE,America/Chicago,3
1872,Lockport,Lockport,IL,Illinois,17197,Will,41.5904,-88.0292,25615,869,polygon,FALSE,TRUE,America/Chicago,3
1873,Franklin,Franklin,IN,Indiana,18081,Johnson,39.4938,-86.0546,25608,735,polygon,FALSE,TRUE,America/Indiana/Indianapolis,3
1874,South Salt Lake,South Salt Lake,UT,Utah,49035,Salt Lake,40.7056,-111.8986,25582,1422,polygon,FALSE,TRUE,America/Denver,3
1875,Tarpon Springs,Tarpon Springs,FL,Florida,12103,Pinellas,28.1493,-82.7623,25577,1082,polygon,FALSE,TRUE,America/New_York,3
1876,Sevierville,Sevierville,TN,Tennessee,47155,Sevier,35.8873,-83.5677,25557,275,polygon,FALSE,TRUE,America/New_York,3
1877,Bluffton,Bluffton,SC,South Carolina,45013,Beaufort,32.2135,-80.9316,25557,189,polygon,FALSE,TRUE,America/New_York,3
1878,Forest Grove,Forest Grove,OR,Oregon,41067,Washington,45.5244,-123.1101,25553,1685,polygon,FALSE,TRUE,America/Los_Angeles,3
1879,Holt,Holt,MI,Michigan,26065,Ingham,42.6416,-84.5307,25536,629,polygon,FALSE,FALSE,America/Detroit,3
1880,South Portland,South Portland,ME,Maine,23005,Cumberland,43.631,-70.2895,25532,816,polygon,FALSE,TRUE,America/New_York,3
1881,Denison,Denison,TX,Texas,48181,Grayson,33.7672,-96.5807,25529,344,polygon,FALSE,TRUE,America/Chicago,3
1882,El Cerrito,El Cerrito,CA,California,6013,Contra Costa,37.9197,-122.3025,25508,2693,polygon,FALSE,TRUE,America/Los_Angeles,2
1883,Owatonna,Owatonna,MN,Minnesota,27147,Steele,44.0914,-93.2304,25498,682,polygon,FALSE,TRUE,America/Chicago,3
1884,Sun City West,Sun City West,AZ,Arizona,4013,Maricopa,33.6693,-112.3575,25444,905,polygon,FALSE,FALSE,America/Phoenix,3
1885,San Lorenzo,San Lorenzo,CA,California,6001,Alameda,37.6737,-122.1349,25388,3531,polygon,FALSE,FALSE,America/Los_Angeles,2
1886,Claremore,Claremore,OK,Oklahoma,40131,Rogers,36.3143,-95.6099,25384,489,polygon,FALSE,TRUE,America/Chicago,3
1887,Homewood,Homewood,AL,Alabama,1073,Jefferson,33.4617,-86.8092,25377,1174,polygon,FALSE,TRUE,America/Chicago,3
1888,Fort Hood,Fort Hood,TX,Texas,48027,Bell,31.1345,-97.7797,25365,624,polygon,TRUE,TRUE,America/Chicago,3
1889,Middle River,Middle River,MD,Maryland,24005,Baltimore,39.3345,-76.4318,25346,1258,polygon,FALSE,FALSE,America/New_York,3
1890,Farmington,Farmington,UT,Utah,49011,Davis,40.9846,-111.9065,25339,983,polygon,FALSE,TRUE,America/Denver,3
1891,South Pasadena,South Pasadena,CA,California,6037,Los Angeles,34.1103,-118.1573,25329,2870,polygon,FALSE,TRUE,America/Los_Angeles,2
1892,Forest City,Forest City,NC,North Carolina,37161,Rutherford,35.3338,-81.8702,25311,322,polygon,FALSE,TRUE,America/New_York,3
1893,Salem,Salem,VA,Virginia,51775,Salem,37.2864,-80.0555,25301,672,polygon,FALSE,TRUE,America/New_York,3
1894,Bainbridge Island,Bainbridge Island,WA,Washington,53035,Kitsap,47.6439,-122.5434,25298,353,polygon,FALSE,TRUE,America/Los_Angeles,3
1895,Valinda,Valinda,CA,California,6037,Los Angeles,34.0401,-117.93,25296,4849,polygon,FALSE,FALSE,America/Los_Angeles,2
1896,Caledonia,Caledonia,WI,Wisconsin,55101,Racine,42.7986,-87.8762,25277,215,polygon,FALSE,TRUE,America/Chicago,3
1897,Champlin,Champlin,MN,Minnesota,27053,Hennepin,45.1702,-93.3903,25268,1196,polygon,FALSE,TRUE,America/Chicago,3
1898,Coral Terrace,Coral Terrace,FL,Florida,12086,Miami-Dade,25.7464,-80.3049,25234,2899,polygon,FALSE,FALSE,America/New_York,2
1899,Edwardsville,Edwardsville,IL,Illinois,17119,Madison,38.7923,-89.9877,25233,488,polygon,FALSE,TRUE,America/Chicago,3
1900,Fajardo,Fajardo,PR,Puerto Rico,72053,Fajardo,18.333,-65.6592,25229,1197,polygon,FALSE,FALSE,America/Puerto_Rico,3
1901,Palm City,Palm City,FL,Florida,12085,Martin,27.1736,-80.2861,25225,702,polygon,FALSE,FALSE,America/New_York,3
1902,Levittown,Levittown,PR,Puerto Rico,72137,Toa Baja,18.4454,-66.1759,25225,4243,polygon,FALSE,FALSE,America/Puerto_Rico,2
1903,Palm Springs,Palm Springs,FL,Florida,12099,Palm Beach,26.6349,-80.0968,25216,2315,polygon,FALSE,TRUE,America/New_York,2
1904,Elk River,Elk River,MN,Minnesota,27141,Sherburne,45.3314,-93.567,25213,229,polygon,FALSE,TRUE,America/Chicago,3
1905,Rosemount,Rosemount,MN,Minnesota,27037,Dakota,44.7465,-93.0662,25207,292,polygon,FALSE,TRUE,America/Chicago,3
1906,Fountain Hills,Fountain Hills,AZ,Arizona,4013,Maricopa,33.6073,-111.7398,25200,479,polygon,FALSE,TRUE,America/Phoenix,3
1907,Bay Point,Bay Point,CA,California,6013,Contra Costa,38.0329,-121.9614,25165,1506,polygon,FALSE,FALSE,America/Los_Angeles,3
1908,Belvidere,Belvidere,IL,Illinois,17007,Boone,42.2544,-88.8649,25143,804,polygon,FALSE,TRUE,America/Chicago,3
1909,Baldwin,Baldwin,NY,New York,36059,Nassau,40.6634,-73.6104,25134,3283,polygon,FALSE,FALSE,America/New_York,2
1910,Riverside,Riverside,OH,Ohio,39113,Montgomery,39.7836,-84.1219,25133,997,polygon,FALSE,TRUE,America/New_York,3
1911,Muskego,Muskego,WI,Wisconsin,55133,Waukesha,42.886,-88.1291,25127,306,polygon,FALSE,TRUE,America/Chicago,3
1912,Kingsville,Kingsville,TX,Texas,48273,Kleberg,27.5094,-97.8611,25120,704,polygon,FALSE,TRUE,America/Chicago,3
1913,Hazelwood,Hazelwood,MO,Missouri,29189,St. Louis,38.7931,-90.3899,25117,604,polygon,FALSE,TRUE,America/Chicago,3
1914,Scottsbluff,Scottsbluff,NE,Nebraska,31157,Scotts Bluff,41.8684,-103.6616,25114,847,polygon,FALSE,TRUE,America/Denver,3
1915,Canyon Lake,Canyon Lake,TX,Texas,48091,Comal,29.8761,-98.2611,25104,67,polygon,FALSE,FALSE,America/Chicago,3
1916,Columbine,Columbine,CO,Colorado,8059,Jefferson,39.5879,-105.0694,25094,1461,polygon,FALSE,FALSE,America/Denver,3
1917,Juneau,Juneau,AK,Alaska,2110,Juneau,58.4546,-134.1739,25085,4,polygon,FALSE,TRUE,America/Juneau,2
1918,Ridgewood,Ridgewood,NJ,New Jersey,34003,Bergen,40.9822,-74.1128,25056,1684,polygon,FALSE,TRUE,America/New_York,3
1919,Yucca Valley,Yucca Valley,CA,California,6071,San Bernardino,34.1234,-116.4216,25042,211,polygon,FALSE,TRUE,America/Los_Angeles,3
1920,Branson,Branson,MO,Missouri,29213,Taney,36.651,-93.2635,25033,212,polygon,FALSE,TRUE,America/Chicago,3
1921,Balch Springs,Balch Springs,TX,Texas,48113,Dallas,32.7194,-96.6151,25007,1069,polygon,FALSE,TRUE,America/Chicago,3
1922,University Park,University Park,TX,Texas,48113,Dallas,32.8506,-96.7937,24985,2617,polygon,FALSE,TRUE,America/Chicago,2
1923,De Pere,De Pere,WI,Wisconsin,55009,Brown,44.4309,-88.0785,24970,806,polygon,FALSE,TRUE,America/Chicago,3
1924,Cloverleaf,Cloverleaf,TX,Texas,48201,Harris,29.7882,-95.1724,24953,3127,polygon,FALSE,FALSE,America/Chicago,2
1925,Marysville,Marysville,OH,Ohio,39159,Union,40.2278,-83.3595,24949,582,polygon,FALSE,TRUE,America/New_York,3
1926,Derby,Derby,KS,Kansas,20173,Sedgwick,37.5571,-97.2552,24943,938,polygon,FALSE,TRUE,America/Chicago,3
1927,Wilsonville,Wilsonville,OR,Oregon,41005,Clackamas,45.3107,-122.7705,24918,1322,polygon,FALSE,TRUE,America/Los_Angeles,3
1928,Cataño,Catano,PR,Puerto Rico,72033,Cataño,18.4415,-66.1388,24888,1970,polygon,FALSE,FALSE,America/Puerto_Rico,3
1929,Clayton,Clayton,NC,North Carolina,37101,Johnston,35.6591,-78.4499,24887,634,polygon,FALSE,TRUE,America/New_York,3
1930,Brookings,Brookings,SD,South Dakota,46011,Brookings,44.3022,-96.7859,24887,700,polygon,FALSE,TRUE,America/Chicago,3
1931,Riverbank,Riverbank,CA,California,6099,Stanislaus,37.7268,-120.9402,24881,2372,polygon,FALSE,TRUE,America/Los_Angeles,2
1932,Walker,Walker,MI,Michigan,26081,Kent,42.9853,-85.7446,24869,390,polygon,FALSE,TRUE,America/Detroit,3
1933,Wyandotte,Wyandotte,MI,Michigan,26163,Wayne,42.2113,-83.1558,24859,1813,polygon,FALSE,TRUE,America/Detroit,3
1934,Grandview,Grandview,MO,Missouri,29095,Jackson,38.8802,-94.5227,24856,651,polygon,FALSE,TRUE,America/Chicago,3
1935,Forest Lake,Forest Lake,MN,Minnesota,27163,Washington,45.2536,-92.9583,24853,264,polygon,FALSE,TRUE,America/Chicago,3
1936,Chesapeake Beach,Chesapeake Beach,MD,Maryland,24009,Calvert,38.6881,-76.5448,24845,864,polygon,FALSE,TRUE,America/New_York,3
1937,Hudson,Hudson,WI,Wisconsin,55109,St. Croix,44.9637,-92.7316,24832,813,polygon,FALSE,TRUE,America/Chicago,3
1938,Fairland,Fairland,MD,Maryland,24031,Montgomery,39.0804,-76.9527,24831,1934,polygon,FALSE,FALSE,America/New_York,3
1939,Lincolnia,Lincolnia,VA,Virginia,51059,Fairfax,38.8158,-77.1543,24808,2020,polygon,FALSE,FALSE,America/New_York,2
1940,South Elgin,South Elgin,IL,Illinois,17089,Kane,41.9906,-88.3134,24755,1352,polygon,FALSE,TRUE,America/Chicago,3
1941,Auburn Hills,Auburn Hills,MI,Michigan,26125,Oakland,42.6735,-83.2447,24748,574,polygon,FALSE,TRUE,America/Detroit,3
1942,North Tustin,North Tustin,CA,California,6059,Orange,33.7644,-117.7945,24736,1444,polygon,FALSE,FALSE,America/Los_Angeles,3
1943,Ontario,Ontario,OR,Oregon,41045,Malheur,44.0259,-116.9759,24704,821,polygon,FALSE,TRUE,America/Boise,3
1944,Melrose Park,Melrose Park,IL,Illinois,17031,Cook,41.9029,-87.8642,24703,2250,polygon,FALSE,TRUE,America/Chicago,2
1945,Burlington,Burlington,WI,Wisconsin,55101,Racine,42.6746,-88.2723,24691,547,polygon,FALSE,TRUE,America/Chicago,3
1946,Norton Shores,Norton Shores,MI,Michigan,26121,Muskegon,43.1621,-86.2519,24664,409,polygon,FALSE,TRUE,America/Detroit,3
1947,Kernersville,Kernersville,NC,North Carolina,37067,Forsyth,36.1066,-80.0844,24660,535,polygon,FALSE,TRUE,America/New_York,3
1948,Keystone,Keystone,FL,Florida,12057,Hillsborough,28.1312,-82.5999,24632,270,polygon,FALSE,FALSE,America/New_York,3
1949,North Laurel,North Laurel,MD,Maryland,24027,Howard,39.1286,-76.8476,24621,1466,polygon,FALSE,FALSE,America/New_York,3
1950,Sugar Hill,Sugar Hill,GA,Georgia,13135,Gwinnett,34.1081,-84.056,24617,857,polygon,FALSE,TRUE,America/New_York,3
1951,Fresno,Fresno,TX,Texas,48157,Fort Bend,29.5358,-95.4696,24607,1113,polygon,FALSE,FALSE,America/Chicago,3
1952,Herndon,Herndon,VA,Virginia,51059,Fairfax,38.9699,-77.3867,24601,2215,polygon,FALSE,TRUE,America/New_York,2
1953,Prosper,Prosper,TX,Texas,48085,Collin,33.2394,-96.8087,24579,376,polygon,FALSE,TRUE,America/Chicago,3
1954,Bailey's Crossroads,Bailey's Crossroads,VA,Virginia,51059,Fairfax,38.8477,-77.1305,24570,4624,polygon,FALSE,TRUE,America/New_York,2
1955,Chantilly,Chantilly,VA,Virginia,51059,Fairfax,38.8868,-77.4453,24559,790,polygon,FALSE,FALSE,America/New_York,3
1956,Rockville Centre,Rockville Centre,NY,New York,36059,Nassau,40.6644,-73.6383,24550,2915,polygon,FALSE,TRUE,America/New_York,2
1957,Waverly,Waverly,MI,Michigan,26045,Eaton,42.7401,-84.6353,24546,1045,polygon,FALSE,FALSE,America/Detroit,3
1958,Somerset,Somerset,NJ,New Jersey,34035,Somerset,40.5083,-74.501,24527,1496,polygon,FALSE,FALSE,America/New_York,3
1959,Palmetto Bay,Palmetto Bay,FL,Florida,12086,Miami-Dade,25.622,-80.3221,24523,1142,polygon,FALSE,TRUE,America/New_York,3
1960,Emporia,Emporia,KS,Kansas,20111,Lyon,38.4028,-96.1924,24513,792,polygon,FALSE,TRUE,America/Chicago,3
1961,Avon Lake,Avon Lake,OH,Ohio,39093,Lorain,41.4945,-82.016,24504,850,polygon,FALSE,TRUE,America/New_York,3
1962,Lathrop,Lathrop,CA,California,6077,San Joaquin,37.809,-121.3131,24483,476,polygon,FALSE,TRUE,America/Los_Angeles,3
1963,Loma Linda,Loma Linda,CA,California,6071,San Bernardino,34.0451,-117.2498,24482,1234,polygon,FALSE,TRUE,America/Los_Angeles,3
1964,Watauga,Watauga,TX,Texas,48439,Tarrant,32.8718,-97.2515,24481,2271,polygon,FALSE,TRUE,America/Chicago,2
1965,Homer Glen,Homer Glen,IL,Illinois,17197,Will,41.6044,-87.9497,24472,427,polygon,FALSE,TRUE,America/Chicago,3
1966,Tifton,Tifton,GA,Georgia,13277,Tift,31.4625,-83.5205,24466,515,polygon,FALSE,TRUE,America/New_York,3
1967,Dinuba,Dinuba,CA,California,6107,Tulare,36.5453,-119.3987,24461,1450,polygon,FALSE,TRUE,America/Los_Angeles,3
1968,Suitland,Suitland,MD,Maryland,24033,Prince George's,38.8492,-76.9225,24444,2222,polygon,FALSE,FALSE,America/New_York,2
1969,Westmont,Westmont,IL,Illinois,17043,DuPage,41.7948,-87.9742,24443,1887,polygon,FALSE,TRUE,America/Chicago,3
1970,Clinton,Clinton,MS,Mississippi,28049,Hinds,32.354,-90.3403,24440,225,polygon,FALSE,TRUE,America/Chicago,3
1971,Opelousas,Opelousas,LA,Louisiana,22097,St. Landry,30.528,-92.0851,24423,775,polygon,FALSE,TRUE,America/Chicago,3
1972,Camas,Camas,WA,Washington,53011,Clark,45.6005,-122.4305,24418,669,polygon,FALSE,TRUE,America/Los_Angeles,3
1973,Harvey,Harvey,IL,Illinois,17031,Cook,41.6076,-87.6521,24408,1518,polygon,FALSE,TRUE,America/Chicago,3
1974,Trotwood,Trotwood,OH,Ohio,39113,Montgomery,39.7927,-84.3165,24403,309,polygon,FALSE,TRUE,America/New_York,3
1975,West Memphis,West Memphis,AR,Arkansas,5035,Crittenden,35.1531,-90.1995,24402,326,polygon,FALSE,TRUE,America/Chicago,3
1976,Bethany,Bethany,OR,Oregon,41067,Washington,45.5613,-122.8369,24396,1730,polygon,FALSE,FALSE,America/Los_Angeles,3
1977,Collinsville,Collinsville,IL,Illinois,17119,Madison,38.6769,-90.0059,24395,638,polygon,FALSE,TRUE,America/Chicago,3
1978,Mequon,Mequon,WI,Wisconsin,55089,Ozaukee,43.2352,-87.9838,24382,203,polygon,FALSE,TRUE,America/Chicago,3
1979,Ellensburg,Ellensburg,WA,Washington,53037,Kittitas,46.9994,-120.5477,24377,1074,polygon,FALSE,TRUE,America/Los_Angeles,3
1980,Shelbyville,Shelbyville,KY,Kentucky,21211,Shelby,38.2069,-85.2293,24351,731,polygon,FALSE,TRUE,America/New_York,3
1981,Lodi,Lodi,NJ,New Jersey,34003,Bergen,40.8784,-74.0814,24347,4137,polygon,FALSE,TRUE,America/New_York,2
1982,Newport,Newport,RI,Rhode Island,44005,Newport,41.4803,-71.3205,24334,1226,polygon,FALSE,TRUE,America/New_York,3
1983,San Fernando,San Fernando,CA,California,6037,Los Angeles,34.2886,-118.4363,24322,3955,polygon,FALSE,TRUE,America/Los_Angeles,2
1984,Saginaw,Saginaw,TX,Texas,48439,Tarrant,32.8657,-97.3654,24310,1226,polygon,FALSE,TRUE,America/Chicago,3
1985,Peekskill,Peekskill,NY,New York,36119,Westchester,41.2883,-73.9227,24295,2147,polygon,FALSE,TRUE,America/New_York,2
1986,Port Angeles,Port Angeles,WA,Washington,53009,Clallam,48.1142,-123.4565,24293,729,polygon,FALSE,TRUE,America/Los_Angeles,3
1987,Brandon,Brandon,MS,Mississippi,28121,Rankin,32.2778,-89.9896,24289,365,polygon,FALSE,TRUE,America/Chicago,3
1988,Inkster,Inkster,MI,Michigan,26163,Wayne,42.2935,-83.3148,24284,1499,polygon,FALSE,TRUE,America/Detroit,3
1989,Thomasville,Thomasville,GA,Georgia,13275,Thomas,30.8394,-83.9782,24275,476,polygon,FALSE,TRUE,America/New_York,3
1990,Ponca City,Ponca City,OK,Oklahoma,40071,Kay,36.7235,-97.0679,24274,496,polygon,FALSE,TRUE,America/Chicago,3
1991,West Melbourne,West Melbourne,FL,Florida,12009,Brevard,28.0693,-80.6734,24259,883,polygon,FALSE,TRUE,America/New_York,3
1992,Faribault,Faribault,MN,Minnesota,27131,Rice,44.2985,-93.2786,24250,608,polygon,FALSE,TRUE,America/Chicago,3
1993,Medford,Medford,NY,New York,36103,Suffolk,40.822,-72.9859,24247,866,polygon,FALSE,FALSE,America/New_York,3
1994,Terrytown,Terrytown,LA,Louisiana,22051,Jefferson,29.9014,-90.0279,24244,2553,polygon,FALSE,FALSE,America/Chicago,2
1995,San Benito,San Benito,TX,Texas,48061,Cameron,26.1298,-97.644,24243,592,polygon,FALSE,TRUE,America/Chicago,3
1996,Lincolnton,Lincolnton,NC,North Carolina,37109,Lincoln,35.4747,-81.2385,24229,499,polygon,FALSE,TRUE,America/New_York,3
1997,Simpsonville,Simpsonville,SC,South Carolina,45045,Greenville,34.7287,-82.2573,24221,1013,polygon,FALSE,TRUE,America/New_York,3
1998,Fort Washington,Fort Washington,MD,Maryland,24033,Prince George's,38.7339,-77.0069,24183,676,polygon,FALSE,FALSE,America/New_York,3
1999,North Potomac,North Potomac,MD,Maryland,24031,Montgomery,39.0955,-77.2372,24148,1429,polygon,FALSE,FALSE,America/New_York,3
2000,Ottumwa,Ottumwa,IA,Iowa,19179,Wapello,41.0196,-92.4186,24121,593,polygon,FALSE,TRUE,America/Chicago,3
2001,Ridgeland,Ridgeland,MS,Mississippi,28089,Madison,32.4236,-90.1481,24104,435,polygon,FALSE,TRUE,America/Chicago,3
2002,Hastings,Hastings,NE,Nebraska,31001,Adams,40.5963,-98.3914,24101,653,polygon,FALSE,TRUE,America/Chicago,3
2003,North Platte,North Platte,NE,Nebraska,31111,Lincoln,41.1266,-100.764,24098,689,polygon,FALSE,TRUE,America/Chicago,3
2004,Elmwood Park,Elmwood Park,IL,Illinois,17031,Cook,41.9225,-87.8163,24098,4875,polygon,FALSE,TRUE,America/Chicago,2
2005,Charles Town,Charles Town,WV,West Virginia,54037,Jefferson,39.2745,-77.8632,24094,398,polygon,FALSE,TRUE,America/New_York,3
2006,Freeport,Freeport,IL,Illinois,17177,Stephenson,42.2893,-89.6347,24092,787,polygon,FALSE,TRUE,America/Chicago,3
2007,Waukee,Waukee,IA,Iowa,19049,Dallas,41.5984,-93.8872,24089,448,polygon,FALSE,TRUE,America/Chicago,3
2008,Vero Beach South,Vero Beach South,FL,Florida,12061,Indian River,27.6164,-80.413,24082,907,polygon,FALSE,TRUE,America/New_York,3
2009,Socastee,Socastee,SC,South Carolina,45051,Horry,33.6871,-79.0086,24056,695,polygon,FALSE,FALSE,America/New_York,3
2010,South Plainfield,South Plainfield,NJ,New Jersey,34023,Middlesex,40.5748,-74.4153,24052,1119,polygon,FALSE,TRUE,America/New_York,3
2011,Wadsworth,Wadsworth,OH,Ohio,39103,Medina,41.0279,-81.7324,24046,822,polygon,FALSE,TRUE,America/New_York,3
2012,Tumwater,Tumwater,WA,Washington,53067,Thurston,46.989,-122.9173,24024,532,polygon,FALSE,TRUE,America/Los_Angeles,3
2013,Candler-McAfee,Candler-McAfee,GA,Georgia,13089,DeKalb,33.7267,-84.2723,24022,1331,polygon,FALSE,TRUE,America/New_York,3
2014,Fairfax,Fairfax,VA,Virginia,51600,Fairfax,38.8531,-77.2998,24019,1486,polygon,FALSE,TRUE,America/New_York,3
2015,Venice,Venice,FL,Florida,12115,Sarasota,27.1163,-82.4135,23985,614,polygon,FALSE,TRUE,America/New_York,3
2016,Cottage Lake,Cottage Lake,WA,Washington,53033,King,47.7466,-122.0755,23955,406,polygon,FALSE,FALSE,America/Los_Angeles,3
2017,Edgewater,Edgewater,FL,Florida,12127,Volusia,28.9594,-80.9407,23918,375,polygon,FALSE,TRUE,America/New_York,3
2018,Okemos,Okemos,MI,Michigan,26065,Ingham,42.7057,-84.4135,23912,547,polygon,FALSE,FALSE,America/Detroit,3
2019,Pelham,Pelham,AL,Alabama,1117,Shelby,33.3114,-86.7573,23911,237,polygon,FALSE,TRUE,America/Chicago,3
2020,Seal Beach,Seal Beach,CA,California,6059,Orange,33.7542,-118.0714,23896,818,polygon,FALSE,TRUE,America/Los_Angeles,3
2021,Dunkirk,Dunkirk,NY,New York,36013,Chautauqua,42.4803,-79.3323,23874,1007,polygon,FALSE,TRUE,America/New_York,3
2022,Calabasas,Calabasas,CA,California,6037,Los Angeles,34.1375,-118.6689,23853,673,polygon,FALSE,TRUE,America/Los_Angeles,3
2023,North Augusta,North Augusta,SC,South Carolina,45003,Aiken,33.5214,-81.9547,23845,448,polygon,FALSE,TRUE,America/New_York,3
2024,Mount Pocono,Mount Pocono,PA,Pennsylvania,42089,Monroe,41.1225,-75.3582,23820,348,polygon,FALSE,TRUE,America/New_York,3
2025,Fort Dodge,Fort Dodge,IA,Iowa,19187,Webster,42.5098,-94.1751,23807,574,polygon,FALSE,TRUE,America/Chicago,3
2026,Farragut,Farragut,TN,Tennessee,47093,Knox,35.8731,-84.1822,23778,574,polygon,FALSE,TRUE,America/New_York,3
2027,Jenks,Jenks,OK,Oklahoma,40143,Tulsa,35.9981,-95.9737,23767,535,polygon,FALSE,TRUE,America/Chicago,3
2028,Bloomingdale,Bloomingdale,FL,Florida,12057,Hillsborough,27.8784,-82.2624,23758,1127,polygon,FALSE,FALSE,America/New_York,3
2029,Pace,Pace,FL,Florida,12113,Santa Rosa,30.6187,-87.1667,23749,378,polygon,FALSE,FALSE,America/Chicago,3
2030,Tysons,Tysons,VA,Virginia,51059,Fairfax,38.9215,-77.2273,23749,2149,polygon,FALSE,FALSE,America/New_York,2
2031,Palatka,Palatka,FL,Florida,12107,Putnam,29.6493,-81.6705,23738,413,polygon,FALSE,TRUE,America/New_York,3
2032,Coronado,Coronado,CA,California,6073,San Diego,32.664,-117.16,23731,1149,polygon,FALSE,TRUE,America/Los_Angeles,3
2033,Copiague,Copiague,NY,New York,36103,Suffolk,40.6728,-73.3932,23716,2961,polygon,FALSE,FALSE,America/New_York,2
2034,Oak Ridge,Oak Ridge,FL,Florida,12095,Orange,28.4727,-81.4169,23712,2579,polygon,FALSE,FALSE,America/New_York,2
2035,Centerville,Centerville,OH,Ohio,39113,Montgomery,39.6339,-84.1449,23703,834,polygon,FALSE,TRUE,America/New_York,3
2036,Greeneville,Greeneville,TN,Tennessee,47059,Greene,36.168,-82.8197,23683,338,polygon,FALSE,TRUE,America/New_York,3
2037,Van Buren,Van Buren,AR,Arkansas,5033,Crawford,35.448,-94.3528,23683,593,polygon,FALSE,TRUE,America/Chicago,3
2038,Waycross,Waycross,GA,Georgia,13299,Ware,31.2108,-82.3579,23671,438,polygon,FALSE,TRUE,America/New_York,3
2039,Half Moon Bay,Half Moon Bay,CA,California,6081,San Mateo,37.4688,-122.4383,23653,776,polygon,FALSE,TRUE,America/Los_Angeles,3
2040,Belton,Belton,MO,Missouri,29037,Cass,38.8193,-94.5334,23642,645,polygon,FALSE,TRUE,America/Chicago,3
2041,Westchase,Westchase,FL,Florida,12057,Hillsborough,28.0597,-82.611,23636,917,polygon,FALSE,FALSE,America/New_York,3
2042,Ashland,Ashland,CA,California,6001,Alameda,37.6942,-122.1159,23635,4965,polygon,FALSE,FALSE,America/Los_Angeles,2
2043,West Puente Valley,West Puente Valley,CA,California,6037,Los Angeles,34.0512,-117.9681,23629,4881,polygon,FALSE,FALSE,America/Los_Angeles,2
2044,Jacksonville Beach,Jacksonville Beach,FL,Florida,12031,Duval,30.2782,-81.4045,23628,1246,polygon,FALSE,TRUE,America/New_York,3
2045,Palm River-Clair Mel,Palm River-Clair Mel,FL,Florida,12057,Hillsborough,27.9239,-82.3791,23627,797,polygon,FALSE,TRUE,America/New_York,3
2046,Rosemont,Rosemont,CA,California,6067,Sacramento,38.5477,-121.3553,23617,2085,polygon,FALSE,FALSE,America/Los_Angeles,2
2047,Ilion,Ilion,NY,New York,36043,Herkimer,43.0114,-75.0396,23608,1187,polygon,FALSE,TRUE,America/New_York,3
2048,Chalmette,Chalmette,LA,Louisiana,22087,St. Bernard,29.9437,-89.9659,23602,1270,polygon,FALSE,FALSE,America/Chicago,3
2049,Seymour,Seymour,IN,Indiana,18071,Jackson,38.9476,-85.891,23598,634,polygon,FALSE,TRUE,America/Indiana/Indianapolis,3
2050,Oakdale,Oakdale,CA,California,6099,Stanislaus,37.7616,-120.847,23596,1473,polygon,FALSE,TRUE,America/Los_Angeles,3
2051,Madisonville,Madisonville,KY,Kentucky,21107,Hopkins,37.3408,-87.5034,23580,404,polygon,FALSE,TRUE,America/Chicago,3
2052,Romulus,Romulus,MI,Michigan,26163,Wayne,42.2237,-83.366,23573,255,polygon,FALSE,TRUE,America/Detroit,3
2053,Cudahy,Cudahy,CA,California,6037,Los Angeles,33.9631,-118.183,23569,7739,polygon,FALSE,TRUE,America/Los_Angeles,2
2054,The Crossings,The Crossings,FL,Florida,12086,Miami-Dade,25.6708,-80.4018,23558,2633,polygon,FALSE,FALSE,America/New_York,2
2055,Clarksburg,Clarksburg,MD,Maryland,24031,Montgomery,39.2314,-77.2617,23548,1106,polygon,FALSE,FALSE,America/New_York,3
2056,Leland,Leland,NC,North Carolina,37019,Brunswick,34.2044,-78.0277,23544,459,polygon,FALSE,TRUE,America/New_York,3
2057,Rolling Meadows,Rolling Meadows,IL,Illinois,17031,Cook,42.0747,-88.0252,23532,1617,polygon,FALSE,TRUE,America/Chicago,3
2058,Arnold,Arnold,MD,Maryland,24003,Anne Arundel,39.0437,-76.4974,23518,839,polygon,FALSE,FALSE,America/New_York,3
2059,Benbrook,Benbrook,TX,Texas,48439,Tarrant,32.6787,-97.4638,23502,843,polygon,FALSE,TRUE,America/Chicago,3
2060,Zion,Zion,IL,Illinois,17097,Lake,42.4598,-87.8509,23487,926,polygon,FALSE,TRUE,America/Chicago,3
2061,Sun City Center,Sun City Center,FL,Florida,12057,Hillsborough,27.7149,-82.3569,23480,575,polygon,FALSE,FALSE,America/New_York,3
2062,Montrose,Montrose,CO,Colorado,8085,Montrose,38.469,-107.859,23478,413,polygon,FALSE,TRUE,America/Denver,3
2063,Ruskin,Ruskin,FL,Florida,12057,Hillsborough,27.7065,-82.4209,23477,502,polygon,FALSE,FALSE,America/New_York,3
2064,Hialeah Gardens,Hialeah Gardens,FL,Florida,12086,Miami-Dade,25.8878,-80.3569,23474,2813,polygon,FALSE,TRUE,America/New_York,2
2065,Columbus,Columbus,NE,Nebraska,31141,Platte,41.4368,-97.3563,23463,859,polygon,FALSE,TRUE,America/Chicago,3
2066,Plainview,Plainview,TX,Texas,48189,Hale,34.1911,-101.7234,23424,560,polygon,FALSE,TRUE,America/Chicago,3
2067,Auburn,Auburn,ME,Maine,23001,Androscoggin,44.085,-70.2492,23414,152,polygon,FALSE,TRUE,America/New_York,3
2068,Carteret,Carteret,NJ,New Jersey,34023,Middlesex,40.5848,-74.2284,23408,2058,polygon,FALSE,TRUE,America/New_York,2
2069,Woodlawn,Woodlawn,VA,Virginia,51059,Fairfax,38.7332,-77.1149,23406,3947,polygon,FALSE,FALSE,America/New_York,2
2070,Avon,Avon,OH,Ohio,39093,Lorain,41.4485,-82.0187,23399,434,polygon,FALSE,TRUE,America/New_York,3
2071,Loves Park,Loves Park,IL,Illinois,17201,Winnebago,42.3364,-88.9975,23371,549,polygon,FALSE,TRUE,America/Chicago,3
2072,Wekiwa Springs,Wekiwa Springs,FL,Florida,12117,Seminole,28.6984,-81.4251,23329,1043,polygon,FALSE,FALSE,America/New_York,3
2073,Lisle,Lisle,IL,Illinois,17043,DuPage,41.7918,-88.0888,23270,1302,polygon,FALSE,TRUE,America/Chicago,3
2074,Greenbelt,Greenbelt,MD,Maryland,24033,Prince George's,38.9953,-76.8885,23224,1438,polygon,FALSE,TRUE,America/New_York,3
2075,West Springfield,West Springfield,VA,Virginia,51059,Fairfax,38.7771,-77.2268,23202,1861,polygon,FALSE,FALSE,America/New_York,3
2076,Maywood,Maywood,IL,Illinois,17031,Cook,41.8798,-87.8442,23158,3291,polygon,FALSE,TRUE,America/Chicago,2
2077,Oxford,Oxford,OH,Ohio,39017,Butler,39.5061,-84.7434,23113,1188,polygon,FALSE,TRUE,America/New_York,3
2078,Kenmore,Kenmore,WA,Washington,53033,King,47.7516,-122.2489,23097,1450,polygon,FALSE,TRUE,America/Los_Angeles,3
2079,Farmington,Farmington,MN,Minnesota,27037,Dakota,44.6573,-93.1688,23091,609,polygon,FALSE,TRUE,America/Chicago,3
2080,Winter Gardens,Winter Gardens,CA,California,6073,San Diego,32.8376,-116.9268,23088,2016,polygon,FALSE,FALSE,America/Los_Angeles,2
2081,Hastings,Hastings,MN,Minnesota,27037,Dakota,44.7318,-92.8538,23047,858,polygon,FALSE,TRUE,America/Chicago,3
2082,Orchards,Orchards,WA,Washington,53011,Clark,45.689,-122.5306,23020,1660,polygon,FALSE,FALSE,America/Los_Angeles,3
2083,Rockingham,Rockingham,NC,North Carolina,37153,Richmond,34.9386,-79.7608,23016,437,polygon,FALSE,TRUE,America/New_York,3
2084,Greenfield,Greenfield,IN,Indiana,18059,Hancock,39.7936,-85.7737,23006,655,polygon,FALSE,TRUE,America/Indiana/Indianapolis,3
2085,Auburn,Auburn,IN,Indiana,18033,DeKalb,41.3666,-85.0559,22994,679,polygon,FALSE,TRUE,America/Indiana/Indianapolis,3
2086,Wright,Wright,FL,Florida,12091,Okaloosa,30.4445,-86.6419,22991,1615,polygon,FALSE,FALSE,America/Chicago,3
2087,Willoughby,Willoughby,OH,Ohio,39085,Lake,41.646,-81.4084,22977,865,polygon,FALSE,TRUE,America/New_York,3
2088,Watertown,Watertown,WI,Wisconsin,55055,Jefferson,43.1893,-88.7285,22973,750,polygon,FALSE,TRUE,America/Chicago,3
2089,Mustang,Mustang,OK,Oklahoma,40017,Canadian,35.3917,-97.7246,22959,739,polygon,FALSE,TRUE,America/Chicago,3
2090,Frederickson,Frederickson,WA,Washington,53053,Pierce,47.0914,-122.3594,22935,765,polygon,FALSE,FALSE,America/Los_Angeles,3
2091,West Rancho Dominguez,West Rancho Dominguez,CA,California,6037,Los Angeles,33.9057,-118.2682,22932,2228,polygon,FALSE,FALSE,America/Los_Angeles,2
2092,Patterson,Patterson,CA,California,6099,Stanislaus,37.4758,-121.1535,22930,1115,polygon,FALSE,TRUE,America/Los_Angeles,3
2093,Gallup,Gallup,NM,New Mexico,35031,McKinley,35.5183,-108.7423,22917,415,polygon,FALSE,TRUE,America/Denver,3
2094,Radcliff,Radcliff,KY,Kentucky,21093,Hardin,37.8206,-85.9366,22914,665,polygon,FALSE,TRUE,America/New_York,3
2095,Blue Island,Blue Island,IL,Illinois,17031,Cook,41.6578,-87.6812,22899,2171,polygon,FALSE,TRUE,America/Chicago,2
2096,Crystal,Crystal,MN,Minnesota,27053,Hennepin,45.0377,-93.3599,22899,1527,polygon,FALSE,TRUE,America/Chicago,3
2097,Belton,Belton,TX,Texas,48027,Bell,31.0525,-97.479,22885,437,polygon,FALSE,TRUE,America/Chicago,3
2098,Dickinson,Dickinson,ND,North Dakota,38089,Stark,46.8917,-102.7924,22872,631,polygon,FALSE,TRUE,America/Denver,3
2099,Allison Park,Allison Park,PA,Pennsylvania,42003,Allegheny,40.573,-79.9603,22855,637,polygon,FALSE,FALSE,America/New_York,3
2100,Ensley,Ensley,FL,Florida,12033,Escambia,30.5261,-87.2735,22844,724,polygon,FALSE,FALSE,America/Chicago,3
2101,Laguna Beach,Laguna Beach,CA,California,6059,Orange,33.5448,-117.7612,22827,991,polygon,FALSE,TRUE,America/Los_Angeles,3
2102,Webster Groves,Webster Groves,MO,Missouri,29189,St. Louis,38.5866,-90.3544,22819,1486,polygon,FALSE,TRUE,America/Chicago,3
2103,Acworth,Acworth,GA,Georgia,13067,Cobb,34.0566,-84.6715,22818,980,polygon,FALSE,TRUE,America/New_York,3
2104,Vega Baja,Vega Baja,PR,Puerto Rico,72145,Vega Baja,18.441,-66.3993,22815,1413,polygon,FALSE,FALSE,America/Puerto_Rico,3
2105,Griffin,Griffin,GA,Georgia,13255,Spalding,33.2418,-84.2747,22813,632,polygon,FALSE,TRUE,America/New_York,3
2106,Morton Grove,Morton Grove,IL,Illinois,17031,Cook,42.0423,-87.789,22796,1729,polygon,FALSE,TRUE,America/Chicago,3
2107,Marina,Marina,CA,California,6053,Monterey,36.6812,-121.7895,22781,989,polygon,FALSE,TRUE,America/Los_Angeles,3
2108,Solon,Solon,OH,Ohio,39035,Cuyahoga,41.3864,-81.4401,22779,431,polygon,FALSE,TRUE,America/New_York,3
2109,Hunters Creek,Hunters Creek,FL,Florida,12095,Orange,28.3611,-81.4357,22770,1249,polygon,FALSE,FALSE,America/New_York,3
2110,New Brighton,New Brighton,MN,Minnesota,27123,Ramsey,45.0658,-93.206,22753,1352,polygon,FALSE,TRUE,America/Chicago,3
2111,Mandan,Mandan,ND,North Dakota,38059,Morton,46.829,-100.887,22752,650,polygon,FALSE,TRUE,America/North_Dakota/New_Salem,3
2112,Corsicana,Corsicana,TX,Texas,48349,Navarro,32.0824,-96.4665,22728,401,polygon,FALSE,TRUE,America/Chicago,3
2113,Elizabeth City,Elizabeth City,NC,North Carolina,37139,Pasquotank,36.2943,-76.2361,22711,586,polygon,FALSE,TRUE,America/New_York,3
2114,Pittsburg,Pittsburg,KS,Kansas,20037,Crawford,37.4129,-94.6984,22711,592,polygon,FALSE,TRUE,America/Chicago,3
2115,Harriman,Harriman,TN,Tennessee,47145,Roane,35.9307,-84.5602,22708,225,polygon,FALSE,TRUE,America/New_York,3
2116,Greenfield,Greenfield,MA,Massachusetts,25011,Franklin,42.614,-72.5985,22703,311,polygon,FALSE,TRUE,America/New_York,3
2117,Ives Estates,Ives Estates,FL,Florida,12086,Miami-Dade,25.9632,-80.183,22682,3438,polygon,FALSE,FALSE,America/New_York,2
2118,Fairhope,Fairhope,AL,Alabama,1003,Baldwin,30.5217,-87.8815,22677,626,polygon,FALSE,TRUE,America/Chicago,3
2119,Machesney Park,Machesney Park,IL,Illinois,17201,Winnebago,42.3666,-89.0266,22677,690,polygon,FALSE,TRUE,America/Chicago,3
2120,Braidwood,Braidwood,IL,Illinois,17197,Will,41.2696,-88.2235,22670,450,polygon,FALSE,TRUE,America/Chicago,3
2121,Hurricane,Hurricane,UT,Utah,49053,Washington,37.1487,-113.3517,22666,139,polygon,FALSE,TRUE,America/Denver,3
2122,East Patchogue,East Patchogue,NY,New York,36103,Suffolk,40.7704,-72.9817,22637,1050,polygon,FALSE,FALSE,America/New_York,3
2123,Trussville,Trussville,AL,Alabama,1073,Jefferson,33.6404,-86.5819,22635,254,polygon,FALSE,TRUE,America/Chicago,3
2124,Waynesboro,Waynesboro,VA,Virginia,51820,Waynesboro,38.0674,-78.9014,22630,583,polygon,FALSE,TRUE,America/New_York,3
2125,Johnston,Johnston,IA,Iowa,19153,Polk,41.6857,-93.7173,22582,520,polygon,FALSE,TRUE,America/Chicago,3
2126,Corcoran,Corcoran,CA,California,6031,Kings,36.0839,-119.561,22581,1150,polygon,FALSE,TRUE,America/Los_Angeles,3
2127,Meadville,Meadville,PA,Pennsylvania,42039,Crawford,41.6476,-80.1468,22580,1117,polygon,FALSE,TRUE,America/New_York,3
2128,Anthem,Anthem,AZ,Arizona,4013,Maricopa,33.856,-112.1168,22570,1101,polygon,FALSE,FALSE,America/Phoenix,3
2129,Lakeside,Lakeside,CA,California,6073,San Diego,32.856,-116.904,22560,1257,polygon,FALSE,FALSE,America/Los_Angeles,3
2130,Happy Valley,Happy Valley,OR,Oregon,41005,Clackamas,45.4362,-122.5077,22553,765,polygon,FALSE,TRUE,America/Los_Angeles,3
2131,East Peoria,East Peoria,IL,Illinois,17179,Tazewell,40.6734,-89.5419,22546,430,polygon,FALSE,TRUE,America/Chicago,3
2132,West Carson,West Carson,CA,California,6037,Los Angeles,33.8229,-118.2931,22537,3840,polygon,FALSE,FALSE,America/Los_Angeles,2
2133,Northdale,Northdale,FL,Florida,12057,Hillsborough,28.1058,-82.5263,22529,1075,polygon,FALSE,FALSE,America/New_York,3
2134,Hopewell,Hopewell,VA,Virginia,51670,Hopewell,37.2915,-77.2985,22529,840,polygon,FALSE,TRUE,America/New_York,3
2135,Fort Walton Beach,Fort Walton Beach,FL,Florida,12091,Okaloosa,30.4249,-86.6194,22521,1136,polygon,FALSE,TRUE,America/Chicago,3
2136,Nixa,Nixa,MO,Missouri,29043,Christian,37.0453,-93.296,22515,953,polygon,FALSE,TRUE,America/Chicago,3
2137,Clinton,Clinton,UT,Utah,49011,Davis,41.1395,-112.0656,22499,1464,polygon,FALSE,TRUE,America/Denver,3
2138,Munster,Munster,IN,Indiana,18089,Lake,41.5469,-87.504,22476,1150,polygon,FALSE,TRUE,America/Chicago,3
2139,Christiansburg,Christiansburg,VA,Virginia,51121,Montgomery,37.1411,-80.4028,22473,615,polygon,FALSE,TRUE,America/New_York,3
2140,Roselle,Roselle,IL,Illinois,17043,DuPage,41.9807,-88.0861,22463,1585,polygon,FALSE,TRUE,America/Chicago,3
2141,Garden City,Garden City,NY,New York,36059,Nassau,40.7266,-73.6447,22454,1626,polygon,FALSE,TRUE,America/New_York,3
2142,Granite Bay,Granite Bay,CA,California,6061,Placer,38.7601,-121.1714,22439,402,polygon,FALSE,FALSE,America/Los_Angeles,3
2143,Warrensburg,Warrensburg,MO,Missouri,29101,Johnson,38.7627,-93.726,22410,838,polygon,FALSE,TRUE,America/Chicago,3
2144,Willowbrook,Willowbrook,CA,California,6037,Los Angeles,33.9199,-118.2362,22402,5592,polygon,FALSE,FALSE,America/Los_Angeles,2
2145,Union City,Union City,GA,Georgia,13121,Fulton,33.5941,-84.5629,22399,439,polygon,FALSE,TRUE,America/New_York,3
2146,Millbrae,Millbrae,CA,California,6081,San Mateo,37.5994,-122.4023,22394,2659,polygon,FALSE,TRUE,America/Los_Angeles,2
2147,Dolton,Dolton,IL,Illinois,17031,Cook,41.6284,-87.5979,22348,1887,polygon,FALSE,TRUE,America/Chicago,3
2148,Northfield,Northfield,MN,Minnesota,27131,Rice,44.455,-93.1698,22325,942,polygon,FALSE,TRUE,America/Chicago,3
2149,Highland,Highland,IN,Indiana,18089,Lake,41.5485,-87.4587,22316,1234,polygon,FALSE,TRUE,America/Chicago,3
2150,Sequim,Sequim,WA,Washington,53009,Clallam,48.0746,-123.0944,22304,466,polygon,FALSE,TRUE,America/Los_Angeles,3
2151,Prairie Village,Prairie Village,KS,Kansas,20091,Johnson,38.9874,-94.6361,22295,1386,polygon,FALSE,TRUE,America/Chicago,3
2152,Kuna,Kuna,ID,Idaho,16001,Ada,43.4869,-116.3986,22292,434,polygon,FALSE,TRUE,America/Boise,3
2153,Coralville,Coralville,IA,Iowa,19103,Johnson,41.699,-91.5967,22290,685,polygon,FALSE,TRUE,America/Chicago,3
2154,Fort Mill,Fort Mill,SC,South Carolina,45091,York,35.0062,-80.9388,22284,441,polygon,FALSE,TRUE,America/New_York,3
2155,Hayesville,Hayesville,OR,Oregon,41047,Marion,44.9794,-122.9739,22272,2840,polygon,FALSE,FALSE,America/Los_Angeles,2
2156,Hudson,Hudson,OH,Ohio,39153,Summit,41.2399,-81.4408,22237,335,polygon,FALSE,TRUE,America/New_York,3
2157,Roanoke Rapids,Roanoke Rapids,NC,North Carolina,37083,Halifax,36.4452,-77.6491,22225,557,polygon,FALSE,TRUE,America/New_York,3
2158,Raymore,Raymore,MO,Missouri,29037,Cass,38.8029,-94.4583,22194,494,polygon,FALSE,TRUE,America/Chicago,3
2159,Fremont,Fremont,OH,Ohio,39143,Sandusky,41.3536,-83.1148,22191,720,polygon,FALSE,TRUE,America/New_York,3
2160,Mukwonago,Mukwonago,WI,Wisconsin,55133,Waukesha,42.8566,-88.3269,22185,383,polygon,FALSE,TRUE,America/Chicago,3
2161,Lebanon,Lebanon,OR,Oregon,41043,Linn,44.5317,-122.9071,22160,964,polygon,FALSE,TRUE,America/Los_Angeles,3
2162,Pickerington,Pickerington,OH,Ohio,39045,Fairfield,39.889,-82.7678,22158,868,polygon,FALSE,TRUE,America/New_York,3
2163,Lexington,Lexington,SC,South Carolina,45063,Lexington,33.989,-81.2202,22157,722,polygon,FALSE,TRUE,America/New_York,3
2164,Arvin,Arvin,CA,California,6029,Kern,35.1944,-118.8306,22155,1750,polygon,FALSE,TRUE,America/Los_Angeles,3
2165,Chester,Chester,VA,Virginia,51041,Chesterfield,37.3531,-77.4342,22144,647,polygon,FALSE,FALSE,America/New_York,3
2166,Lino Lakes,Lino Lakes,MN,Minnesota,27003,Anoka,45.1679,-93.083,22119,302,polygon,FALSE,TRUE,America/Chicago,3
2167,Augusta,Augusta,ME,Maine,23011,Kennebec,44.3341,-69.7319,22116,130,polygon,FALSE,TRUE,America/New_York,3
2168,Milford,Milford,DE,Delaware,10005,Sussex,38.9091,-75.4224,22102,463,polygon,FALSE,TRUE,America/New_York,3
2169,Corinth,Corinth,TX,Texas,48121,Denton,33.1435,-97.0681,22099,1095,polygon,FALSE,TRUE,America/Chicago,3
2170,Naples,Naples,FL,Florida,12021,Collier,26.1504,-81.7936,22088,693,polygon,FALSE,TRUE,America/New_York,3
2171,Maple Heights,Maple Heights,OH,Ohio,39035,Cuyahoga,41.4094,-81.5625,22078,1648,polygon,FALSE,TRUE,America/New_York,3
2172,Monsey,Monsey,NY,New York,36087,Rockland,41.1181,-74.0681,22073,3756,polygon,FALSE,FALSE,America/New_York,2
2173,Cockeysville,Cockeysville,MD,Maryland,24005,Baltimore,39.4793,-76.63,22071,748,polygon,FALSE,FALSE,America/New_York,3
2174,Guayama,Guayama,PR,Puerto Rico,72057,Guayama,17.9744,-66.1104,22063,2329,polygon,FALSE,FALSE,America/Puerto_Rico,2
2175,Brent,Brent,FL,Florida,12033,Escambia,30.4729,-87.2496,22056,820,polygon,FALSE,FALSE,America/Chicago,3
2176,Silver Firs,Silver Firs,WA,Washington,53061,Snohomish,47.8635,-122.1497,22052,1242,polygon,FALSE,FALSE,America/Los_Angeles,3
2177,Landover,Landover,MD,Maryland,24033,Prince George's,38.9241,-76.8875,22041,2128,polygon,FALSE,FALSE,America/New_York,2
2178,Union Hill-Novelty Hill,Union Hill-Novelty Hill,WA,Washington,53033,King,47.6788,-122.0284,22034,351,polygon,FALSE,TRUE,America/Los_Angeles,3
2179,Gardner,Gardner,KS,Kansas,20091,Johnson,38.8158,-94.93,22031,826,polygon,FALSE,TRUE,America/Chicago,3
2180,Rose Hill,Rose Hill,VA,Virginia,51059,Fairfax,38.7872,-77.1085,22011,1512,polygon,FALSE,FALSE,America/New_York,3
2181,Siloam Springs,Siloam Springs,AR,Arkansas,5007,Benton,36.1844,-94.5318,21975,580,polygon,FALSE,TRUE,America/Chicago,3
2182,Piqua,Piqua,OH,Ohio,39109,Miami,40.1505,-84.2441,21936,707,polygon,FALSE,TRUE,America/New_York,3
2183,Port Hueneme,Port Hueneme,CA,California,6111,Ventura,34.1617,-119.2036,21926,1913,polygon,FALSE,TRUE,America/Los_Angeles,3
2184,Taylors,Taylors,SC,South Carolina,45045,Greenville,34.9157,-82.3124,21923,800,polygon,FALSE,FALSE,America/New_York,3
2185,Keene,Keene,NH,New Hampshire,33005,Cheshire,42.9494,-72.2997,21911,237,polygon,FALSE,TRUE,America/New_York,3
2186,Summit,Summit,NJ,New Jersey,34039,Union,40.7154,-74.3647,21897,1410,polygon,FALSE,TRUE,America/New_York,3
2187,Secaucus,Secaucus,NJ,New Jersey,34017,Hudson,40.781,-74.0659,21893,1450,polygon,FALSE,TRUE,America/New_York,3
2188,Golden Valley,Golden Valley,MN,Minnesota,27053,Hennepin,44.9901,-93.3591,21886,828,polygon,FALSE,TRUE,America/Chicago,3
2189,Kihei,Kihei,HI,Hawaii,15009,Maui,20.7653,-156.4454,21879,902,polygon,FALSE,FALSE,Pacific/Honolulu,3
2190,Mount Vernon,Mount Vernon,OH,Ohio,39083,Knox,40.3854,-82.4734,21864,676,polygon,FALSE,TRUE,America/New_York,3
2191,Massapequa,Massapequa,NY,New York,36059,Nassau,40.6676,-73.4706,21861,2371,polygon,FALSE,FALSE,America/New_York,2
2192,Roselle,Roselle,NJ,New Jersey,34039,Union,40.6527,-74.2599,21811,3195,polygon,FALSE,TRUE,America/New_York,2
2193,Geneva,Geneva,IL,Illinois,17089,Kane,41.8832,-88.3242,21809,848,polygon,FALSE,TRUE,America/Chicago,3
2194,Sunny Isles Beach,Sunny Isles Beach,FL,Florida,12086,Miami-Dade,25.9385,-80.1246,21804,8330,polygon,FALSE,TRUE,America/New_York,2
2195,Watertown,Watertown,SD,South Dakota,46029,Codington,44.9094,-97.1531,21790,472,polygon,FALSE,TRUE,America/Chicago,3
2196,Bloomington,Bloomington,CA,California,6071,San Bernardino,34.0601,-117.4013,21783,1385,polygon,FALSE,FALSE,America/Los_Angeles,3
2197,Bloomingdale,Bloomingdale,IL,Illinois,17043,DuPage,41.9497,-88.0895,21779,1243,polygon,FALSE,TRUE,America/Chicago,3
2198,Jasmine Estates,Jasmine Estates,FL,Florida,12101,Pasco,28.293,-82.6907,21772,2368,polygon,FALSE,FALSE,America/New_York,2
2199,Shelbyville,Shelbyville,TN,Tennessee,47003,Bedford,35.4987,-86.4516,21741,462,polygon,FALSE,TRUE,America/Chicago,3
2200,Shafter,Shafter,CA,California,6029,Kern,35.4794,-119.2013,21734,203,polygon,FALSE,TRUE,America/Los_Angeles,3
2201,Brownwood,Brownwood,TX,Texas,48049,Brown,31.7127,-98.9767,21729,476,polygon,FALSE,TRUE,America/Chicago,3
2202,Katy,Katy,TX,Texas,48201,Harris,29.7904,-95.8353,21729,576,polygon,FALSE,TRUE,America/Chicago,3
2203,Green Valley,Green Valley,AZ,Arizona,4019,Pima,31.8436,-111.0174,21723,261,polygon,FALSE,FALSE,America/Phoenix,3
2204,Del City,Del City,OK,Oklahoma,40109,Oklahoma,35.4483,-97.4408,21712,1115,polygon,FALSE,TRUE,America/Chicago,3
2205,Eastmont,Eastmont,WA,Washington,53061,Snohomish,47.8968,-122.1817,21686,1637,polygon,FALSE,FALSE,America/Los_Angeles,3
2206,Jacksonville,Jacksonville,IL,Illinois,17137,Morgan,39.7292,-90.2318,21685,680,polygon,FALSE,TRUE,America/Chicago,3
2207,Darien,Darien,IL,Illinois,17043,DuPage,41.7447,-87.9823,21628,1346,polygon,FALSE,TRUE,America/Chicago,3
2208,Perrysburg,Perrysburg,OH,Ohio,39173,Wood,41.5377,-83.6413,21626,702,polygon,FALSE,TRUE,America/New_York,3
2209,Lewistown,Lewistown,PA,Pennsylvania,42087,Mifflin,40.5964,-77.573,21614,1545,polygon,FALSE,TRUE,America/New_York,3
2210,North Lynnwood,North Lynnwood,WA,Washington,53061,Snohomish,47.8533,-122.2762,21608,2667,polygon,FALSE,FALSE,America/Los_Angeles,2
2211,Camp Springs,Camp Springs,MD,Maryland,24033,Prince George's,38.8052,-76.9198,21602,1086,polygon,FALSE,FALSE,America/New_York,3
2212,Hamtramck,Hamtramck,MI,Michigan,26163,Wayne,42.3954,-83.056,21599,3980,polygon,FALSE,TRUE,America/Detroit,2
2213,La Porte,La Porte,IN,Indiana,18091,LaPorte,41.6077,-86.7136,21569,713,polygon,FALSE,TRUE,America/Chicago,3
2214,Palm Valley,Palm Valley,FL,Florida,12109,St. Johns,30.2011,-81.3949,21562,683,polygon,FALSE,FALSE,America/New_York,3
2215,Clarksville,Clarksville,IN,Indiana,18019,Clark,38.3221,-85.7673,21558,835,polygon,FALSE,TRUE,America/Kentucky/Louisville,3
2216,New Castle,New Castle,IN,Indiana,18065,Henry,39.919,-85.3697,21555,898,polygon,FALSE,TRUE,America/Indiana/Indianapolis,3
2217,Mill Creek East,Mill Creek East,WA,Washington,53061,Snohomish,47.836,-122.1877,21523,1867,polygon,FALSE,TRUE,America/Los_Angeles,3
2218,Biddeford,Biddeford,ME,Maine,23031,York,43.4674,-70.4512,21504,275,polygon,FALSE,TRUE,America/New_York,3
2219,St. Andrews,St. Andrews,SC,South Carolina,45079,Richland,34.051,-81.1057,21494,1339,polygon,FALSE,FALSE,America/New_York,3
2220,Villa Park,Villa Park,IL,Illinois,17043,DuPage,41.8864,-87.9779,21483,1757,polygon,FALSE,TRUE,America/Chicago,3
2221,Holiday,Holiday,FL,Florida,12101,Pasco,28.1864,-82.7429,21481,1557,polygon,FALSE,FALSE,America/New_York,3
2222,Kapolei,Kapolei,HI,Hawaii,15003,Honolulu,21.3403,-158.0665,21474,2003,polygon,FALSE,FALSE,Pacific/Honolulu,2
2223,Lutz,Lutz,FL,Florida,12057,Hillsborough,28.1396,-82.4467,21456,339,polygon,FALSE,FALSE,America/New_York,3
2224,Mukilteo,Mukilteo,WA,Washington,53061,Snohomish,47.9096,-122.3035,21441,1323,polygon,FALSE,TRUE,America/Los_Angeles,3
2225,Atoka,Atoka,TN,Tennessee,47167,Tipton,35.4239,-89.7861,21428,303,polygon,FALSE,TRUE,America/Chicago,3
2226,Prichard,Prichard,AL,Alabama,1097,Mobile,30.7735,-88.1301,21428,326,polygon,FALSE,TRUE,America/Chicago,3
2227,Hays,Hays,KS,Kansas,20051,Ellis,38.8815,-99.3218,21421,955,polygon,FALSE,TRUE,America/Chicago,3
2228,Birmingham,Birmingham,MI,Michigan,26125,Oakland,42.5447,-83.2166,21389,1721,polygon,FALSE,TRUE,America/Detroit,3
2229,Florida Ridge,Florida Ridge,FL,Florida,12061,Indian River,27.5805,-80.3848,21371,766,polygon,FALSE,FALSE,America/New_York,3
2230,Easley,Easley,SC,South Carolina,45077,Pickens,34.819,-82.5828,21364,661,polygon,FALSE,TRUE,America/New_York,3
2231,Bear,Bear,DE,Delaware,10003,New Castle,39.6188,-75.6804,21362,1444,polygon,FALSE,FALSE,America/New_York,3
2232,Mountlake Terrace,Mountlake Terrace,WA,Washington,53061,Snohomish,47.7921,-122.3076,21338,2031,polygon,FALSE,TRUE,America/Los_Angeles,2
2233,Marshall,Marshall,TX,Texas,48203,Harrison,32.537,-94.3515,21331,297,polygon,FALSE,TRUE,America/Chicago,3
2234,Lennox,Lennox,CA,California,6037,Los Angeles,33.938,-118.3586,21329,7530,polygon,FALSE,FALSE,America/Los_Angeles,2
2235,Owosso,Owosso,MI,Michigan,26155,Shiawassee,42.9955,-84.176,21315,1062,polygon,FALSE,TRUE,America/Detroit,3
2236,DeBary,DeBary,FL,Florida,12127,Volusia,28.8815,-81.324,21305,433,polygon,FALSE,TRUE,America/New_York,3
2237,Eustis,Eustis,FL,Florida,12069,Lake,28.856,-81.6781,21303,784,polygon,FALSE,TRUE,America/New_York,3
2238,Salmon Creek,Salmon Creek,WA,Washington,53011,Clark,45.7099,-122.6632,21299,1295,polygon,FALSE,FALSE,America/Los_Angeles,3
2239,South Euclid,South Euclid,OH,Ohio,39035,Cuyahoga,41.5239,-81.5245,21297,1768,polygon,FALSE,TRUE,America/New_York,3
2240,South Holland,South Holland,IL,Illinois,17031,Cook,41.5977,-87.6022,21296,1136,polygon,FALSE,TRUE,America/Chicago,3
2241,North Plainfield,North Plainfield,NJ,New Jersey,34035,Somerset,40.6209,-74.4386,21289,2927,polygon,FALSE,TRUE,America/New_York,2
2242,Rancho San Diego,Rancho San Diego,CA,California,6073,San Diego,32.7624,-116.9197,21289,945,polygon,FALSE,FALSE,America/Los_Angeles,3
2243,Lealman,Lealman,FL,Florida,12103,Pinellas,27.8197,-82.6847,21281,2040,polygon,FALSE,FALSE,America/New_York,2
2244,Ashland,Ashland,OR,Oregon,41029,Jackson,42.1905,-122.6992,21281,1238,polygon,FALSE,TRUE,America/Los_Angeles,3
2245,Sapulpa,Sapulpa,OK,Oklahoma,40037,Creek,36.0089,-96.1006,21278,348,polygon,FALSE,TRUE,America/Chicago,3
2246,Duarte,Duarte,CA,California,6037,Los Angeles,34.161,-117.9504,21271,1224,polygon,FALSE,TRUE,America/Los_Angeles,3
2247,Bellview,Bellview,FL,Florida,12033,Escambia,30.462,-87.312,21269,705,polygon,FALSE,FALSE,America/Chicago,3
2248,Marietta,Marietta,OH,Ohio,39167,Washington,39.4241,-81.4465,21267,611,polygon,FALSE,TRUE,America/New_York,3
2249,Battle Ground,Battle Ground,WA,Washington,53011,Clark,45.7765,-122.5413,21252,964,polygon,FALSE,TRUE,America/Los_Angeles,3
2250,Ardmore,Ardmore,OK,Oklahoma,40019,Carter,34.1944,-97.1253,21245,190,polygon,FALSE,TRUE,America/Chicago,3
2251,West Pensacola,West Pensacola,FL,Florida,12033,Escambia,30.4263,-87.2679,21243,1143,polygon,FALSE,FALSE,America/Chicago,3
2252,Amsterdam,Amsterdam,NY,New York,36057,Montgomery,42.942,-74.1907,21241,1168,polygon,FALSE,TRUE,America/New_York,3
2253,Oxford,Oxford,AL,Alabama,1015,Calhoun,33.5967,-85.8687,21225,257,polygon,FALSE,TRUE,America/Chicago,3
2254,Park Forest,Park Forest,IL,Illinois,17031,Cook,41.4817,-87.6868,21210,1650,polygon,FALSE,TRUE,America/Chicago,3
2255,Evans,Evans,CO,Colorado,8123,Weld,40.366,-104.7389,21205,804,polygon,FALSE,TRUE,America/Denver,3
2256,Alexandria,Alexandria,MN,Minnesota,27041,Douglas,45.8777,-95.3766,21204,310,polygon,FALSE,TRUE,America/Chicago,3
2257,Fort Atkinson,Fort Atkinson,WI,Wisconsin,55055,Jefferson,42.9253,-88.8441,21196,847,polygon,FALSE,TRUE,America/Chicago,3
2258,Carrboro,Carrboro,NC,North Carolina,37135,Orange,35.926,-79.0878,21190,1263,polygon,FALSE,TRUE,America/New_York,3
2259,Bardstown,Bardstown,KY,Kentucky,21179,Nelson,37.8174,-85.4548,21184,420,polygon,FALSE,TRUE,America/New_York,3
2260,East Ridge,East Ridge,TN,Tennessee,47065,Hamilton,34.9973,-85.2284,21182,987,polygon,FALSE,TRUE,America/New_York,3
2261,Elko,Elko,NV,Nevada,32007,Elko,40.8387,-115.7674,21179,442,polygon,FALSE,TRUE,America/Los_Angeles,3
2262,Covington,Covington,WA,Washington,53033,King,47.3668,-122.1044,21175,1378,polygon,FALSE,TRUE,America/Los_Angeles,3
2263,Gaffney,Gaffney,SC,South Carolina,45021,Cherokee,35.0742,-81.6558,21169,583,polygon,FALSE,TRUE,America/New_York,3
2264,Bonney Lake,Bonney Lake,WA,Washington,53053,Pierce,47.1791,-122.17,21148,993,polygon,FALSE,TRUE,America/Los_Angeles,3
2265,Sidney,Sidney,OH,Ohio,39149,Shelby,40.2891,-84.1667,21148,659,polygon,FALSE,TRUE,America/New_York,3
2266,Dickinson,Dickinson,TX,Texas,48167,Galveston,29.4546,-95.0583,21129,806,polygon,FALSE,TRUE,America/Chicago,3
2267,Arnold,Arnold,MO,Missouri,29099,Jefferson,38.4296,-90.3733,21091,706,polygon,FALSE,TRUE,America/Chicago,3
2268,Silverdale,Silverdale,WA,Washington,53035,Kitsap,47.6663,-122.6828,21071,643,polygon,FALSE,FALSE,America/Los_Angeles,3
2269,Hazel Dell,Hazel Dell,WA,Washington,53011,Clark,45.6797,-122.6553,21066,1682,polygon,FALSE,FALSE,America/Los_Angeles,3
2270,Rolla,Rolla,MO,Missouri,29161,Phelps,37.9458,-91.7608,21059,650,polygon,FALSE,TRUE,America/Chicago,3
2271,Johnstown,Johnstown,CO,Colorado,8123,Weld,40.3499,-104.9481,21048,426,polygon,FALSE,TRUE,America/Denver,3
2272,North Bay Shore,North Bay Shore,NY,New York,36103,Suffolk,40.7601,-73.2618,21045,2528,polygon,FALSE,TRUE,America/New_York,2
2273,Fernley,Fernley,NV,Nevada,32019,Lyon,39.5611,-119.1926,21045,67,polygon,FALSE,TRUE,America/Los_Angeles,3
2274,Pleasant Prairie,Pleasant Prairie,WI,Wisconsin,55059,Kenosha,42.5266,-87.8895,21034,243,polygon,FALSE,TRUE,America/Chicago,3
2275,Shelbyville,Shelbyville,IN,Indiana,18145,Shelby,39.535,-85.7792,21028,602,polygon,FALSE,TRUE,America/Indiana/Indianapolis,3
2276,Sweetwater,Sweetwater,FL,Florida,12086,Miami-Dade,25.7786,-80.376,20994,3699,polygon,FALSE,TRUE,America/New_York,2
2277,Milwaukie,Milwaukie,OR,Oregon,41005,Clackamas,45.4447,-122.6221,20990,1653,polygon,FALSE,TRUE,America/Los_Angeles,3
2278,Bryant,Bryant,AR,Arkansas,5125,Saline,34.6152,-92.4914,20968,395,polygon,FALSE,TRUE,America/Chicago,3
2279,Kill Devil Hills,Kill Devil Hills,NC,North Carolina,37055,Dare,36.0167,-75.6699,20951,503,polygon,FALSE,TRUE,America/New_York,3
2280,North Salt Lake,North Salt Lake,UT,Utah,49011,Davis,40.8439,-111.9187,20948,955,polygon,FALSE,TRUE,America/Denver,3
2281,Wade Hampton,Wade Hampton,SC,South Carolina,45045,Greenville,34.8821,-82.3336,20925,906,polygon,FALSE,FALSE,America/New_York,3
2282,Makakilo,Makakilo,HI,Hawaii,15003,Honolulu,21.3591,-158.0813,20920,2116,polygon,FALSE,FALSE,Pacific/Honolulu,2
2283,Cornelia,Cornelia,GA,Georgia,13137,Habersham,34.517,-83.531,20913,435,polygon,FALSE,TRUE,America/New_York,3
2284,Suwanee,Suwanee,GA,Georgia,13135,Gwinnett,34.0506,-84.0687,20907,742,polygon,FALSE,TRUE,America/New_York,3
2285,New Hope,New Hope,MN,Minnesota,27053,Hennepin,45.0374,-93.3869,20907,1596,polygon,FALSE,TRUE,America/Chicago,3
2286,Mill Creek,Mill Creek,WA,Washington,53061,Snohomish,47.8631,-122.2037,20897,1737,polygon,FALSE,TRUE,America/Los_Angeles,3
2287,Universal City,Universal City,TX,Texas,48029,Bexar,29.5521,-98.3074,20890,1448,polygon,FALSE,TRUE,America/Chicago,3
2288,Clemmons,Clemmons,NC,North Carolina,37067,Forsyth,36.0319,-80.3861,20867,678,polygon,FALSE,TRUE,America/New_York,3
2289,Stephenville,Stephenville,TX,Texas,48143,Erath,32.2148,-98.2205,20841,690,polygon,FALSE,TRUE,America/Chicago,3
2290,Dyersburg,Dyersburg,TN,Tennessee,47045,Dyer,36.0465,-89.3777,20839,363,polygon,FALSE,TRUE,America/Chicago,3
2291,Bayou Cane,Bayou Cane,LA,Louisiana,22109,Terrebonne,29.6244,-90.751,20829,1057,polygon,FALSE,FALSE,America/Chicago,3
2292,Oneida,Oneida,NY,New York,36053,Madison,43.0769,-75.6621,20828,190,polygon,FALSE,TRUE,America/New_York,3
2293,Louisville,Louisville,CO,Colorado,8013,Boulder,39.9709,-105.1441,20816,1007,polygon,FALSE,TRUE,America/Denver,3
2294,Dixon,Dixon,CA,California,6095,Solano,38.4468,-121.8249,20803,1131,polygon,FALSE,TRUE,America/Los_Angeles,3
2295,Lake Ronkonkoma,Lake Ronkonkoma,NY,New York,36103,Suffolk,40.8308,-73.1112,20780,1625,polygon,FALSE,FALSE,America/New_York,3
2296,Allendale,Allendale,MI,Michigan,26139,Ottawa,42.9851,-85.9509,20776,352,polygon,FALSE,FALSE,America/Detroit,3
2297,Murray,Murray,KY,Kentucky,21035,Calloway,36.6146,-88.3206,20776,642,polygon,FALSE,TRUE,America/Chicago,3
2298,McNair,McNair,VA,Virginia,51059,Fairfax,38.9513,-77.4116,20771,3927,polygon,FALSE,TRUE,America/New_York,2
2299,Golden,Golden,CO,Colorado,8059,Jefferson,39.7406,-105.2118,20767,831,polygon,FALSE,TRUE,America/Denver,3
2300,Olean,Olean,NY,New York,36009,Cattaraugus,42.0819,-78.4321,20755,879,polygon,FALSE,TRUE,America/New_York,3
2301,Grayslake,Grayslake,IL,Illinois,17097,Lake,42.3402,-88.0338,20725,728,polygon,FALSE,TRUE,America/Chicago,3
2302,Palisades Park,Palisades Park,NJ,New Jersey,34003,Bergen,40.8472,-73.9967,20715,6455,polygon,FALSE,TRUE,America/New_York,2
2303,Harvey,Harvey,LA,Louisiana,22051,Jefferson,29.8876,-90.0666,20712,1232,polygon,FALSE,FALSE,America/Chicago,3
2304,South Milwaukee,South Milwaukee,WI,Wisconsin,55079,Milwaukee,42.912,-87.8627,20696,1654,polygon,FALSE,TRUE,America/Chicago,3
2305,Lorton,Lorton,VA,Virginia,51059,Fairfax,38.6984,-77.2163,20691,1494,polygon,FALSE,FALSE,America/New_York,3
2306,Sun Valley,Sun Valley,NV,Nevada,32031,Washoe,39.6106,-119.7765,20683,536,polygon,FALSE,FALSE,America/Los_Angeles,3
2307,Gardner,Gardner,MA,Massachusetts,25027,Worcester,42.5845,-71.9867,20683,361,polygon,FALSE,TRUE,America/New_York,3
2308,East Hemet,East Hemet,CA,California,6065,Riverside,33.7301,-116.941,20679,1535,polygon,FALSE,FALSE,America/Los_Angeles,3
2309,Havelock,Havelock,NC,North Carolina,37049,Craven,34.9078,-76.8987,20677,448,polygon,FALSE,TRUE,America/New_York,3
2310,Lebanon,Lebanon,OH,Ohio,39165,Warren,39.4251,-84.2135,20659,622,polygon,FALSE,TRUE,America/New_York,3
2311,East Moline,East Moline,IL,Illinois,17161,Rock Island,41.5199,-90.3879,20645,545,polygon,FALSE,TRUE,America/Chicago,3
2312,Norwalk,Norwalk,OH,Ohio,39077,Huron,41.2443,-82.6088,20629,734,polygon,FALSE,TRUE,America/New_York,3
2313,Yorkville,Yorkville,IL,Illinois,17093,Kendall,41.6562,-88.4507,20613,398,polygon,FALSE,TRUE,America/Chicago,3
2314,Logansport,Logansport,IN,Indiana,18017,Cass,40.7472,-86.3519,20608,648,polygon,FALSE,TRUE,America/Indiana/Indianapolis,3
2315,South San Jose Hills,South San Jose Hills,CA,California,6037,Los Angeles,34.0123,-117.9041,20593,5272,polygon,FALSE,FALSE,America/Los_Angeles,2
2316,Dublin,Dublin,GA,Georgia,13175,Laurens,32.5359,-82.928,20583,385,polygon,FALSE,TRUE,America/New_York,3
2317,North Ogden,North Ogden,UT,Utah,49057,Weber,41.3123,-111.9585,20582,1066,polygon,FALSE,TRUE,America/Denver,3
2318,South El Monte,South El Monte,CA,California,6037,Los Angeles,34.0493,-118.0484,20574,2793,polygon,FALSE,TRUE,America/Los_Angeles,2
2319,Clifton,Clifton,CO,Colorado,8077,Mesa,39.0763,-108.4606,20572,1313,polygon,FALSE,FALSE,America/Denver,3
2320,Lynn Haven,Lynn Haven,FL,Florida,12005,Bay,30.2337,-85.637,20525,758,polygon,FALSE,TRUE,America/Chicago,3
2321,Ferguson,Ferguson,MO,Missouri,29189,St. Louis,38.749,-90.295,20525,1283,polygon,FALSE,TRUE,America/Chicago,3
2322,Arlington,Arlington,WA,Washington,53061,Snohomish,48.1698,-122.1443,20523,815,polygon,FALSE,TRUE,America/Los_Angeles,3
2323,Elkridge,Elkridge,MD,Maryland,24027,Howard,39.1941,-76.7427,20519,944,polygon,FALSE,FALSE,America/New_York,3
2324,Alice,Alice,TX,Texas,48249,Jim Wells,27.7556,-98.0653,20510,601,polygon,FALSE,TRUE,America/Chicago,3
2325,Willmar,Willmar,MN,Minnesota,27067,Kandiyohi,45.122,-95.0569,20510,549,polygon,FALSE,TRUE,America/Chicago,3
2326,Swansboro,Swansboro,NC,North Carolina,37133,Onslow,34.6958,-77.1368,20507,573,polygon,FALSE,TRUE,America/New_York,3
2327,Murphy,Murphy,TX,Texas,48085,Collin,33.0186,-96.6105,20500,1392,polygon,FALSE,TRUE,America/Chicago,3
2328,Montclair,Montclair,VA,Virginia,51153,Prince William,38.6111,-77.34,20494,1316,polygon,FALSE,FALSE,America/New_York,3
2329,Culpeper,Culpeper,VA,Virginia,51047,Culpeper,38.4705,-78.0001,20485,1002,polygon,FALSE,TRUE,America/New_York,3
2330,Ozark,Ozark,MO,Missouri,29043,Christian,37.0361,-93.2155,20482,706,polygon,FALSE,TRUE,America/Chicago,3
2331,American Canyon,American Canyon,CA,California,6055,Napa,38.1796,-122.2583,20475,1298,polygon,FALSE,TRUE,America/Los_Angeles,3
2332,Papillion,Papillion,NE,Nebraska,31153,Sarpy,41.1516,-96.0679,20471,800,polygon,FALSE,TRUE,America/Chicago,3
2333,The Dalles,The Dalles,OR,Oregon,41065,Wasco,45.6053,-121.1818,20442,913,polygon,FALSE,TRUE,America/Los_Angeles,3
2334,King of Prussia,King of Prussia,PA,Pennsylvania,42091,Montgomery,40.0963,-75.382,20428,929,polygon,FALSE,FALSE,America/New_York,3
2335,Columbia Heights,Columbia Heights,MN,Minnesota,27003,Anoka,45.0484,-93.2472,20427,2327,polygon,FALSE,TRUE,America/Chicago,2
2336,Barre,Barre,VT,Vermont,50023,Washington,44.1997,-72.5083,20421,834,polygon,FALSE,TRUE,America/New_York,3
2337,Crest Hill,Crest Hill,IL,Illinois,17197,Will,41.5723,-88.1124,20376,872,polygon,FALSE,TRUE,America/Chicago,3
2338,Punta Gorda,Punta Gorda,FL,Florida,12015,Charlotte,26.8933,-82.0516,20369,506,polygon,FALSE,TRUE,America/New_York,3
2339,Newton,Newton,KS,Kansas,20079,Harvey,38.0368,-97.3451,20361,502,polygon,FALSE,TRUE,America/Chicago,3
2340,Poplar Bluff,Poplar Bluff,MO,Missouri,29023,Butler,36.7632,-90.4136,20359,497,polygon,FALSE,TRUE,America/Chicago,3
2341,Tukwila,Tukwila,WA,Washington,53033,King,47.4749,-122.2727,20347,855,polygon,FALSE,TRUE,America/Los_Angeles,3
2342,Lomita,Lomita,CA,California,6037,Los Angeles,33.7933,-118.3175,20320,4103,polygon,FALSE,TRUE,America/Los_Angeles,2
2343,Duncan,Duncan,OK,Oklahoma,40137,Stephens,34.5424,-97.919,20312,201,polygon,FALSE,TRUE,America/Chicago,3
2344,Bothell West,Bothell West,WA,Washington,53061,Snohomish,47.8056,-122.2401,20307,1890,polygon,FALSE,TRUE,America/Los_Angeles,3
2345,Payson,Payson,UT,Utah,49049,Utah,40.036,-111.7395,20303,620,polygon,FALSE,TRUE,America/Denver,3
2346,Mountain Brook,Mountain Brook,AL,Alabama,1073,Jefferson,33.4871,-86.74,20297,611,polygon,FALSE,TRUE,America/Chicago,3
2347,Bayshore Gardens,Bayshore Gardens,FL,Florida,12081,Manatee,27.4345,-82.5794,20293,2226,polygon,FALSE,FALSE,America/New_York,2
2348,Glassboro,Glassboro,NJ,New Jersey,34015,Gloucester,39.7014,-75.1113,20288,840,polygon,FALSE,TRUE,America/New_York,3
2349,North Bellmore,North Bellmore,NY,New York,36059,Nassau,40.6904,-73.539,20269,2986,polygon,FALSE,FALSE,America/New_York,2
2350,Shelton,Shelton,WA,Washington,53045,Mason,47.2186,-123.112,20264,708,polygon,FALSE,TRUE,America/Los_Angeles,3
2351,Ramona,Ramona,CA,California,6073,San Diego,33.0474,-116.8767,20260,203,polygon,FALSE,FALSE,America/Los_Angeles,3
2352,Lake Shore,Lake Shore,MD,Maryland,24003,Anne Arundel,39.1029,-76.4876,20260,582,polygon,FALSE,FALSE,America/New_York,3
2353,Arbutus,Arbutus,MD,Maryland,24005,Baltimore,39.2428,-76.6922,20259,1198,polygon,FALSE,FALSE,America/New_York,3
2354,Amherst Center,Amherst Center,MA,Massachusetts,25015,Hampshire,42.3757,-72.5188,20253,1582,polygon,FALSE,FALSE,America/New_York,3
2355,Henderson,Henderson,NC,North Carolina,37181,Vance,36.3259,-78.4155,20238,676,polygon,FALSE,TRUE,America/New_York,3
2356,Agoura Hills,Agoura Hills,CA,California,6037,Los Angeles,34.151,-118.7608,20222,1000,polygon,FALSE,TRUE,America/Los_Angeles,3
2357,Libertyville,Libertyville,IL,Illinois,17097,Lake,42.287,-87.967,20205,885,polygon,FALSE,TRUE,America/Chicago,3
2358,Durango,Durango,CO,Colorado,8067,La Plata,37.2659,-107.8782,20203,498,polygon,FALSE,TRUE,America/Denver,3
2359,Shenandoah,Shenandoah,LA,Louisiana,22033,East Baton Rouge,30.4019,-91.002,20192,1257,polygon,FALSE,FALSE,America/Chicago,3
2360,Affton,Affton,MO,Missouri,29189,St. Louis,38.5499,-90.3264,20187,1705,polygon,FALSE,FALSE,America/Chicago,3
2361,Howard,Howard,WI,Wisconsin,55009,Brown,44.5703,-88.092,20177,422,polygon,FALSE,TRUE,America/Chicago,3
2362,Monmouth,Monmouth,OR,Oregon,41053,Polk,44.8505,-123.2283,20172,1880,polygon,FALSE,TRUE,America/Los_Angeles,3
2363,Ypsilanti,Ypsilanti,MI,Michigan,26161,Washtenaw,42.2437,-83.6205,20171,1842,polygon,FALSE,TRUE,America/Detroit,3
2364,Mokena,Mokena,IL,Illinois,17197,Will,41.5327,-87.8779,20159,884,polygon,FALSE,TRUE,America/Chicago,3
2365,Pleasantville,Pleasantville,NJ,New Jersey,34001,Atlantic,39.39,-74.5169,20149,1359,polygon,FALSE,TRUE,America/New_York,3
2366,Bartow,Bartow,FL,Florida,12105,Polk,27.8868,-81.8213,20147,168,polygon,FALSE,TRUE,America/New_York,3
2367,Ashland,Ashland,KY,Kentucky,21019,Boyd,38.4592,-82.6449,20146,724,polygon,FALSE,TRUE,America/New_York,3
2368,Miamisburg,Miamisburg,OH,Ohio,39113,Montgomery,39.6323,-84.2725,20143,637,polygon,FALSE,TRUE,America/New_York,3
2369,Ashland,Ashland,OH,Ohio,39005,Ashland,40.8668,-82.3156,20140,693,polygon,FALSE,TRUE,America/New_York,3
2370,East Northport,East Northport,NY,New York,36103,Suffolk,40.8792,-73.3232,20136,1505,polygon,FALSE,FALSE,America/New_York,3
2371,Germantown,Germantown,WI,Wisconsin,55131,Washington,43.2343,-88.1217,20116,225,polygon,FALSE,TRUE,America/Chicago,3
2372,West Hempstead,West Hempstead,NY,New York,36059,Nassau,40.6959,-73.6507,20116,2924,polygon,FALSE,FALSE,America/New_York,2
2373,Escanaba,Escanaba,MI,Michigan,26041,Delta,45.7477,-87.09,20094,368,polygon,FALSE,TRUE,America/Detroit,3
2374,Charleston,Charleston,IL,Illinois,17029,Coles,39.4842,-88.1781,20090,874,polygon,FALSE,TRUE,America/Chicago,3
2375,Brambleton,Brambleton,VA,Virginia,51107,Loudoun,38.9802,-77.5323,20081,1347,polygon,FALSE,FALSE,America/New_York,3
2376,Ennis,Ennis,TX,Texas,48139,Ellis,32.3255,-96.635,20077,242,polygon,FALSE,TRUE,America/Chicago,3
2377,Snellville,Snellville,GA,Georgia,13135,Gwinnett,33.8563,-84.0038,20077,740,polygon,FALSE,TRUE,America/New_York,3
2378,Sulphur,Sulphur,LA,Louisiana,22019,Calcasieu,30.2286,-93.3565,20065,690,polygon,FALSE,TRUE,America/Chicago,3
2379,Harrison,Harrison,NJ,New Jersey,34017,Hudson,40.7431,-74.1531,20061,6395,polygon,FALSE,TRUE,America/New_York,2
2380,South St. Paul,South St. Paul,MN,Minnesota,27037,Dakota,44.8876,-93.0411,20060,1377,polygon,FALSE,TRUE,America/Chicago,3
2381,Oregon,Oregon,OH,Ohio,39095,Lucas,41.6528,-83.4322,20055,271,polygon,FALSE,TRUE,America/New_York,3
2382,Fish Hawk,Fish Hawk,FL,Florida,12057,Hillsborough,27.8511,-82.2164,20054,477,polygon,FALSE,FALSE,America/New_York,3
2383,Middleton,Middleton,WI,Wisconsin,55025,Dane,43.1065,-89.5058,20034,866,polygon,FALSE,TRUE,America/Chicago,3
2384,Ferndale,Ferndale,MI,Michigan,26125,Oakland,42.4592,-83.1314,20033,1995,polygon,FALSE,TRUE,America/Detroit,3
2385,West Chester,West Chester,PA,Pennsylvania,42029,Chester,39.9601,-75.6058,20029,4188,polygon,FALSE,TRUE,America/New_York,2
2386,Rosamond,Rosamond,CA,California,6029,Kern,34.8658,-118.2154,20028,148,polygon,FALSE,FALSE,America/Los_Angeles,3
2387,Brushy Creek,Brushy Creek,TX,Texas,48491,Williamson,30.5125,-97.7388,20024,1187,polygon,FALSE,FALSE,America/Chicago,3
2388,Forest Park,Forest Park,GA,Georgia,13063,Clayton,33.6209,-84.359,20020,830,polygon,FALSE,TRUE,America/New_York,3
2389,La Cañada Flintridge,La Canada Flintridge,CA,California,6037,Los Angeles,34.2097,-118.2002,20009,895,polygon,FALSE,TRUE,America/Los_Angeles,3
2390,Safford,Safford,AZ,Arizona,4009,Graham,32.8317,-109.7005,19987,450,polygon,FALSE,TRUE,America/Phoenix,3
2391,Rocky River,Rocky River,OH,Ohio,39035,Cuyahoga,41.4703,-81.8526,19986,1629,polygon,FALSE,TRUE,America/New_York,3
2392,Elmwood Park,Elmwood Park,NJ,New Jersey,34003,Bergen,40.905,-74.1201,19966,2916,polygon,FALSE,TRUE,America/New_York,2
2393,Merrick,Merrick,NY,New York,36059,Nassau,40.6515,-73.5535,19966,1936,polygon,FALSE,FALSE,America/New_York,3
2394,Saco,Saco,ME,Maine,23031,York,43.539,-70.4624,19964,200,polygon,FALSE,TRUE,America/New_York,3
2395,West St. Paul,West St. Paul,MN,Minnesota,27037,Dakota,44.9018,-93.0858,19961,1570,polygon,FALSE,TRUE,America/Chicago,3
2396,Greenwood,Greenwood,MS,Mississippi,28083,Leflore,33.5126,-90.1993,19961,424,polygon,FALSE,TRUE,America/Chicago,3
2397,Mililani Mauka,Mililani Mauka,HI,Hawaii,15003,Honolulu,21.4756,-157.9947,19955,1936,polygon,FALSE,TRUE,Pacific/Honolulu,3
2398,Martha Lake,Martha Lake,WA,Washington,53061,Snohomish,47.8479,-122.2327,19954,1692,polygon,FALSE,FALSE,America/Los_Angeles,3
2399,Orinda,Orinda,CA,California,6013,Contra Costa,37.8808,-122.1791,19926,598,polygon,FALSE,TRUE,America/Los_Angeles,3
2400,Valley,Valley,AL,Alabama,1017,Chambers,32.8088,-85.1809,19926,275,polygon,FALSE,TRUE,America/Chicago,3
2401,Mead Valley,Mead Valley,CA,California,6065,Riverside,33.8333,-117.2852,19925,403,polygon,FALSE,FALSE,America/Los_Angeles,3
2402,Helena,Helena,AL,Alabama,1117,Shelby,33.2845,-86.8756,19925,377,polygon,FALSE,TRUE,America/Chicago,3
2403,Cullman,Cullman,AL,Alabama,1043,Cullman,34.1777,-86.8407,19920,283,polygon,FALSE,TRUE,America/Chicago,3
2404,Alamo,Alamo,TX,Texas,48215,Hidalgo,26.1811,-98.1177,19910,1023,polygon,FALSE,TRUE,America/Chicago,3
2405,Sand Springs,Sand Springs,OK,Oklahoma,40143,Tulsa,36.1342,-96.1284,19905,396,polygon,FALSE,TRUE,America/Chicago,3
2406,Cameron Park,Cameron Park,CA,California,6017,El Dorado,38.6737,-120.9872,19902,684,polygon,FALSE,FALSE,America/Los_Angeles,3
2407,White Oak,White Oak,OH,Ohio,39061,Hamilton,39.2106,-84.6061,19900,1235,polygon,FALSE,FALSE,America/New_York,3
2408,Vernal,Vernal,UT,Utah,49047,Uintah,40.4517,-109.5379,19893,871,polygon,FALSE,TRUE,America/Denver,3
2409,Laurinburg,Laurinburg,NC,North Carolina,37165,Scotland,34.7597,-79.4781,19889,462,polygon,FALSE,TRUE,America/New_York,3
2410,Ballenger Creek,Ballenger Creek,MD,Maryland,24021,Frederick,39.3807,-77.4205,19889,710,polygon,FALSE,FALSE,America/New_York,3
2411,Painesville,Painesville,OH,Ohio,39085,Lake,41.724,-81.2536,19886,1124,polygon,FALSE,TRUE,America/New_York,3
2412,Sherwood,Sherwood,OR,Oregon,41067,Washington,45.3593,-122.8433,19879,1723,polygon,FALSE,TRUE,America/Los_Angeles,3
2413,Lake Zurich,Lake Zurich,IL,Illinois,17097,Lake,42.1955,-88.087,19877,1122,polygon,FALSE,TRUE,America/Chicago,3
2414,Ottawa,Ottawa,IL,Illinois,17099,LaSalle,41.3532,-88.8306,19839,545,polygon,FALSE,TRUE,America/Chicago,3
2415,Schofield Barracks,Schofield Barracks,HI,Hawaii,15003,Honolulu,21.4936,-158.0617,19796,2758,polygon,TRUE,TRUE,Pacific/Honolulu,2
2416,Parma Heights,Parma Heights,OH,Ohio,39035,Cuyahoga,41.3865,-81.7637,19790,1823,polygon,FALSE,TRUE,America/New_York,3
2417,Monroe,Monroe,WA,Washington,53061,Snohomish,47.8595,-121.9852,19776,1252,polygon,FALSE,TRUE,America/Los_Angeles,3
2418,Norwood,Norwood,OH,Ohio,39061,Hamilton,39.1605,-84.4535,19776,2429,polygon,FALSE,TRUE,America/New_York,2
2419,Selma,Selma,AL,Alabama,1047,Dallas,32.4166,-87.0336,19775,481,polygon,FALSE,TRUE,America/Chicago,3
2420,Tahlequah,Tahlequah,OK,Oklahoma,40021,Cherokee,35.9116,-94.9773,19773,520,polygon,FALSE,TRUE,America/Chicago,3
2421,Selden,Selden,NY,New York,36103,Suffolk,40.8699,-73.0462,19770,1766,polygon,FALSE,FALSE,America/New_York,3
2422,Brockport,Brockport,NY,New York,36055,Monroe,43.2137,-77.9404,19764,1449,polygon,FALSE,TRUE,America/New_York,3
2423,Rockport,Rockport,TX,Texas,48007,Aransas,28.029,-97.0722,19743,247,polygon,FALSE,TRUE,America/Chicago,3
2424,Cherry Hill,Cherry Hill,VA,Virginia,51153,Prince William,38.5696,-77.2895,19731,976,polygon,FALSE,FALSE,America/New_York,3
2425,Franconia,Franconia,VA,Virginia,51059,Fairfax,38.7682,-77.1587,19725,2189,polygon,FALSE,FALSE,America/New_York,2
2426,Haslett,Haslett,MI,Michigan,26065,Ingham,42.7525,-84.402,19721,494,polygon,FALSE,FALSE,America/Detroit,3
2427,Front Royal,Front Royal,VA,Virginia,51187,Warren,38.926,-78.1838,19719,574,polygon,FALSE,TRUE,America/New_York,3
2428,West Mifflin,West Mifflin,PA,Pennsylvania,42003,Allegheny,40.3581,-79.9072,19699,535,polygon,FALSE,TRUE,America/New_York,3
2429,Albany,Albany,CA,California,6001,Alameda,37.8898,-122.3018,19696,4250,polygon,FALSE,TRUE,America/Los_Angeles,2
2430,Somerton,Somerton,AZ,Arizona,4027,Yuma,32.6009,-114.699,19684,861,polygon,FALSE,TRUE,America/Phoenix,3
2431,Horizon City,Horizon City,TX,Texas,48141,El Paso,31.6799,-106.1903,19642,870,polygon,FALSE,TRUE,America/Denver,3
2432,Montgomery,Montgomery,IL,Illinois,17089,Kane,41.7237,-88.3631,19638,818,polygon,FALSE,TRUE,America/Chicago,3
2433,Casa de Oro-Mount Helix,Casa de Oro-Mount Helix,CA,California,6073,San Diego,32.764,-116.9687,19635,1106,polygon,FALSE,TRUE,America/Los_Angeles,3
2434,Stillwater,Stillwater,MN,Minnesota,27163,Washington,45.0573,-92.8313,19627,941,polygon,FALSE,TRUE,America/Chicago,3
2435,Eloy,Eloy,AZ,Arizona,4021,Pinal,32.747,-111.5991,19625,66,polygon,FALSE,TRUE,America/Phoenix,3
2436,Rio Rico,Rio Rico,AZ,Arizona,4023,Santa Cruz,31.4957,-110.9886,19601,121,polygon,FALSE,FALSE,America/Phoenix,3
2437,Brigham City,Brigham City,UT,Utah,49003,Box Elder,41.5034,-112.0454,19601,308,polygon,FALSE,TRUE,America/Denver,3
2438,Murrysville,Murrysville,PA,Pennsylvania,42129,Westmoreland,40.4456,-79.6555,19590,205,polygon,FALSE,TRUE,America/New_York,3
2439,Prunedale,Prunedale,CA,California,6053,Monterey,36.8064,-121.6555,19584,164,polygon,FALSE,FALSE,America/Los_Angeles,3
2440,Brainerd,Brainerd,MN,Minnesota,27035,Crow Wing,46.3553,-94.1982,19583,426,polygon,FALSE,TRUE,America/Chicago,3
2441,Hauppauge,Hauppauge,NY,New York,36103,Suffolk,40.8217,-73.2119,19580,704,polygon,FALSE,FALSE,America/New_York,3
2442,Central Falls,Central Falls,RI,Rhode Island,44007,Providence,41.89,-71.3934,19568,6320,polygon,FALSE,TRUE,America/New_York,2
2443,Syosset,Syosset,NY,New York,36059,Nassau,40.8156,-73.502,19559,1517,polygon,FALSE,FALSE,America/New_York,3
2444,Baldwin,Baldwin,PA,Pennsylvania,42003,Allegheny,40.369,-79.9668,19554,1307,polygon,FALSE,TRUE,America/New_York,3
2445,Anna,Anna,TX,Texas,48085,Collin,33.347,-96.5503,19541,360,polygon,FALSE,TRUE,America/Chicago,3
2446,Meadowbrook,Meadowbrook,VA,Virginia,51041,Chesterfield,37.4301,-77.474,19532,925,polygon,FALSE,FALSE,America/New_York,3
2447,Danville,Danville,KY,Kentucky,21021,Boyle,37.6418,-84.7777,19529,376,polygon,FALSE,TRUE,America/New_York,3
2448,South Burlington,South Burlington,VT,Vermont,50007,Chittenden,44.4622,-73.2203,19509,456,polygon,FALSE,TRUE,America/New_York,3
2449,North Liberty,North Liberty,IA,Iowa,19103,Johnson,41.7438,-91.611,19501,835,polygon,FALSE,TRUE,America/Chicago,3
2450,La Crescenta-Montrose,La Crescenta-Montrose,CA,California,6037,Los Angeles,34.2322,-118.2353,19500,2196,polygon,FALSE,TRUE,America/Los_Angeles,2
2451,Vincennes,Vincennes,IN,Indiana,18083,Knox,38.676,-87.5102,19498,878,polygon,FALSE,TRUE,America/Indiana/Vincennes,3
2452,Abbeville,Abbeville,LA,Louisiana,22113,Vermilion,29.975,-92.1265,19470,768,polygon,FALSE,TRUE,America/Chicago,3
2453,Bourbonnais,Bourbonnais,IL,Illinois,17091,Kankakee,41.183,-87.878,19462,793,polygon,FALSE,TRUE,America/Chicago,3
2454,Apollo Beach,Apollo Beach,FL,Florida,12057,Hillsborough,27.7618,-82.4002,19457,379,polygon,FALSE,FALSE,America/New_York,3
2455,Lynbrook,Lynbrook,NY,New York,36059,Nassau,40.6579,-73.6742,19448,3730,polygon,FALSE,TRUE,America/New_York,2
2456,Matteson,Matteson,IL,Illinois,17031,Cook,41.5095,-87.7468,19448,807,polygon,FALSE,TRUE,America/Chicago,3
2457,Lake Forest,Lake Forest,IL,Illinois,17097,Lake,42.238,-87.8596,19446,436,polygon,FALSE,TRUE,America/Chicago,3
2458,Old Jamestown,Old Jamestown,MO,Missouri,29189,St. Louis,38.8394,-90.2847,19439,502,polygon,FALSE,TRUE,America/Chicago,3
2459,Angleton,Angleton,TX,Texas,48039,Brazoria,29.1718,-95.4291,19431,645,polygon,FALSE,TRUE,America/Chicago,3
2460,Fairwood,Fairwood,WA,Washington,53033,King,47.4467,-122.143,19428,1584,polygon,FALSE,FALSE,America/Los_Angeles,3
2461,Canby,Canby,OR,Oregon,41005,Clackamas,45.2653,-122.6866,19393,1545,polygon,FALSE,TRUE,America/Los_Angeles,3
2462,Wendell,Wendell,NC,North Carolina,37183,Wake,35.7823,-78.3962,19382,600,polygon,FALSE,TRUE,America/New_York,3
2463,Frankfort,Frankfort,IL,Illinois,17197,Will,41.4887,-87.8361,19373,464,polygon,FALSE,TRUE,America/Chicago,3
2464,Laconia,Laconia,NH,New Hampshire,33001,Belknap,43.5724,-71.4775,19371,322,polygon,FALSE,TRUE,America/New_York,3
2465,Holtsville,Holtsville,NY,New York,36103,Suffolk,40.8124,-73.0447,19365,1051,polygon,FALSE,FALSE,America/New_York,3
2466,Stevenson Ranch,Stevenson Ranch,CA,California,6037,Los Angeles,34.3894,-118.5885,19364,1176,polygon,FALSE,TRUE,America/Los_Angeles,3
2467,Silverthorne,Silverthorne,CO,Colorado,8117,Summit,39.656,-106.0867,19344,467,polygon,FALSE,TRUE,America/Denver,3
2468,Rosedale,Rosedale,MD,Maryland,24005,Baltimore,39.3266,-76.5084,19336,1083,polygon,FALSE,FALSE,America/New_York,3
2469,Sheridan,Sheridan,WY,Wyoming,56033,Sheridan,44.7962,-106.9643,19320,546,polygon,FALSE,TRUE,America/Denver,3
2470,Hermosa Beach,Hermosa Beach,CA,California,6037,Los Angeles,33.8654,-118.3966,19320,5231,polygon,FALSE,TRUE,America/Los_Angeles,2
2471,Durant,Durant,OK,Oklahoma,40013,Bryan,33.9957,-96.3938,19315,270,polygon,FALSE,TRUE,America/Chicago,3
2472,Linda,Linda,CA,California,6115,Yuba,39.1241,-121.5421,19314,868,polygon,FALSE,FALSE,America/Los_Angeles,3
2473,Sylvania,Sylvania,OH,Ohio,39095,Lucas,41.71,-83.7091,19311,1123,polygon,FALSE,TRUE,America/New_York,3
2474,Corning,Corning,NY,New York,36101,Steuben,42.147,-77.0561,19296,1319,polygon,FALSE,TRUE,America/New_York,3
2475,Langley Park,Langley Park,MD,Maryland,24033,Prince George's,38.9897,-76.9808,19278,7486,polygon,FALSE,FALSE,America/New_York,2
2476,Morristown,Morristown,NJ,New Jersey,34027,Morris,40.7966,-74.4772,19261,2556,polygon,FALSE,TRUE,America/New_York,2
2477,Pinole,Pinole,CA,California,6013,Contra Costa,37.9931,-122.2834,19250,1456,polygon,FALSE,TRUE,America/Los_Angeles,3
2478,Erlanger,Erlanger,KY,Kentucky,21117,Kenton,39.0109,-84.5864,19246,888,polygon,FALSE,TRUE,America/New_York,3
2479,Sherrelwood,Sherrelwood,CO,Colorado,8001,Adams,39.839,-105.0014,19243,3059,polygon,FALSE,FALSE,America/Denver,2
2480,Altoona,Altoona,IA,Iowa,19153,Polk,41.6481,-93.4784,19221,680,polygon,FALSE,TRUE,America/Chicago,3
2481,Bethany,Bethany,OK,Oklahoma,40109,Oklahoma,35.5072,-97.6417,19221,1419,polygon,FALSE,TRUE,America/Chicago,3
2482,Mineola,Mineola,NY,New York,36059,Nassau,40.7469,-73.6392,19207,3945,polygon,FALSE,TRUE,America/New_York,2
2483,North Valley Stream,North Valley Stream,NY,New York,36059,Nassau,40.684,-73.7077,19202,3975,polygon,FALSE,FALSE,America/New_York,2
2484,Carlisle,Carlisle,PA,Pennsylvania,42041,Cumberland,40.1999,-77.2042,19198,1339,polygon,FALSE,TRUE,America/New_York,3
2485,Highland,Highland,UT,Utah,49049,Utah,40.4275,-111.7955,19175,856,polygon,FALSE,TRUE,America/Denver,3
2486,Pinecrest,Pinecrest,FL,Florida,12086,Miami-Dade,25.665,-80.3042,19155,992,polygon,FALSE,TRUE,America/New_York,3
2487,Evergreen Park,Evergreen Park,IL,Illinois,17031,Cook,41.7213,-87.7013,19147,2337,polygon,FALSE,TRUE,America/Chicago,2
2488,Tiffin,Tiffin,OH,Ohio,39147,Seneca,41.1165,-83.1805,19130,988,polygon,FALSE,TRUE,America/New_York,3
2489,Mount Airy,Mount Airy,NC,North Carolina,37171,Surry,36.5083,-80.6154,19119,337,polygon,FALSE,TRUE,America/New_York,3
2490,Broadview Heights,Broadview Heights,OH,Ohio,39035,Cuyahoga,41.3195,-81.6782,19102,565,polygon,FALSE,TRUE,America/New_York,3
2491,Westbrook,Westbrook,ME,Maine,23005,Cumberland,43.6954,-70.3539,19074,428,polygon,FALSE,TRUE,America/New_York,3
2492,Red Bluff,Red Bluff,CA,California,6103,Tehama,40.1735,-122.2413,19039,742,polygon,FALSE,TRUE,America/Los_Angeles,3
2493,Arcadia,Arcadia,FL,Florida,12027,DeSoto,27.2213,-81.8587,19038,743,polygon,FALSE,TRUE,America/New_York,3
2494,Fox Crossing,Fox Crossing,WI,Wisconsin,55139,Winnebago,44.2229,-88.4763,19012,598,polygon,FALSE,TRUE,America/Chicago,3
2495,White Oak,White Oak,MD,Maryland,24031,Montgomery,39.0433,-76.9906,19010,1941,polygon,FALSE,FALSE,America/New_York,3
2496,McKeesport,McKeesport,PA,Pennsylvania,42003,Allegheny,40.3419,-79.8439,19009,1454,polygon,FALSE,TRUE,America/New_York,3
2497,Liberal,Liberal,KS,Kansas,20175,Seward,37.0466,-100.9295,18990,647,polygon,FALSE,TRUE,America/Chicago,3
2498,Altamont,Altamont,OR,Oregon,41035,Klamath,42.1981,-121.7249,18987,903,polygon,FALSE,FALSE,America/Los_Angeles,3
2499,Bellaire,Bellaire,TX,Texas,48201,Harris,29.704,-95.4622,18971,2036,polygon,FALSE,TRUE,America/Chicago,2
2500,Onalaska,Onalaska,WI,Wisconsin,55063,La Crosse,43.8881,-91.2074,18943,713,polygon,FALSE,TRUE,America/Chicago,3
2501,Lexington,Lexington,NC,North Carolina,37057,Davidson,35.8017,-80.2682,18933,406,polygon,FALSE,TRUE,America/New_York,3
2502,Springboro,Springboro,OH,Ohio,39165,Warren,39.5612,-84.2348,18931,783,polygon,FALSE,TRUE,America/New_York,3
2503,Whitehall,Whitehall,OH,Ohio,39049,Franklin,39.9682,-82.8833,18926,1384,polygon,FALSE,TRUE,America/New_York,3
2504,Sartell,Sartell,MN,Minnesota,27145,Stearns,45.6187,-94.2207,18926,726,polygon,FALSE,TRUE,America/Chicago,3
2505,Castaic,Castaic,CA,California,6037,Los Angeles,34.4818,-118.6317,18921,1006,polygon,FALSE,FALSE,America/Los_Angeles,3
2506,Lake Butler,Lake Butler,FL,Florida,12095,Orange,28.4868,-81.5453,18917,640,polygon,FALSE,FALSE,America/New_York,3
2507,McAlester,McAlester,OK,Oklahoma,40121,Pittsburg,34.9262,-95.7698,18896,424,polygon,FALSE,TRUE,America/Chicago,3
2508,La Follette,La Follette,TN,Tennessee,47013,Campbell,36.3718,-84.1256,18884,525,polygon,FALSE,TRUE,America/New_York,3
2509,Natchitoches,Natchitoches,LA,Louisiana,22069,Natchitoches,31.7317,-93.0979,18859,297,polygon,FALSE,TRUE,America/Chicago,3
2510,Twinsburg,Twinsburg,OH,Ohio,39153,Summit,41.322,-81.4451,18856,529,polygon,FALSE,TRUE,America/New_York,3
2511,Central Point,Central Point,OR,Oregon,41029,Jackson,42.3765,-122.911,18848,1850,polygon,FALSE,TRUE,America/Los_Angeles,3
2512,Seminole,Seminole,FL,Florida,12103,Pinellas,27.8435,-82.7839,18838,1407,polygon,FALSE,TRUE,America/New_York,3
2513,Coldwater,Coldwater,MI,Michigan,26023,Branch,41.9465,-84.9989,18832,488,polygon,FALSE,TRUE,America/Detroit,3
2514,Avenel,Avenel,NJ,New Jersey,34023,Middlesex,40.5839,-74.272,18831,2089,polygon,FALSE,FALSE,America/New_York,2
2515,North Amityville,North Amityville,NY,New York,36103,Suffolk,40.7005,-73.4118,18817,3085,polygon,FALSE,FALSE,America/New_York,2
2516,St. John,St. John,IN,Indiana,18089,Lake,41.4431,-87.47,18796,583,polygon,FALSE,TRUE,America/Chicago,3
2517,Badger,Badger,AK,Alaska,2090,Fairbanks North Star,64.8006,-147.3877,18792,110,polygon,FALSE,FALSE,America/Anchorage,3
2518,Grandview,Grandview,WA,Washington,53077,Yakima,46.2444,-119.9091,18772,665,polygon,FALSE,TRUE,America/Los_Angeles,3
2519,Point Pleasant,Point Pleasant,NJ,New Jersey,34029,Ocean,40.0772,-74.0702,18772,2075,polygon,FALSE,TRUE,America/New_York,2
2520,Marshfield,Marshfield,WI,Wisconsin,55141,Wood,44.6627,-90.1728,18764,522,polygon,FALSE,TRUE,America/Chicago,3
2521,Hawthorne,Hawthorne,NJ,New Jersey,34031,Passaic,40.9579,-74.1581,18753,2181,polygon,FALSE,TRUE,America/New_York,2
2522,Franklin Farm,Franklin Farm,VA,Virginia,51059,Fairfax,38.9133,-77.3969,18727,1522,polygon,FALSE,TRUE,America/New_York,3
2523,Alsip,Alsip,IL,Illinois,17031,Cook,41.6701,-87.7368,18709,1107,polygon,FALSE,TRUE,America/Chicago,3
2524,Avon,Avon,IN,Indiana,18063,Hendricks,39.7603,-86.3917,18706,385,polygon,FALSE,TRUE,America/Indiana/Indianapolis,3
2525,Homewood,Homewood,IL,Illinois,17031,Cook,41.5591,-87.661,18703,1384,polygon,FALSE,TRUE,America/Chicago,3
2526,Port Isabel,Port Isabel,TX,Texas,48061,Cameron,26.054,-97.2505,18686,355,polygon,FALSE,TRUE,America/Chicago,3
2527,Bellwood,Bellwood,IL,Illinois,17031,Cook,41.8829,-87.8762,18672,3006,polygon,FALSE,TRUE,America/Chicago,2
2528,Marinette,Marinette,WI,Wisconsin,55075,Marinette,45.087,-87.6328,18671,580,polygon,FALSE,TRUE,America/Chicago,3
2529,Bay City,Bay City,TX,Texas,48321,Matagorda,28.9838,-95.9601,18661,730,polygon,FALSE,TRUE,America/Chicago,3
2530,Ansonia,Ansonia,CT,Connecticut,9009,New Haven,41.3443,-73.0689,18654,1196,polygon,FALSE,TRUE,America/New_York,3
2531,Deerfield,Deerfield,IL,Illinois,17097,Lake,42.1654,-87.8516,18646,1301,polygon,FALSE,TRUE,America/Chicago,3
2532,Westminster,Westminster,MD,Maryland,24013,Carroll,39.5796,-77.0066,18640,1077,polygon,FALSE,TRUE,America/New_York,3
2533,Creve Coeur,Creve Coeur,MO,Missouri,29189,St. Louis,38.6621,-90.443,18622,699,polygon,FALSE,TRUE,America/Chicago,3
2534,North Massapequa,North Massapequa,NY,New York,36059,Nassau,40.7031,-73.4678,18609,2399,polygon,FALSE,FALSE,America/New_York,2
2535,Berea,Berea,OH,Ohio,39035,Cuyahoga,41.3696,-81.8642,18609,1269,polygon,FALSE,TRUE,America/New_York,3
2536,Cocoa,Cocoa,FL,Florida,12009,Brevard,28.382,-80.7674,18603,538,polygon,FALSE,TRUE,America/New_York,3
2537,Moultrie,Moultrie,GA,Georgia,13071,Colquitt,31.1591,-83.7708,18602,329,polygon,FALSE,TRUE,America/New_York,3
2538,Forest Park,Forest Park,OH,Ohio,39061,Hamilton,39.2861,-84.5259,18583,1112,polygon,FALSE,TRUE,America/New_York,3
2539,Anacortes,Anacortes,WA,Washington,53057,Skagit,48.4878,-122.6292,18563,578,polygon,FALSE,TRUE,America/Los_Angeles,3
2540,Five Corners,Five Corners,WA,Washington,53011,Clark,45.6883,-122.5738,18559,1231,polygon,FALSE,FALSE,America/Los_Angeles,3
2541,Winthrop,Winthrop,MA,Massachusetts,25025,Suffolk,42.3751,-70.9847,18544,3597,polygon,FALSE,TRUE,America/New_York,2
2542,Rancho Mirage,Rancho Mirage,CA,California,6065,Riverside,33.7634,-116.4271,18528,282,polygon,FALSE,TRUE,America/Los_Angeles,3
2543,Lynden,Lynden,WA,Washington,53073,Whatcom,48.9502,-122.4545,18512,1084,polygon,FALSE,TRUE,America/Los_Angeles,3
2544,Gautier,Gautier,MS,Mississippi,28059,Jackson,30.4106,-88.6568,18490,235,polygon,FALSE,TRUE,America/Chicago,3
2545,Mayfield Heights,Mayfield Heights,OH,Ohio,39035,Cuyahoga,41.5175,-81.4534,18487,1711,polygon,FALSE,TRUE,America/New_York,3
2546,Humacao,Humacao,PR,Puerto Rico,72069,Humacao,18.1519,-65.8204,18487,1448,polygon,FALSE,FALSE,America/Puerto_Rico,3
2547,Breaux Bridge,Breaux Bridge,LA,Louisiana,22099,St. Martin,30.2829,-91.9043,18484,407,polygon,FALSE,TRUE,America/Chicago,3
2548,Hopkins,Hopkins,MN,Minnesota,27053,Hennepin,44.9261,-93.4056,18468,1752,polygon,FALSE,TRUE,America/Chicago,3
2549,Defiance,Defiance,OH,Ohio,39039,Defiance,41.281,-84.3661,18460,512,polygon,FALSE,TRUE,America/New_York,3
2550,Mesquite,Mesquite,NV,Nevada,32003,Clark,36.8035,-114.1325,18445,241,polygon,FALSE,TRUE,America/Los_Angeles,3
2551,Iron Mountain,Iron Mountain,MI,Michigan,26043,Dickinson,45.8275,-88.0599,18432,374,polygon,FALSE,TRUE,America/Menominee,3
2552,Idylwood,Idylwood,VA,Virginia,51059,Fairfax,38.8896,-77.2055,18431,2540,polygon,FALSE,FALSE,America/New_York,2
2553,Berea,Berea,KY,Kentucky,21151,Madison,37.5904,-84.2898,18423,374,polygon,FALSE,TRUE,America/New_York,3
2554,Altus,Altus,OK,Oklahoma,40065,Jackson,34.6566,-99.3051,18418,385,polygon,FALSE,TRUE,America/Chicago,3
2555,Uvalde,Uvalde,TX,Texas,48463,Uvalde,29.2153,-99.7782,18406,806,polygon,FALSE,TRUE,America/Chicago,3
2556,Brook Park,Brook Park,OH,Ohio,39035,Cuyahoga,41.4036,-81.8219,18382,943,polygon,FALSE,TRUE,America/New_York,3
2557,Sunnyside,Sunnyside,WA,Washington,53077,Yakima,46.3158,-120.0059,18352,859,polygon,FALSE,TRUE,America/Los_Angeles,3
2558,Bryn Mawr-Skyway,Bryn Mawr-Skyway,WA,Washington,53033,King,47.4949,-122.2411,18347,2493,polygon,FALSE,TRUE,America/Los_Angeles,2
2559,Seabrook,Seabrook,MD,Maryland,24033,Prince George's,38.9802,-76.8502,18345,2301,polygon,FALSE,FALSE,America/New_York,2
2560,East Massapequa,East Massapequa,NY,New York,36059,Nassau,40.6743,-73.4358,18331,2067,polygon,FALSE,FALSE,America/New_York,2
2561,Sycamore,Sycamore,IL,Illinois,17037,DeKalb,41.9951,-88.6812,18322,719,polygon,FALSE,TRUE,America/Chicago,3
2562,Wallingford Center,Wallingford Center,CT,Connecticut,9009,New Haven,41.4499,-72.8189,18322,974,polygon,FALSE,TRUE,America/New_York,3
2563,Brookfield,Brookfield,IL,Illinois,17031,Cook,41.8245,-87.847,18310,2307,polygon,FALSE,TRUE,America/Chicago,2
2564,Rutherford,Rutherford,NJ,New Jersey,34003,Bergen,40.8203,-74.1057,18303,2541,polygon,FALSE,TRUE,America/New_York,2
2565,Ronkonkoma,Ronkonkoma,NY,New York,36103,Suffolk,40.804,-73.1258,18302,903,polygon,FALSE,FALSE,America/New_York,3
2566,Newburyport,Newburyport,MA,Massachusetts,25009,Essex,42.8124,-70.8878,18289,845,polygon,FALSE,TRUE,America/New_York,3
2567,Cimarron Hills,Cimarron Hills,CO,Colorado,8041,El Paso,38.8597,-104.6995,18285,1188,polygon,FALSE,FALSE,America/Denver,3
2568,Iselin,Iselin,NJ,New Jersey,34023,Middlesex,40.5702,-74.317,18274,2213,polygon,FALSE,FALSE,America/New_York,2
2569,Kilgore,Kilgore,TX,Texas,48183,Gregg,32.3979,-94.8603,18265,308,polygon,FALSE,TRUE,America/Chicago,3
2570,Radford,Radford,VA,Virginia,51750,Radford,37.1229,-80.5587,18249,728,polygon,FALSE,TRUE,America/New_York,3
2571,Palestine,Palestine,TX,Texas,48001,Anderson,31.7544,-95.6471,18243,352,polygon,FALSE,TRUE,America/Chicago,3
2572,Crawfordsville,Crawfordsville,IN,Indiana,18107,Montgomery,40.0428,-86.8975,18242,643,polygon,FALSE,TRUE,America/Indiana/Indianapolis,3
2573,Springfield,Springfield,TN,Tennessee,47147,Robertson,36.4943,-86.8709,18241,516,polygon,FALSE,TRUE,America/Chicago,3
2574,Burke Centre,Burke Centre,VA,Virginia,51059,Fairfax,38.7903,-77.2999,18236,2247,polygon,FALSE,TRUE,America/New_York,2
2575,Hyattsville,Hyattsville,MD,Maryland,24033,Prince George's,38.9612,-76.9548,18230,2627,polygon,FALSE,TRUE,America/New_York,2
2576,Lake Placid,Lake Placid,FL,Florida,12055,Highlands,27.2977,-81.3715,18227,256,polygon,FALSE,TRUE,America/New_York,3
2577,Boerne,Boerne,TX,Texas,48259,Kendall,29.7844,-98.7289,18225,622,polygon,FALSE,TRUE,America/Chicago,3
2578,St. Michael,St. Michael,MN,Minnesota,27171,Wright,45.2014,-93.692,18204,215,polygon,FALSE,TRUE,America/Chicago,3
2579,Maumelle,Maumelle,AR,Arkansas,5119,Pulaski,34.8522,-92.4,18199,582,polygon,FALSE,TRUE,America/Chicago,3
2580,Niles,Niles,OH,Ohio,39155,Trumbull,41.1878,-80.753,18176,815,polygon,FALSE,TRUE,America/New_York,3
2581,Menomonie,Menomonie,WI,Wisconsin,55033,Dunn,44.8893,-91.9084,18159,467,polygon,FALSE,TRUE,America/Chicago,3
2582,Trenton,Trenton,MI,Michigan,26163,Wayne,42.1394,-83.1929,18157,967,polygon,FALSE,TRUE,America/Detroit,3
2583,Rutland,Rutland,VT,Vermont,50021,Rutland,43.6091,-72.9782,18131,771,polygon,FALSE,TRUE,America/New_York,3
2584,Imperial,Imperial,CA,California,6025,Imperial,32.839,-115.5719,18120,1121,polygon,FALSE,TRUE,America/Los_Angeles,3
2585,Orange,Orange,TX,Texas,48361,Orange,30.121,-93.7616,18118,316,polygon,FALSE,TRUE,America/Chicago,3
2586,Otsego,Otsego,MN,Minnesota,27171,Wright,45.266,-93.62,18113,236,polygon,FALSE,TRUE,America/Chicago,3
2587,Madison,Madison,IN,Indiana,18077,Jefferson,38.7581,-85.3974,18109,530,polygon,FALSE,TRUE,America/Indiana/Indianapolis,3
2588,Alton,Alton,TX,Texas,48215,Hidalgo,26.2884,-98.3098,18105,956,polygon,FALSE,TRUE,America/Chicago,3
2589,St. Matthews,St. Matthews,KY,Kentucky,21111,Jefferson,38.2497,-85.6383,18105,1597,polygon,FALSE,TRUE,America/New_York,3
2590,Cudahy,Cudahy,WI,Wisconsin,55079,Milwaukee,42.9467,-87.8641,18104,1464,polygon,FALSE,TRUE,America/Chicago,3
2591,Round Lake,Round Lake,IL,Illinois,17097,Lake,42.3435,-88.1058,18100,1257,polygon,FALSE,TRUE,America/Chicago,3
2592,Tullahoma,Tullahoma,TN,Tennessee,47031,Coffee,35.3721,-86.2173,18082,322,polygon,FALSE,TRUE,America/Chicago,3
2593,Wantagh,Wantagh,NY,New York,36059,Nassau,40.6686,-73.5104,18078,1822,polygon,FALSE,FALSE,America/New_York,3
2594,Calverton,Calverton,MD,Maryland,24031,Montgomery,39.0578,-76.9488,18076,1521,polygon,FALSE,FALSE,America/New_York,3
2595,Manchester,Manchester,MO,Missouri,29189,St. Louis,38.583,-90.5065,18073,1386,polygon,FALSE,TRUE,America/Chicago,3
2596,Beeville,Beeville,TX,Texas,48025,Bee,28.4059,-97.7494,18068,800,polygon,FALSE,TRUE,America/Chicago,3
2597,Cary,Cary,IL,Illinois,17111,McHenry,42.2129,-88.2493,18067,1118,polygon,FALSE,TRUE,America/Chicago,3
2598,North Wilkesboro,North Wilkesboro,NC,North Carolina,37193,Wilkes,36.1728,-81.139,18066,244,polygon,FALSE,TRUE,America/New_York,3
2599,North Aurora,North Aurora,IL,Illinois,17089,Kane,41.8083,-88.3413,18057,962,polygon,FALSE,TRUE,America/Chicago,3
2600,Spanish Lake,Spanish Lake,MO,Missouri,29189,St. Louis,38.7884,-90.2078,18048,945,polygon,FALSE,FALSE,America/Chicago,3
2601,Bensenville,Bensenville,IL,Illinois,17043,DuPage,41.9593,-87.9433,18044,1271,polygon,FALSE,TRUE,America/Chicago,3
2602,Eastlake,Eastlake,OH,Ohio,39085,Lake,41.6581,-81.4323,18042,1089,polygon,FALSE,TRUE,America/New_York,3
2603,Beaver Dam,Beaver Dam,WI,Wisconsin,55027,Dodge,43.469,-88.8308,18041,868,polygon,FALSE,TRUE,America/Chicago,3
2604,Safety Harbor,Safety Harbor,FL,Florida,12103,Pinellas,28.008,-82.6964,18016,1412,polygon,FALSE,TRUE,America/New_York,3
2605,Mattoon,Mattoon,IL,Illinois,17029,Coles,39.4775,-88.3624,18016,659,polygon,FALSE,TRUE,America/Chicago,3
2606,Macomb,Macomb,IL,Illinois,17109,McDonough,40.4721,-90.6816,18006,620,polygon,FALSE,TRUE,America/Chicago,3
2607,Five Forks,Five Forks,SC,South Carolina,45045,Greenville,34.8069,-82.2271,18004,918,polygon,FALSE,FALSE,America/New_York,3
2608,West Columbia,West Columbia,SC,South Carolina,45063,Lexington,33.9931,-81.0932,17998,780,polygon,FALSE,TRUE,America/New_York,3
2609,Fayetteville,Fayetteville,GA,Georgia,13113,Fayette,33.45,-84.4709,17991,539,polygon,FALSE,TRUE,America/New_York,3
2610,Sunland Park,Sunland Park,NM,New Mexico,35013,Doña Ana,31.8194,-106.5943,17978,533,polygon,FALSE,TRUE,America/Denver,3
2611,El Reno,El Reno,OK,Oklahoma,40017,Canadian,35.543,-97.966,17962,97,polygon,FALSE,TRUE,America/Chicago,3
2612,Zachary,Zachary,LA,Louisiana,22033,East Baton Rouge,30.6642,-91.1634,17949,265,polygon,FALSE,TRUE,America/Chicago,3
2613,Kingsland,Kingsland,GA,Georgia,13039,Camden,30.8194,-81.7217,17949,155,polygon,FALSE,TRUE,America/New_York,3
2614,Marco Island,Marco Island,FL,Florida,12021,Collier,25.933,-81.6993,17947,569,polygon,FALSE,TRUE,America/New_York,3
2615,Huntington,Huntington,IN,Indiana,18069,Huntington,40.8815,-85.5053,17942,734,polygon,FALSE,TRUE,America/Indiana/Indianapolis,3
2616,Ingleside,Ingleside,TX,Texas,48409,San Patricio,27.87,-97.2077,17940,233,polygon,FALSE,TRUE,America/Chicago,3
2617,Lenoir,Lenoir,NC,North Carolina,37027,Caldwell,35.9096,-81.5247,17913,334,polygon,FALSE,TRUE,America/New_York,3
2618,Easton,Easton,MD,Maryland,24041,Talbot,38.776,-76.0702,17911,561,polygon,FALSE,TRUE,America/New_York,3
2619,Cedar Mill,Cedar Mill,OR,Oregon,41067,Washington,45.5355,-122.8006,17897,2076,polygon,FALSE,FALSE,America/Los_Angeles,2
2620,Perry,Perry,GA,Georgia,13153,Houston,32.4719,-83.7282,17894,258,polygon,FALSE,TRUE,America/New_York,3
2621,Hannibal,Hannibal,MO,Missouri,29127,Marion,39.7097,-91.3939,17884,418,polygon,FALSE,TRUE,America/Chicago,3
2622,Menasha,Menasha,WI,Wisconsin,55139,Winnebago,44.2124,-88.4272,17873,1139,polygon,FALSE,TRUE,America/Chicago,3
2623,Gibsonton,Gibsonton,FL,Florida,12057,Hillsborough,27.826,-82.3761,17873,538,polygon,FALSE,FALSE,America/New_York,3
2624,Melville,Melville,NY,New York,36103,Suffolk,40.7823,-73.4088,17872,570,polygon,FALSE,FALSE,America/New_York,3
2625,Scarsdale,Scarsdale,NY,New York,36119,Westchester,40.9902,-73.7773,17871,1035,polygon,FALSE,TRUE,America/New_York,3
2626,Ocean Springs,Ocean Springs,MS,Mississippi,28059,Jackson,30.4082,-88.7861,17862,597,polygon,FALSE,TRUE,America/Chicago,3
2627,Dallas,Dallas,OR,Oregon,41053,Polk,44.9222,-123.3131,17859,1334,polygon,FALSE,TRUE,America/Los_Angeles,3
2628,White Settlement,White Settlement,TX,Texas,48439,Tarrant,32.7554,-97.4605,17851,1368,polygon,FALSE,TRUE,America/Chicago,3
2629,Knightdale,Knightdale,NC,North Carolina,37183,Wake,35.7918,-78.4955,17843,923,polygon,FALSE,TRUE,America/New_York,3
2630,Shenandoah,Shenandoah,PA,Pennsylvania,42107,Schuylkill,40.8167,-76.2004,17840,1216,polygon,FALSE,TRUE,America/New_York,3
2631,Ada,Ada,OK,Oklahoma,40123,Pontotoc,34.7683,-96.6689,17840,336,polygon,FALSE,TRUE,America/Chicago,3
2632,Crossville,Crossville,TN,Tennessee,47035,Cumberland,35.9527,-85.0294,17825,222,polygon,FALSE,TRUE,America/Chicago,3
2633,Brenham,Brenham,TX,Texas,48477,Washington,30.1585,-96.3964,17823,534,polygon,FALSE,TRUE,America/Chicago,3
2634,Tillmans Corner,Tillmans Corner,AL,Alabama,1097,Mobile,30.5818,-88.2128,17814,530,polygon,FALSE,FALSE,America/Chicago,3
2635,Florence,Florence,AZ,Arizona,4021,Pinal,33.059,-111.4208,17811,169,polygon,FALSE,TRUE,America/Phoenix,3
2636,Glenvar Heights,Glenvar Heights,FL,Florida,12086,Miami-Dade,25.709,-80.3156,17802,1667,polygon,FALSE,FALSE,America/New_York,3
2637,Jenison,Jenison,MI,Michigan,26139,Ottawa,42.9063,-85.8269,17794,1173,polygon,FALSE,FALSE,America/Detroit,3
2638,Merrifield,Merrifield,VA,Virginia,51059,Fairfax,38.8731,-77.2426,17789,2545,polygon,FALSE,FALSE,America/New_York,2
2639,Moraga,Moraga,CA,California,6013,Contra Costa,37.8439,-122.1225,17783,725,polygon,FALSE,TRUE,America/Los_Angeles,3
2640,San Carlos Park,San Carlos Park,FL,Florida,12071,Lee,26.4765,-81.8193,17778,1452,polygon,FALSE,FALSE,America/New_York,3
2641,Nanuet,Nanuet,NY,New York,36087,Rockland,41.0957,-74.0155,17775,1263,polygon,FALSE,FALSE,America/New_York,3
2642,Bon Air,Bon Air,VA,Virginia,51041,Chesterfield,37.5187,-77.5713,17764,820,polygon,FALSE,FALSE,America/New_York,3
2643,Steubenville,Steubenville,OH,Ohio,39081,Jefferson,40.3653,-80.652,17753,650,polygon,FALSE,TRUE,America/New_York,3
2644,Tavares,Tavares,FL,Florida,12069,Lake,28.7921,-81.7353,17749,563,polygon,FALSE,TRUE,America/New_York,3
2645,Belgrade,Belgrade,MT,Montana,30031,Gallatin,45.7796,-111.1751,17743,963,polygon,FALSE,TRUE,America/Denver,3
2646,Maryland City,Maryland City,MD,Maryland,24003,Anne Arundel,39.1016,-76.8051,17736,887,polygon,FALSE,FALSE,America/New_York,3
2647,Colonia,Colonia,NJ,New Jersey,34023,Middlesex,40.5929,-74.3151,17734,1743,polygon,FALSE,FALSE,America/New_York,3
2648,Dover,Dover,NJ,New Jersey,34027,Morris,40.8859,-74.5597,17725,2557,polygon,FALSE,TRUE,America/New_York,2
2649,Takoma Park,Takoma Park,MD,Maryland,24031,Montgomery,38.981,-77.0028,17725,3273,polygon,FALSE,TRUE,America/New_York,2
2650,Lackawanna,Lackawanna,NY,New York,36029,Erie,42.8182,-78.8326,17720,1044,polygon,FALSE,TRUE,America/New_York,3
2651,Oxon Hill,Oxon Hill,MD,Maryland,24033,Prince George's,38.7887,-76.9733,17720,1033,polygon,FALSE,FALSE,America/New_York,3
2652,El Dorado,El Dorado,AR,Arkansas,5139,Union,33.2184,-92.664,17706,420,polygon,FALSE,TRUE,America/Chicago,3
2653,Midway,Midway,FL,Florida,12113,Santa Rosa,30.4138,-87.0261,17704,569,polygon,FALSE,TRUE,America/Chicago,3
2654,Terrell,Terrell,TX,Texas,48257,Kaufman,32.7341,-96.2939,17696,320,polygon,FALSE,TRUE,America/Chicago,3
2655,Madison,Madison,NJ,New Jersey,34027,Morris,40.7586,-74.417,17654,1580,polygon,FALSE,TRUE,America/New_York,3
2656,Maitland,Maitland,FL,Florida,12095,Orange,28.6295,-81.3717,17652,1268,polygon,FALSE,TRUE,America/New_York,3
2657,Concord,Concord,MO,Missouri,29189,St. Louis,38.5117,-90.3574,17652,1239,polygon,FALSE,FALSE,America/Chicago,3
2658,Gretna,Gretna,LA,Louisiana,22051,Jefferson,29.9101,-90.0515,17647,1688,polygon,FALSE,TRUE,America/Chicago,3
2659,Greenfield,Greenfield,CA,California,6053,Monterey,36.3232,-121.2451,17646,3165,polygon,FALSE,TRUE,America/Los_Angeles,2
2660,Hinsdale,Hinsdale,IL,Illinois,17043,DuPage,41.8005,-87.9273,17637,1474,polygon,FALSE,TRUE,America/Chicago,3
2661,Santa Fe Springs,Santa Fe Springs,CA,California,6037,Los Angeles,33.933,-118.0625,17630,767,polygon,FALSE,TRUE,America/Los_Angeles,3
2662,Glassmanor,Glassmanor,MD,Maryland,24033,Prince George's,38.8181,-76.9836,17628,2889,polygon,FALSE,FALSE,America/New_York,2
2663,Franklin Park,Franklin Park,IL,Illinois,17031,Cook,41.9361,-87.8794,17627,1425,polygon,FALSE,TRUE,America/Chicago,3
2664,Sudley,Sudley,VA,Virginia,51153,Prince William,38.7878,-77.4961,17612,2467,polygon,FALSE,FALSE,America/New_York,2
2665,Beltsville,Beltsville,MD,Maryland,24033,Prince George's,39.0394,-76.9211,17589,942,polygon,FALSE,FALSE,America/New_York,3
2666,Centerville,Centerville,UT,Utah,49011,Davis,40.9284,-111.8849,17587,1137,polygon,FALSE,TRUE,America/Denver,3
2667,Butner,Butner,NC,North Carolina,37077,Granville,36.1285,-78.7502,17575,216,polygon,FALSE,TRUE,America/New_York,3
2668,Salem,Salem,OH,Ohio,39029,Columbiana,40.9049,-80.8491,17571,697,polygon,FALSE,TRUE,America/New_York,3
2669,Anoka,Anoka,MN,Minnesota,27003,Anoka,45.2099,-93.3893,17549,1017,polygon,FALSE,TRUE,America/Chicago,3
2670,Amesbury,Amesbury,MA,Massachusetts,25009,Essex,42.853,-70.9446,17532,550,polygon,FALSE,TRUE,America/New_York,3
2671,Bostonia,Bostonia,CA,California,6073,San Diego,32.8189,-116.9479,17530,3515,polygon,FALSE,FALSE,America/Los_Angeles,2
2672,Marion,Marion,IL,Illinois,17199,Williamson,37.7173,-88.9279,17520,409,polygon,FALSE,TRUE,America/Chicago,3
2673,Tallmadge,Tallmadge,OH,Ohio,39153,Summit,41.1023,-81.4216,17519,481,polygon,FALSE,TRUE,America/New_York,3
2674,Dumont,Dumont,NJ,New Jersey,34003,Bergen,40.9452,-73.9923,17516,3469,polygon,FALSE,TRUE,America/New_York,2
2675,Knik-Fairview,Knik-Fairview,AK,Alaska,2170,Matanuska-Susitna,61.4964,-149.6535,17513,81,polygon,FALSE,TRUE,America/Anchorage,3
2676,Albert Lea,Albert Lea,MN,Minnesota,27047,Freeborn,43.6547,-93.3642,17511,513,polygon,FALSE,TRUE,America/Chicago,3
2677,Shorewood,Shorewood,IL,Illinois,17197,Will,41.5175,-88.2149,17509,856,polygon,FALSE,TRUE,America/Chicago,3
2678,Vero Beach,Vero Beach,FL,Florida,12061,Indian River,27.6463,-80.393,17503,590,polygon,FALSE,TRUE,America/New_York,3
2679,Clemson,Clemson,SC,South Carolina,45077,Pickens,34.6837,-82.8124,17501,895,polygon,FALSE,TRUE,America/New_York,3
2680,Lake Mary,Lake Mary,FL,Florida,12117,Seminole,28.7592,-81.3359,17479,743,polygon,FALSE,TRUE,America/New_York,3
2681,Manassas Park,Manassas Park,VA,Virginia,51685,Manassas Park,38.7719,-77.445,17478,2673,polygon,FALSE,TRUE,America/New_York,2
2682,Laurel,Laurel,VA,Virginia,51087,Henrico,37.6375,-77.5062,17470,1251,polygon,FALSE,FALSE,America/New_York,3
2683,Woodmere,Woodmere,NY,New York,36059,Nassau,40.6374,-73.7219,17467,2612,polygon,FALSE,FALSE,America/New_York,2
2684,Lakeport,Lakeport,CA,California,6033,Lake,39.0392,-122.9218,17466,632,polygon,FALSE,TRUE,America/Los_Angeles,3
2685,Ojus,Ojus,FL,Florida,12086,Miami-Dade,25.9563,-80.1606,17462,2545,polygon,FALSE,FALSE,America/New_York,2
2686,Ferndale,Ferndale,MD,Maryland,24003,Anne Arundel,39.1869,-76.633,17455,1695,polygon,FALSE,FALSE,America/New_York,3
2687,Martinsburg,Martinsburg,WV,West Virginia,54003,Berkeley,39.4582,-77.9776,17454,1016,polygon,FALSE,TRUE,America/New_York,3
2688,Tinton Falls,Tinton Falls,NJ,New Jersey,34025,Monmouth,40.2709,-74.0948,17451,435,polygon,FALSE,TRUE,America/New_York,3
2689,Nipomo,Nipomo,CA,California,6079,San Luis Obispo,35.0323,-120.4991,17445,453,polygon,FALSE,FALSE,America/Los_Angeles,3
2690,South Houston,South Houston,TX,Texas,48201,Harris,29.6611,-95.2285,17438,2210,polygon,FALSE,TRUE,America/Chicago,2
2691,Wahiawa,Wahiawa,HI,Hawaii,15003,Honolulu,21.5005,-158.0198,17422,3237,polygon,FALSE,FALSE,Pacific/Honolulu,2
2692,Godfrey,Godfrey,IL,Illinois,17119,Madison,38.9577,-90.2156,17400,195,polygon,FALSE,TRUE,America/Chicago,3
2693,Pendleton,Pendleton,OR,Oregon,41059,Umatilla,45.6756,-118.8209,17398,552,polygon,FALSE,TRUE,America/Los_Angeles,3
2694,Live Oak,Live Oak,CA,California,6087,Santa Cruz,36.986,-121.9804,17390,2070,polygon,FALSE,FALSE,America/Los_Angeles,2
2695,Nederland,Nederland,TX,Texas,48245,Jefferson,29.9707,-94.0015,17371,1132,polygon,FALSE,TRUE,America/Chicago,3
2696,Colonial Heights,Colonial Heights,VA,Virginia,51570,Colonial Heights,37.265,-77.3969,17370,891,polygon,FALSE,TRUE,America/New_York,3
2697,Stafford,Stafford,TX,Texas,48157,Fort Bend,29.6271,-95.5653,17362,957,polygon,FALSE,TRUE,America/Chicago,3
2698,Wailuku,Wailuku,HI,Hawaii,15009,Maui,20.8834,-156.5059,17354,1272,polygon,FALSE,FALSE,Pacific/Honolulu,3
2699,La Marque,La Marque,TX,Texas,48167,Galveston,29.369,-94.9957,17319,480,polygon,FALSE,TRUE,America/Chicago,3
2700,Woodcrest,Woodcrest,CA,California,6065,Riverside,33.8789,-117.3686,17310,587,polygon,FALSE,FALSE,America/Los_Angeles,3
2701,North Decatur,North Decatur,GA,Georgia,13089,DeKalb,33.8073,-84.2889,17298,1359,polygon,FALSE,FALSE,America/New_York,3
2702,Versailles,Versailles,KY,Kentucky,21239,Woodford,38.0487,-84.7259,17298,570,polygon,FALSE,TRUE,America/New_York,3
2703,Morris,Morris,IL,Illinois,17063,Grundy,41.3749,-88.4305,17296,586,polygon,FALSE,TRUE,America/Chicago,3
2704,Lemont,Lemont,IL,Illinois,17031,Cook,41.6695,-87.9836,17291,806,polygon,FALSE,TRUE,America/Chicago,3
2705,North Druid Hills,North Druid Hills,GA,Georgia,13089,DeKalb,33.8186,-84.3254,17287,1469,polygon,FALSE,FALSE,America/New_York,3
2706,Sayre,Sayre,PA,Pennsylvania,42015,Bradford,41.9855,-76.5207,17281,1024,polygon,FALSE,TRUE,America/New_York,3
2707,Portland,Portland,TX,Texas,48409,San Patricio,27.8911,-97.3284,17268,598,polygon,FALSE,TRUE,America/Chicago,3
2708,Lindenwold,Lindenwold,NJ,New Jersey,34007,Camden,39.8172,-74.9898,17263,1708,polygon,FALSE,TRUE,America/New_York,3
2709,Clive,Clive,IA,Iowa,19153,Polk,41.6147,-93.798,17242,867,polygon,FALSE,TRUE,America/Chicago,3
2710,Buckhall,Buckhall,VA,Virginia,51153,Prince William,38.725,-77.4472,17238,329,polygon,FALSE,FALSE,America/New_York,3
2711,Oneonta,Oneonta,NY,New York,36077,Otsego,42.4551,-75.0666,17236,1231,polygon,FALSE,TRUE,America/New_York,3
2712,Shippensburg,Shippensburg,PA,Pennsylvania,42041,Cumberland,40.0484,-77.5227,17234,1059,polygon,FALSE,TRUE,America/New_York,3
2713,Pampa,Pampa,TX,Texas,48179,Gray,35.5479,-100.9651,17230,730,polygon,FALSE,TRUE,America/Chicago,3
2714,Lithia Springs,Lithia Springs,GA,Georgia,13097,Douglas,33.781,-84.6485,17216,489,polygon,FALSE,FALSE,America/New_York,3
2715,Bethpage,Bethpage,NY,New York,36059,Nassau,40.7495,-73.4856,17215,1858,polygon,FALSE,FALSE,America/New_York,3
2716,South Ogden,South Ogden,UT,Utah,49057,Weber,41.1722,-111.9577,17199,1707,polygon,FALSE,TRUE,America/Denver,3
2717,Albemarle,Albemarle,NC,North Carolina,37167,Stanly,35.3594,-80.1915,17185,359,polygon,FALSE,TRUE,America/New_York,3
2718,Willimantic,Willimantic,CT,Connecticut,9015,Windham,41.7153,-72.2173,17184,1508,polygon,FALSE,FALSE,America/New_York,3
2719,Oak Grove,Oak Grove,OR,Oregon,41005,Clackamas,45.4156,-122.6349,17183,1702,polygon,FALSE,FALSE,America/Los_Angeles,3
2720,North Canton,North Canton,OH,Ohio,39151,Stark,40.8742,-81.3971,17176,1034,polygon,FALSE,TRUE,America/New_York,3
2721,Kingstowne,Kingstowne,VA,Virginia,51059,Fairfax,38.7625,-77.1445,17172,2311,polygon,FALSE,TRUE,America/New_York,2
2722,La Vista,La Vista,NE,Nebraska,31153,Sarpy,41.1816,-96.0666,17170,1220,polygon,FALSE,TRUE,America/Chicago,3
2723,Ashwaubenon,Ashwaubenon,WI,Wisconsin,55009,Brown,44.4796,-88.0889,17161,535,polygon,FALSE,TRUE,America/Chicago,3
2724,Dickson,Dickson,TN,Tennessee,47043,Dickson,36.064,-87.3668,17157,299,polygon,FALSE,TRUE,America/Chicago,3
2725,Brownsville,Brownsville,FL,Florida,12086,Miami-Dade,25.8216,-80.2417,17155,2905,polygon,FALSE,FALSE,America/New_York,2
2726,North Adams,North Adams,MA,Massachusetts,25003,Berkshire,42.6844,-73.1166,17153,241,polygon,FALSE,TRUE,America/New_York,3
2727,Waxhaw,Waxhaw,NC,North Carolina,37179,Union,34.9364,-80.7438,17147,553,polygon,FALSE,TRUE,America/New_York,3
2728,Massapequa Park,Massapequa Park,NY,New York,36059,Nassau,40.6817,-73.4496,17143,3019,polygon,FALSE,TRUE,America/New_York,2
2729,Bastrop,Bastrop,TX,Texas,48021,Bastrop,30.1118,-97.3257,17120,328,polygon,FALSE,TRUE,America/Chicago,3
2730,Ammon,Ammon,ID,Idaho,16019,Bonneville,43.4746,-111.9569,17115,870,polygon,FALSE,TRUE,America/Boise,3
2731,Country Walk,Country Walk,FL,Florida,12086,Miami-Dade,25.6331,-80.4353,17114,2562,polygon,FALSE,FALSE,America/New_York,2
2732,Yelm,Yelm,WA,Washington,53067,Thurston,46.9398,-122.6261,17103,640,polygon,FALSE,TRUE,America/Los_Angeles,3
2733,Estelle,Estelle,LA,Louisiana,22051,Jefferson,29.8447,-90.1021,17099,1423,polygon,FALSE,FALSE,America/Chicago,3
2734,Lansdale,Lansdale,PA,Pennsylvania,42091,Montgomery,40.2417,-75.2812,17083,2204,polygon,FALSE,TRUE,America/New_York,2
2735,Burlington,Burlington,KY,Kentucky,21015,Boone,39.0223,-84.7217,17069,747,polygon,FALSE,FALSE,America/New_York,3
2736,Palos Hills,Palos Hills,IL,Illinois,17031,Cook,41.6986,-87.8266,17060,1551,polygon,FALSE,TRUE,America/Chicago,3
2737,Upper Grand Lagoon,Upper Grand Lagoon,FL,Florida,12005,Bay,30.169,-85.7407,17045,813,polygon,FALSE,FALSE,America/Chicago,3
2738,Pinewood,Pinewood,FL,Florida,12086,Miami-Dade,25.8697,-80.2174,17027,3750,polygon,FALSE,FALSE,America/New_York,2
2739,Streator,Streator,IL,Illinois,17099,LaSalle,41.1244,-88.8296,17021,701,polygon,FALSE,TRUE,America/Chicago,3
2740,Vincent,Vincent,CA,California,6037,Los Angeles,34.0982,-117.9238,17008,4460,polygon,FALSE,TRUE,America/Los_Angeles,2
2741,Sienna Plantation,Sienna Plantation,TX,Texas,48157,Fort Bend,29.4834,-95.5065,16996,507,polygon,FALSE,FALSE,America/Chicago,3
2742,Lincoln,Lincoln,IL,Illinois,17107,Logan,40.1508,-89.3721,16993,835,polygon,FALSE,TRUE,America/Chicago,3
2743,Buffalo,Buffalo,MN,Minnesota,27171,Wright,45.1796,-93.8644,16993,846,polygon,FALSE,TRUE,America/Chicago,3
2744,Sylacauga,Sylacauga,AL,Alabama,1121,Talladega,33.1778,-86.2606,16982,229,polygon,FALSE,TRUE,America/Chicago,3
2745,Oconomowoc,Oconomowoc,WI,Wisconsin,55133,Waukesha,43.0995,-88.495,16981,562,polygon,FALSE,TRUE,America/Chicago,3
2746,Redland,Redland,MD,Maryland,24031,Montgomery,39.1335,-77.1465,16978,930,polygon,FALSE,FALSE,America/New_York,3
2747,Cinco Ranch,Cinco Ranch,TX,Texas,48157,Fort Bend,29.7395,-95.7607,16977,1520,polygon,FALSE,FALSE,America/Chicago,3
2748,Phoenixville,Phoenixville,PA,Pennsylvania,42029,Chester,40.1358,-75.5201,16968,1866,polygon,FALSE,TRUE,America/New_York,3
2749,East Cleveland,East Cleveland,OH,Ohio,39035,Cuyahoga,41.5318,-81.5795,16964,2122,polygon,FALSE,TRUE,America/New_York,2
2750,Neabsco,Neabsco,VA,Virginia,51153,Prince William,38.6083,-77.2847,16947,1419,polygon,FALSE,TRUE,America/New_York,3
2751,Mountain Home,Mountain Home,ID,Idaho,16039,Elmore,43.1324,-115.6972,16945,927,polygon,FALSE,TRUE,America/Boise,3
2752,Americus,Americus,GA,Georgia,13261,Sumter,32.0736,-84.2249,16939,516,polygon,FALSE,TRUE,America/New_York,3
2753,Republic,Republic,MO,Missouri,29077,Greene,37.1452,-93.4446,16938,421,polygon,FALSE,TRUE,America/Chicago,3
2754,Wolf Trap,Wolf Trap,VA,Virginia,51059,Fairfax,38.9395,-77.2842,16911,666,polygon,FALSE,FALSE,America/New_York,3
2755,Buda,Buda,TX,Texas,48209,Hays,30.0856,-97.8472,16906,1048,polygon,FALSE,TRUE,America/Chicago,3
2756,Myrtle Grove,Myrtle Grove,FL,Florida,12033,Escambia,30.4158,-87.3028,16886,981,polygon,FALSE,FALSE,America/Chicago,3
2757,Valle Vista,Valle Vista,CA,California,6065,Riverside,33.7436,-116.8872,16879,948,polygon,FALSE,FALSE,America/Los_Angeles,3
2758,Southbridge,Southbridge,MA,Massachusetts,25027,Worcester,42.0604,-72.0338,16878,321,polygon,FALSE,TRUE,America/New_York,3
2759,Lake St. Louis,Lake St. Louis,MO,Missouri,29183,St. Charles,38.7846,-90.7886,16864,763,polygon,FALSE,TRUE,America/Chicago,3
2760,Seagoville,Seagoville,TX,Texas,48113,Dallas,32.653,-96.5455,16861,345,polygon,FALSE,TRUE,America/Chicago,3
2761,Fort Hunt,Fort Hunt,VA,Virginia,51059,Fairfax,38.7361,-77.0589,16858,1112,polygon,FALSE,FALSE,America/New_York,3
2762,Crescent City,Crescent City,CA,California,6015,Del Norte,41.7727,-124.1902,16849,1334,polygon,FALSE,TRUE,America/Los_Angeles,3
2763,Groveton,Groveton,VA,Virginia,51059,Fairfax,38.7605,-77.098,16843,1496,polygon,FALSE,FALSE,America/New_York,3
2764,Picayune,Picayune,MS,Mississippi,28109,Pearl River,30.5322,-89.6724,16832,233,polygon,FALSE,TRUE,America/Chicago,3
2765,North Myrtle Beach,North Myrtle Beach,SC,South Carolina,45051,Horry,33.823,-78.7089,16819,303,polygon,FALSE,TRUE,America/New_York,3
2766,Lemay,Lemay,MO,Missouri,29189,St. Louis,38.5325,-90.2845,16814,1583,polygon,FALSE,FALSE,America/Chicago,3
2767,Wayne,Wayne,MI,Michigan,26163,Wayne,42.2774,-83.3877,16814,1078,polygon,FALSE,TRUE,America/Detroit,3
2768,Bemidji,Bemidji,MN,Minnesota,27007,Beltrami,47.4828,-94.8796,16807,409,polygon,FALSE,TRUE,America/Chicago,3
2769,Ocean Acres,Ocean Acres,NJ,New Jersey,34029,Ocean,39.743,-74.2804,16803,1113,polygon,FALSE,FALSE,America/New_York,3
2770,Yauco,Yauco,PR,Puerto Rico,72153,Yauco,18.0344,-66.8615,16802,2240,polygon,FALSE,FALSE,America/Puerto_Rico,2
2771,Goodlettsville,Goodlettsville,TN,Tennessee,47037,Davidson,36.3327,-86.7029,16798,453,polygon,FALSE,TRUE,America/Chicago,3
2772,Ham Lake,Ham Lake,MN,Minnesota,27003,Anoka,45.2545,-93.2039,16783,188,polygon,FALSE,TRUE,America/Chicago,3
2773,Fairburn,Fairburn,GA,Georgia,13121,Fulton,33.5496,-84.5914,16768,383,polygon,FALSE,TRUE,America/New_York,3
2774,Bristol,Bristol,VA,Virginia,51520,Bristol,36.618,-82.1606,16762,501,polygon,FALSE,TRUE,America/New_York,3
2775,Lake Wales,Lake Wales,FL,Florida,12105,Polk,27.9195,-81.5961,16759,343,polygon,FALSE,TRUE,America/New_York,3
2776,Clayton,Clayton,MO,Missouri,29189,St. Louis,38.6444,-90.3302,16747,2578,polygon,FALSE,TRUE,America/Chicago,2
2777,North Babylon,North Babylon,NY,New York,36103,Suffolk,40.7311,-73.3251,16739,1916,polygon,FALSE,FALSE,America/New_York,3
2778,New Port Richey,New Port Richey,FL,Florida,12101,Pasco,28.2468,-82.717,16737,1421,polygon,FALSE,TRUE,America/New_York,3
2779,Rosedale,Rosedale,CA,California,6029,Kern,35.3887,-119.2058,16737,220,polygon,FALSE,FALSE,America/Los_Angeles,3
2780,East Rancho Dominguez,East Rancho Dominguez,CA,California,6037,Los Angeles,33.895,-118.1956,16734,7859,polygon,FALSE,FALSE,America/Los_Angeles,2
2781,Lindsay,Lindsay,CA,California,6107,Tulare,36.2082,-119.0897,16713,1902,polygon,FALSE,TRUE,America/Los_Angeles,3
2782,Troy,Troy,AL,Alabama,1109,Pike,31.8021,-85.9665,16712,258,polygon,FALSE,TRUE,America/Chicago,3
2783,Kings Park,Kings Park,NY,New York,36103,Suffolk,40.8887,-73.2452,16707,1035,polygon,FALSE,FALSE,America/New_York,3
2784,Cohoes,Cohoes,NY,New York,36001,Albany,42.7732,-73.7077,16687,1707,polygon,FALSE,TRUE,America/New_York,3
2785,McComb,McComb,MS,Mississippi,28113,Pike,31.2442,-90.4717,16672,426,polygon,FALSE,TRUE,America/Chicago,3
2786,Highland Village,Highland Village,TX,Texas,48121,Denton,33.0897,-97.0615,16668,1163,polygon,FALSE,TRUE,America/Chicago,3
2787,Pecan Grove,Pecan Grove,TX,Texas,48157,Fort Bend,29.6235,-95.7331,16651,772,polygon,FALSE,FALSE,America/Chicago,3
2788,Athens,Athens,TN,Tennessee,47107,McMinn,35.4573,-84.6045,16651,349,polygon,FALSE,TRUE,America/New_York,3
2789,Auburndale,Auburndale,FL,Florida,12105,Polk,28.0962,-81.8011,16650,474,polygon,FALSE,TRUE,America/New_York,3
2790,Cutlerville,Cutlerville,MI,Michigan,26081,Kent,42.8405,-85.6739,16623,1098,polygon,FALSE,FALSE,America/Detroit,3
2791,Gainesville,Gainesville,TX,Texas,48097,Cooke,33.6391,-97.1488,16615,337,polygon,FALSE,TRUE,America/Chicago,3
2792,McKinleyville,McKinleyville,CA,California,6023,Humboldt,40.9488,-124.0857,16612,307,polygon,FALSE,FALSE,America/Los_Angeles,3
2793,El Segundo,El Segundo,CA,California,6037,Los Angeles,33.9169,-118.4021,16610,1173,polygon,FALSE,TRUE,America/Los_Angeles,3
2794,Mercedes,Mercedes,TX,Texas,48215,Hidalgo,26.1533,-97.9129,16604,543,polygon,FALSE,TRUE,America/Chicago,3
2795,Artesia,Artesia,CA,California,6037,Los Angeles,33.8676,-118.0806,16601,3954,polygon,FALSE,TRUE,America/Los_Angeles,2
2796,Norcross,Norcross,GA,Georgia,13135,Gwinnett,33.9379,-84.2065,16592,1050,polygon,FALSE,TRUE,America/New_York,3
2797,Batavia,Batavia,NY,New York,36037,Genesee,42.9987,-78.1802,16581,1068,polygon,FALSE,TRUE,America/New_York,3
2798,Morganton,Morganton,NC,North Carolina,37023,Burke,35.7408,-81.7003,16577,332,polygon,FALSE,TRUE,America/New_York,3
2799,Harrisburg,Harrisburg,NC,North Carolina,37025,Cabarrus,35.3124,-80.6486,16576,567,polygon,FALSE,TRUE,America/New_York,3
2800,Donaldsonville,Donaldsonville,LA,Louisiana,22005,Ascension,30.0954,-90.9926,16540,860,polygon,FALSE,TRUE,America/Chicago,3
2801,Solvang,Solvang,CA,California,6083,Santa Barbara,34.5936,-120.1401,16540,929,polygon,FALSE,TRUE,America/Los_Angeles,3
2802,World Golf Village,World Golf Village,FL,Florida,12109,St. Johns,29.9653,-81.4898,16538,237,polygon,FALSE,TRUE,America/New_York,3
2803,Taylor,Taylor,TX,Texas,48491,Williamson,30.5743,-97.4234,16519,365,polygon,FALSE,TRUE,America/Chicago,3
2804,Washington,Washington,IL,Illinois,17179,Tazewell,40.7049,-89.4346,16516,754,polygon,FALSE,TRUE,America/Chicago,3
2805,Storrs,Storrs,CT,Connecticut,9013,Tolland,41.8045,-72.2552,16516,1140,polygon,FALSE,FALSE,America/New_York,3
2806,Live Oak,Live Oak,TX,Texas,48029,Bexar,29.5545,-98.3404,16499,1339,polygon,FALSE,TRUE,America/Chicago,3
2807,Pearl River,Pearl River,NY,New York,36087,Rockland,41.0615,-74.0047,16495,937,polygon,FALSE,FALSE,America/New_York,3
2808,Lock Haven,Lock Haven,PA,Pennsylvania,42035,Clinton,41.1365,-77.4521,16490,1404,polygon,FALSE,TRUE,America/New_York,3
2809,Vienna,Vienna,VA,Virginia,51059,Fairfax,38.8996,-77.2597,16485,1445,polygon,FALSE,TRUE,America/New_York,3
2810,Country Club Hills,Country Club Hills,IL,Illinois,17031,Cook,41.5637,-87.725,16482,1278,polygon,FALSE,TRUE,America/Chicago,3
2811,Streetsboro,Streetsboro,OH,Ohio,39133,Portage,41.2396,-81.3456,16478,270,polygon,FALSE,TRUE,America/New_York,3
2812,Eden,Eden,NC,North Carolina,37157,Rockingham,36.5028,-79.7412,16477,404,polygon,FALSE,TRUE,America/New_York,3
2813,Jasper,Jasper,IN,Indiana,18037,Dubois,38.3933,-86.9402,16477,457,polygon,FALSE,TRUE,America/Indiana/Vincennes,3
2814,Douglas,Douglas,AZ,Arizona,4003,Cochise,31.3602,-109.5394,16467,626,polygon,FALSE,TRUE,America/Phoenix,3
2815,Crowley,Crowley,TX,Texas,48439,Tarrant,32.5781,-97.3585,16460,869,polygon,FALSE,TRUE,America/Chicago,3
2816,Glen Allen,Glen Allen,VA,Virginia,51087,Henrico,37.666,-77.4838,16454,722,polygon,FALSE,FALSE,America/New_York,3
2817,New Milford,New Milford,NJ,New Jersey,34003,Bergen,40.9337,-74.0196,16429,2778,polygon,FALSE,TRUE,America/New_York,2
2818,Camano,Camano,WA,Washington,53029,Island,48.1865,-122.4708,16427,159,polygon,FALSE,FALSE,America/Los_Angeles,3
2819,Groveland,Groveland,FL,Florida,12069,Lake,28.6021,-81.8204,16423,393,polygon,FALSE,TRUE,America/New_York,3
2820,Mount Pleasant,Mount Pleasant,TX,Texas,48449,Titus,33.1613,-94.9717,16412,396,polygon,FALSE,TRUE,America/Chicago,3
2821,River Falls,River Falls,WI,Wisconsin,55093,Pierce,44.861,-92.6248,16402,865,polygon,FALSE,TRUE,America/Chicago,3
2822,Hernando,Hernando,MS,Mississippi,28033,DeSoto,34.85,-89.9922,16399,250,polygon,FALSE,TRUE,America/Chicago,3
2823,Glenmont,Glenmont,MD,Maryland,24031,Montgomery,39.0698,-77.0467,16389,2259,polygon,FALSE,FALSE,America/New_York,2
2824,Cherryland,Cherryland,CA,California,6001,Alameda,37.6792,-122.1038,16387,5280,polygon,FALSE,FALSE,America/Los_Angeles,2
2825,Ripon,Ripon,CA,California,6077,San Joaquin,37.7417,-121.131,16386,1188,polygon,FALSE,TRUE,America/Los_Angeles,3
2826,Monroe,Monroe,GA,Georgia,13297,Walton,33.799,-83.716,16380,336,polygon,FALSE,TRUE,America/New_York,3
2827,Bluffdale,Bluffdale,UT,Utah,49035,Salt Lake,40.4744,-111.9381,16358,567,polygon,FALSE,TRUE,America/Denver,3
2828,Welby,Welby,CO,Colorado,8001,Adams,39.8403,-104.9655,16352,1703,polygon,FALSE,FALSE,America/Denver,3
2829,Hazel Park,Hazel Park,MI,Michigan,26125,Oakland,42.4619,-83.0977,16347,2239,polygon,FALSE,TRUE,America/Detroit,2
2830,Burley,Burley,ID,Idaho,16031,Cassia,42.5379,-113.793,16342,654,polygon,FALSE,TRUE,America/Boise,3
2831,Donna,Donna,TX,Texas,48215,Hidalgo,26.1467,-98.0559,16338,760,polygon,FALSE,TRUE,America/Chicago,3
2832,Aurora,Aurora,OH,Ohio,39133,Portage,41.3118,-81.345,16338,275,polygon,FALSE,TRUE,America/New_York,3
2833,Hybla Valley,Hybla Valley,VA,Virginia,51059,Fairfax,38.7485,-77.0822,16325,3070,polygon,FALSE,FALSE,America/New_York,2
2834,Fallon,Fallon,NV,Nevada,32001,Churchill,39.4738,-118.778,16313,906,polygon,FALSE,TRUE,America/Los_Angeles,3
2835,Coalinga,Coalinga,CA,California,6019,Fresno,36.143,-120.3262,16307,1007,polygon,FALSE,TRUE,America/Los_Angeles,3
2836,Fairview Heights,Fairview Heights,IL,Illinois,17163,St. Clair,38.5974,-90.0053,16303,550,polygon,FALSE,TRUE,America/Chicago,3
2837,Celina,Celina,TX,Texas,48085,Collin,33.3188,-96.7865,16299,225,polygon,FALSE,TRUE,America/Chicago,3
2838,Gun Barrel City,Gun Barrel City,TX,Texas,48213,Henderson,32.3277,-96.1287,16292,383,polygon,FALSE,TRUE,America/Chicago,3
2839,Los Osos,Los Osos,CA,California,6079,San Luis Obispo,35.3068,-120.8249,16292,492,polygon,FALSE,FALSE,America/Los_Angeles,3
2840,Morton,Morton,IL,Illinois,17179,Tazewell,40.6136,-89.4669,16277,491,polygon,FALSE,TRUE,America/Chicago,3
2841,Port Jervis,Port Jervis,NY,New York,36071,Orange,41.3783,-74.6909,16273,1306,polygon,FALSE,TRUE,America/New_York,3
2842,Kaukauna,Kaukauna,WI,Wisconsin,55087,Outagamie,44.2776,-88.2645,16270,812,polygon,FALSE,TRUE,America/Chicago,3
2843,Addison,Addison,TX,Texas,48113,Dallas,32.959,-96.8355,16263,1442,polygon,FALSE,TRUE,America/Chicago,3
2844,Fort Thomas,Fort Thomas,KY,Kentucky,21037,Campbell,39.0802,-84.4518,16263,1106,polygon,FALSE,TRUE,America/New_York,3
2845,Mebane,Mebane,NC,North Carolina,37001,Alamance,36.0857,-79.2763,16262,644,polygon,FALSE,TRUE,America/New_York,3
2846,Mount Holly,Mount Holly,NC,North Carolina,37071,Gaston,35.3136,-81.0072,16257,578,polygon,FALSE,TRUE,America/New_York,3
2847,Conyers,Conyers,GA,Georgia,13247,Rockdale,33.6645,-83.9966,16256,537,polygon,FALSE,TRUE,America/New_York,3
2848,Centerton,Centerton,AR,Arkansas,5007,Benton,36.3567,-94.2971,16244,461,polygon,FALSE,TRUE,America/Chicago,3
2849,Spanish Springs,Spanish Springs,NV,Nevada,32031,Washoe,39.6567,-119.6695,16241,112,polygon,FALSE,FALSE,America/Los_Angeles,3
2850,Stuart,Stuart,FL,Florida,12085,Martin,27.1958,-80.2438,16237,928,polygon,FALSE,TRUE,America/New_York,3
2851,Sikeston,Sikeston,MO,Missouri,29201,Scott,36.8865,-89.587,16237,345,polygon,FALSE,TRUE,America/Chicago,3
2852,Parole,Parole,MD,Maryland,24003,Anne Arundel,38.9861,-76.5519,16232,610,polygon,FALSE,FALSE,America/New_York,3
2853,Roosevelt,Roosevelt,NY,New York,36059,Nassau,40.6797,-73.5837,16229,3539,polygon,FALSE,FALSE,America/New_York,2
2854,Centralia,Centralia,IL,Illinois,17121,Marion,38.5223,-89.1233,16204,575,polygon,FALSE,TRUE,America/Chicago,3
2855,Dixon,Dixon,IL,Illinois,17103,Lee,41.8439,-89.4794,16195,752,polygon,FALSE,TRUE,America/Chicago,3
2856,Hillcrest Heights,Hillcrest Heights,MD,Maryland,24033,Prince George's,38.8373,-76.9641,16185,2512,polygon,FALSE,FALSE,America/New_York,2
2857,Troutdale,Troutdale,OR,Oregon,41051,Multnomah,45.5372,-122.3955,16183,1052,polygon,FALSE,TRUE,America/Los_Angeles,3
2858,Mount Clemens,Mount Clemens,MI,Michigan,26099,Macomb,42.5976,-82.882,16163,1524,polygon,FALSE,TRUE,America/Detroit,3
2859,Fairview Park,Fairview Park,OH,Ohio,39035,Cuyahoga,41.4419,-81.853,16161,1331,polygon,FALSE,TRUE,America/New_York,3
2860,Stallings,Stallings,NC,North Carolina,37179,Union,35.1088,-80.6597,16145,747,polygon,FALSE,TRUE,America/New_York,3
2861,Cambridge,Cambridge,MN,Minnesota,27059,Isanti,45.5612,-93.2283,16143,474,polygon,FALSE,TRUE,America/Chicago,3
2862,Frankfort,Frankfort,IN,Indiana,18023,Clinton,40.281,-86.5213,16136,761,polygon,FALSE,TRUE,America/Indiana/Indianapolis,3
2863,Chickasha,Chickasha,OK,Oklahoma,40051,Grady,35.041,-97.9472,16126,287,polygon,FALSE,TRUE,America/Chicago,3
2864,Westchester,Westchester,IL,Illinois,17031,Cook,41.8492,-87.8906,16117,1688,polygon,FALSE,TRUE,America/Chicago,3
2865,Center Point,Center Point,AL,Alabama,1073,Jefferson,33.6446,-86.6851,16110,1005,polygon,FALSE,TRUE,America/Chicago,3
2866,Canyon,Canyon,TX,Texas,48381,Randall,34.9877,-101.9178,16109,872,polygon,FALSE,TRUE,America/Chicago,3
2867,West Haven,West Haven,UT,Utah,49057,Weber,41.2082,-112.054,16109,594,polygon,FALSE,TRUE,America/Denver,3
2868,Washougal,Washougal,WA,Washington,53011,Clark,45.5822,-122.3448,16107,1073,polygon,FALSE,TRUE,America/Los_Angeles,3
2869,Bridgeview,Bridgeview,IL,Illinois,17031,Cook,41.7403,-87.8067,16096,1497,polygon,FALSE,TRUE,America/Chicago,3
2870,Troy,Troy,MO,Missouri,29113,Lincoln,38.9708,-90.9715,16092,639,polygon,FALSE,TRUE,America/Chicago,3
2871,Griffith,Griffith,IN,Indiana,18089,Lake,41.5279,-87.424,16060,801,polygon,FALSE,TRUE,America/Chicago,3
2872,Villa Rica,Villa Rica,GA,Georgia,13045,Carroll,33.7305,-84.917,16058,440,polygon,FALSE,TRUE,America/New_York,3
2873,Four Corners,Four Corners,OR,Oregon,41047,Marion,44.9291,-122.9731,16045,2513,polygon,FALSE,FALSE,America/Los_Angeles,2
2874,Three Lakes,Three Lakes,FL,Florida,12086,Miami-Dade,25.6415,-80.4,16043,1931,polygon,FALSE,FALSE,America/New_York,3
2875,Alma,Alma,MI,Michigan,26057,Gratiot,43.38,-84.6556,16035,582,polygon,FALSE,TRUE,America/Detroit,3
2876,Walnut Park,Walnut Park,CA,California,6037,Los Angeles,33.9683,-118.222,16034,8279,polygon,FALSE,FALSE,America/Los_Angeles,2
2877,Long Beach,Long Beach,MS,Mississippi,28047,Harrison,30.3608,-89.165,16023,603,polygon,FALSE,TRUE,America/Chicago,3
2878,Sierra Vista Southeast,Sierra Vista Southeast,AZ,Arizona,4003,Cochise,31.4525,-110.216,16021,55,polygon,FALSE,TRUE,America/Phoenix,3
2879,Lady Lake,Lady Lake,FL,Florida,12069,Lake,28.9241,-81.9299,16020,747,polygon,FALSE,TRUE,America/New_York,3
2880,Aberdeen,Aberdeen,MD,Maryland,24025,Harford,39.5146,-76.173,16019,954,polygon,FALSE,TRUE,America/New_York,3
2881,Washington,Washington,NC,North Carolina,37013,Beaufort,35.5587,-77.0545,16014,447,polygon,FALSE,TRUE,America/New_York,3
2882,Sayville,Sayville,NY,New York,36103,Suffolk,40.7478,-73.084,16007,1164,polygon,FALSE,FALSE,America/New_York,3
2883,Kirksville,Kirksville,MO,Missouri,29001,Adair,40.1986,-92.5753,16002,472,polygon,FALSE,TRUE,America/Chicago,3
2884,Lakeway,Lakeway,TX,Texas,48453,Travis,30.3547,-97.9854,15981,505,polygon,FALSE,TRUE,America/Chicago,3
2885,Discovery Bay,Discovery Bay,CA,California,6013,Contra Costa,37.9071,-121.6076,15981,1634,polygon,FALSE,FALSE,America/Los_Angeles,3
2886,Dyer,Dyer,IN,Indiana,18089,Lake,41.4976,-87.509,15976,987,polygon,FALSE,TRUE,America/Chicago,3
2887,Niceville,Niceville,FL,Florida,12091,Okaloosa,30.5291,-86.4754,15972,456,polygon,FALSE,TRUE,America/Chicago,3
2888,Archer Lodge,Archer Lodge,NC,North Carolina,37101,Johnston,35.6907,-78.3749,15972,219,polygon,FALSE,TRUE,America/New_York,3
2889,Palmetto Estates,Palmetto Estates,FL,Florida,12086,Miami-Dade,25.6211,-80.3616,15970,2856,polygon,FALSE,FALSE,America/New_York,2
2890,Clearlake,Clearlake,CA,California,6033,Lake,38.959,-122.633,15961,581,polygon,FALSE,TRUE,America/Los_Angeles,3
2891,Fillmore,Fillmore,CA,California,6111,Ventura,34.3989,-118.9181,15954,1821,polygon,FALSE,TRUE,America/Los_Angeles,3
2892,Hood River,Hood River,OR,Oregon,41027,Hood River,45.7092,-121.5258,15949,1158,polygon,FALSE,TRUE,America/Los_Angeles,3
2893,Bellevue,Bellevue,WI,Wisconsin,55009,Brown,44.4593,-87.9554,15944,429,polygon,FALSE,TRUE,America/Chicago,3
2894,East San Gabriel,East San Gabriel,CA,California,6037,Los Angeles,34.1198,-118.0807,15932,3939,polygon,FALSE,FALSE,America/Los_Angeles,2
2895,Gainesville,Gainesville,VA,Virginia,51153,Prince William,38.7931,-77.6347,15928,608,polygon,FALSE,FALSE,America/New_York,3
2896,New Haven,New Haven,IN,Indiana,18003,Allen,41.0675,-85.0175,15922,515,polygon,FALSE,TRUE,America/Indiana/Indianapolis,3
2897,Avocado Heights,Avocado Heights,CA,California,6037,Los Angeles,34.0381,-118.0026,15903,2269,polygon,FALSE,FALSE,America/Los_Angeles,2
2898,Millbrook,Millbrook,AL,Alabama,1051,Elmore,32.5028,-86.3737,15896,437,polygon,FALSE,TRUE,America/Chicago,3
2899,Carthage,Carthage,MO,Missouri,29097,Jasper,37.1503,-94.3225,15892,488,polygon,FALSE,TRUE,America/Chicago,3
2900,Opa-locka,Opa-locka,FL,Florida,12086,Miami-Dade,25.8997,-80.2551,15887,1423,polygon,FALSE,TRUE,America/New_York,3
2901,King City,King City,CA,California,6053,Monterey,36.2166,-121.133,15887,1395,polygon,FALSE,TRUE,America/Los_Angeles,3
2902,Prospect Heights,Prospect Heights,IL,Illinois,17031,Cook,42.1039,-87.9267,15887,1441,polygon,FALSE,TRUE,America/Chicago,3
2903,Parkway,Parkway,CA,California,6067,Sacramento,38.4993,-121.452,15885,2551,polygon,FALSE,FALSE,America/Los_Angeles,2
2904,Pataskala,Pataskala,OH,Ohio,39089,Licking,40.011,-82.7155,15883,211,polygon,FALSE,TRUE,America/New_York,3
2905,Fort Leonard Wood,Fort Leonard Wood,MO,Missouri,29169,Pulaski,37.7562,-92.1274,15882,266,polygon,TRUE,TRUE,America/Chicago,3
2906,Tanque Verde,Tanque Verde,AZ,Arizona,4019,Pima,32.2687,-110.7437,15860,189,polygon,FALSE,FALSE,America/Phoenix,3
2907,Grandville,Grandville,MI,Michigan,26081,Kent,42.9003,-85.7564,15858,844,polygon,FALSE,TRUE,America/Detroit,3
2908,Highland Springs,Highland Springs,VA,Virginia,51087,Henrico,37.5516,-77.3285,15855,767,polygon,FALSE,FALSE,America/New_York,3
2909,White Center,White Center,WA,Washington,53033,King,47.5086,-122.348,15852,2709,polygon,FALSE,FALSE,America/Los_Angeles,2
2910,Laguna Woods,Laguna Woods,CA,California,6059,Orange,33.6098,-117.7299,15850,1829,polygon,FALSE,TRUE,America/Los_Angeles,3
2911,Hope Mills,Hope Mills,NC,North Carolina,37051,Cumberland,34.969,-78.9559,15849,826,polygon,FALSE,TRUE,America/New_York,3
2912,Candelaria,Candelaria,PR,Puerto Rico,72137,Toa Baja,18.4043,-66.2175,15846,2036,polygon,FALSE,FALSE,America/Puerto_Rico,2
2913,Floral Park,Floral Park,NY,New York,36059,Nassau,40.7226,-73.7029,15844,4329,polygon,FALSE,TRUE,America/New_York,2
2914,Murraysville,Murraysville,NC,North Carolina,37129,New Hanover,34.2919,-77.8429,15831,709,polygon,FALSE,FALSE,America/New_York,3
2915,Easthampton,Easthampton,MA,Massachusetts,25015,Hampshire,42.2652,-72.672,15829,458,polygon,FALSE,TRUE,America/New_York,3
2916,Humble,Humble,TX,Texas,48201,Harris,29.9921,-95.2655,15824,625,polygon,FALSE,TRUE,America/Chicago,3
2917,Aldine,Aldine,TX,Texas,48201,Harris,29.9122,-95.3785,15822,778,polygon,FALSE,FALSE,America/Chicago,3
2918,New River,New River,AZ,Arizona,4013,Maricopa,33.8835,-112.0858,15808,108,polygon,FALSE,FALSE,America/Phoenix,3
2919,Circleville,Circleville,OH,Ohio,39129,Pickaway,39.6063,-82.9334,15792,754,polygon,FALSE,TRUE,America/New_York,3
2920,Sarasota Springs,Sarasota Springs,FL,Florida,12115,Sarasota,27.3092,-82.4788,15781,1738,polygon,FALSE,FALSE,America/New_York,3
2921,Sterling,Sterling,CO,Colorado,8075,Logan,40.6206,-103.1925,15780,752,polygon,FALSE,TRUE,America/Denver,3
2922,South River,South River,NJ,New Jersey,34023,Middlesex,40.4455,-74.3784,15779,2187,polygon,FALSE,TRUE,America/New_York,2
2923,Sunset,Sunset,FL,Florida,12086,Miami-Dade,25.7061,-80.353,15770,1740,polygon,FALSE,FALSE,America/New_York,3
2924,Powder Springs,Powder Springs,GA,Georgia,13067,Cobb,33.8659,-84.6838,15758,826,polygon,FALSE,TRUE,America/New_York,3
2925,Adelphi,Adelphi,MD,Maryland,24033,Prince George's,39.0017,-76.9649,15751,2239,polygon,FALSE,FALSE,America/New_York,2
2926,Purcellville,Purcellville,VA,Virginia,51107,Loudoun,39.1378,-77.7109,15742,1160,polygon,FALSE,TRUE,America/New_York,3
2927,Greenwood Village,Greenwood Village,CO,Colorado,8005,Arapahoe,39.6152,-104.913,15735,735,polygon,FALSE,TRUE,America/Denver,3
2928,Bellmore,Bellmore,NY,New York,36059,Nassau,40.6569,-73.5285,15730,2574,polygon,FALSE,FALSE,America/New_York,2
2929,North New Hyde Park,North New Hyde Park,NY,New York,36059,Nassau,40.746,-73.6876,15726,3074,polygon,FALSE,FALSE,America/New_York,2
2930,Andrews,Andrews,TX,Texas,48003,Andrews,32.3208,-102.552,15708,783,polygon,FALSE,TRUE,America/Chicago,3
2931,Blytheville,Blytheville,AR,Arkansas,5093,Mississippi,35.9321,-89.9051,15693,250,polygon,FALSE,TRUE,America/Chicago,3
2932,Shively,Shively,KY,Kentucky,21111,Jefferson,38.197,-85.8136,15689,1325,polygon,FALSE,TRUE,America/Kentucky/Louisville,3
2933,North Arlington,North Arlington,NJ,New Jersey,34003,Bergen,40.7875,-74.1273,15683,2437,polygon,FALSE,TRUE,America/New_York,2
2934,Bull Run,Bull Run,VA,Virginia,51153,Prince William,38.7802,-77.5204,15683,2328,polygon,FALSE,FALSE,America/New_York,2
2935,Lebanon,Lebanon,IN,Indiana,18011,Boone,40.0324,-86.4551,15680,399,polygon,FALSE,TRUE,America/Indiana/Indianapolis,3
2936,Stanford,Stanford,CA,California,6085,Santa Clara,37.4252,-122.1674,15668,2203,polygon,FALSE,FALSE,America/Los_Angeles,2
2937,McFarland,McFarland,CA,California,6029,Kern,35.6781,-119.2414,15651,2243,polygon,FALSE,TRUE,America/Los_Angeles,2
2938,Graham,Graham,NC,North Carolina,37001,Alamance,36.0596,-79.3892,15646,618,polygon,FALSE,TRUE,America/New_York,3
2939,Mountain House,Mountain House,CA,California,6077,San Joaquin,37.774,-121.5452,15645,1891,polygon,FALSE,FALSE,America/Los_Angeles,3
2940,Elkton,Elkton,MD,Maryland,24015,Cecil,39.6067,-75.8208,15622,678,polygon,FALSE,TRUE,America/New_York,3
2941,Parlier,Parlier,CA,California,6019,Fresno,36.6087,-119.5434,15613,2503,polygon,FALSE,TRUE,America/Los_Angeles,2
2942,Fate,Fate,TX,Texas,48397,Rockwall,32.9429,-96.3858,15603,508,polygon,FALSE,TRUE,America/Chicago,3
2943,Port Washington,Port Washington,NY,New York,36059,Nassau,40.8268,-73.6764,15600,1439,polygon,FALSE,FALSE,America/New_York,3
2944,Riverdale,Riverdale,GA,Georgia,13063,Clayton,33.564,-84.4103,15594,1362,polygon,FALSE,TRUE,America/New_York,3
2945,East Highland Park,East Highland Park,VA,Virginia,51087,Henrico,37.577,-77.3865,15592,685,polygon,FALSE,FALSE,America/New_York,3
2946,Chubbuck,Chubbuck,ID,Idaho,16005,Bannock,42.9261,-112.4624,15588,1020,polygon,FALSE,TRUE,America/Boise,3
2947,West University Place,West University Place,TX,Texas,48201,Harris,29.7157,-95.4321,15585,3002,polygon,FALSE,TRUE,America/Chicago,2
2948,Newton,Newton,IA,Iowa,19099,Jasper,41.6964,-93.0402,15580,520,polygon,FALSE,TRUE,America/Chicago,3
2949,Fullerton,Fullerton,PA,Pennsylvania,42077,Lehigh,40.6308,-75.4834,15578,1637,polygon,FALSE,FALSE,America/New_York,3
2950,Miami,Miami,OK,Oklahoma,40115,Ottawa,36.8877,-94.8718,15571,466,polygon,FALSE,TRUE,America/Chicago,3
2951,McMinnville,McMinnville,TN,Tennessee,47177,Warren,35.6863,-85.7812,15570,480,polygon,FALSE,TRUE,America/Chicago,3
2952,Longwood,Longwood,FL,Florida,12117,Seminole,28.7014,-81.3487,15561,1096,polygon,FALSE,TRUE,America/New_York,3
2953,Seven Oaks,Seven Oaks,SC,South Carolina,45063,Lexington,34.0474,-81.1434,15559,787,polygon,FALSE,FALSE,America/New_York,3
2954,Overland,Overland,MO,Missouri,29189,St. Louis,38.6966,-90.3689,15551,1368,polygon,FALSE,TRUE,America/Chicago,3
2955,Dunn,Dunn,NC,North Carolina,37085,Harnett,35.3113,-78.6129,15550,548,polygon,FALSE,TRUE,America/New_York,3
2956,Eggertsville,Eggertsville,NY,New York,36029,Erie,42.9665,-78.8065,15546,2098,polygon,FALSE,FALSE,America/New_York,2
2957,Belvedere Park,Belvedere Park,GA,Georgia,13089,DeKalb,33.7488,-84.2598,15543,1225,polygon,FALSE,FALSE,America/New_York,3
2958,Houghton,Houghton,MI,Michigan,26061,Houghton,47.1119,-88.5672,15543,683,polygon,FALSE,TRUE,America/Detroit,3
2959,Phelan,Phelan,CA,California,6071,San Bernardino,34.4398,-117.5248,15532,99,polygon,FALSE,FALSE,America/Los_Angeles,3
2960,Blackfoot,Blackfoot,ID,Idaho,16011,Bingham,43.194,-112.3455,15526,784,polygon,FALSE,TRUE,America/Boise,3
2961,Buford,Buford,GA,Georgia,13135,Gwinnett,34.1185,-83.9916,15522,343,polygon,FALSE,TRUE,America/New_York,3
2962,Lake Geneva,Lake Geneva,WI,Wisconsin,55127,Walworth,42.5824,-88.4281,15518,456,polygon,FALSE,TRUE,America/Chicago,3
2963,Harrison,Harrison,OH,Ohio,39061,Hamilton,39.2582,-84.7868,15518,868,polygon,FALSE,TRUE,America/New_York,3
2964,La Grande,La Grande,OR,Oregon,41061,Union,45.3243,-118.0865,15515,1149,polygon,FALSE,TRUE,America/Los_Angeles,3
2965,Farmingville,Farmingville,NY,New York,36103,Suffolk,40.8389,-73.0401,15495,1451,polygon,FALSE,FALSE,America/New_York,3
2966,Groves,Groves,TX,Texas,48245,Jefferson,29.9457,-93.9164,15480,1155,polygon,FALSE,TRUE,America/Chicago,3
2967,Hermitage,Hermitage,PA,Pennsylvania,42085,Mercer,41.2305,-80.4414,15471,202,polygon,FALSE,TRUE,America/New_York,3
2968,Indianola,Indianola,IA,Iowa,19181,Warren,41.3629,-93.5652,15471,546,polygon,FALSE,TRUE,America/Chicago,3
2969,East Riverdale,East Riverdale,MD,Maryland,24033,Prince George's,38.96,-76.9108,15467,3697,polygon,FALSE,FALSE,America/New_York,2
2970,Rio Linda,Rio Linda,CA,California,6067,Sacramento,38.6876,-121.4418,15460,603,polygon,FALSE,FALSE,America/Los_Angeles,3
2971,Red Hill,Red Hill,SC,South Carolina,45051,Horry,33.7777,-79.0111,15459,539,polygon,FALSE,FALSE,America/New_York,3
2972,Hartford,Hartford,WI,Wisconsin,55131,Washington,43.3223,-88.3782,15445,709,polygon,FALSE,TRUE,America/Chicago,3
2973,Holly Springs,Holly Springs,GA,Georgia,13057,Cherokee,34.1685,-84.4845,15442,849,polygon,FALSE,TRUE,America/New_York,3
2974,Hayden,Hayden,ID,Idaho,16055,Kootenai,47.768,-116.8039,15434,572,polygon,FALSE,TRUE,America/Los_Angeles,3
2975,Middleburg Heights,Middleburg Heights,OH,Ohio,39035,Cuyahoga,41.3695,-81.8151,15432,737,polygon,FALSE,TRUE,America/New_York,3
2976,La Palma,La Palma,CA,California,6059,Orange,33.8504,-118.0406,15428,3340,polygon,FALSE,TRUE,America/Los_Angeles,2
2977,Mount Vernon,Mount Vernon,IL,Illinois,17081,Jefferson,38.314,-88.9174,15427,389,polygon,FALSE,TRUE,America/Chicago,3
2978,Pacific Grove,Pacific Grove,CA,California,6053,Monterey,36.6192,-121.9255,15413,2081,polygon,FALSE,TRUE,America/Los_Angeles,2
2979,Fort Carson,Fort Carson,CO,Colorado,8041,El Paso,38.7403,-104.784,15410,692,polygon,TRUE,TRUE,America/Denver,3
2980,Asbury Park,Asbury Park,NJ,New Jersey,34025,Monmouth,40.2226,-74.0119,15408,4163,polygon,FALSE,TRUE,America/New_York,2
2981,Pulaski,Pulaski,VA,Virginia,51155,Pulaski,37.0528,-80.7624,15407,416,polygon,FALSE,TRUE,America/New_York,3
2982,Great Falls,Great Falls,VA,Virginia,51059,Fairfax,39.011,-77.3013,15394,234,polygon,FALSE,FALSE,America/New_York,3
2983,Rossville,Rossville,MD,Maryland,24005,Baltimore,39.3572,-76.4767,15392,1104,polygon,FALSE,FALSE,America/New_York,3
2984,Wilmington Island,Wilmington Island,GA,Georgia,13051,Chatham,32.0036,-80.9752,15391,715,polygon,FALSE,FALSE,America/New_York,3
2985,Northview,Northview,MI,Michigan,26081,Kent,43.0427,-85.6016,15391,577,polygon,FALSE,FALSE,America/Detroit,3
2986,Ladson,Ladson,SC,South Carolina,45015,Berkeley,33.0092,-80.1078,15383,845,polygon,FALSE,FALSE,America/New_York,3
2987,Mitchell,Mitchell,SD,South Dakota,46035,Davison,43.7296,-98.0337,15372,527,polygon,FALSE,TRUE,America/Chicago,3
2988,Berkley,Berkley,MI,Michigan,26125,Oakland,42.4986,-83.1853,15366,2268,polygon,FALSE,TRUE,America/Detroit,2
2989,Washington,Washington,NJ,New Jersey,34041,Warren,40.7587,-74.9825,15357,1267,polygon,FALSE,TRUE,America/New_York,3
2990,Westbury,Westbury,NY,New York,36059,Nassau,40.7599,-73.5891,15351,2529,polygon,FALSE,TRUE,America/New_York,2
2991,Grosse Pointe Woods,Grosse Pointe Woods,MI,Michigan,26163,Wayne,42.4366,-82.8987,15332,1826,polygon,FALSE,TRUE,America/Detroit,3
2992,Hueytown,Hueytown,AL,Alabama,1073,Jefferson,33.4237,-87.022,15322,300,polygon,FALSE,TRUE,America/Chicago,3
2993,La Grange,La Grange,IL,Illinois,17031,Cook,41.8072,-87.8741,15322,2342,polygon,FALSE,TRUE,America/Chicago,2
2994,Alamo,Alamo,CA,California,6013,Contra Costa,37.8546,-122.013,15317,611,polygon,FALSE,FALSE,America/Los_Angeles,3
2995,Bradley,Bradley,IL,Illinois,17091,Kankakee,41.1641,-87.8452,15314,853,polygon,FALSE,TRUE,America/Chicago,3
2996,Wilkinsburg,Wilkinsburg,PA,Pennsylvania,42003,Allegheny,40.4442,-79.8733,15292,2622,polygon,FALSE,TRUE,America/New_York,2
2997,Flowing Wells,Flowing Wells,AZ,Arizona,4019,Pima,32.2937,-111.011,15290,1549,polygon,FALSE,FALSE,America/Phoenix,3
2998,Hugo,Hugo,MN,Minnesota,27163,Washington,45.1671,-92.9588,15267,176,polygon,FALSE,TRUE,America/Chicago,3
2999,Englewood,Englewood,FL,Florida,12115,Sarasota,26.9603,-82.3535,15252,597,polygon,FALSE,FALSE,America/New_York,3
3000,Alpine,Alpine,CA,California,6073,San Diego,32.8439,-116.7585,15233,219,polygon,FALSE,FALSE,America/Los_Angeles,3
3001,Fort Mohave,Fort Mohave,AZ,Arizona,4015,Mohave,35.0004,-114.5748,15228,352,polygon,FALSE,TRUE,America/Phoenix,3
3002,Lamont,Lamont,CA,California,6029,Kern,35.2651,-118.9159,15222,1280,polygon,FALSE,FALSE,America/Los_Angeles,3
3003,Kerman,Kerman,CA,California,6019,Fresno,36.7249,-120.0625,15218,1805,polygon,FALSE,TRUE,America/Los_Angeles,3
3004,Bay Village,Bay Village,OH,Ohio,39035,Cuyahoga,41.4851,-81.9315,15194,1284,polygon,FALSE,TRUE,America/New_York,3
3005,Gantt,Gantt,SC,South Carolina,45045,Greenville,34.7837,-82.4027,15178,598,polygon,FALSE,FALSE,America/New_York,3
3006,Weston,Weston,WI,Wisconsin,55073,Marathon,44.8905,-89.5487,15167,270,polygon,FALSE,TRUE,America/Chicago,3
3007,Hereford,Hereford,TX,Texas,48117,Deaf Smith,34.8232,-102.4001,15164,919,polygon,FALSE,TRUE,America/Chicago,3
3008,Galion,Galion,OH,Ohio,39033,Crawford,40.7385,-82.7792,15161,521,polygon,FALSE,TRUE,America/New_York,3
3009,College Park,College Park,GA,Georgia,13121,Fulton,33.6363,-84.464,15159,527,polygon,FALSE,TRUE,America/New_York,3
3010,Grovetown,Grovetown,GA,Georgia,13073,Columbia,33.4504,-82.2073,15152,1108,polygon,FALSE,TRUE,America/New_York,3
3011,Pleasanton,Pleasanton,TX,Texas,48013,Atascosa,28.9643,-98.4957,15148,469,polygon,FALSE,TRUE,America/Chicago,3
3012,Great Bend,Great Bend,KS,Kansas,20009,Barton,38.3593,-98.8016,15144,550,polygon,FALSE,TRUE,America/Chicago,3
3013,Bellair-Meadowbrook Terrace,Bellair-Meadowbrook Terrace,FL,Florida,12019,Clay,30.1796,-81.7375,15117,1422,polygon,FALSE,TRUE,America/New_York,3
3014,Seaford,Seaford,NY,New York,36059,Nassau,40.6678,-73.4922,15113,2235,polygon,FALSE,FALSE,America/New_York,2
3015,Southchase,Southchase,FL,Florida,12095,Orange,28.3793,-81.3903,15096,842,polygon,FALSE,FALSE,America/New_York,3
3016,Damascus,Damascus,MD,Maryland,24031,Montgomery,39.2737,-77.2006,15094,504,polygon,FALSE,FALSE,America/New_York,3
3017,West Park,West Park,FL,Florida,12011,Broward,25.984,-80.1923,15089,2650,polygon,FALSE,TRUE,America/New_York,2
3018,West Lealman,West Lealman,FL,Florida,12103,Pinellas,27.8191,-82.7385,15076,1850,polygon,FALSE,TRUE,America/New_York,3
3019,West Richland,West Richland,WA,Washington,53005,Benton,46.3115,-119.3998,15075,263,polygon,FALSE,TRUE,America/Los_Angeles,3
3020,Cloverly,Cloverly,MD,Maryland,24031,Montgomery,39.1065,-76.9993,15062,581,polygon,FALSE,FALSE,America/New_York,3
3021,Oldsmar,Oldsmar,FL,Florida,12103,Pinellas,28.0507,-82.6698,15061,650,polygon,FALSE,TRUE,America/New_York,3
3022,Park City,Park City,UT,Utah,49043,Summit,40.6505,-111.502,15061,164,polygon,FALSE,TRUE,America/Denver,3
3023,Washington Court House,Washington Court House,OH,Ohio,39047,Fayette,39.5383,-83.4279,15059,618,polygon,FALSE,TRUE,America/New_York,3
3024,Brooklyn Park,Brooklyn Park,MD,Maryland,24003,Anne Arundel,39.217,-76.6174,15036,1378,polygon,FALSE,FALSE,America/New_York,3
3025,Kenmore,Kenmore,NY,New York,36029,Erie,42.9646,-78.8713,15020,4039,polygon,FALSE,TRUE,America/New_York,2
3026,Depew,Depew,NY,New York,36029,Erie,42.9117,-78.7044,15011,1141,polygon,FALSE,TRUE,America/New_York,3
3027,Vandalia,Vandalia,OH,Ohio,39113,Montgomery,39.879,-84.193,14997,468,polygon,FALSE,TRUE,America/New_York,3
3028,Williamstown,Williamstown,NJ,New Jersey,34015,Gloucester,39.6874,-74.9786,14962,778,polygon,FALSE,FALSE,America/New_York,3
3029,Boulder City,Boulder City,NV,Nevada,32003,Clark,35.8407,-114.9257,14959,30,polygon,FALSE,TRUE,America/Los_Angeles,3
3030,South Farmingdale,South Farmingdale,NY,New York,36059,Nassau,40.7175,-73.4471,14953,2602,polygon,FALSE,FALSE,America/New_York,2
3031,Fords,Fords,NJ,New Jersey,34023,Middlesex,40.5415,-74.3124,14948,2159,polygon,FALSE,FALSE,America/New_York,2
3032,Jamestown,Jamestown,ND,North Dakota,38093,Stutsman,46.9063,-98.6936,14944,438,polygon,FALSE,TRUE,America/Chicago,3
3033,Hewitt,Hewitt,TX,Texas,48309,McLennan,31.452,-97.196,14937,821,polygon,FALSE,TRUE,America/Chicago,3
3034,Beech Grove,Beech Grove,IN,Indiana,18097,Marion,39.7157,-86.0871,14937,1288,polygon,FALSE,TRUE,America/Indiana/Indianapolis,3
3035,Newport,Newport,KY,Kentucky,21037,Campbell,39.0855,-84.4868,14932,2112,polygon,FALSE,TRUE,America/New_York,2
3036,Coto de Caza,Coto de Caza,CA,California,6059,Orange,33.5961,-117.5862,14931,746,polygon,FALSE,FALSE,America/Los_Angeles,3
3037,Tehachapi,Tehachapi,CA,California,6029,Kern,35.1274,-118.4749,14928,494,polygon,FALSE,TRUE,America/Los_Angeles,3
3038,Berea,Berea,SC,South Carolina,45045,Greenville,34.8802,-82.4653,14923,747,polygon,FALSE,FALSE,America/New_York,3
3039,Sulphur Springs,Sulphur Springs,TX,Texas,48223,Hopkins,33.1421,-95.6124,14916,309,polygon,FALSE,TRUE,America/Chicago,3
3040,Astoria,Astoria,OR,Oregon,41007,Clatsop,46.1856,-123.8053,14916,630,polygon,FALSE,TRUE,America/Los_Angeles,3
3041,Taft,Taft,CA,California,6029,Kern,35.1267,-119.4242,14898,234,polygon,FALSE,TRUE,America/Los_Angeles,3
3042,Ferndale,Ferndale,WA,Washington,53073,Whatcom,48.8525,-122.5893,14897,823,polygon,FALSE,TRUE,America/Los_Angeles,3
3043,Livingston,Livingston,CA,California,6047,Merced,37.3875,-120.7248,14896,1565,polygon,FALSE,TRUE,America/Los_Angeles,3
3044,Dentsville,Dentsville,SC,South Carolina,45079,Richland,34.0754,-80.9546,14887,858,polygon,FALSE,FALSE,America/New_York,3
3045,Franklin Park,Franklin Park,PA,Pennsylvania,42003,Allegheny,40.5903,-80.0999,14885,424,polygon,FALSE,TRUE,America/New_York,3
3046,Ramsey,Ramsey,NJ,New Jersey,34003,Bergen,41.0595,-74.1454,14884,1044,polygon,FALSE,TRUE,America/New_York,3
3047,New Freedom,New Freedom,PA,Pennsylvania,42133,York,39.7353,-76.6967,14882,869,polygon,FALSE,TRUE,America/New_York,3
3048,Yankton,Yankton,SD,South Dakota,46135,Yankton,42.8901,-97.3926,14872,660,polygon,FALSE,TRUE,America/Chicago,3
3049,London,London,OH,Ohio,39097,Madison,39.8936,-83.4376,14870,475,polygon,FALSE,TRUE,America/New_York,3
3050,Salem Lakes,Salem Lakes,WI,Wisconsin,55059,Kenosha,42.5366,-88.1307,14852,188,polygon,FALSE,TRUE,America/Chicago,3
3051,Jackson,Jackson,MO,Missouri,29031,Cape Girardeau,37.3792,-89.6521,14836,533,polygon,FALSE,TRUE,America/Chicago,3
3052,Azalea Park,Azalea Park,FL,Florida,12095,Orange,28.5473,-81.2956,14817,1874,polygon,FALSE,FALSE,America/New_York,3
3053,Yazoo City,Yazoo City,MS,Mississippi,28163,Yazoo,32.8618,-90.4067,14817,426,polygon,FALSE,TRUE,America/Chicago,3
3054,Mount Washington,Mount Washington,KY,Kentucky,21029,Bullitt,38.043,-85.5549,14817,615,polygon,FALSE,TRUE,America/New_York,3
3055,Grimes,Grimes,IA,Iowa,19153,Polk,41.6776,-93.7946,14804,488,polygon,FALSE,TRUE,America/Chicago,3
3056,Willow Grove,Willow Grove,PA,Pennsylvania,42091,Montgomery,40.1495,-75.1178,14800,1561,polygon,FALSE,FALSE,America/New_York,3
3057,Chaparral,Chaparral,NM,New Mexico,35013,Doña Ana,32.0442,-106.4061,14793,96,polygon,FALSE,FALSE,America/Denver,3
3058,Lockhart,Lockhart,FL,Florida,12095,Orange,28.6271,-81.4354,14775,1284,polygon,FALSE,FALSE,America/New_York,3
3059,Campbellsville,Campbellsville,KY,Kentucky,21217,Taylor,37.3446,-85.3511,14772,591,polygon,FALSE,TRUE,America/New_York,3
3060,Bedford,Bedford,IN,Indiana,18093,Lawrence,38.8602,-86.4895,14752,417,polygon,FALSE,TRUE,America/Indiana/Indianapolis,3
3061,Tonawanda,Tonawanda,NY,New York,36029,Erie,43.0105,-78.8805,14745,1496,polygon,FALSE,TRUE,America/New_York,3
3062,Clarksdale,Clarksdale,MS,Mississippi,28027,Coahoma,34.1971,-90.5729,14745,414,polygon,FALSE,TRUE,America/Chicago,3
3063,Cambridge,Cambridge,OH,Ohio,39059,Guernsey,40.0221,-81.5868,14736,625,polygon,FALSE,TRUE,America/New_York,3
3064,Whitewater,Whitewater,WI,Wisconsin,55127,Walworth,42.8372,-88.7341,14725,650,polygon,FALSE,TRUE,America/Chicago,3
3065,Ewa Beach,Ewa Beach,HI,Hawaii,15003,Honolulu,21.3181,-158.0073,14717,4769,polygon,FALSE,FALSE,Pacific/Honolulu,2
3066,Calera,Calera,AL,Alabama,1117,Shelby,33.1249,-86.745,14717,235,polygon,FALSE,TRUE,America/Chicago,3
3067,Youngsville,Youngsville,LA,Louisiana,22055,Lafayette,30.0964,-91.9963,14704,470,polygon,FALSE,TRUE,America/Chicago,3
3068,Royse City,Royse City,TX,Texas,48397,Rockwall,32.9762,-96.3175,14702,310,polygon,FALSE,TRUE,America/Chicago,3
3069,Hartsville,Hartsville,SC,South Carolina,45031,Darlington,34.3676,-80.0833,14693,499,polygon,FALSE,TRUE,America/New_York,3
3070,Worthington,Worthington,OH,Ohio,39049,Franklin,40.0949,-83.021,14692,1036,polygon,FALSE,TRUE,America/New_York,3
3071,Payson,Payson,AZ,Arizona,4007,Gila,34.2434,-111.3195,14684,315,polygon,FALSE,TRUE,America/Phoenix,3
3072,Mastic,Mastic,NY,New York,36103,Suffolk,40.8098,-72.8479,14678,1451,polygon,FALSE,FALSE,America/New_York,3
3073,Las Vegas,Las Vegas,NM,New Mexico,35047,San Miguel,35.6011,-105.2206,14662,637,polygon,FALSE,TRUE,America/Denver,3
3074,Pierre,Pierre,SD,South Dakota,46065,Hughes,44.3748,-100.3205,14659,410,polygon,FALSE,TRUE,America/Chicago,2
3075,Salida,Salida,CA,California,6099,Stanislaus,37.7145,-121.087,14658,1069,polygon,FALSE,FALSE,America/Los_Angeles,3
3076,Southern Pines,Southern Pines,NC,North Carolina,37125,Moore,35.1927,-79.404,14657,331,polygon,FALSE,TRUE,America/New_York,3
3077,Saraland,Saraland,AL,Alabama,1097,Mobile,30.8478,-88.1004,14649,176,polygon,FALSE,TRUE,America/Chicago,3
3078,New Cassel,New Cassel,NY,New York,36059,Nassau,40.76,-73.5649,14648,3823,polygon,FALSE,FALSE,America/New_York,2
3079,El Dorado,El Dorado,KS,Kansas,20015,Butler,37.8209,-96.8614,14648,546,polygon,FALSE,TRUE,America/Chicago,3
3080,Manor,Manor,TX,Texas,48453,Travis,30.3562,-97.5228,14642,546,polygon,FALSE,TRUE,America/Chicago,3
3081,Halawa,Halawa,HI,Hawaii,15003,Honolulu,21.3753,-157.9185,14640,2384,polygon,FALSE,FALSE,Pacific/Honolulu,2
3082,Paradise Valley,Paradise Valley,AZ,Arizona,4013,Maricopa,33.5434,-111.9595,14637,367,polygon,FALSE,TRUE,America/Phoenix,3
3083,Pewaukee,Pewaukee,WI,Wisconsin,55133,Waukesha,43.0701,-88.2411,14631,289,polygon,FALSE,TRUE,America/Chicago,3
3084,Falls Church,Falls Church,VA,Virginia,51610,Falls Church,38.8847,-77.1751,14617,2757,polygon,FALSE,TRUE,America/New_York,2
3085,Franklin Park,Franklin Park,NJ,New Jersey,34035,Somerset,40.4439,-74.5432,14612,2166,polygon,FALSE,TRUE,America/New_York,2
3086,Cayey,Cayey,PR,Puerto Rico,72035,Cayey,18.115,-66.163,14610,2221,polygon,FALSE,FALSE,America/Puerto_Rico,2
3087,Port Orchard,Port Orchard,WA,Washington,53035,Kitsap,47.5163,-122.661,14597,584,polygon,FALSE,TRUE,America/Los_Angeles,3
3088,Mineral Wells,Mineral Wells,TX,Texas,48363,Palo Pinto,32.8169,-98.0776,14597,287,polygon,FALSE,TRUE,America/Chicago,3
3089,Sun Lakes,Sun Lakes,AZ,Arizona,4013,Maricopa,33.2172,-111.8695,14582,1047,polygon,FALSE,FALSE,America/Phoenix,3
3090,Muscle Shoals,Muscle Shoals,AL,Alabama,1033,Colbert,34.7436,-87.6344,14575,340,polygon,FALSE,TRUE,America/Chicago,3
3091,Jennings,Jennings,MO,Missouri,29189,St. Louis,38.723,-90.2644,14575,1506,polygon,FALSE,TRUE,America/Chicago,3
3092,Henderson,Henderson,TX,Texas,48401,Rusk,32.1576,-94.796,14569,424,polygon,FALSE,TRUE,America/Chicago,3
3093,Connersville,Connersville,IN,Indiana,18041,Fayette,39.6581,-85.141,14566,643,polygon,FALSE,TRUE,America/Indiana/Indianapolis,3
3094,North Fair Oaks,North Fair Oaks,CA,California,6081,San Mateo,37.4754,-122.2035,14547,4687,polygon,FALSE,FALSE,America/Los_Angeles,2
3095,Metuchen,Metuchen,NJ,New Jersey,34023,Middlesex,40.5424,-74.3628,14543,1970,polygon,FALSE,TRUE,America/New_York,3
3096,Hershey,Hershey,PA,Pennsylvania,42043,Dauphin,40.2806,-76.6458,14542,392,polygon,FALSE,FALSE,America/New_York,3
3097,Olympia Heights,Olympia Heights,FL,Florida,12086,Miami-Dade,25.7241,-80.339,14536,2108,polygon,FALSE,FALSE,America/New_York,2
3098,Grain Valley,Grain Valley,MO,Missouri,29095,Jackson,39.0168,-94.2085,14526,913,polygon,FALSE,TRUE,America/Chicago,3
3099,Mount Dora,Mount Dora,FL,Florida,12069,Lake,28.8143,-81.6344,14516,697,polygon,FALSE,TRUE,America/New_York,3
3100,Warrington,Warrington,FL,Florida,12033,Escambia,30.3821,-87.2944,14487,806,polygon,FALSE,FALSE,America/Chicago,3
3101,Fraser,Fraser,MI,Michigan,26099,Macomb,42.5388,-82.9496,14480,1350,polygon,FALSE,TRUE,America/Detroit,3
3102,Hartselle,Hartselle,AL,Alabama,1103,Morgan,34.4391,-86.94,14466,339,polygon,FALSE,TRUE,America/Chicago,3
3103,Hot Springs Village,Hot Springs Village,AR,Arkansas,5125,Saline,34.6568,-92.9644,14466,98,polygon,FALSE,FALSE,America/Chicago,3
3104,Fostoria,Fostoria,OH,Ohio,39147,Seneca,41.1601,-83.412,14458,677,polygon,FALSE,TRUE,America/New_York,3
3105,Tenafly,Tenafly,NJ,New Jersey,34003,Bergen,40.9175,-73.9531,14453,1216,polygon,FALSE,TRUE,America/New_York,3
3106,Royal Kunia,Royal Kunia,HI,Hawaii,15003,Honolulu,21.4053,-158.0318,14449,1852,polygon,FALSE,FALSE,Pacific/Honolulu,3
3107,Jefferson Valley-Yorktown,Jefferson Valley-Yorktown,NY,New York,36119,Westchester,41.3179,-73.8007,14441,802,polygon,FALSE,TRUE,America/New_York,3
3108,Thibodaux,Thibodaux,LA,Louisiana,22057,Lafourche,29.7941,-90.8163,14425,908,polygon,FALSE,TRUE,America/Chicago,3
3109,Brandermill,Brandermill,VA,Virginia,51041,Chesterfield,37.434,-77.6522,14421,903,polygon,FALSE,FALSE,America/New_York,3
3110,South Venice,South Venice,FL,Florida,12115,Sarasota,27.0434,-82.4152,14419,923,polygon,FALSE,FALSE,America/New_York,3
3111,Bradley Gardens,Bradley Gardens,NJ,New Jersey,34035,Somerset,40.5711,-74.6678,14417,1239,polygon,FALSE,FALSE,America/New_York,3
3112,Washington,Washington,MO,Missouri,29071,Franklin,38.5514,-91.0151,14417,575,polygon,FALSE,TRUE,America/Chicago,3
3113,Manorville,Manorville,NY,New York,36103,Suffolk,40.8575,-72.7915,14405,218,polygon,FALSE,FALSE,America/New_York,3
3114,Robbinsdale,Robbinsdale,MN,Minnesota,27053,Hennepin,45.0261,-93.3332,14389,1987,polygon,FALSE,TRUE,America/Chicago,3
3115,Iona,Iona,FL,Florida,12071,Lee,26.516,-81.9601,14385,839,polygon,FALSE,FALSE,America/New_York,3
3116,Clewiston,Clewiston,FL,Florida,12051,Hendry,26.7529,-80.9399,14383,688,polygon,FALSE,TRUE,America/New_York,3
3117,Warren,Warren,PA,Pennsylvania,42123,Warren,41.8433,-79.1445,14370,1200,polygon,FALSE,TRUE,America/New_York,3
3118,Chippewa Falls,Chippewa Falls,WI,Wisconsin,55017,Chippewa,44.9358,-91.3902,14366,489,polygon,FALSE,TRUE,America/Chicago,3
3119,Ocean View,Ocean View,DE,Delaware,10005,Sussex,38.5355,-75.0984,14360,305,polygon,FALSE,TRUE,America/New_York,3
3120,Lebanon,Lebanon,MO,Missouri,29105,Laclede,37.6717,-92.6603,14360,390,polygon,FALSE,TRUE,America/Chicago,3
3121,Forest City,Forest City,FL,Florida,12117,Seminole,28.6619,-81.4443,14357,1293,polygon,FALSE,FALSE,America/New_York,3
3122,Midlothian,Midlothian,IL,Illinois,17031,Cook,41.6254,-87.7243,14346,1964,polygon,FALSE,TRUE,America/Chicago,3
3123,Glasgow,Glasgow,DE,Delaware,10003,New Castle,39.6015,-75.7474,14342,557,polygon,FALSE,FALSE,America/New_York,3
3124,Jacksonville,Jacksonville,TX,Texas,48073,Cherokee,31.9642,-95.2617,14337,403,polygon,FALSE,TRUE,America/Chicago,3
3125,Mountain Home,Mountain Home,AR,Arkansas,5005,Baxter,36.3348,-92.3846,14317,407,polygon,FALSE,TRUE,America/Chicago,3
3126,Camden,Camden,SC,South Carolina,45055,Kershaw,34.2565,-80.6087,14303,258,polygon,FALSE,TRUE,America/New_York,3
3127,St. Simons,St. Simons,GA,Georgia,13127,Glynn,31.1774,-81.3857,14302,335,polygon,FALSE,FALSE,America/New_York,3
3128,California,California,MD,Maryland,24037,St. Mary's,38.2969,-76.4949,14298,429,polygon,FALSE,FALSE,America/New_York,3
3129,Toppenish,Toppenish,WA,Washington,53077,Yakima,46.3806,-120.3123,14284,1598,polygon,FALSE,TRUE,America/Los_Angeles,3
3130,Douglas,Douglas,GA,Georgia,13069,Coffee,31.5065,-82.8543,14283,312,polygon,FALSE,TRUE,America/New_York,3
3131,Hampton Bays,Hampton Bays,NY,New York,36103,Suffolk,40.8692,-72.5227,14280,429,polygon,FALSE,FALSE,America/New_York,3
3132,Black Forest,Black Forest,CO,Colorado,8041,El Paso,39.0608,-104.6752,14274,54,polygon,FALSE,FALSE,America/Denver,3
3133,Mill Valley,Mill Valley,CA,California,6041,Marin,37.9085,-122.5421,14259,1155,polygon,FALSE,TRUE,America/Los_Angeles,3
3134,Hollins,Hollins,VA,Virginia,51161,Roanoke,37.3434,-79.9535,14257,639,polygon,FALSE,FALSE,America/New_York,3
3135,Tamaqua,Tamaqua,PA,Pennsylvania,42107,Schuylkill,40.8033,-75.9344,14252,269,polygon,FALSE,TRUE,America/New_York,3
3136,Destin,Destin,FL,Florida,12091,Okaloosa,30.395,-86.4701,14247,715,polygon,FALSE,TRUE,America/Chicago,3
3137,Red Wing,Red Wing,MN,Minnesota,27049,Goodhue,44.5816,-92.6036,14245,180,polygon,FALSE,TRUE,America/Chicago,3
3138,Lewisville,Lewisville,NC,North Carolina,37067,Forsyth,36.103,-80.4164,14228,382,polygon,FALSE,TRUE,America/New_York,3
3139,East Wenatchee,East Wenatchee,WA,Washington,53017,Douglas,47.4174,-120.2822,14219,1448,polygon,FALSE,TRUE,America/Los_Angeles,3
3140,Lindenhurst,Lindenhurst,IL,Illinois,17097,Lake,42.4175,-88.0257,14216,1215,polygon,FALSE,TRUE,America/Chicago,3
3141,Phillipsburg,Phillipsburg,NJ,New Jersey,34041,Warren,40.6895,-75.1821,14212,1719,polygon,FALSE,TRUE,America/New_York,3
3142,Covington,Covington,GA,Georgia,13217,Newton,33.6049,-83.8465,14206,348,polygon,FALSE,TRUE,America/New_York,3
3143,Rincon,Rincon,GA,Georgia,13103,Effingham,32.2947,-81.2353,14201,410,polygon,FALSE,TRUE,America/New_York,3
3144,Taos,Taos,NM,New Mexico,35055,Taos,36.3871,-105.5804,14196,381,polygon,FALSE,TRUE,America/Denver,3
3145,Glenn Dale,Glenn Dale,MD,Maryland,24033,Prince George's,38.9833,-76.804,14191,765,polygon,FALSE,FALSE,America/New_York,3
3146,Fairview,Fairview,NJ,New Jersey,34003,Bergen,40.8182,-74.0022,14189,6493,polygon,FALSE,TRUE,America/New_York,2
3147,Hopatcong,Hopatcong,NJ,New Jersey,34037,Sussex,40.9541,-74.6593,14186,502,polygon,FALSE,TRUE,America/New_York,3
3148,Hidalgo,Hidalgo,TX,Texas,48215,Hidalgo,26.109,-98.2463,14183,656,polygon,FALSE,TRUE,America/Chicago,3
3149,Cambridge,Cambridge,MD,Maryland,24019,Dorchester,38.5515,-76.0786,14178,444,polygon,FALSE,TRUE,America/New_York,3
3150,Gardendale,Gardendale,AL,Alabama,1073,Jefferson,33.6678,-86.8069,14177,239,polygon,FALSE,TRUE,America/Chicago,3
3151,Antioch,Antioch,IL,Illinois,17097,Lake,42.4742,-88.0721,14175,667,polygon,FALSE,TRUE,America/Chicago,3
3152,Johnson City,Johnson City,NY,New York,36007,Broome,42.123,-75.9624,14161,1201,polygon,FALSE,TRUE,America/New_York,3
3153,Hawaiian Gardens,Hawaiian Gardens,CA,California,6037,Los Angeles,33.8303,-118.0728,14159,5766,polygon,FALSE,TRUE,America/Los_Angeles,2
3154,Hendersonville,Hendersonville,NC,North Carolina,37089,Henderson,35.3242,-82.4576,14157,751,polygon,FALSE,TRUE,America/New_York,3
3155,Norridge,Norridge,IL,Illinois,17031,Cook,41.9637,-87.8231,14152,3018,polygon,FALSE,TRUE,America/Chicago,2
3156,Seabrook,Seabrook,TX,Texas,48201,Harris,29.5751,-95.0236,14149,1025,polygon,FALSE,TRUE,America/Chicago,3
3157,Crowley,Crowley,LA,Louisiana,22001,Acadia,30.2175,-92.3752,14147,830,polygon,FALSE,TRUE,America/Chicago,3
3158,Sauk Rapids,Sauk Rapids,MN,Minnesota,27009,Benton,45.5981,-94.1539,14146,869,polygon,FALSE,TRUE,America/Chicago,3
3159,Greendale,Greendale,WI,Wisconsin,55079,Milwaukee,42.9371,-88.0018,14143,981,polygon,FALSE,TRUE,America/Chicago,3
3160,New Franklin,New Franklin,OH,Ohio,39153,Summit,40.9525,-81.5838,14133,218,polygon,FALSE,TRUE,America/New_York,3
3161,Chelsea,Chelsea,AL,Alabama,1117,Shelby,33.3255,-86.6299,14126,236,polygon,FALSE,TRUE,America/Chicago,3
3162,Pineville,Pineville,LA,Louisiana,22079,Rapides,31.3414,-92.4096,14122,432,polygon,FALSE,TRUE,America/Chicago,3
3163,Ionia,Ionia,MI,Michigan,26067,Ionia,42.9772,-85.0727,14122,796,polygon,FALSE,TRUE,America/Detroit,3
3164,Cleveland,Cleveland,MS,Mississippi,28011,Bolivar,33.744,-90.7285,14114,564,polygon,FALSE,TRUE,America/Chicago,3
3165,Greensburg,Greensburg,PA,Pennsylvania,42129,Westmoreland,40.3113,-79.5444,14113,1343,polygon,FALSE,TRUE,America/New_York,3
3166,Willowick,Willowick,OH,Ohio,39085,Lake,41.6343,-81.468,14105,2146,polygon,FALSE,TRUE,America/New_York,2
3167,Harrison,Harrison,AR,Arkansas,5009,Boone,36.2438,-93.1198,14097,450,polygon,FALSE,TRUE,America/Chicago,3
3168,Lemon Hill,Lemon Hill,CA,California,6067,Sacramento,38.5172,-121.4573,14096,3327,polygon,FALSE,TRUE,America/Los_Angeles,2
3169,Chesterton,Chesterton,IN,Indiana,18127,Porter,41.5997,-87.0548,14088,583,polygon,FALSE,TRUE,America/Chicago,3
3170,Steamboat Springs,Steamboat Springs,CO,Colorado,8107,Routt,40.4777,-106.8243,14087,516,polygon,FALSE,TRUE,America/Denver,3
3171,Kings Park West,Kings Park West,VA,Virginia,51059,Fairfax,38.8151,-77.296,14077,1838,polygon,FALSE,TRUE,America/New_York,3
3172,Elk Plain,Elk Plain,WA,Washington,53053,Pierce,47.0448,-122.3671,14065,705,polygon,FALSE,FALSE,America/Los_Angeles,3
3173,Piney Green,Piney Green,NC,North Carolina,37133,Onslow,34.7498,-77.3208,14061,398,polygon,FALSE,FALSE,America/New_York,3
3174,Callaway,Callaway,FL,Florida,12005,Bay,30.1348,-85.5568,14060,576,polygon,FALSE,TRUE,America/Chicago,3
3175,Waianae,Waianae,HI,Hawaii,15003,Honolulu,21.4569,-158.1759,14054,1012,polygon,FALSE,FALSE,Pacific/Honolulu,3
3176,Waunakee,Waunakee,WI,Wisconsin,55025,Dane,43.1829,-89.4445,14052,761,polygon,FALSE,TRUE,America/Chicago,3
3177,Wixom,Wixom,MI,Michigan,26125,Oakland,42.5244,-83.5346,14049,593,polygon,FALSE,TRUE,America/Detroit,3
3178,Canton,Canton,MS,Mississippi,28089,Madison,32.5975,-90.0317,14048,219,polygon,FALSE,TRUE,America/Chicago,3
3179,Pecos,Pecos,TX,Texas,48389,Reeves,31.4046,-103.5057,14040,552,polygon,FALSE,TRUE,America/Chicago,3
3180,Ocean Pointe,Ocean Pointe,HI,Hawaii,15003,Honolulu,21.3145,-158.0289,14037,2677,polygon,FALSE,TRUE,Pacific/Honolulu,2
3181,Bay St. Louis,Bay St. Louis,MS,Mississippi,28045,Hancock,30.3281,-89.3774,14034,368,polygon,FALSE,TRUE,America/Chicago,3
3182,Havre de Grace,Havre de Grace,MD,Maryland,24025,Harford,39.5481,-76.1145,14018,924,polygon,FALSE,TRUE,America/New_York,3
3183,Monroe,Monroe,OH,Ohio,39017,Butler,39.4461,-84.3666,14015,341,polygon,FALSE,TRUE,America/New_York,3
3184,D'Iberville,D'Iberville,MS,Mississippi,28047,Harrison,30.4709,-88.9011,14012,511,polygon,FALSE,TRUE,America/Chicago,3
3185,Glasgow,Glasgow,KY,Kentucky,21009,Barren,37.0047,-85.9263,14010,352,polygon,FALSE,TRUE,America/Chicago,3
3186,Cayce,Cayce,SC,South Carolina,45063,Lexington,33.9458,-81.0433,14009,321,polygon,FALSE,TRUE,America/New_York,3
3187,Effingham,Effingham,IL,Illinois,17049,Effingham,39.1207,-88.5508,14005,472,polygon,FALSE,TRUE,America/Chicago,3
3188,Santaquin,Santaquin,UT,Utah,49049,Utah,39.9711,-111.7937,14004,482,polygon,FALSE,TRUE,America/Denver,3
3189,Wauchula,Wauchula,FL,Florida,12049,Hardee,27.5469,-81.8101,13992,565,polygon,FALSE,TRUE,America/New_York,3
3190,Dayton,Dayton,TX,Texas,48291,Liberty,30.0292,-94.9038,13987,132,polygon,FALSE,TRUE,America/Chicago,3
3191,Dallas,Dallas,GA,Georgia,13223,Paulding,33.9153,-84.8416,13981,731,polygon,FALSE,TRUE,America/New_York,3
3192,Greenlawn,Greenlawn,NY,New York,36103,Suffolk,40.863,-73.3642,13978,1449,polygon,FALSE,FALSE,America/New_York,3
3193,Beacon,Beacon,NY,New York,36027,Dutchess,41.5036,-73.9655,13968,1138,polygon,FALSE,TRUE,America/New_York,3
3194,Thonotosassa,Thonotosassa,FL,Florida,12057,Hillsborough,28.0465,-82.291,13966,203,polygon,FALSE,FALSE,America/New_York,3
3195,El Sobrante,El Sobrante,CA,California,6065,Riverside,33.8724,-117.4625,13966,746,polygon,FALSE,TRUE,America/Los_Angeles,3
3196,Raymondville,Raymondville,TX,Texas,48489,Willacy,26.4759,-97.7769,13963,1020,polygon,FALSE,TRUE,America/Chicago,3
3197,Dumas,Dumas,TX,Texas,48341,Moore,35.8613,-101.9642,13963,966,polygon,FALSE,TRUE,America/Chicago,3
3198,Gonzalez,Gonzalez,FL,Florida,12033,Escambia,30.5822,-87.2906,13962,356,polygon,FALSE,FALSE,America/Chicago,3
3199,Frederick,Frederick,CO,Colorado,8123,Weld,40.1089,-104.9694,13960,364,polygon,FALSE,TRUE,America/Denver,3
3200,Artesia,Artesia,NM,New Mexico,35015,Eddy,32.8492,-104.4274,13956,434,polygon,FALSE,TRUE,America/Denver,3
3201,Hobe Sound,Hobe Sound,FL,Florida,12085,Martin,27.0729,-80.1425,13953,758,polygon,FALSE,FALSE,America/New_York,3
3202,North Mankato,North Mankato,MN,Minnesota,27103,Nicollet,44.1813,-94.0387,13948,862,polygon,FALSE,TRUE,America/Chicago,3
3203,Glenpool,Glenpool,OK,Oklahoma,40143,Tulsa,35.9485,-96.0052,13936,489,polygon,FALSE,TRUE,America/Chicago,3
3204,Oil City,Oil City,PA,Pennsylvania,42121,Venango,41.4282,-79.7035,13935,826,polygon,FALSE,TRUE,America/New_York,3
3205,Chicago Ridge,Chicago Ridge,IL,Illinois,17031,Cook,41.7034,-87.7795,13928,2371,polygon,FALSE,TRUE,America/Chicago,2
3206,Deming,Deming,NM,New Mexico,35029,Luna,32.2631,-107.7525,13924,320,polygon,FALSE,TRUE,America/Denver,3
3207,Big Rapids,Big Rapids,MI,Michigan,26107,Mecosta,43.6992,-85.4806,13921,900,polygon,FALSE,TRUE,America/Detroit,3
3208,Miami Springs,Miami Springs,FL,Florida,12086,Miami-Dade,25.8195,-80.2894,13917,1866,polygon,FALSE,TRUE,America/New_York,3
3209,Fulshear,Fulshear,TX,Texas,48157,Fort Bend,29.693,-95.8792,13914,487,polygon,FALSE,TRUE,America/Chicago,3
3210,Allouez,Allouez,WI,Wisconsin,55009,Brown,44.4721,-88.0261,13894,1175,polygon,FALSE,TRUE,America/Chicago,3
3211,Princeton,Princeton,TX,Texas,48085,Collin,33.1778,-96.5044,13894,531,polygon,FALSE,TRUE,America/Chicago,3
3212,Colesville,Colesville,MD,Maryland,24031,Montgomery,39.073,-77.0009,13894,1048,polygon,FALSE,FALSE,America/New_York,3
3213,Baraboo,Baraboo,WI,Wisconsin,55111,Sauk,43.4695,-89.7376,13893,639,polygon,FALSE,TRUE,America/Chicago,3
3214,Nesconset,Nesconset,NY,New York,36103,Suffolk,40.8467,-73.1522,13893,1403,polygon,FALSE,FALSE,America/New_York,3
3215,Collingswood,Collingswood,NJ,New Jersey,34007,Camden,39.916,-75.0759,13884,2929,polygon,FALSE,TRUE,America/New_York,2
3216,Fort Campbell North,Fort Campbell North,KY,Kentucky,21047,Christian,36.6554,-87.4658,13882,1057,polygon,TRUE,TRUE,America/Chicago,3
3217,Cahokia,Cahokia,IL,Illinois,17163,St. Clair,38.5649,-90.1792,13880,548,polygon,FALSE,TRUE,America/Chicago,3
3218,Oak Island,Oak Island,NC,North Carolina,37019,Brunswick,33.9434,-78.1366,13878,173,polygon,FALSE,TRUE,America/New_York,3
3219,Mountain Park,Mountain Park,GA,Georgia,13135,Gwinnett,33.8458,-84.1313,13877,925,polygon,FALSE,FALSE,America/New_York,3
3220,Gramercy,Gramercy,LA,Louisiana,22093,St. James,30.061,-90.6928,13873,629,polygon,FALSE,TRUE,America/Chicago,3
3221,Atlantic Beach,Atlantic Beach,FL,Florida,12031,Duval,30.3371,-81.4128,13872,1536,polygon,FALSE,TRUE,America/New_York,3
3222,Ephrata,Ephrata,PA,Pennsylvania,42071,Lancaster,40.1812,-76.1811,13862,1565,polygon,FALSE,TRUE,America/New_York,3
3223,Hutchinson,Hutchinson,MN,Minnesota,27085,McLeod,44.8856,-94.3768,13861,636,polygon,FALSE,TRUE,America/Chicago,3
3224,Lakeland South,Lakeland South,WA,Washington,53033,King,47.2784,-122.283,13849,1077,polygon,FALSE,TRUE,America/Los_Angeles,3
3225,Richmond Hill,Richmond Hill,GA,Georgia,13029,Bryan,31.9013,-81.3125,13839,226,polygon,FALSE,TRUE,America/New_York,3
3226,Kemp Mill,Kemp Mill,MD,Maryland,24031,Montgomery,39.0412,-77.0215,13838,2140,polygon,FALSE,FALSE,America/New_York,2
3227,Jericho,Jericho,NY,New York,36059,Nassau,40.7875,-73.5416,13827,1347,polygon,FALSE,FALSE,America/New_York,3
3228,Bridgetown,Bridgetown,OH,Ohio,39061,Hamilton,39.1551,-84.6359,13824,1237,polygon,FALSE,FALSE,America/New_York,3
3229,Teays Valley,Teays Valley,WV,West Virginia,54079,Putnam,38.4482,-81.924,13816,742,polygon,FALSE,FALSE,America/New_York,3
3230,Spring Creek,Spring Creek,NV,Nevada,32007,Elko,40.7386,-115.5971,13805,90,polygon,FALSE,FALSE,America/Los_Angeles,3
3231,Moorestown-Lenola,Moorestown-Lenola,NJ,New Jersey,34005,Burlington,39.9659,-74.9643,13800,758,polygon,FALSE,TRUE,America/New_York,3
3232,Whitefish Bay,Whitefish Bay,WI,Wisconsin,55079,Milwaukee,43.1132,-87.9004,13783,2515,polygon,FALSE,TRUE,America/Chicago,2
3233,Summerfield,Summerfield,MD,Maryland,24033,Prince George's,38.9042,-76.8678,13781,1461,polygon,FALSE,TRUE,America/New_York,3
3234,Fruitville,Fruitville,FL,Florida,12115,Sarasota,27.3328,-82.4616,13780,781,polygon,FALSE,FALSE,America/New_York,3
3235,Bexley,Bexley,OH,Ohio,39049,Franklin,39.965,-82.9343,13770,2195,polygon,FALSE,TRUE,America/New_York,2
3236,Conneaut,Conneaut,OH,Ohio,39007,Ashtabula,41.9278,-80.5685,13767,183,polygon,FALSE,TRUE,America/New_York,3
3237,West Freehold,West Freehold,NJ,New Jersey,34025,Monmouth,40.2324,-74.2943,13759,898,polygon,FALSE,FALSE,America/New_York,3
3238,Thomaston,Thomaston,GA,Georgia,13293,Upson,32.8908,-84.3271,13759,354,polygon,FALSE,TRUE,America/New_York,3
3239,Levelland,Levelland,TX,Texas,48219,Hockley,33.5806,-102.3636,13755,510,polygon,FALSE,TRUE,America/Chicago,3
3240,Cherry Hill Mall,Cherry Hill Mall,NJ,New Jersey,34007,Camden,39.9384,-75.0117,13752,1455,polygon,FALSE,FALSE,America/New_York,3
3241,Palmetto,Palmetto,FL,Florida,12081,Manatee,27.5251,-82.575,13748,1000,polygon,FALSE,TRUE,America/New_York,3
3242,Harper Woods,Harper Woods,MI,Michigan,26163,Wayne,42.439,-82.9292,13746,2018,polygon,FALSE,TRUE,America/Detroit,2
3243,Lockhart,Lockhart,TX,Texas,48055,Caldwell,29.8785,-97.6831,13731,349,polygon,FALSE,TRUE,America/Chicago,3
3244,Oak Park,Oak Park,CA,California,6111,Ventura,34.1849,-118.7669,13730,1001,polygon,FALSE,FALSE,America/Los_Angeles,3
3245,Muscoy,Muscoy,CA,California,6071,San Bernardino,34.155,-117.3477,13726,1755,polygon,FALSE,FALSE,America/Los_Angeles,3
3246,Highland Park,Highland Park,NJ,New Jersey,34023,Middlesex,40.5006,-74.4283,13711,2906,polygon,FALSE,TRUE,America/New_York,2
3247,Hickory Hills,Hickory Hills,IL,Illinois,17031,Cook,41.7248,-87.8281,13710,1872,polygon,FALSE,TRUE,America/Chicago,3
3248,College,College,AK,Alaska,2090,Fairbanks North Star,64.8694,-147.8217,13709,282,polygon,FALSE,FALSE,America/Anchorage,3
3249,North Auburn,North Auburn,CA,California,6061,Placer,38.9306,-121.0821,13707,679,polygon,FALSE,FALSE,America/Los_Angeles,3
3250,Broadlands,Broadlands,VA,Virginia,51107,Loudoun,39.0168,-77.5167,13704,1636,polygon,FALSE,FALSE,America/New_York,3
3251,Forest Park,Forest Park,IL,Illinois,17031,Cook,41.8683,-87.8157,13704,2203,polygon,FALSE,TRUE,America/Chicago,2
3252,Beach Park,Beach Park,IL,Illinois,17097,Lake,42.4261,-87.8584,13701,748,polygon,FALSE,TRUE,America/Chicago,3
3253,Sharonville,Sharonville,OH,Ohio,39061,Hamilton,39.2825,-84.4071,13684,538,polygon,FALSE,TRUE,America/New_York,3
3254,Middlesex,Middlesex,NJ,New Jersey,34023,Middlesex,40.5744,-74.5011,13679,1514,polygon,FALSE,TRUE,America/New_York,3
3255,Maumee,Maumee,OH,Ohio,39095,Lucas,41.5696,-83.6636,13669,524,polygon,FALSE,TRUE,America/New_York,3
3256,Brevard,Brevard,NC,North Carolina,37175,Transylvania,35.2439,-82.7264,13666,572,polygon,FALSE,TRUE,America/New_York,3
3257,Lawrenceburg,Lawrenceburg,KY,Kentucky,21005,Anderson,38.0332,-84.9032,13666,737,polygon,FALSE,TRUE,America/New_York,3
3258,Kettering,Kettering,MD,Maryland,24033,Prince George's,38.8888,-76.789,13637,958,polygon,FALSE,FALSE,America/New_York,3
3259,Soddy-Daisy,Soddy-Daisy,TN,Tennessee,47065,Hamilton,35.2571,-85.1739,13619,227,polygon,FALSE,TRUE,America/New_York,3
3260,Rendon,Rendon,TX,Texas,48439,Tarrant,32.5789,-97.235,13616,212,polygon,FALSE,FALSE,America/Chicago,3
3261,Luling,Luling,LA,Louisiana,22089,St. Charles,29.9008,-90.3523,13614,225,polygon,FALSE,FALSE,America/Chicago,3
3262,Port Clinton,Port Clinton,OH,Ohio,39123,Ottawa,41.5096,-82.9385,13614,1119,polygon,FALSE,TRUE,America/New_York,3
3263,Canton,Canton,IL,Illinois,17057,Fulton,40.5632,-90.0409,13611,663,polygon,FALSE,TRUE,America/Chicago,3
3264,Wood Dale,Wood Dale,IL,Illinois,17043,DuPage,41.9666,-87.9807,13607,1106,polygon,FALSE,TRUE,America/Chicago,3
3265,Vadnais Heights,Vadnais Heights,MN,Minnesota,27123,Ramsey,45.057,-93.0748,13607,753,polygon,FALSE,TRUE,America/Chicago,3
3266,Brecksville,Brecksville,OH,Ohio,39035,Cuyahoga,41.3079,-81.6193,13604,269,polygon,FALSE,TRUE,America/New_York,3
3267,New Providence,New Providence,NJ,New Jersey,34039,Union,40.6996,-74.4034,13595,1423,polygon,FALSE,TRUE,America/New_York,3
3268,Roselle Park,Roselle Park,NJ,New Jersey,34039,Union,40.6653,-74.2666,13588,4284,polygon,FALSE,TRUE,America/New_York,2
3269,Shiloh,Shiloh,IL,Illinois,17163,St. Clair,38.5534,-89.916,13586,475,polygon,FALSE,TRUE,America/Chicago,3
3270,Rantoul,Rantoul,IL,Illinois,17019,Champaign,40.3031,-88.1549,13584,568,polygon,FALSE,TRUE,America/Chicago,3
3271,Moberly,Moberly,MO,Missouri,29175,Randolph,39.419,-92.4365,13574,408,polygon,FALSE,TRUE,America/Chicago,3
3272,Hazel Crest,Hazel Crest,IL,Illinois,17031,Cook,41.5732,-87.6899,13565,1544,polygon,FALSE,TRUE,America/Chicago,3
3273,Washington,Washington,IN,Indiana,18027,Daviess,38.6587,-87.1591,13565,729,polygon,FALSE,TRUE,America/Indiana/Vincennes,3
3274,Price,Price,UT,Utah,49007,Carbon,39.604,-110.8004,13564,638,polygon,FALSE,TRUE,America/Denver,3
3275,LaBelle,LaBelle,FL,Florida,12051,Hendry,26.7219,-81.4506,13563,139,polygon,FALSE,TRUE,America/New_York,3
3276,East Islip,East Islip,NY,New York,36103,Suffolk,40.7275,-73.1861,13563,1317,polygon,FALSE,FALSE,America/New_York,3
3277,Reidsville,Reidsville,NC,North Carolina,37157,Rockingham,36.3377,-79.6727,13551,367,polygon,FALSE,TRUE,America/New_York,3
3278,Conway,Conway,FL,Florida,12095,Orange,28.4968,-81.3316,13548,1528,polygon,FALSE,FALSE,America/New_York,3
3279,Springdale,Springdale,NJ,New Jersey,34007,Camden,39.8769,-74.9723,13547,977,polygon,FALSE,FALSE,America/New_York,3
3280,Alpena,Alpena,MI,Michigan,26007,Alpena,45.074,-83.4399,13541,470,polygon,FALSE,TRUE,America/Detroit,3
3281,Oatfield,Oatfield,OR,Oregon,41005,Clackamas,45.4127,-122.5942,13531,1530,polygon,FALSE,FALSE,America/Los_Angeles,3
3282,Sun Village,Sun Village,CA,California,6037,Los Angeles,34.5596,-117.9559,13516,483,polygon,FALSE,TRUE,America/Los_Angeles,3
3283,Ridge,Ridge,NY,New York,36103,Suffolk,40.9068,-72.8816,13511,395,polygon,FALSE,FALSE,America/New_York,3
3284,Elizabethton,Elizabethton,TN,Tennessee,47019,Carter,36.3367,-82.2369,13509,545,polygon,FALSE,TRUE,America/New_York,3
3285,Lake Forest Park,Lake Forest Park,WA,Washington,53033,King,47.7574,-122.2865,13504,1482,polygon,FALSE,TRUE,America/Los_Angeles,3
3286,Wauconda,Wauconda,IL,Illinois,17097,Lake,42.2748,-88.1359,13504,1027,polygon,FALSE,TRUE,America/Chicago,3
3287,Belle Chasse,Belle Chasse,LA,Louisiana,22075,Plaquemines,29.8472,-90.0069,13490,209,polygon,FALSE,FALSE,America/Chicago,3
3288,Rogers,Rogers,MN,Minnesota,27053,Hennepin,45.1865,-93.5783,13490,204,polygon,FALSE,TRUE,America/Chicago,3
3289,Avenal,Avenal,CA,California,6031,Kings,36.0311,-120.1162,13479,267,polygon,FALSE,TRUE,America/Los_Angeles,3
3290,Fruita,Fruita,CO,Colorado,8077,Mesa,39.1549,-108.7307,13478,660,polygon,FALSE,TRUE,America/Denver,3
3291,Jensen Beach,Jensen Beach,FL,Florida,12085,Martin,27.2438,-80.2423,13477,746,polygon,FALSE,FALSE,America/New_York,3
3292,Homosassa Springs,Homosassa Springs,FL,Florida,12017,Citrus,28.8118,-82.5392,13477,206,polygon,FALSE,FALSE,America/New_York,3
3293,Middlesborough,Middlesborough,KY,Kentucky,21013,Bell,36.6127,-83.7227,13475,475,polygon,FALSE,TRUE,America/New_York,3
3294,Hockessin,Hockessin,DE,Delaware,10003,New Castle,39.7837,-75.6815,13472,518,polygon,FALSE,FALSE,America/New_York,3
3295,New Kingman-Butler,New Kingman-Butler,AZ,Arizona,4015,Mohave,35.2645,-114.0091,13471,1046,polygon,FALSE,TRUE,America/Phoenix,3
3296,Georgetown,Georgetown,GA,Georgia,13051,Chatham,31.9849,-81.226,13469,632,polygon,FALSE,FALSE,America/New_York,3
3297,Red Oak,Red Oak,TX,Texas,48139,Ellis,32.5207,-96.7864,13464,334,polygon,FALSE,TRUE,America/Chicago,3
3298,Grover Beach,Grover Beach,CA,California,6079,San Luis Obispo,35.1204,-120.6199,13459,2247,polygon,FALSE,TRUE,America/Los_Angeles,2
3299,Marion,Marion,NC,North Carolina,37111,McDowell,35.6774,-82.0013,13454,520,polygon,FALSE,TRUE,America/New_York,3
3300,Santa Fe,Santa Fe,TX,Texas,48167,Galveston,29.3892,-95.1005,13449,298,polygon,FALSE,TRUE,America/Chicago,3
3301,Fortuna,Fortuna,CA,California,6023,Humboldt,40.5862,-124.1419,13449,901,polygon,FALSE,TRUE,America/Los_Angeles,3
3302,Lindale,Lindale,TX,Texas,48423,Smith,32.4934,-95.4069,13442,404,polygon,FALSE,TRUE,America/Chicago,3
3303,Princeton Meadows,Princeton Meadows,NJ,New Jersey,34023,Middlesex,40.3332,-74.5628,13438,2501,polygon,FALSE,FALSE,America/New_York,2
3304,Englewood,Englewood,OH,Ohio,39113,Montgomery,39.8644,-84.3071,13435,791,polygon,FALSE,TRUE,America/New_York,3
3305,Washington,Washington,PA,Pennsylvania,42125,Washington,40.174,-80.2466,13433,1759,polygon,FALSE,TRUE,America/New_York,3
3306,Middleburg,Middleburg,FL,Florida,12019,Clay,30.0502,-81.9011,13431,264,polygon,FALSE,FALSE,America/New_York,3
3307,Huron,Huron,SD,South Dakota,46005,Beadle,44.3622,-98.2102,13427,543,polygon,FALSE,TRUE,America/Chicago,3
3308,Twentynine Palms,Twentynine Palms,CA,California,6071,San Bernardino,34.1478,-116.0659,13423,171,polygon,FALSE,TRUE,America/Los_Angeles,3
3309,Andover,Andover,KS,Kansas,20015,Butler,37.6869,-97.1354,13405,512,polygon,FALSE,TRUE,America/Chicago,3
3310,Carpinteria,Carpinteria,CA,California,6083,Santa Barbara,34.3962,-119.5118,13385,1996,polygon,FALSE,TRUE,America/Los_Angeles,3
3311,Waimalu,Waimalu,HI,Hawaii,15003,Honolulu,21.3913,-157.9345,13384,2822,polygon,FALSE,FALSE,Pacific/Honolulu,2
3312,Glenn Heights,Glenn Heights,TX,Texas,48113,Dallas,32.5506,-96.8548,13377,716,polygon,FALSE,TRUE,America/Chicago,3
3313,Powell,Powell,OH,Ohio,39041,Delaware,40.1684,-83.0826,13375,915,polygon,FALSE,TRUE,America/New_York,3
3314,Lyndhurst,Lyndhurst,OH,Ohio,39035,Cuyahoga,41.5172,-81.4922,13366,1164,polygon,FALSE,TRUE,America/New_York,3
3315,Edgewater,Edgewater,NJ,New Jersey,34003,Bergen,40.8237,-73.974,13364,5313,polygon,FALSE,TRUE,America/New_York,2
3316,South Park Township,South Park Township,PA,Pennsylvania,42003,Allegheny,40.2989,-79.9944,13363,556,polygon,FALSE,TRUE,America/New_York,3
3317,Western Springs,Western Springs,IL,Illinois,17031,Cook,41.8022,-87.9006,13359,1849,polygon,FALSE,TRUE,America/Chicago,3
3318,Okmulgee,Okmulgee,OK,Oklahoma,40111,Okmulgee,35.6136,-96.0069,13357,264,polygon,FALSE,TRUE,America/Chicago,3
3319,DeRidder,DeRidder,LA,Louisiana,22011,Beauregard,30.8467,-93.2931,13354,442,polygon,FALSE,TRUE,America/Chicago,3
3320,Azle,Azle,TX,Texas,48439,Tarrant,32.8955,-97.5379,13351,586,polygon,FALSE,TRUE,America/Chicago,3
3321,Swansea,Swansea,IL,Illinois,17163,St. Clair,38.5507,-89.9859,13350,796,polygon,FALSE,TRUE,America/Chicago,3
3322,Vidalia,Vidalia,GA,Georgia,13279,Toombs,32.2125,-82.4019,13350,224,polygon,FALSE,TRUE,America/New_York,3
3323,Moss Point,Moss Point,MS,Mississippi,28059,Jackson,30.424,-88.5289,13350,213,polygon,FALSE,TRUE,America/Chicago,3
3324,Fort Morgan,Fort Morgan,CO,Colorado,8087,Morgan,40.2538,-103.7909,13349,862,polygon,FALSE,TRUE,America/Denver,3
3325,Dardenne Prairie,Dardenne Prairie,MO,Missouri,29183,St. Charles,38.7566,-90.732,13348,956,polygon,FALSE,TRUE,America/Chicago,3
3326,Newark,Newark,NY,New York,36117,Wayne,43.0418,-77.093,13333,631,polygon,FALSE,TRUE,America/New_York,3
3327,Bonita,Bonita,CA,California,6073,San Diego,32.6652,-117.0295,13324,1025,polygon,FALSE,FALSE,America/Los_Angeles,3
3328,Mounds View,Mounds View,MN,Minnesota,27123,Ramsey,45.1071,-93.2076,13324,1268,polygon,FALSE,TRUE,America/Chicago,3
3329,Jefferson,Jefferson,GA,Georgia,13157,Jackson,34.1373,-83.6021,13322,206,polygon,FALSE,TRUE,America/New_York,3
3330,Big Bear City,Big Bear City,CA,California,6071,San Bernardino,34.2536,-116.7903,13312,160,polygon,FALSE,FALSE,America/Los_Angeles,3
3331,Olivehurst,Olivehurst,CA,California,6115,Yuba,39.0817,-121.5549,13309,688,polygon,FALSE,FALSE,America/Los_Angeles,3
3332,Talladega,Talladega,AL,Alabama,1121,Talladega,33.4329,-86.0976,13304,233,polygon,FALSE,TRUE,America/Chicago,3
3333,Gladeview,Gladeview,FL,Florida,12086,Miami-Dade,25.8395,-80.2368,13296,2005,polygon,FALSE,FALSE,America/New_York,2
3334,Solana Beach,Solana Beach,CA,California,6073,San Diego,32.9942,-117.2575,13296,1505,polygon,FALSE,TRUE,America/Los_Angeles,3
3335,Rochester,Rochester,MI,Michigan,26125,Oakland,42.6866,-83.1198,13296,1340,polygon,FALSE,TRUE,America/Detroit,3
3336,Richton Park,Richton Park,IL,Illinois,17031,Cook,41.4816,-87.7387,13292,1168,polygon,FALSE,TRUE,America/Chicago,3
3337,Marshall,Marshall,MN,Minnesota,27083,Lyon,44.4488,-95.7897,13274,509,polygon,FALSE,TRUE,America/Chicago,3
3338,Palos Verdes Estates,Palos Verdes Estates,CA,California,6037,Los Angeles,33.7871,-118.3976,13273,1073,polygon,FALSE,TRUE,America/Los_Angeles,3
3339,Montgomeryville,Montgomeryville,PA,Pennsylvania,42091,Montgomery,40.2502,-75.2405,13271,1077,polygon,FALSE,FALSE,America/New_York,3
3340,Nocatee,Nocatee,FL,Florida,12109,St. Johns,30.0918,-81.4097,13266,194,polygon,FALSE,TRUE,America/New_York,3
3341,Woodinville,Woodinville,WA,Washington,53033,King,47.7569,-122.1478,13263,912,polygon,FALSE,TRUE,America/Los_Angeles,3
3342,Union Park,Union Park,FL,Florida,12095,Orange,28.5645,-81.2354,13254,1670,polygon,FALSE,FALSE,America/New_York,3
3343,Jasper,Jasper,AL,Alabama,1127,Walker,33.8503,-87.2708,13248,178,polygon,FALSE,TRUE,America/Chicago,3
3344,Bensville,Bensville,MD,Maryland,24017,Charles,38.6176,-77.0077,13247,302,polygon,FALSE,TRUE,America/New_York,3
3345,River Ridge,River Ridge,LA,Louisiana,22051,Jefferson,29.9593,-90.2202,13241,1828,polygon,FALSE,FALSE,America/Chicago,3
3346,Channahon,Channahon,IL,Illinois,17197,Will,41.4213,-88.2593,13239,324,polygon,FALSE,TRUE,America/Chicago,3
3347,Port Royal,Port Royal,SC,South Carolina,45013,Beaufort,32.3557,-80.7029,13235,301,polygon,FALSE,TRUE,America/New_York,3
3348,Verona,Verona,WI,Wisconsin,55025,Dane,42.9893,-89.5383,13233,687,polygon,FALSE,TRUE,America/Chicago,3
3349,Clayton,Clayton,OH,Ohio,39113,Montgomery,39.8689,-84.3292,13222,275,polygon,FALSE,TRUE,America/New_York,3
3350,Baker,Baker,LA,Louisiana,22033,East Baton Rouge,30.5833,-91.1581,13194,606,polygon,FALSE,TRUE,America/Chicago,3
3351,Brookside,Brookside,DE,Delaware,10003,New Castle,39.6666,-75.7153,13191,1291,polygon,FALSE,FALSE,America/New_York,3
3352,Cedar Lake,Cedar Lake,IN,Indiana,18089,Lake,41.3697,-87.4383,13183,601,polygon,FALSE,TRUE,America/Chicago,3
3353,Globe,Globe,AZ,Arizona,4007,Gila,33.3869,-110.7515,13182,155,polygon,FALSE,TRUE,America/Phoenix,3
3354,La Grange Park,La Grange Park,IL,Illinois,17031,Cook,41.8308,-87.8723,13178,2282,polygon,FALSE,TRUE,America/Chicago,2
3355,Newton,Newton,NC,North Carolina,37035,Catawba,35.663,-81.2333,13177,369,polygon,FALSE,TRUE,America/New_York,3
3356,Warrenville,Warrenville,IL,Illinois,17043,DuPage,41.821,-88.1857,13174,934,polygon,FALSE,TRUE,America/Chicago,3
3357,Artondale,Artondale,WA,Washington,53053,Pierce,47.3024,-122.6391,13172,380,polygon,FALSE,FALSE,America/Los_Angeles,3
3358,Lakeland Village,Lakeland Village,CA,California,6065,Riverside,33.648,-117.3706,13170,579,polygon,FALSE,FALSE,America/Los_Angeles,3
3359,Goldenrod,Goldenrod,FL,Florida,12117,Seminole,28.6114,-81.2916,13162,2012,polygon,FALSE,FALSE,America/New_York,2
3360,St. James,St. James,NY,New York,36103,Suffolk,40.8761,-73.1521,13155,1113,polygon,FALSE,FALSE,America/New_York,3
3361,Shorewood,Shorewood,WI,Wisconsin,55079,Milwaukee,43.0914,-87.8864,13145,3192,polygon,FALSE,TRUE,America/Chicago,2
3362,Sandpoint,Sandpoint,ID,Idaho,16017,Bonner,48.2822,-116.5613,13145,808,polygon,FALSE,TRUE,America/Los_Angeles,3
3363,Loveland,Loveland,OH,Ohio,39061,Hamilton,39.2679,-84.2731,13145,1002,polygon,FALSE,TRUE,America/New_York,3
3364,Trenton,Trenton,OH,Ohio,39017,Butler,39.4792,-84.462,13141,1112,polygon,FALSE,TRUE,America/New_York,3
3365,Huntington,Huntington,VA,Virginia,51059,Fairfax,38.7916,-77.074,13135,4490,polygon,FALSE,FALSE,America/New_York,2
3366,Short Hills,Short Hills,NJ,New Jersey,34013,Essex,40.7389,-74.3278,13134,965,polygon,FALSE,FALSE,America/New_York,3
3367,North Palm Beach,North Palm Beach,FL,Florida,12099,Palm Beach,26.8216,-80.0576,13127,1552,polygon,FALSE,TRUE,America/New_York,3
3368,Cypress Lake,Cypress Lake,FL,Florida,12071,Lee,26.5391,-81.9,13120,1312,polygon,FALSE,FALSE,America/New_York,3
3369,Stoughton,Stoughton,WI,Wisconsin,55025,Dane,42.9234,-89.2215,13114,871,polygon,FALSE,TRUE,America/Chicago,3
3370,Bellefontaine,Bellefontaine,OH,Ohio,39091,Logan,40.3627,-83.763,13114,509,polygon,FALSE,TRUE,America/New_York,3
3371,Fort Drum,Fort Drum,NY,New York,36045,Jefferson,44.0451,-75.7847,13109,352,polygon,TRUE,TRUE,America/New_York,3
3372,Warrensville Heights,Warrensville Heights,OH,Ohio,39035,Cuyahoga,41.4363,-81.5222,13108,1225,polygon,FALSE,TRUE,America/New_York,3
3373,Lahaina,Lahaina,HI,Hawaii,15009,Maui,20.8848,-156.6618,13103,650,polygon,FALSE,FALSE,Pacific/Honolulu,3
3374,Plover,Plover,WI,Wisconsin,55097,Portage,44.4614,-89.5383,13099,477,polygon,FALSE,TRUE,America/Chicago,3
3375,Martinsville,Martinsville,IN,Indiana,18109,Morgan,39.4228,-86.4208,13097,994,polygon,FALSE,TRUE,America/Indiana/Indianapolis,3
3376,Mahomet,Mahomet,IL,Illinois,17019,Champaign,40.1885,-88.3904,13094,348,polygon,FALSE,TRUE,America/Chicago,3
3377,Superior,Superior,CO,Colorado,8013,Boulder,39.9341,-105.1588,13087,1280,polygon,FALSE,TRUE,America/Denver,3
3378,Vinings,Vinings,GA,Georgia,13067,Cobb,33.8608,-84.4686,13086,1616,polygon,FALSE,FALSE,America/New_York,3
3379,Ardmore,Ardmore,PA,Pennsylvania,42091,Montgomery,40.0033,-75.2947,13083,2563,polygon,FALSE,FALSE,America/New_York,2
3380,Lone Tree,Lone Tree,CO,Colorado,8035,Douglas,39.5309,-104.871,13082,514,polygon,FALSE,TRUE,America/Denver,3
3381,South Daytona,South Daytona,FL,Florida,12127,Volusia,29.1656,-81.0056,13080,1364,polygon,FALSE,TRUE,America/New_York,3
3382,Newington,Newington,VA,Virginia,51059,Fairfax,38.7358,-77.1993,13080,1101,polygon,FALSE,FALSE,America/New_York,3
3383,Riverdale,Riverdale,IL,Illinois,17031,Cook,41.6441,-87.6365,13077,1412,polygon,FALSE,TRUE,America/Chicago,3
3384,Lumberton,Lumberton,TX,Texas,48199,Hardin,30.2562,-94.2071,13073,376,polygon,FALSE,TRUE,America/Chicago,3
3385,Coatesville,Coatesville,PA,Pennsylvania,42029,Chester,39.9849,-75.8199,13069,2790,polygon,FALSE,TRUE,America/New_York,2
3386,Moody,Moody,AL,Alabama,1115,St. Clair,33.5986,-86.4963,13065,205,polygon,FALSE,TRUE,America/Chicago,3
3387,Monfort Heights,Monfort Heights,OH,Ohio,39061,Hamilton,39.1822,-84.6075,13064,848,polygon,FALSE,FALSE,America/New_York,3
3388,New Ulm,New Ulm,MN,Minnesota,27015,Brown,44.3121,-94.4686,13060,502,polygon,FALSE,TRUE,America/Chicago,3
3389,East Milton,East Milton,FL,Florida,12113,Santa Rosa,30.6175,-86.9636,13054,175,polygon,FALSE,FALSE,America/Chicago,3
3390,Davidson,Davidson,NC,North Carolina,37119,Mecklenburg,35.4846,-80.8252,13054,844,polygon,FALSE,TRUE,America/New_York,3
3391,Edgewood,Edgewood,WA,Washington,53053,Pierce,47.2309,-122.2832,13053,601,polygon,FALSE,TRUE,America/Los_Angeles,3
3392,Suamico,Suamico,WI,Wisconsin,55009,Brown,44.6352,-88.0664,13052,138,polygon,FALSE,TRUE,America/Chicago,3
3393,San Marino,San Marino,CA,California,6037,Los Angeles,34.1224,-118.1132,13048,1337,polygon,FALSE,TRUE,America/Los_Angeles,3
3394,Chatham,Chatham,IL,Illinois,17167,Sangamon,39.6733,-89.6938,13008,687,polygon,FALSE,TRUE,America/Chicago,3
3395,Bellefonte,Bellefonte,PA,Pennsylvania,42027,Centre,40.9141,-77.7683,12998,1302,polygon,FALSE,TRUE,America/New_York,3
3396,Stone Ridge,Stone Ridge,VA,Virginia,51107,Loudoun,38.9295,-77.5553,12990,2005,polygon,FALSE,TRUE,America/New_York,2
3397,McPherson,McPherson,KS,Kansas,20113,McPherson,38.3714,-97.6605,12989,678,polygon,FALSE,TRUE,America/Chicago,3
3398,Forest Hill,Forest Hill,TX,Texas,48439,Tarrant,32.6619,-97.2662,12988,1202,polygon,FALSE,TRUE,America/Chicago,3
3399,Timberlake,Timberlake,VA,Virginia,51031,Campbell,37.3167,-79.2482,12973,445,polygon,FALSE,FALSE,America/New_York,3
3400,Río Grande,Rio Grande,PR,Puerto Rico,72119,Río Grande,18.3789,-65.8388,12973,3622,polygon,FALSE,FALSE,America/Puerto_Rico,2
3401,Braselton,Braselton,GA,Georgia,13157,Jackson,34.1088,-83.8128,12961,384,polygon,FALSE,TRUE,America/New_York,3
3402,Lapeer,Lapeer,MI,Michigan,26087,Lapeer,43.0447,-83.3254,12959,449,polygon,FALSE,TRUE,America/Detroit,3
3403,Dunmore,Dunmore,PA,Pennsylvania,42069,Lackawanna,41.4152,-75.6072,12954,560,polygon,FALSE,TRUE,America/New_York,3
3404,Kittanning,Kittanning,PA,Pennsylvania,42005,Armstrong,40.8279,-79.5233,12950,1442,polygon,FALSE,TRUE,America/New_York,3
3405,Worthington,Worthington,MN,Minnesota,27105,Nobles,43.6281,-95.599,12947,645,polygon,FALSE,TRUE,America/Chicago,3
3406,Fort Lewis,Fort Lewis,WA,Washington,53053,Pierce,47.0955,-122.5672,12933,488,polygon,TRUE,TRUE,America/Los_Angeles,3
3407,Sharon,Sharon,PA,Pennsylvania,42085,Mercer,41.234,-80.4997,12933,1323,polygon,FALSE,TRUE,America/New_York,3
3408,New Carrollton,New Carrollton,MD,Maryland,24033,Prince George's,38.9654,-76.8773,12928,3236,polygon,FALSE,TRUE,America/New_York,2
3409,Oakland,Oakland,NJ,New Jersey,34003,Bergen,41.0313,-74.2408,12926,586,polygon,FALSE,TRUE,America/New_York,3
3410,Mount Vernon,Mount Vernon,VA,Virginia,51059,Fairfax,38.714,-77.1043,12919,954,polygon,FALSE,FALSE,America/New_York,3
3411,Rocky Point,Rocky Point,NY,New York,36103,Suffolk,40.9357,-72.9364,12902,440,polygon,FALSE,FALSE,America/New_York,3
3412,Ridgefield Park,Ridgefield Park,NJ,New Jersey,34003,Bergen,40.8543,-74.0201,12901,2921,polygon,FALSE,TRUE,America/New_York,2
3413,Manatí,Manati,PR,Puerto Rico,72091,Manatí,18.4283,-66.4823,12899,2394,polygon,FALSE,FALSE,America/Puerto_Rico,2
3414,Irondale,Irondale,AL,Alabama,1073,Jefferson,33.544,-86.6599,12893,287,polygon,FALSE,TRUE,America/Chicago,3
3415,Colonial Park,Colonial Park,PA,Pennsylvania,42043,Dauphin,40.2997,-76.8068,12886,1045,polygon,FALSE,FALSE,America/New_York,3
3416,Sturgis,Sturgis,MI,Michigan,26149,St. Joseph,41.7995,-85.4182,12881,622,polygon,FALSE,TRUE,America/Detroit,3
3417,Loganville,Loganville,GA,Georgia,13297,Walton,33.8353,-83.8957,12880,677,polygon,FALSE,TRUE,America/New_York,3
3418,Weigelstown,Weigelstown,PA,Pennsylvania,42133,York,39.9843,-76.8315,12879,855,polygon,FALSE,FALSE,America/New_York,3
3419,Lawrenceburg,Lawrenceburg,IN,Indiana,18029,Dearborn,39.0986,-84.8713,12871,365,polygon,FALSE,TRUE,America/New_York,3
3420,West Carrollton,West Carrollton,OH,Ohio,39113,Montgomery,39.6701,-84.2542,12864,772,polygon,FALSE,TRUE,America/New_York,3
3421,Glen Carbon,Glen Carbon,IL,Illinois,17119,Madison,38.758,-89.983,12850,483,polygon,FALSE,TRUE,America/Chicago,3
3422,Parker,Parker,SC,South Carolina,45045,Greenville,34.8514,-82.4512,12850,725,polygon,FALSE,FALSE,America/New_York,3
3423,Key Biscayne,Key Biscayne,FL,Florida,12086,Miami-Dade,25.6908,-80.1653,12846,3976,polygon,FALSE,TRUE,America/New_York,2
3424,Spearfish,Spearfish,SD,South Dakota,46081,Lawrence,44.4912,-103.8167,12836,275,polygon,FALSE,TRUE,America/Denver,3
3425,Federal Heights,Federal Heights,CO,Colorado,8001,Adams,39.8651,-105.0154,12827,2788,polygon,FALSE,TRUE,America/Denver,2
3426,Cornelius,Cornelius,OR,Oregon,41067,Washington,45.519,-123.0514,12822,2181,polygon,FALSE,TRUE,America/Los_Angeles,2
3427,Lakeland North,Lakeland North,WA,Washington,53033,King,47.3374,-122.2812,12820,1525,polygon,FALSE,TRUE,America/Los_Angeles,3
3428,Cedartown,Cedartown,GA,Georgia,13233,Polk,34.0223,-85.2479,12819,422,polygon,FALSE,TRUE,America/New_York,3
3429,Cloquet,Cloquet,MN,Minnesota,27017,Carlton,46.7221,-92.4923,12813,131,polygon,FALSE,TRUE,America/Chicago,3
3430,Kingston,Kingston,PA,Pennsylvania,42079,Luzerne,41.2652,-75.8875,12812,2324,polygon,FALSE,TRUE,America/New_York,2
3431,Lilburn,Lilburn,GA,Georgia,13135,Gwinnett,33.8887,-84.1379,12810,773,polygon,FALSE,TRUE,America/New_York,3
3432,South Sioux City,South Sioux City,NE,Nebraska,31043,Dakota,42.4627,-96.4126,12809,771,polygon,FALSE,TRUE,America/Chicago,3
3433,Maryville,Maryville,MO,Missouri,29147,Nodaway,40.3428,-94.8701,12808,702,polygon,FALSE,TRUE,America/Chicago,3
3434,Franklin,Franklin,LA,Louisiana,22101,St. Mary,29.7851,-91.5098,12803,261,polygon,FALSE,TRUE,America/Chicago,3
3435,University Heights,University Heights,OH,Ohio,39035,Cuyahoga,41.4948,-81.5348,12797,2714,polygon,FALSE,TRUE,America/New_York,2
3436,Lake Tapps,Lake Tapps,WA,Washington,53053,Pierce,47.2307,-122.1694,12771,402,polygon,FALSE,TRUE,America/Los_Angeles,3
3437,Glendale,Glendale,WI,Wisconsin,55079,Milwaukee,43.1288,-87.9277,12768,855,polygon,FALSE,TRUE,America/Chicago,3
3438,Othello,Othello,WA,Washington,53001,Adams,46.8221,-119.1652,12761,814,polygon,FALSE,TRUE,America/Los_Angeles,3
3439,Gulf Shores,Gulf Shores,AL,Alabama,1003,Baldwin,30.2759,-87.7013,12757,174,polygon,FALSE,TRUE,America/Chicago,3
3440,Wilton Manors,Wilton Manors,FL,Florida,12011,Broward,26.1593,-80.1395,12756,2500,polygon,FALSE,TRUE,America/New_York,2
3441,Tarboro,Tarboro,NC,North Carolina,37065,Edgecombe,35.9046,-77.5563,12748,357,polygon,FALSE,TRUE,America/New_York,3
3442,Wickliffe,Wickliffe,OH,Ohio,39085,Lake,41.6072,-81.469,12744,1067,polygon,FALSE,TRUE,America/New_York,3
3443,Elgin,Elgin,TX,Texas,48021,Bastrop,30.352,-97.3879,12733,620,polygon,FALSE,TRUE,America/Chicago,3
3444,Dover,Dover,OH,Ohio,39157,Tuscarawas,40.5302,-81.4805,12723,863,polygon,FALSE,TRUE,America/New_York,3
3445,Greenville,Greenville,OH,Ohio,39037,Darke,40.1043,-84.6209,12720,733,polygon,FALSE,TRUE,America/New_York,3
3446,Borger,Borger,TX,Texas,48233,Hutchinson,35.6598,-101.4012,12718,545,polygon,FALSE,TRUE,America/Chicago,3
3447,Charlotte,Charlotte,MI,Michigan,26045,Eaton,42.5662,-84.8304,12703,544,polygon,FALSE,TRUE,America/Detroit,3
3448,Broussard,Broussard,LA,Louisiana,22055,Lafayette,30.1393,-91.9538,12700,279,polygon,FALSE,TRUE,America/Chicago,3
3449,Lansdowne,Lansdowne,VA,Virginia,51107,Loudoun,39.0846,-77.4839,12696,1231,polygon,FALSE,TRUE,America/New_York,3
3450,Finneytown,Finneytown,OH,Ohio,39061,Hamilton,39.2159,-84.5145,12689,1215,polygon,FALSE,FALSE,America/New_York,3
3451,Herrin,Herrin,IL,Illinois,17199,Williamson,37.7983,-89.0305,12687,506,polygon,FALSE,TRUE,America/Chicago,3
3452,Fergus Falls,Fergus Falls,MN,Minnesota,27111,Otter Tail,46.2853,-96.076,12683,368,polygon,FALSE,TRUE,America/Chicago,3
3453,Choctaw,Choctaw,OK,Oklahoma,40109,Oklahoma,35.48,-97.2666,12674,179,polygon,FALSE,TRUE,America/Chicago,3
3454,Manvel,Manvel,TX,Texas,48039,Brazoria,29.4793,-95.3659,12671,191,polygon,FALSE,TRUE,America/Chicago,3
3455,Magalia,Magalia,CA,California,6007,Butte,39.8228,-121.6078,12671,349,polygon,FALSE,FALSE,America/Los_Angeles,3
3456,Oregon,Oregon,WI,Wisconsin,55025,Dane,42.9253,-89.3892,12664,909,polygon,FALSE,TRUE,America/Chicago,3
3457,Commerce,Commerce,CA,California,6037,Los Angeles,33.9963,-118.1519,12661,747,polygon,FALSE,TRUE,America/Los_Angeles,3
3458,Taylorville,Taylorville,IL,Illinois,17021,Christian,39.5328,-89.2804,12659,387,polygon,FALSE,TRUE,America/Chicago,3
3459,Port Neches,Port Neches,TX,Texas,48245,Jefferson,29.9765,-93.946,12655,566,polygon,FALSE,TRUE,America/Chicago,3
3460,Prineville,Prineville,OR,Oregon,41013,Crook,44.2985,-120.8607,12650,323,polygon,FALSE,TRUE,America/Los_Angeles,3
3461,Lakeland,Lakeland,TN,Tennessee,47157,Shelby,35.2585,-89.7308,12642,207,polygon,FALSE,TRUE,America/Chicago,3
3462,Peru,Peru,IN,Indiana,18103,Miami,40.7594,-86.0757,12642,772,polygon,FALSE,TRUE,America/Indiana/Indianapolis,3
3463,Stony Brook,Stony Brook,NY,New York,36103,Suffolk,40.906,-73.1278,12641,840,polygon,FALSE,FALSE,America/New_York,3
3464,White House,White House,TN,Tennessee,47165,Sumner,36.4648,-86.6665,12638,435,polygon,FALSE,TRUE,America/Chicago,3
3465,Elfers,Elfers,FL,Florida,12101,Pasco,28.214,-82.723,12637,1374,polygon,FALSE,FALSE,America/New_York,3
3466,Clarkston,Clarkston,GA,Georgia,13089,DeKalb,33.8117,-84.2404,12637,2695,polygon,FALSE,TRUE,America/New_York,2
3467,Lakewood Park,Lakewood Park,FL,Florida,12111,St. Lucie,27.539,-80.3865,12635,733,polygon,FALSE,FALSE,America/New_York,3
3468,Keokuk,Keokuk,IA,Iowa,19111,Lee,40.4095,-91.403,12635,431,polygon,FALSE,TRUE,America/Chicago,3
3469,St. Ann,St. Ann,MO,Missouri,29189,St. Louis,38.7266,-90.3872,12629,1545,polygon,FALSE,TRUE,America/Chicago,3
3470,Yulee,Yulee,FL,Florida,12089,Nassau,30.635,-81.5678,12616,210,polygon,FALSE,FALSE,America/New_York,3
3471,Justice,Justice,IL,Illinois,17031,Cook,41.7495,-87.8345,12608,1714,polygon,FALSE,TRUE,America/Chicago,3
3472,Cherry Creek,Cherry Creek,CO,Colorado,8005,Arapahoe,39.6094,-104.8645,12601,2913,polygon,FALSE,FALSE,America/Denver,2
3473,Minneola,Minneola,FL,Florida,12069,Lake,28.6067,-81.7322,12595,437,polygon,FALSE,TRUE,America/New_York,3
3474,Oskaloosa,Oskaloosa,IA,Iowa,19123,Mahaska,41.2922,-92.6403,12592,553,polygon,FALSE,TRUE,America/Chicago,3
3475,Grand Terrace,Grand Terrace,CA,California,6071,San Bernardino,34.0312,-117.3132,12584,1385,polygon,FALSE,TRUE,America/Los_Angeles,3
3476,Panama City Beach,Panama City Beach,FL,Florida,12005,Bay,30.2369,-85.8775,12583,251,polygon,FALSE,TRUE,America/Chicago,3
3477,Lantana,Lantana,FL,Florida,12099,Palm Beach,26.5834,-80.0564,12581,2046,polygon,FALSE,TRUE,America/New_York,2
3478,Woodland Park,Woodland Park,NJ,New Jersey,34031,Passaic,40.8905,-74.1945,12581,1652,polygon,FALSE,TRUE,America/New_York,3
3479,Richmond,Richmond,TX,Texas,48157,Fort Bend,29.5825,-95.7602,12578,1179,polygon,FALSE,TRUE,America/Chicago,3
3480,Riviera Beach,Riviera Beach,MD,Maryland,24003,Anne Arundel,39.1628,-76.5263,12577,1843,polygon,FALSE,FALSE,America/New_York,3
3481,Jackson,Jackson,WY,Wyoming,56039,Teton,43.4721,-110.7745,12576,1378,polygon,FALSE,TRUE,America/Denver,3
3482,Sugarland Run,Sugarland Run,VA,Virginia,51107,Loudoun,39.0309,-77.3762,12576,2417,polygon,FALSE,FALSE,America/New_York,2
3483,Mercerville,Mercerville,NJ,New Jersey,34021,Mercer,40.236,-74.6916,12574,1316,polygon,FALSE,FALSE,America/New_York,3
3484,Lake Wylie,Lake Wylie,SC,South Carolina,45091,York,35.0997,-81.0677,12569,617,polygon,FALSE,FALSE,America/New_York,3
3485,Fredericksburg,Fredericksburg,TX,Texas,48171,Gillespie,30.2661,-98.8749,12567,490,polygon,FALSE,TRUE,America/Chicago,3
3486,Joppatowne,Joppatowne,MD,Maryland,24025,Harford,39.4181,-76.3516,12560,720,polygon,FALSE,FALSE,America/New_York,3
3487,Belmont,Belmont,NC,North Carolina,37071,Gaston,35.2211,-81.0402,12558,400,polygon,FALSE,TRUE,America/New_York,3
3488,Truckee,Truckee,CA,California,6057,Nevada,39.3455,-120.1848,12554,199,polygon,FALSE,TRUE,America/Los_Angeles,3
3489,Prairie Ridge,Prairie Ridge,WA,Washington,53053,Pierce,47.1443,-122.1408,12550,1185,polygon,FALSE,FALSE,America/Los_Angeles,3
3490,Jacksonville,Jacksonville,AL,Alabama,1015,Calhoun,33.8088,-85.7545,12544,443,polygon,FALSE,TRUE,America/Chicago,3
3491,Hamilton Square,Hamilton Square,NJ,New Jersey,34021,Mercer,40.2248,-74.6526,12542,1132,polygon,FALSE,FALSE,America/New_York,3
3492,Endicott,Endicott,NY,New York,36007,Broome,42.098,-76.0639,12532,1514,polygon,FALSE,TRUE,America/New_York,3
3493,Hudson,Hudson,FL,Florida,12101,Pasco,28.3594,-82.6888,12528,760,polygon,FALSE,FALSE,America/New_York,3
3494,Palos Heights,Palos Heights,IL,Illinois,17031,Cook,41.6637,-87.7959,12520,1281,polygon,FALSE,TRUE,America/Chicago,3
3495,Boone,Boone,IA,Iowa,19015,Boone,42.053,-93.877,12513,526,polygon,FALSE,TRUE,America/Chicago,3
3496,North St. Paul,North St. Paul,MN,Minnesota,27123,Ramsey,45.0137,-92.9995,12506,1691,polygon,FALSE,TRUE,America/Chicago,3
3497,Cheney,Cheney,WA,Washington,53063,Spokane,47.4901,-117.579,12497,1113,polygon,FALSE,TRUE,America/Los_Angeles,3
3498,Paris,Paris,KY,Kentucky,21017,Bourbon,38.2016,-84.2719,12485,471,polygon,FALSE,TRUE,America/New_York,3
3499,Irmo,Irmo,SC,South Carolina,45063,Lexington,34.1018,-81.1957,12483,703,polygon,FALSE,TRUE,America/New_York,3
3500,Newington Forest,Newington Forest,VA,Virginia,51059,Fairfax,38.7371,-77.2339,12476,1454,polygon,FALSE,TRUE,America/New_York,3
3501,Marysville,Marysville,CA,California,6115,Yuba,39.1518,-121.5835,12476,1390,polygon,FALSE,TRUE,America/Los_Angeles,3
3502,San Anselmo,San Anselmo,CA,California,6041,Marin,37.9821,-122.5699,12476,1799,polygon,FALSE,TRUE,America/Los_Angeles,3
3503,Verde Village,Verde Village,AZ,Arizona,4025,Yavapai,34.7122,-111.9943,12473,702,polygon,FALSE,FALSE,America/Phoenix,3
3504,Woodhaven,Woodhaven,MI,Michigan,26163,Wayne,42.132,-83.2374,12469,753,polygon,FALSE,TRUE,America/Detroit,3
3505,Four Corners,Four Corners,TX,Texas,48157,Fort Bend,29.6705,-95.6596,12465,1917,polygon,FALSE,FALSE,America/Chicago,3
3506,Bedford,Bedford,OH,Ohio,39035,Cuyahoga,41.3919,-81.5359,12457,898,polygon,FALSE,TRUE,America/New_York,3
3507,Trophy Club,Trophy Club,TX,Texas,48121,Denton,33.0038,-97.1897,12451,1218,polygon,FALSE,TRUE,America/Chicago,3
3508,Marshall,Marshall,MO,Missouri,29195,Saline,39.1147,-93.201,12447,489,polygon,FALSE,TRUE,America/Chicago,3
3509,Riverton,Riverton,WY,Wyoming,56013,Fremont,43.0421,-108.414,12445,402,polygon,FALSE,TRUE,America/Denver,3
3510,Sault Ste. Marie,Sault Ste. Marie,MI,Michigan,26033,Chippewa,46.4817,-84.3723,12442,351,polygon,FALSE,TRUE,America/Detroit,3
3511,Shepherdsville,Shepherdsville,KY,Kentucky,21029,Bullitt,37.9806,-85.6999,12442,330,polygon,FALSE,TRUE,America/New_York,3
3512,Shady Hills,Shady Hills,FL,Florida,12101,Pasco,28.4042,-82.5467,12435,167,polygon,FALSE,FALSE,America/New_York,3
3513,Manchester,Manchester,TN,Tennessee,47031,Coffee,35.463,-86.0774,12433,298,polygon,FALSE,TRUE,America/Chicago,3
3514,Plymouth,Plymouth,IN,Indiana,18099,Marshall,41.3483,-86.3187,12433,508,polygon,FALSE,TRUE,America/Indiana/Indianapolis,3
3515,Waconia,Waconia,MN,Minnesota,27019,Carver,44.8412,-93.7927,12428,1033,polygon,FALSE,TRUE,America/Chicago,3
3516,St. Peter,St. Peter,MN,Minnesota,27103,Nicollet,44.3296,-93.9659,12421,756,polygon,FALSE,TRUE,America/Chicago,3
3517,Kelso,Kelso,WA,Washington,53015,Cowlitz,46.1236,-122.891,12417,589,polygon,FALSE,TRUE,America/Los_Angeles,3
3518,Elkhorn,Elkhorn,WI,Wisconsin,55127,Walworth,42.6711,-88.5377,12404,481,polygon,FALSE,TRUE,America/Chicago,3
3519,Hammonton,Hammonton,NJ,New Jersey,34001,Atlantic,39.6572,-74.7678,12389,132,polygon,FALSE,TRUE,America/New_York,3
3520,Overlea,Overlea,MD,Maryland,24005,Baltimore,39.3642,-76.5176,12384,1591,polygon,FALSE,FALSE,America/New_York,3
3521,Corinth,Corinth,MS,Mississippi,28003,Alcorn,34.9474,-88.5143,12382,185,polygon,FALSE,TRUE,America/Chicago,3
3522,Virginia,Virginia,MN,Minnesota,27137,St. Louis,47.5169,-92.5128,12381,172,polygon,FALSE,TRUE,America/Chicago,3
3523,Lakeland Highlands,Lakeland Highlands,FL,Florida,12105,Polk,27.9572,-81.9496,12376,982,polygon,FALSE,FALSE,America/New_York,3
3524,Los Alamos,Los Alamos,NM,New Mexico,35028,Los Alamos,35.8926,-106.2862,12373,429,polygon,FALSE,FALSE,America/Denver,3
3525,Blue Ash,Blue Ash,OH,Ohio,39061,Hamilton,39.248,-84.3827,12372,629,polygon,FALSE,TRUE,America/New_York,3
3526,Holiday City-Berkeley,Holiday City-Berkeley,NJ,New Jersey,34029,Ocean,39.9639,-74.2787,12360,799,polygon,FALSE,TRUE,America/New_York,3
3527,Harrison,Harrison,WI,Wisconsin,55015,Calumet,44.1935,-88.2941,12358,149,polygon,FALSE,TRUE,America/Chicago,3
3528,Holly Hill,Holly Hill,FL,Florida,12127,Volusia,29.2443,-81.0463,12357,1203,polygon,FALSE,TRUE,America/New_York,3
3529,Maltby,Maltby,WA,Washington,53061,Snohomish,47.8027,-122.1044,12350,246,polygon,FALSE,FALSE,America/Los_Angeles,3
3530,New Baltimore,New Baltimore,MI,Michigan,26099,Macomb,42.6903,-82.7398,12347,1036,polygon,FALSE,TRUE,America/Detroit,3
3531,Gulfport,Gulfport,FL,Florida,12103,Pinellas,27.7463,-82.71,12342,1720,polygon,FALSE,TRUE,America/New_York,3
3532,Terryville,Terryville,NY,New York,36103,Suffolk,40.909,-73.0492,12340,1475,polygon,FALSE,FALSE,America/New_York,3
3533,Derby,Derby,CT,Connecticut,9009,New Haven,41.3265,-73.0833,12339,942,polygon,FALSE,TRUE,America/New_York,3
3534,Orange City,Orange City,FL,Florida,12127,Volusia,28.9347,-81.2881,12335,609,polygon,FALSE,TRUE,America/New_York,3
3535,Portland,Portland,TN,Tennessee,47165,Sumner,36.5883,-86.5194,12335,377,polygon,FALSE,TRUE,America/Chicago,3
3536,Chino Valley,Chino Valley,AZ,Arizona,4025,Yavapai,34.7593,-112.4107,12335,75,polygon,FALSE,TRUE,America/Phoenix,3
3537,Dorado,Dorado,PR,Puerto Rico,72051,Dorado,18.4657,-66.2724,12330,1520,polygon,FALSE,FALSE,America/Puerto_Rico,3
3538,Bastrop,Bastrop,LA,Louisiana,22067,Morehouse,32.7749,-91.9058,12327,434,polygon,FALSE,TRUE,America/Chicago,3
3539,Gladstone,Gladstone,OR,Oregon,41005,Clackamas,45.3864,-122.5933,12324,1986,polygon,FALSE,TRUE,America/Los_Angeles,3
3540,Patchogue,Patchogue,NY,New York,36103,Suffolk,40.7621,-73.0185,12321,2104,polygon,FALSE,TRUE,America/New_York,2
3541,Winnetka,Winnetka,IL,Illinois,17031,Cook,42.1064,-87.7421,12316,1249,polygon,FALSE,TRUE,America/Chicago,3
3542,Markham,Markham,IL,Illinois,17031,Cook,41.6,-87.6905,12314,879,polygon,FALSE,TRUE,America/Chicago,3
3543,Marion,Marion,AR,Arkansas,5035,Crittenden,35.2041,-90.2061,12310,234,polygon,FALSE,TRUE,America/Chicago,3
3544,Forrest City,Forrest City,AR,Arkansas,5123,St. Francis,35.0135,-90.7931,12309,263,polygon,FALSE,TRUE,America/Chicago,3
3545,Leon Valley,Leon Valley,TX,Texas,48029,Bexar,29.4954,-98.6143,12306,1370,polygon,FALSE,TRUE,America/Chicago,3
3546,Mays Chapel,Mays Chapel,MD,Maryland,24005,Baltimore,39.4343,-76.6516,12303,1280,polygon,FALSE,FALSE,America/New_York,3
3547,Winchester,Winchester,TN,Tennessee,47051,Franklin,35.1898,-86.1074,12299,323,polygon,FALSE,TRUE,America/Chicago,3
3548,Newcastle,Newcastle,WA,Washington,53033,King,47.5303,-122.1633,12292,1066,polygon,FALSE,TRUE,America/Los_Angeles,3
3549,New Kensington,New Kensington,PA,Pennsylvania,42129,Westmoreland,40.5711,-79.7521,12292,1201,polygon,FALSE,TRUE,America/New_York,3
3550,Kewanee,Kewanee,IL,Illinois,17073,Henry,41.2399,-89.9263,12283,722,polygon,FALSE,TRUE,America/Chicago,3
3551,Pell City,Pell City,AL,Alabama,1115,St. Clair,33.5609,-86.2669,12275,217,polygon,FALSE,TRUE,America/Chicago,3
3552,Poquoson,Poquoson,VA,Virginia,51735,Poquoson,37.1318,-76.3569,12271,308,polygon,FALSE,TRUE,America/New_York,3
3553,Clayton,Clayton,CA,California,6013,Contra Costa,37.9403,-121.9301,12265,1233,polygon,FALSE,TRUE,America/Los_Angeles,3
3554,Blythe,Blythe,CA,California,6065,Riverside,33.622,-114.6188,12260,285,polygon,FALSE,TRUE,America/Los_Angeles,3
3555,Larkspur,Larkspur,CA,California,6041,Marin,37.9393,-122.5313,12254,1564,polygon,FALSE,TRUE,America/Los_Angeles,3
3556,Cottonwood,Cottonwood,AZ,Arizona,4025,Yavapai,34.7192,-112.0014,12253,283,polygon,FALSE,TRUE,America/Phoenix,3
3557,Ocean Pines,Ocean Pines,MD,Maryland,24047,Worcester,38.3825,-75.1475,12246,710,polygon,FALSE,FALSE,America/New_York,3
3558,Lincolnwood,Lincolnwood,IL,Illinois,17031,Cook,42.0054,-87.7329,12245,1756,polygon,FALSE,TRUE,America/Chicago,3
3559,North Valley,North Valley,NM,New Mexico,35001,Bernalillo,35.1736,-106.6231,12242,679,polygon,FALSE,FALSE,America/Denver,3
3560,Arkansas City,Arkansas City,KS,Kansas,20035,Cowley,37.0726,-97.0385,12242,483,polygon,FALSE,TRUE,America/Chicago,3
3561,Elon,Elon,NC,North Carolina,37001,Alamance,36.1014,-79.5085,12232,1188,polygon,FALSE,TRUE,America/New_York,3
3562,North Merrick,North Merrick,NY,New York,36059,Nassau,40.6871,-73.5615,12232,2747,polygon,FALSE,FALSE,America/New_York,2
3563,Palmer,Palmer,MA,Massachusetts,25013,Hampden,42.1888,-72.3112,12232,149,polygon,FALSE,TRUE,America/New_York,3
3564,Wells Branch,Wells Branch,TX,Texas,48453,Travis,30.4432,-97.6792,12227,1942,polygon,FALSE,FALSE,America/Chicago,3
3565,West Monroe,West Monroe,LA,Louisiana,22073,Ouachita,32.512,-92.1513,12227,588,polygon,FALSE,TRUE,America/Chicago,3
3566,Beatrice,Beatrice,NE,Nebraska,31067,Gage,40.2737,-96.7454,12226,504,polygon,FALSE,TRUE,America/Chicago,3
3567,Wilmington,Wilmington,OH,Ohio,39027,Clinton,39.4387,-83.8184,12222,438,polygon,FALSE,TRUE,America/New_York,3
3568,Batesville,Batesville,AR,Arkansas,5063,Independence,35.7687,-91.6226,12220,362,polygon,FALSE,TRUE,America/Chicago,3
3569,Amherst,Amherst,OH,Ohio,39093,Lorain,41.4022,-82.2303,12219,668,polygon,FALSE,TRUE,America/New_York,3
3570,Athens,Athens,TX,Texas,48213,Henderson,32.2041,-95.8321,12210,276,polygon,FALSE,TRUE,America/Chicago,3
3571,Ringwood,Ringwood,NJ,New Jersey,34031,Passaic,41.1064,-74.2749,12198,184,polygon,FALSE,TRUE,America/New_York,3
3572,Jesup,Jesup,GA,Georgia,13305,Wayne,31.5992,-81.8895,12198,229,polygon,FALSE,TRUE,America/New_York,3
3573,Ishpeming,Ishpeming,MI,Michigan,26103,Marquette,46.4862,-87.6658,12198,283,polygon,FALSE,TRUE,America/Detroit,3
3574,Speedway,Speedway,IN,Indiana,18097,Marion,39.7937,-86.2479,12193,990,polygon,FALSE,TRUE,America/Indiana/Indianapolis,3
3575,Enumclaw,Enumclaw,WA,Washington,53033,King,47.2017,-121.9897,12190,910,polygon,FALSE,TRUE,America/Los_Angeles,3
3576,Lakeside,Lakeside,VA,Virginia,51087,Henrico,37.6133,-77.4768,12180,1087,polygon,FALSE,FALSE,America/New_York,3
3577,Neosho,Neosho,MO,Missouri,29145,Newton,36.8441,-94.3756,12176,295,polygon,FALSE,TRUE,America/Chicago,3
3578,Lincoln City,Lincoln City,OR,Oregon,41041,Lincoln,44.9751,-124.0073,12172,584,polygon,FALSE,TRUE,America/Los_Angeles,3
3579,Northlake,Northlake,IL,Illinois,17031,Cook,41.9143,-87.9054,12161,1480,polygon,FALSE,TRUE,America/Chicago,3
3580,Eatontown,Eatontown,NJ,New Jersey,34025,Monmouth,40.2913,-74.0558,12157,803,polygon,FALSE,TRUE,America/New_York,3
3581,Newport,Newport,OR,Oregon,41041,Lincoln,44.6242,-124.0513,12155,419,polygon,FALSE,TRUE,America/Los_Angeles,3
3582,Freeport,Freeport,TX,Texas,48039,Brazoria,28.9454,-95.3601,12136,304,polygon,FALSE,TRUE,America/Chicago,3
3583,Webb City,Webb City,MO,Missouri,29097,Jasper,37.1413,-94.4676,12134,542,polygon,FALSE,TRUE,America/Chicago,3
3584,Coolidge,Coolidge,AZ,Arizona,4021,Pinal,32.9395,-111.5261,12124,69,polygon,FALSE,TRUE,America/Phoenix,3
3585,Westwood Lakes,Westwood Lakes,FL,Florida,12086,Miami-Dade,25.7237,-80.3717,12121,2822,polygon,FALSE,FALSE,America/New_York,2
3586,Melissa,Melissa,TX,Texas,48085,Collin,33.2891,-96.5573,12117,408,polygon,FALSE,TRUE,America/Chicago,3
3587,James Island,James Island,SC,South Carolina,45019,Charleston,32.7353,-79.9396,12109,986,polygon,FALSE,TRUE,America/New_York,3
3588,Kingsburg,Kingsburg,CA,California,6019,Fresno,36.5245,-119.5602,12108,1261,polygon,FALSE,TRUE,America/Los_Angeles,3
3589,Platteville,Platteville,WI,Wisconsin,55043,Grant,42.728,-90.4676,12100,738,polygon,FALSE,TRUE,America/Chicago,3
3590,Lovington,Lovington,NM,New Mexico,35025,Lea,32.9125,-103.3277,12097,390,polygon,FALSE,TRUE,America/Denver,3
3591,Middle Valley,Middle Valley,TN,Tennessee,47065,Hamilton,35.1877,-85.1958,12097,478,polygon,FALSE,FALSE,America/New_York,3
3592,Eureka,Eureka,MO,Missouri,29189,St. Louis,38.5015,-90.6492,12097,402,polygon,FALSE,TRUE,America/Chicago,3
3593,Minnehaha,Minnehaha,WA,Washington,53011,Clark,45.6577,-122.6204,12092,2112,polygon,FALSE,FALSE,America/Los_Angeles,2
3594,Emeryville,Emeryville,CA,California,6001,Alameda,37.8382,-122.2932,12086,3675,polygon,FALSE,TRUE,America/Los_Angeles,2
3595,Little Chute,Little Chute,WI,Wisconsin,55087,Outagamie,44.2905,-88.3206,12081,728,polygon,FALSE,TRUE,America/Chicago,3
3596,Sedro-Woolley,Sedro-Woolley,WA,Washington,53057,Skagit,48.5112,-122.2321,12072,1081,polygon,FALSE,TRUE,America/Los_Angeles,3
3597,Minden,Minden,LA,Louisiana,22119,Webster,32.6187,-93.2762,12071,304,polygon,FALSE,TRUE,America/Chicago,3
3598,Somerville,Somerville,NJ,New Jersey,34035,Somerset,40.5696,-74.6092,12063,1992,polygon,FALSE,TRUE,America/New_York,3
3599,Ottawa,Ottawa,KS,Kansas,20059,Franklin,38.6,-95.2642,12060,479,polygon,FALSE,TRUE,America/Chicago,3
3600,La Homa,La Homa,TX,Texas,48215,Hidalgo,26.2773,-98.3579,12054,690,polygon,FALSE,FALSE,America/Chicago,3
3601,Gatesville,Gatesville,TX,Texas,48099,Coryell,31.4419,-97.7351,12053,552,polygon,FALSE,TRUE,America/Chicago,3
3602,South Charleston,South Charleston,WV,West Virginia,54039,Kanawha,38.3482,-81.711,12047,589,polygon,FALSE,TRUE,America/New_York,3
3603,Vail,Vail,AZ,Arizona,4019,Pima,32.0217,-110.6937,12044,205,polygon,FALSE,FALSE,America/Phoenix,3
3604,Leeds,Leeds,AL,Alabama,1073,Jefferson,33.5429,-86.5636,12040,206,polygon,FALSE,TRUE,America/Chicago,3
3605,East Bethel,East Bethel,MN,Minnesota,27003,Anoka,45.3557,-93.2038,12038,104,polygon,FALSE,TRUE,America/Chicago,3
3606,Villas,Villas,FL,Florida,12071,Lee,26.5504,-81.8679,12036,1003,polygon,FALSE,FALSE,America/New_York,3
3607,Festus,Festus,MO,Missouri,29099,Jefferson,38.2192,-90.4095,12036,802,polygon,FALSE,TRUE,America/Chicago,3
3608,Moss Bluff,Moss Bluff,LA,Louisiana,22019,Calcasieu,30.3039,-93.2051,12034,305,polygon,FALSE,FALSE,America/Chicago,3
3609,Jupiter Farms,Jupiter Farms,FL,Florida,12099,Palm Beach,26.9224,-80.2187,12032,311,polygon,FALSE,TRUE,America/New_York,3
3610,Riverview,Riverview,MI,Michigan,26163,Wayne,42.1728,-83.1935,12032,1056,polygon,FALSE,TRUE,America/Detroit,3
3611,Smithfield,Smithfield,UT,Utah,49005,Cache,41.8347,-111.8266,12025,891,polygon,FALSE,TRUE,America/Denver,3
3612,Damascus,Damascus,OR,Oregon,41005,Clackamas,45.4233,-122.4437,12024,262,polygon,FALSE,FALSE,America/Los_Angeles,3
3613,Fulton,Fulton,MO,Missouri,29027,Callaway,38.8551,-91.9511,12012,394,polygon,FALSE,TRUE,America/Chicago,3
3614,Spring Lake,Spring Lake,NC,North Carolina,37051,Cumberland,35.1842,-78.9959,12005,196,polygon,FALSE,TRUE,America/New_York,3
3615,Folkston,Folkston,GA,Georgia,13049,Charlton,30.8393,-82.0073,12001,463,polygon,FALSE,TRUE,America/New_York,3
3616,Macedonia,Macedonia,OH,Ohio,39153,Summit,41.3147,-81.4989,12000,476,polygon,FALSE,TRUE,America/New_York,3
3617,Jerome,Jerome,ID,Idaho,16053,Jerome,42.7183,-114.5159,11996,830,polygon,FALSE,TRUE,America/Boise,3
3618,Hasbrouck Heights,Hasbrouck Heights,NJ,New Jersey,34003,Bergen,40.8618,-74.0741,11992,3039,polygon,FALSE,TRUE,America/New_York,2
3619,Diamond Springs,Diamond Springs,CA,California,6017,El Dorado,38.692,-120.8391,11989,278,polygon,FALSE,FALSE,America/Los_Angeles,3
3620,Moncks Corner,Moncks Corner,SC,South Carolina,45015,Berkeley,33.1631,-80.0135,11986,537,polygon,FALSE,TRUE,America/New_York,3
3621,Carnot-Moon,Carnot-Moon,PA,Pennsylvania,42003,Allegheny,40.5187,-80.2178,11982,773,polygon,FALSE,TRUE,America/New_York,3
3622,Newton,Newton,NJ,New Jersey,34037,Sussex,41.0534,-74.7527,11974,921,polygon,FALSE,TRUE,America/New_York,3
3623,Garden City,Garden City,ID,Idaho,16001,Ada,43.6526,-116.2743,11969,1132,polygon,FALSE,TRUE,America/Boise,3
3624,Somersworth,Somersworth,NH,New Hampshire,33017,Strafford,43.2534,-70.8856,11968,471,polygon,FALSE,TRUE,America/New_York,3
3625,Red Bank,Red Bank,NJ,New Jersey,34025,Monmouth,40.3481,-74.0672,11966,2646,polygon,FALSE,TRUE,America/New_York,2
3626,Norton,Norton,OH,Ohio,39153,Summit,41.0294,-81.6461,11966,228,polygon,FALSE,TRUE,America/New_York,3
3627,Ellwood City,Ellwood City,PA,Pennsylvania,42073,Lawrence,40.8619,-80.283,11962,1210,polygon,FALSE,TRUE,America/New_York,3
3628,Glenwood Springs,Glenwood Springs,CO,Colorado,8045,Garfield,39.5455,-107.3346,11962,656,polygon,FALSE,TRUE,America/Denver,3
3629,Oak Hills,Oak Hills,OR,Oregon,41067,Washington,45.5403,-122.8413,11962,2952,polygon,FALSE,FALSE,America/Los_Angeles,2
3630,Greensburg,Greensburg,IN,Indiana,18031,Decatur,39.3515,-85.5024,11960,495,polygon,FALSE,TRUE,America/Indiana/Indianapolis,3
3631,Macclenny,Macclenny,FL,Florida,12003,Baker,30.281,-82.1252,11958,551,polygon,FALSE,TRUE,America/New_York,3
3632,East Grand Rapids,East Grand Rapids,MI,Michigan,26081,Kent,42.9464,-85.6088,11956,1576,polygon,FALSE,TRUE,America/Detroit,3
3633,Newberry,Newberry,SC,South Carolina,45071,Newberry,34.2812,-81.601,11954,440,polygon,FALSE,TRUE,America/New_York,3
3634,Mastic Beach,Mastic Beach,NY,New York,36103,Suffolk,40.7679,-72.8375,11953,977,polygon,FALSE,FALSE,America/New_York,3
3635,Lansing,Lansing,KS,Kansas,20103,Leavenworth,39.2428,-94.8971,11949,374,polygon,FALSE,TRUE,America/Chicago,3
3636,Norwalk,Norwalk,IA,Iowa,19181,Warren,41.4895,-93.6913,11938,398,polygon,FALSE,TRUE,America/Chicago,3
3637,Fairfax Station,Fairfax Station,VA,Virginia,51059,Fairfax,38.7942,-77.3358,11934,507,polygon,FALSE,FALSE,America/New_York,3
3638,Robinson,Robinson,TX,Texas,48309,McLennan,31.4501,-97.1201,11926,147,polygon,FALSE,TRUE,America/Chicago,3
3639,Portales,Portales,NM,New Mexico,35041,Roosevelt,34.1753,-103.3565,11921,564,polygon,FALSE,TRUE,America/Denver,3
3640,Valencia West,Valencia West,AZ,Arizona,4019,Pima,32.1355,-111.1123,11919,464,polygon,FALSE,TRUE,America/Phoenix,3
3641,Port Washington,Port Washington,WI,Wisconsin,55089,Ozaukee,43.3847,-87.8852,11911,789,polygon,FALSE,TRUE,America/Chicago,3
3642,South Miami,South Miami,FL,Florida,12086,Miami-Dade,25.7079,-80.2952,11911,2028,polygon,FALSE,TRUE,America/New_York,2
3643,Green River,Green River,WY,Wyoming,56037,Sweetwater,41.5124,-109.4708,11906,331,polygon,FALSE,TRUE,America/Denver,3
3644,Tremonton,Tremonton,UT,Utah,49003,Box Elder,41.7187,-112.1891,11905,444,polygon,FALSE,TRUE,America/Denver,3
3645,Accokeek,Accokeek,MD,Maryland,24033,Prince George's,38.6745,-77.0023,11895,167,polygon,FALSE,FALSE,America/New_York,3
3646,Cottage Grove,Cottage Grove,OR,Oregon,41039,Lane,43.7961,-123.0573,11892,1044,polygon,FALSE,TRUE,America/Los_Angeles,3
3647,Weatherford,Weatherford,OK,Oklahoma,40039,Custer,35.5384,-98.6872,11883,686,polygon,FALSE,TRUE,America/Chicago,3
3648,Delavan,Delavan,WI,Wisconsin,55127,Walworth,42.6281,-88.6324,11871,457,polygon,FALSE,TRUE,America/Chicago,3
3649,Vineyard,Vineyard,UT,Utah,49049,Utah,40.3059,-111.7545,11866,954,polygon,FALSE,TRUE,America/Denver,3
3650,Richfield,Richfield,WI,Wisconsin,55131,Washington,43.2372,-88.2413,11854,127,polygon,FALSE,TRUE,America/Chicago,3
3651,Otsego,Otsego,MI,Michigan,26005,Allegan,42.4575,-85.6979,11852,768,polygon,FALSE,TRUE,America/Detroit,3
3652,Malvern,Malvern,AR,Arkansas,5059,Hot Spring,34.3734,-92.8205,11851,427,polygon,FALSE,TRUE,America/Chicago,3
3653,Cadillac,Cadillac,MI,Michigan,26165,Wexford,44.2494,-85.4163,11850,574,polygon,FALSE,TRUE,America/Detroit,3
3654,Lexington Park,Lexington Park,MD,Maryland,24037,St. Mary's,38.2543,-76.4415,11848,813,polygon,FALSE,FALSE,America/New_York,3
3655,Healdsburg,Healdsburg,CA,California,6097,Sonoma,38.6229,-122.8651,11845,1024,polygon,FALSE,TRUE,America/Los_Angeles,3
3656,Lake Station,Lake Station,IN,Indiana,18089,Lake,41.5729,-87.2599,11845,550,polygon,FALSE,TRUE,America/Chicago,3
3657,Clawson,Clawson,MI,Michigan,26125,Oakland,42.5367,-83.1504,11845,2079,polygon,FALSE,TRUE,America/Detroit,2
3658,Sandy,Sandy,OR,Oregon,41005,Clackamas,45.3986,-122.2692,11843,1265,polygon,FALSE,TRUE,America/Los_Angeles,3
3659,Robertsville,Robertsville,NJ,New Jersey,34025,Monmouth,40.3395,-74.2939,11840,774,polygon,FALSE,FALSE,America/New_York,3
3660,Red Bank,Red Bank,TN,Tennessee,47065,Hamilton,35.1117,-85.2961,11840,696,polygon,FALSE,TRUE,America/New_York,3
3661,Brown Deer,Brown Deer,WI,Wisconsin,55079,Milwaukee,43.1743,-87.975,11839,1039,polygon,FALSE,TRUE,America/Chicago,3
3662,Crestwood,Crestwood,MO,Missouri,29189,St. Louis,38.5569,-90.3782,11834,1273,polygon,FALSE,TRUE,America/Chicago,3
3663,Grants,Grants,NM,New Mexico,35006,Cibola,35.1538,-107.8335,11833,231,polygon,FALSE,TRUE,America/Denver,3
3664,Valley Falls,Valley Falls,RI,Rhode Island,44007,Providence,41.9234,-71.3923,11828,1292,polygon,FALSE,FALSE,America/New_York,3
3665,Berkley,Berkley,CO,Colorado,8001,Adams,39.8045,-105.0281,11822,1264,polygon,FALSE,FALSE,America/Denver,3
3666,Malibu,Malibu,CA,California,6037,Los Angeles,34.0368,-118.7845,11820,229,polygon,FALSE,TRUE,America/Los_Angeles,3
3667,Smyrna,Smyrna,DE,Delaware,10001,Kent,39.2936,-75.6083,11813,726,polygon,FALSE,TRUE,America/New_York,3
3668,North Wantagh,North Wantagh,NY,New York,36059,Nassau,40.6983,-73.5086,11802,2394,polygon,FALSE,FALSE,America/New_York,2
3669,Dranesville,Dranesville,VA,Virginia,51059,Fairfax,38.9955,-77.3693,11802,1187,polygon,FALSE,FALSE,America/New_York,3
3670,Bucyrus,Bucyrus,OH,Ohio,39033,Crawford,40.8054,-82.9719,11800,615,polygon,FALSE,TRUE,America/New_York,3
3671,Alum Rock,Alum Rock,CA,California,6085,Santa Clara,37.3695,-121.8241,11791,5405,polygon,FALSE,FALSE,America/Los_Angeles,2
3672,Urbana,Urbana,MD,Maryland,24021,Frederick,39.3237,-77.3411,11788,687,polygon,FALSE,FALSE,America/New_York,3
3673,Newman,Newman,CA,California,6099,Stanislaus,37.3157,-121.0211,11783,2206,polygon,FALSE,TRUE,America/Los_Angeles,2
3674,Wakefield,Wakefield,VA,Virginia,51059,Fairfax,38.823,-77.2407,11782,1205,polygon,FALSE,TRUE,America/New_York,3
3675,Walker Mill,Walker Mill,MD,Maryland,24033,Prince George's,38.8754,-76.8862,11780,1440,polygon,FALSE,FALSE,America/New_York,3
3676,Tomball,Tomball,TX,Texas,48201,Harris,30.0951,-95.6194,11778,349,polygon,FALSE,TRUE,America/Chicago,3
3677,Florida City,Florida City,FL,Florida,12086,Miami-Dade,25.4418,-80.4685,11771,758,polygon,FALSE,TRUE,America/New_York,3
3678,Wanaque,Wanaque,NJ,New Jersey,34031,Passaic,41.044,-74.29,11762,563,polygon,FALSE,TRUE,America/New_York,3
3679,Winton,Winton,CA,California,6047,Merced,37.3854,-120.6173,11761,1493,polygon,FALSE,FALSE,America/Los_Angeles,3
3680,Arizona City,Arizona City,AZ,Arizona,4021,Pinal,32.7506,-111.6707,11761,740,polygon,FALSE,FALSE,America/Phoenix,3
3681,Tucson Estates,Tucson Estates,AZ,Arizona,4019,Pima,32.1792,-111.1254,11758,349,polygon,FALSE,FALSE,America/Phoenix,3
3682,Scotts Valley,Scotts Valley,CA,California,6087,Santa Cruz,37.0555,-122.0118,11757,982,polygon,FALSE,TRUE,America/Los_Angeles,3
3683,Robstown,Robstown,TX,Texas,48355,Nueces,27.7886,-97.6685,11755,280,polygon,FALSE,TRUE,America/Chicago,3
3684,Miller Place,Miller Place,NY,New York,36103,Suffolk,40.9374,-72.9864,11755,693,polygon,FALSE,FALSE,America/New_York,3
3685,The Pinery,The Pinery,CO,Colorado,8035,Douglas,39.4462,-104.7591,11754,437,polygon,FALSE,FALSE,America/Denver,3
3686,Georgetown,Georgetown,SC,South Carolina,45043,Georgetown,33.3595,-79.2958,11754,486,polygon,FALSE,TRUE,America/New_York,3
3687,Salisbury,Salisbury,NY,New York,36059,Nassau,40.7454,-73.5604,11753,2600,polygon,FALSE,FALSE,America/New_York,2
3688,East Renton Highlands,East Renton Highlands,WA,Washington,53033,King,47.4718,-122.0854,11745,405,polygon,FALSE,FALSE,America/Los_Angeles,3
3689,Upper Montclair,Upper Montclair,NJ,New Jersey,34013,Essex,40.8428,-74.2014,11744,1819,polygon,FALSE,FALSE,America/New_York,3
3690,Nanakuli,Nanakuli,HI,Hawaii,15003,Honolulu,21.3892,-158.1445,11742,1516,polygon,FALSE,FALSE,Pacific/Honolulu,3
3691,Somerset,Somerset,PA,Pennsylvania,42111,Somerset,40.005,-79.0778,11738,828,polygon,FALSE,TRUE,America/New_York,3
3692,Delhi,Delhi,CA,California,6047,Merced,37.4306,-120.7759,11735,1290,polygon,FALSE,FALSE,America/Los_Angeles,3
3693,Port St. John,Port St. John,FL,Florida,12009,Brevard,28.4771,-80.7874,11729,1168,polygon,FALSE,FALSE,America/New_York,3
3694,Arlington,Arlington,TN,Tennessee,47157,Shelby,35.2594,-89.668,11728,197,polygon,FALSE,TRUE,America/Chicago,3
3695,Cordele,Cordele,GA,Georgia,13081,Crisp,31.9563,-83.7694,11719,400,polygon,FALSE,TRUE,America/New_York,3
3696,Forestville,Forestville,MD,Maryland,24033,Prince George's,38.8518,-76.8708,11719,1152,polygon,FALSE,FALSE,America/New_York,3
3697,Mendota,Mendota,CA,California,6019,Fresno,36.7555,-120.3776,11716,1312,polygon,FALSE,TRUE,America/Los_Angeles,3
3698,Grafton,Grafton,WI,Wisconsin,55089,Ozaukee,43.3204,-87.948,11715,888,polygon,FALSE,TRUE,America/Chicago,3
3699,Glen Rock,Glen Rock,NJ,New Jersey,34003,Bergen,40.9601,-74.1249,11707,1671,polygon,FALSE,TRUE,America/New_York,3
3700,Cocoa Beach,Cocoa Beach,FL,Florida,12009,Brevard,28.3326,-80.6274,11705,970,polygon,FALSE,TRUE,America/New_York,3
3701,Clute,Clute,TX,Texas,48039,Brazoria,29.0256,-95.3975,11690,848,polygon,FALSE,TRUE,America/Chicago,3
3702,Waimea,Waimea,HI,Hawaii,15001,Hawaii,20.0124,-155.6378,11687,114,polygon,FALSE,FALSE,Pacific/Honolulu,3
3703,Bayou Blue,Bayou Blue,LA,Louisiana,22057,Lafourche,29.6341,-90.6732,11682,193,polygon,FALSE,TRUE,America/Chicago,3
3704,Winfield,Winfield,KS,Kansas,20035,Cowley,37.274,-96.9499,11679,413,polygon,FALSE,TRUE,America/Chicago,3
3705,Cascades,Cascades,VA,Virginia,51107,Loudoun,39.0464,-77.3874,11670,1222,polygon,FALSE,TRUE,America/New_York,3
3706,Plano,Plano,IL,Illinois,17093,Kendall,41.6757,-88.5294,11665,501,polygon,FALSE,TRUE,America/Chicago,3
3707,Brock Hall,Brock Hall,MD,Maryland,24033,Prince George's,38.8617,-76.7549,11664,330,polygon,FALSE,FALSE,America/New_York,3
3708,Lewisburg,Lewisburg,TN,Tennessee,47117,Marshall,35.4494,-86.7897,11658,353,polygon,FALSE,TRUE,America/Chicago,3
3709,El Campo,El Campo,TX,Texas,48481,Wharton,29.1987,-96.2724,11655,456,polygon,FALSE,TRUE,America/Chicago,3
3710,Pine Castle,Pine Castle,FL,Florida,12095,Orange,28.4651,-81.374,11643,1855,polygon,FALSE,FALSE,America/New_York,3
3711,Endwell,Endwell,NY,New York,36007,Broome,42.1185,-76.0219,11641,1200,polygon,FALSE,FALSE,America/New_York,3
3712,Travilah,Travilah,MD,Maryland,24031,Montgomery,39.0571,-77.2458,11633,283,polygon,FALSE,FALSE,America/New_York,3
3713,South Yarmouth,South Yarmouth,MA,Massachusetts,25001,Barnstable,41.6692,-70.2005,11624,645,polygon,FALSE,FALSE,America/New_York,3
3714,Pontiac,Pontiac,IL,Illinois,17105,Livingston,40.8881,-88.6414,11622,536,polygon,FALSE,TRUE,America/Chicago,3
3715,Wyandanch,Wyandanch,NY,New York,36103,Suffolk,40.7467,-73.3769,11612,1005,polygon,FALSE,FALSE,America/New_York,3
3716,Franklin,Franklin,OH,Ohio,39165,Warren,39.5538,-84.295,11612,488,polygon,FALSE,TRUE,America/New_York,3
3717,Kalaoa,Kalaoa,HI,Hawaii,15001,Hawaii,19.7369,-156.0122,11604,114,polygon,FALSE,TRUE,Pacific/Honolulu,3
3718,Largo,Largo,MD,Maryland,24033,Prince George's,38.88,-76.8289,11604,1463,polygon,FALSE,FALSE,America/New_York,3
3719,Cedarburg,Cedarburg,WI,Wisconsin,55089,Ozaukee,43.2991,-87.9887,11603,926,polygon,FALSE,TRUE,America/Chicago,3
3720,North Bellport,North Bellport,NY,New York,36103,Suffolk,40.7868,-72.9457,11593,913,polygon,FALSE,FALSE,America/New_York,3
3721,Annapolis Neck,Annapolis Neck,MD,Maryland,24003,Anne Arundel,38.9408,-76.4997,11590,645,polygon,FALSE,TRUE,America/New_York,3
3722,Beachwood,Beachwood,OH,Ohio,39035,Cuyahoga,41.4759,-81.503,11590,850,polygon,FALSE,TRUE,America/New_York,3
3723,Seven Hills,Seven Hills,OH,Ohio,39035,Cuyahoga,41.3805,-81.6737,11590,912,polygon,FALSE,TRUE,America/New_York,3
3724,Echelon,Echelon,NJ,New Jersey,34007,Camden,39.8482,-74.9957,11586,1599,polygon,FALSE,FALSE,America/New_York,3
3725,Chowchilla,Chowchilla,CA,California,6039,Madera,37.1095,-120.2349,11583,637,polygon,FALSE,TRUE,America/Los_Angeles,3
3726,Excelsior Springs,Excelsior Springs,MO,Missouri,29047,Clay,39.339,-94.24,11581,418,polygon,FALSE,TRUE,America/Chicago,3
3727,View Park-Windsor Hills,View Park-Windsor Hills,CA,California,6037,Los Angeles,33.9955,-118.3484,11580,2428,polygon,FALSE,TRUE,America/Los_Angeles,2
3728,Ozark,Ozark,AL,Alabama,1045,Dale,31.4508,-85.6473,11562,161,polygon,FALSE,TRUE,America/Chicago,3
3729,Silver City,Silver City,NM,New Mexico,35017,Grant,32.7784,-108.2698,11561,358,polygon,FALSE,TRUE,America/Denver,3
3730,Newport East,Newport East,RI,Rhode Island,44005,Newport,41.5158,-71.2878,11561,776,polygon,FALSE,TRUE,America/New_York,3
3731,Martinsville,Martinsville,NJ,New Jersey,34035,Somerset,40.603,-74.5751,11541,366,polygon,FALSE,FALSE,America/New_York,3
3732,West Plains,West Plains,MO,Missouri,29091,Howell,36.7378,-91.868,11540,358,polygon,FALSE,TRUE,America/Chicago,3
3733,Woodland Park,Woodland Park,CO,Colorado,8119,Teller,38.9985,-105.0594,11530,458,polygon,FALSE,TRUE,America/Denver,3
3734,Spirit Lake,Spirit Lake,IA,Iowa,19059,Dickinson,43.4176,-95.1109,11530,442,polygon,FALSE,TRUE,America/Chicago,3
3735,Mount Sinai,Mount Sinai,NY,New York,36103,Suffolk,40.9372,-73.018,11529,742,polygon,FALSE,FALSE,America/New_York,3
3736,Bainbridge,Bainbridge,GA,Georgia,13087,Decatur,30.9046,-84.5727,11529,251,polygon,FALSE,TRUE,America/New_York,3
3737,Bridgeton,Bridgeton,MO,Missouri,29189,St. Louis,38.7673,-90.4275,11520,305,polygon,FALSE,TRUE,America/Chicago,3
3738,Archdale,Archdale,NC,North Carolina,37151,Randolph,35.9033,-79.9592,11513,507,polygon,FALSE,TRUE,America/New_York,3
3739,Waipio,Waipio,HI,Hawaii,15003,Honolulu,21.4143,-157.9965,11508,3549,polygon,FALSE,FALSE,Pacific/Honolulu,2
3740,Newport,Newport,TN,Tennessee,47029,Cocke,35.9617,-83.1977,11500,480,polygon,FALSE,TRUE,America/New_York,3
3741,Florham Park,Florham Park,NJ,New Jersey,34027,Morris,40.7773,-74.3953,11496,607,polygon,FALSE,TRUE,America/New_York,3
3742,Yeadon,Yeadon,PA,Pennsylvania,42045,Delaware,39.9325,-75.2527,11496,2783,polygon,FALSE,TRUE,America/New_York,2
3743,Wallington,Wallington,NJ,New Jersey,34003,Bergen,40.8535,-74.1069,11495,4464,polygon,FALSE,TRUE,America/New_York,2
3744,Roma,Roma,TX,Texas,48427,Starr,26.4166,-99.006,11490,756,polygon,FALSE,TRUE,America/Chicago,3
3745,Bogalusa,Bogalusa,LA,Louisiana,22117,Washington,30.7812,-89.8633,11486,467,polygon,FALSE,TRUE,America/Chicago,3
3746,Madison Heights,Madison Heights,VA,Virginia,51009,Amherst,37.4487,-79.1057,11483,231,polygon,FALSE,FALSE,America/New_York,3
3747,Hawaiian Paradise Park,Hawaiian Paradise Park,HI,Hawaii,15001,Hawaii,19.5828,-154.9693,11479,291,polygon,FALSE,FALSE,Pacific/Honolulu,3
3748,Lake Los Angeles,Lake Los Angeles,CA,California,6037,Los Angeles,34.6097,-117.8339,11469,454,polygon,FALSE,FALSE,America/Los_Angeles,3
3749,Emmaus,Emmaus,PA,Pennsylvania,42077,Lehigh,40.5352,-75.4978,11467,1529,polygon,FALSE,TRUE,America/New_York,3
3750,Jackson,Jackson,OH,Ohio,39079,Jackson,39.046,-82.6492,11462,292,polygon,FALSE,TRUE,America/New_York,3
3751,Camp Pendleton South,Camp Pendleton South,CA,California,6073,San Diego,33.2284,-117.3791,11459,1129,polygon,TRUE,TRUE,America/Los_Angeles,3
3752,Chalco,Chalco,NE,Nebraska,31153,Sarpy,41.1817,-96.1353,11456,1570,polygon,FALSE,FALSE,America/Chicago,3
3753,Goulds,Goulds,FL,Florida,12086,Miami-Dade,25.5614,-80.388,11453,1520,polygon,FALSE,FALSE,America/New_York,3
3754,Greentree,Greentree,NJ,New Jersey,34007,Camden,39.8989,-74.9614,11453,950,polygon,FALSE,FALSE,America/New_York,3
3755,Webster,Webster,TX,Texas,48201,Harris,29.5317,-95.1188,11451,691,polygon,FALSE,TRUE,America/Chicago,3
3756,Elizabethtown,Elizabethtown,PA,Pennsylvania,42071,Lancaster,40.1534,-76.5991,11445,1666,polygon,FALSE,TRUE,America/New_York,3
3757,Home Gardens,Home Gardens,CA,California,6065,Riverside,33.8784,-117.5116,11442,2922,polygon,FALSE,FALSE,America/Los_Angeles,2
3758,Elwood,Elwood,NY,New York,36103,Suffolk,40.8462,-73.3389,11439,923,polygon,FALSE,FALSE,America/New_York,3
3759,Port Lavaca,Port Lavaca,TX,Texas,48057,Calhoun,28.6181,-96.6278,11436,450,polygon,FALSE,TRUE,America/Chicago,3
3760,River Edge,River Edge,NJ,New Jersey,34003,Bergen,40.9268,-74.0387,11435,2409,polygon,FALSE,TRUE,America/New_York,2
3761,Claiborne,Claiborne,LA,Louisiana,22073,Ouachita,32.5379,-92.1981,11435,443,polygon,FALSE,FALSE,America/Chicago,3
3762,Woods Cross,Woods Cross,UT,Utah,49011,Davis,40.8731,-111.917,11431,1153,polygon,FALSE,TRUE,America/Denver,3
3763,Byram,Byram,MS,Mississippi,28049,Hinds,32.189,-90.2861,11428,240,polygon,FALSE,TRUE,America/Chicago,3
3764,Highland,Highland,IL,Illinois,17119,Madison,38.7602,-89.681,11425,566,polygon,FALSE,TRUE,America/Chicago,3
3765,Lyndon,Lyndon,KY,Kentucky,21111,Jefferson,38.2644,-85.5891,11423,1225,polygon,FALSE,TRUE,America/New_York,3
3766,Mack,Mack,OH,Ohio,39061,Hamilton,39.1503,-84.6792,11422,477,polygon,FALSE,FALSE,America/New_York,3
3767,Signal Hill,Signal Hill,CA,California,6037,Los Angeles,33.8029,-118.1681,11421,2012,polygon,FALSE,TRUE,America/Los_Angeles,2
3768,Richmond Heights,Richmond Heights,FL,Florida,12086,Miami-Dade,25.6347,-80.372,11410,2763,polygon,FALSE,FALSE,America/New_York,2
3769,Woodward,Woodward,OK,Oklahoma,40153,Woodward,36.4247,-99.4057,11410,357,polygon,FALSE,TRUE,America/Chicago,3
3770,Hailey,Hailey,ID,Idaho,16013,Blaine,43.5141,-114.3,11409,853,polygon,FALSE,TRUE,America/Boise,3
3771,Scottsburg,Scottsburg,IN,Indiana,18143,Scott,38.6851,-85.783,11408,473,polygon,FALSE,TRUE,America/Indiana/Indianapolis,3
3772,Schiller Park,Schiller Park,IL,Illinois,17031,Cook,41.9586,-87.8693,11403,1589,polygon,FALSE,TRUE,America/Chicago,3
3773,Fenton,Fenton,MI,Michigan,26049,Genesee,42.7994,-83.7144,11403,661,polygon,FALSE,TRUE,America/Detroit,3
3774,Los Alamitos,Los Alamitos,CA,California,6059,Orange,33.7972,-118.0594,11399,1093,polygon,FALSE,TRUE,America/Los_Angeles,3
3775,Minooka,Minooka,IL,Illinois,17063,Grundy,41.4507,-88.2792,11397,467,polygon,FALSE,TRUE,America/Chicago,3
3776,Hillsborough,Hillsborough,CA,California,6081,San Mateo,37.5573,-122.3587,11387,710,polygon,FALSE,TRUE,America/Los_Angeles,3
3777,Collegedale,Collegedale,TN,Tennessee,47065,Hamilton,35.0525,-85.0487,11378,364,polygon,FALSE,TRUE,America/New_York,3
3778,Dent,Dent,OH,Ohio,39061,Hamilton,39.1922,-84.6593,11378,740,polygon,FALSE,FALSE,America/New_York,3
3779,Summerfield,Summerfield,NC,North Carolina,37081,Guilford,36.1973,-79.8997,11376,166,polygon,FALSE,TRUE,America/New_York,3
3780,Snyder,Snyder,TX,Texas,48415,Scurry,32.7133,-100.9113,11371,473,polygon,FALSE,TRUE,America/Chicago,3
3781,Tarrytown,Tarrytown,NY,New York,36119,Westchester,41.0647,-73.8673,11370,1500,polygon,FALSE,TRUE,America/New_York,3
3782,Fairfield,Fairfield,IA,Iowa,19101,Jefferson,41.0061,-91.9669,11367,615,polygon,FALSE,TRUE,America/Chicago,3
3783,Mount Sterling,Mount Sterling,KY,Kentucky,21173,Montgomery,38.0648,-83.9472,11363,622,polygon,FALSE,TRUE,America/New_York,3
3784,Ravenna,Ravenna,OH,Ohio,39133,Portage,41.1613,-81.2421,11361,779,polygon,FALSE,TRUE,America/New_York,3
3785,Bellmawr,Bellmawr,NJ,New Jersey,34007,Camden,39.8665,-75.0941,11359,1469,polygon,FALSE,TRUE,America/New_York,3
3786,Angola,Angola,IN,Indiana,18151,Steuben,41.6433,-85.0051,11352,519,polygon,FALSE,TRUE,America/Indiana/Indianapolis,3
3787,Doctor Phillips,Doctor Phillips,FL,Florida,12095,Orange,28.4476,-81.4922,11347,1379,polygon,FALSE,FALSE,America/New_York,3
3788,Coshocton,Coshocton,OH,Ohio,39031,Coshocton,40.2618,-81.848,11347,533,polygon,FALSE,TRUE,America/New_York,3
3789,Mendota Heights,Mendota Heights,MN,Minnesota,27037,Dakota,44.8815,-93.14,11343,482,polygon,FALSE,TRUE,America/Chicago,3
3790,Haysville,Haysville,KS,Kansas,20173,Sedgwick,37.5649,-97.3527,11338,942,polygon,FALSE,TRUE,America/Chicago,3
3791,Tega Cay,Tega Cay,SC,South Carolina,45091,York,35.039,-81.011,11335,967,polygon,FALSE,TRUE,America/New_York,3
3792,Mexico,Mexico,MO,Missouri,29007,Audrain,39.1625,-91.8711,11330,366,polygon,FALSE,TRUE,America/Chicago,3
3793,Evanston,Evanston,WY,Wyoming,56041,Uinta,41.2602,-110.9646,11319,436,polygon,FALSE,TRUE,America/Denver,3
3794,Mountain Top,Mountain Top,PA,Pennsylvania,42079,Luzerne,41.1353,-75.9045,11319,290,polygon,FALSE,FALSE,America/New_York,3
3795,Port Salerno,Port Salerno,FL,Florida,12085,Martin,27.1461,-80.1895,11317,1225,polygon,FALSE,FALSE,America/New_York,3
3796,Haddonfield,Haddonfield,NJ,New Jersey,34007,Camden,39.8955,-75.0346,11317,1562,polygon,FALSE,TRUE,America/New_York,3
3797,Urbana,Urbana,OH,Ohio,39021,Champaign,40.1085,-83.7542,11313,556,polygon,FALSE,TRUE,America/New_York,3
3798,Beachwood,Beachwood,NJ,New Jersey,34029,Ocean,39.9286,-74.2023,11312,1580,polygon,FALSE,TRUE,America/New_York,3
3799,Bradford,Bradford,PA,Pennsylvania,42083,McKean,41.9604,-78.6414,11311,946,polygon,FALSE,TRUE,America/New_York,3
3800,North Vernon,North Vernon,IN,Indiana,18079,Jennings,39.017,-85.6317,11310,337,polygon,FALSE,TRUE,America/Indiana/Indianapolis,3
3801,Lake Morton-Berrydale,Lake Morton-Berrydale,WA,Washington,53033,King,47.3325,-122.1032,11295,353,polygon,FALSE,TRUE,America/Los_Angeles,3
3802,Celina,Celina,OH,Ohio,39107,Mercer,40.5551,-84.5629,11285,807,polygon,FALSE,TRUE,America/New_York,3
3803,Hartsville,Hartsville,TN,Tennessee,47169,Trousdale,36.3921,-86.1568,11284,38,polygon,FALSE,TRUE,America/Chicago,3
3804,Canyon Lake,Canyon Lake,CA,California,6065,Riverside,33.6885,-117.2621,11280,1113,polygon,FALSE,TRUE,America/Los_Angeles,3
3805,Gardnerville Ranchos,Gardnerville Ranchos,NV,Nevada,32005,Douglas,38.8872,-119.7426,11274,291,polygon,FALSE,FALSE,America/Los_Angeles,3
3806,Lighthouse Point,Lighthouse Point,FL,Florida,12011,Broward,26.2785,-80.0891,11270,1886,polygon,FALSE,TRUE,America/New_York,3
3807,Eunice,Eunice,LA,Louisiana,22097,St. Landry,30.4904,-92.4191,11269,737,polygon,FALSE,TRUE,America/Chicago,3
3808,Tamalpais-Homestead Valley,Tamalpais-Homestead Valley,CA,California,6041,Marin,37.8793,-122.5382,11261,927,polygon,FALSE,TRUE,America/Los_Angeles,3
3809,Hibbing,Hibbing,MN,Minnesota,27137,St. Louis,47.3981,-92.9487,11257,33,polygon,FALSE,TRUE,America/Chicago,3
3810,Fairview Shores,Fairview Shores,FL,Florida,12095,Orange,28.602,-81.3948,11254,1465,polygon,FALSE,FALSE,America/New_York,3
3811,Lamesa,Lamesa,TX,Texas,48115,Dawson,32.7333,-101.9542,11241,691,polygon,FALSE,TRUE,America/Chicago,3
3812,DuBois,DuBois,PA,Pennsylvania,42033,Clearfield,41.1225,-78.7564,11241,895,polygon,FALSE,TRUE,America/New_York,3
3813,Berlin,Berlin,NH,New Hampshire,33007,Coos,44.4869,-71.2599,11237,63,polygon,FALSE,TRUE,America/New_York,3
3814,North Logan,North Logan,UT,Utah,49005,Cache,41.7759,-111.8066,11237,608,polygon,FALSE,TRUE,America/Denver,3
3815,Waupun,Waupun,WI,Wisconsin,55039,Fond du Lac,43.6315,-88.738,11232,931,polygon,FALSE,TRUE,America/Chicago,3
3816,Mango,Mango,FL,Florida,12057,Hillsborough,27.9915,-82.307,11228,928,polygon,FALSE,FALSE,America/New_York,3
3817,Big Lake,Big Lake,MN,Minnesota,27141,Sherburne,45.3416,-93.7431,11226,615,polygon,FALSE,TRUE,America/Chicago,3
3818,Hillsdale,Hillsdale,MI,Michigan,26059,Hillsdale,41.9266,-84.6356,11223,542,polygon,FALSE,TRUE,America/Detroit,3
3819,Gloucester City,Gloucester City,NJ,New Jersey,34007,Camden,39.8924,-75.1172,11219,1875,polygon,FALSE,TRUE,America/New_York,3
3820,Mitchellville,Mitchellville,MD,Maryland,24033,Prince George's,38.9358,-76.8146,11215,877,polygon,FALSE,FALSE,America/New_York,3
3821,Shiloh,Shiloh,PA,Pennsylvania,42133,York,39.9734,-76.792,11206,1024,polygon,FALSE,FALSE,America/New_York,3
3822,Camp Verde,Camp Verde,AZ,Arizona,4025,Yavapai,34.5699,-111.8573,11187,100,polygon,FALSE,TRUE,America/Phoenix,3
3823,Viera East,Viera East,FL,Florida,12009,Brevard,28.261,-80.715,11183,867,polygon,FALSE,TRUE,America/New_York,3
3824,Weddington,Weddington,NC,North Carolina,37179,Union,35.0228,-80.7383,11182,246,polygon,FALSE,TRUE,America/New_York,3
3825,Show Low,Show Low,AZ,Arizona,4017,Navajo,34.2671,-110.0384,11173,67,polygon,FALSE,TRUE,America/Phoenix,3
3826,Ridgefield,Ridgefield,NJ,New Jersey,34003,Bergen,40.8313,-74.0147,11171,1695,polygon,FALSE,TRUE,America/New_York,3
3827,Aguadilla,Aguadilla,PR,Puerto Rico,72005,Aguadilla,18.4382,-67.1536,11170,1721,polygon,FALSE,FALSE,America/Puerto_Rico,3
3828,Poulsbo,Poulsbo,WA,Washington,53035,Kitsap,47.7417,-122.6407,11168,910,polygon,FALSE,TRUE,America/Los_Angeles,3
3829,Springdale,Springdale,OH,Ohio,39061,Hamilton,39.2909,-84.476,11166,866,polygon,FALSE,TRUE,America/New_York,3
3830,Stayton,Stayton,OR,Oregon,41047,Marion,44.8033,-122.7983,11166,1049,polygon,FALSE,TRUE,America/Los_Angeles,3
3831,Brookings,Brookings,OR,Oregon,41015,Curry,42.0697,-124.3003,11162,603,polygon,FALSE,TRUE,America/Los_Angeles,3
3832,Rossmoor,Rossmoor,CA,California,6059,Orange,33.7886,-118.0803,11160,2792,polygon,FALSE,FALSE,America/Los_Angeles,2
3833,Broomall,Broomall,PA,Pennsylvania,42045,Delaware,39.9694,-75.3529,11154,1490,polygon,FALSE,FALSE,America/New_York,3
3834,Niles,Niles,MI,Michigan,26021,Berrien,41.8346,-86.2473,11149,742,polygon,FALSE,TRUE,America/Detroit,3
3835,Coamo,Coamo,PR,Puerto Rico,72043,Coamo,18.0765,-66.3638,11148,2361,polygon,FALSE,FALSE,America/Puerto_Rico,2
3836,Piedmont,Piedmont,CA,California,6001,Alameda,37.8226,-122.23,11135,2529,polygon,FALSE,TRUE,America/Los_Angeles,2
3837,Fitzgerald,Fitzgerald,GA,Georgia,13017,Ben Hill,31.7135,-83.2515,11135,373,polygon,FALSE,TRUE,America/New_York,3
3838,Huntingdon,Huntingdon,PA,Pennsylvania,42061,Huntingdon,40.5,-78.0097,11134,740,polygon,FALSE,TRUE,America/New_York,3
3839,Selma,Selma,TX,Texas,48029,Bexar,29.5866,-98.3133,11132,853,polygon,FALSE,TRUE,America/Chicago,3
3840,Satellite Beach,Satellite Beach,FL,Florida,12009,Brevard,28.1782,-80.6019,11130,1471,polygon,FALSE,TRUE,America/New_York,3
3841,Guttenberg,Guttenberg,NJ,New Jersey,34017,Hudson,40.7927,-74.0048,11121,22246,polygon,FALSE,TRUE,America/New_York,2
3842,Mayfield,Mayfield,KY,Kentucky,21083,Graves,36.737,-88.6446,11121,518,polygon,FALSE,TRUE,America/Chicago,3
3843,Franklin Lakes,Franklin Lakes,NJ,New Jersey,34003,Bergen,41.0086,-74.2083,11119,456,polygon,FALSE,TRUE,America/New_York,3
3844,San Germán,San German,PR,Puerto Rico,72125,San Germán,18.0827,-67.046,11117,1518,polygon,FALSE,FALSE,America/Puerto_Rico,3
3845,Viera West,Viera West,FL,Florida,12009,Brevard,28.243,-80.7368,11116,480,polygon,FALSE,TRUE,America/New_York,3
3846,Summit,Summit,IL,Illinois,17031,Cook,41.7877,-87.8146,11116,2025,polygon,FALSE,TRUE,America/Chicago,2
3847,Lowes Island,Lowes Island,VA,Virginia,51107,Loudoun,39.0471,-77.3524,11111,1421,polygon,FALSE,FALSE,America/New_York,3
3848,Yorktown,Yorktown,IN,Indiana,18035,Delaware,40.183,-85.5123,11111,134,polygon,FALSE,TRUE,America/Indiana/Indianapolis,3
3849,Town and Country,Town and Country,MO,Missouri,29189,St. Louis,38.6317,-90.479,11109,373,polygon,FALSE,TRUE,America/Chicago,3
3850,Fulton,Fulton,NY,New York,36075,Oswego,43.3171,-76.4162,11102,1122,polygon,FALSE,TRUE,America/New_York,3
3851,Jefferson Hills,Jefferson Hills,PA,Pennsylvania,42003,Allegheny,40.2927,-79.9329,11101,259,polygon,FALSE,TRUE,America/New_York,3
3852,Princess Anne,Princess Anne,MD,Maryland,24039,Somerset,38.2054,-75.6969,11101,810,polygon,FALSE,TRUE,America/New_York,3
3853,Lindon,Lindon,UT,Utah,49049,Utah,40.3414,-111.7187,11100,512,polygon,FALSE,TRUE,America/Denver,3
3854,Maysville,Maysville,KY,Kentucky,21161,Mason,38.6454,-83.7911,11093,177,polygon,FALSE,TRUE,America/New_York,3
3855,Campton Hills,Campton Hills,IL,Illinois,17089,Kane,41.9499,-88.4166,11091,253,polygon,FALSE,TRUE,America/Chicago,3
3856,Woodbury,Woodbury,NY,New York,36071,Orange,41.3284,-74.1004,11089,120,polygon,FALSE,TRUE,America/New_York,3
3857,Rifle,Rifle,CO,Colorado,8045,Garfield,39.5362,-107.7729,11089,532,polygon,FALSE,TRUE,America/Denver,3
3858,Bennettsville,Bennettsville,SC,South Carolina,45069,Marlboro,34.6303,-79.6874,11086,487,polygon,FALSE,TRUE,America/New_York,3
3859,Walden,Walden,NY,New York,36071,Orange,41.5603,-74.1879,11085,1312,polygon,FALSE,TRUE,America/New_York,3
3860,Grove City,Grove City,PA,Pennsylvania,42085,Mercer,41.1572,-80.0894,11085,1111,polygon,FALSE,TRUE,America/New_York,3
3861,Merriam,Merriam,KS,Kansas,20091,Johnson,39.0186,-94.6933,11081,990,polygon,FALSE,TRUE,America/Chicago,3
3862,Westwood,Westwood,NJ,New Jersey,34003,Bergen,40.9878,-74.0308,11078,1893,polygon,FALSE,TRUE,America/New_York,3
3863,Lower Burrell,Lower Burrell,PA,Pennsylvania,42129,Westmoreland,40.5818,-79.7141,11078,379,polygon,FALSE,TRUE,America/New_York,3
3864,Kaneohe Station,Kaneohe Station,HI,Hawaii,15003,Honolulu,21.4451,-157.7515,11075,971,polygon,TRUE,TRUE,Pacific/Honolulu,3
3865,Westview,Westview,FL,Florida,12086,Miami-Dade,25.8826,-80.2415,11068,1412,polygon,FALSE,FALSE,America/New_York,3
3866,Silverton,Silverton,OR,Oregon,41047,Marion,45.0031,-122.7809,11068,1170,polygon,FALSE,TRUE,America/Los_Angeles,3
3867,Wahpeton,Wahpeton,ND,North Dakota,38077,Richland,46.2722,-96.6118,11067,572,polygon,FALSE,TRUE,America/Chicago,3
3868,Storm Lake,Storm Lake,IA,Iowa,19021,Buena Vista,42.6431,-95.1969,11066,755,polygon,FALSE,TRUE,America/Chicago,3
3869,Whitehall,Whitehall,MI,Michigan,26121,Muskegon,43.4003,-86.3406,11061,340,polygon,FALSE,TRUE,America/Detroit,3
3870,Orange Cove,Orange Cove,CA,California,6019,Fresno,36.6211,-119.3188,11059,2213,polygon,FALSE,TRUE,America/Los_Angeles,2
3871,Lake Grove,Lake Grove,NY,New York,36103,Suffolk,40.8586,-73.1168,11056,1444,polygon,FALSE,TRUE,America/New_York,3
3872,Grosse Pointe Park,Grosse Pointe Park,MI,Michigan,26163,Wayne,42.3794,-82.9288,11050,1969,polygon,FALSE,TRUE,America/Toronto,3
3873,Grand Haven,Grand Haven,MI,Michigan,26139,Ottawa,43.0553,-86.2201,11047,745,polygon,FALSE,TRUE,America/Detroit,3
3874,Two Rivers,Two Rivers,WI,Wisconsin,55071,Manitowoc,44.1564,-87.5824,11041,705,polygon,FALSE,TRUE,America/Chicago,3
3875,Gold Canyon,Gold Canyon,AZ,Arizona,4021,Pinal,33.3715,-111.4369,11038,190,polygon,FALSE,FALSE,America/Phoenix,3
3876,Clinton,Clinton,SC,South Carolina,45059,Laurens,34.4777,-81.8636,11031,321,polygon,FALSE,TRUE,America/New_York,3
3877,Dobbs Ferry,Dobbs Ferry,NY,New York,36119,Westchester,41.0127,-73.8698,11027,1752,polygon,FALSE,TRUE,America/New_York,3
3878,Gulf Gate Estates,Gulf Gate Estates,FL,Florida,12115,Sarasota,27.2587,-82.5065,11017,1573,polygon,FALSE,TRUE,America/New_York,3
3879,Hormigueros,Hormigueros,PR,Puerto Rico,72067,Hormigueros,18.1437,-67.12,11009,961,polygon,FALSE,FALSE,America/Puerto_Rico,3
3880,Suffern,Suffern,NY,New York,36087,Rockland,41.1138,-74.1421,11007,2026,polygon,FALSE,TRUE,America/New_York,2
3881,Munhall,Munhall,PA,Pennsylvania,42003,Allegheny,40.3937,-79.9004,11006,1849,polygon,FALSE,TRUE,America/New_York,3
3882,Florence,Florence,OR,Oregon,41039,Lane,43.9914,-124.1062,11000,656,polygon,FALSE,TRUE,America/Los_Angeles,3
3883,Oak Grove,Oak Grove,SC,South Carolina,45063,Lexington,33.9809,-81.1438,10993,660,polygon,FALSE,FALSE,America/New_York,3
3884,Pompton Lakes,Pompton Lakes,NJ,New Jersey,34031,Passaic,41.0024,-74.2859,10986,1469,polygon,FALSE,TRUE,America/New_York,3
3885,Millsboro,Millsboro,DE,Delaware,10005,Sussex,38.593,-75.3118,10985,299,polygon,FALSE,TRUE,America/New_York,3
3886,Kings Mountain,Kings Mountain,NC,North Carolina,37045,Cleveland,35.2348,-81.3501,10982,315,polygon,FALSE,TRUE,America/New_York,3
3887,Sussex,Sussex,WI,Wisconsin,55133,Waukesha,43.1341,-88.2232,10981,544,polygon,FALSE,TRUE,America/Chicago,3
3888,Pearsall,Pearsall,TX,Texas,48163,Frio,28.8885,-99.0988,10973,690,polygon,FALSE,TRUE,America/Chicago,3
3889,Ocean City,Ocean City,NJ,New Jersey,34009,Cape May,39.2682,-74.6019,10971,630,polygon,FALSE,TRUE,America/New_York,3
3890,California City,California City,CA,California,6029,Kern,35.1578,-117.8721,10968,26,polygon,FALSE,TRUE,America/Los_Angeles,3
3891,Gonzales,Gonzales,LA,Louisiana,22005,Ascension,30.2132,-90.9234,10957,462,polygon,FALSE,TRUE,America/Chicago,3
3892,West Point,West Point,UT,Utah,49011,Davis,41.122,-112.0994,10957,594,polygon,FALSE,TRUE,America/Denver,3
3893,Liberty Lake,Liberty Lake,WA,Washington,53063,Spokane,47.6687,-117.1032,10956,687,polygon,FALSE,TRUE,America/Los_Angeles,3
3894,Decatur,Decatur,IN,Indiana,18001,Adams,40.8286,-84.9282,10943,631,polygon,FALSE,TRUE,America/Indiana/Indianapolis,3
3895,Heath,Heath,OH,Ohio,39089,Licking,40.0241,-82.4412,10942,393,polygon,FALSE,TRUE,America/New_York,3
3896,Destrehan,Destrehan,LA,Louisiana,22089,St. Charles,29.9627,-90.3676,10933,707,polygon,FALSE,FALSE,America/Chicago,3
3897,New Albany,New Albany,OH,Ohio,39049,Franklin,40.0802,-82.7883,10933,277,polygon,FALSE,TRUE,America/New_York,3
3898,Cusseta,Cusseta,GA,Georgia,13053,Chattahoochee,32.347,-84.787,10907,16,polygon,FALSE,FALSE,America/New_York,3
3899,Elkins,Elkins,WV,West Virginia,54083,Randolph,38.9237,-79.854,10899,742,polygon,FALSE,TRUE,America/New_York,3
3900,Linthicum,Linthicum,MD,Maryland,24003,Anne Arundel,39.2088,-76.6625,10895,770,polygon,FALSE,FALSE,America/New_York,3
3901,Guymon,Guymon,OK,Oklahoma,40139,Texas,36.6901,-101.4776,10895,545,polygon,FALSE,TRUE,America/Chicago,3
3902,Seymour,Seymour,TN,Tennessee,47155,Sevier,35.8761,-83.7742,10873,332,polygon,FALSE,FALSE,America/New_York,3
3903,Montgomery,Montgomery,OH,Ohio,39061,Hamilton,39.2496,-84.3457,10872,790,polygon,FALSE,TRUE,America/New_York,3
3904,Forestville,Forestville,OH,Ohio,39061,Hamilton,39.0711,-84.3389,10866,1134,polygon,FALSE,FALSE,America/New_York,3
3905,Soquel,Soquel,CA,California,6087,Santa Cruz,36.9978,-121.9482,10862,912,polygon,FALSE,FALSE,America/Los_Angeles,3
3906,Essex Junction,Essex Junction,VT,Vermont,50007,Chittenden,44.4902,-73.114,10852,917,polygon,FALSE,TRUE,America/New_York,3
3907,La Riviera,La Riviera,CA,California,6067,Sacramento,38.5683,-121.3544,10851,2205,polygon,FALSE,FALSE,America/Los_Angeles,2
3908,Vermillion,Vermillion,SD,South Dakota,46027,Clay,42.7811,-96.9255,10844,923,polygon,FALSE,TRUE,America/Chicago,3
3909,Gardere,Gardere,LA,Louisiana,22033,East Baton Rouge,30.3582,-91.1345,10841,1260,polygon,FALSE,FALSE,America/Chicago,3
3910,Pleasant View,Pleasant View,UT,Utah,49057,Weber,41.3249,-112.0011,10839,599,polygon,FALSE,TRUE,America/Denver,3
3911,Wasilla,Wasilla,AK,Alaska,2170,Matanuska-Susitna,61.577,-149.466,10838,337,polygon,FALSE,TRUE,America/Anchorage,3
3912,Northbrook,Northbrook,OH,Ohio,39061,Hamilton,39.2467,-84.5796,10832,2166,polygon,FALSE,FALSE,America/New_York,2
3913,River Forest,River Forest,IL,Illinois,17031,Cook,41.895,-87.8194,10816,1684,polygon,FALSE,TRUE,America/Chicago,3
3914,Manchester,Manchester,VA,Virginia,51041,Chesterfield,37.4902,-77.5396,10807,704,polygon,FALSE,FALSE,America/New_York,3
3915,Mount Kisco,Mount Kisco,NY,New York,36119,Westchester,41.2018,-73.7282,10795,1369,polygon,FALSE,TRUE,America/New_York,3
3916,Smithville,Smithville,MO,Missouri,29047,Clay,39.3921,-94.5748,10795,261,polygon,FALSE,TRUE,America/Chicago,3
3917,Sierra Madre,Sierra Madre,CA,California,6037,Los Angeles,34.1687,-118.0504,10793,1411,polygon,FALSE,TRUE,America/Los_Angeles,3
3918,Maili,Maili,HI,Hawaii,15003,Honolulu,21.4134,-158.1702,10792,2426,polygon,FALSE,FALSE,Pacific/Honolulu,2
3919,Totowa,Totowa,NJ,New Jersey,34031,Passaic,40.9039,-74.2213,10792,1041,polygon,FALSE,TRUE,America/New_York,3
3920,Halfway,Halfway,MD,Maryland,24043,Washington,39.6163,-77.77,10784,895,polygon,FALSE,FALSE,America/New_York,3
3921,Highland Park,Highland Park,MI,Michigan,26163,Wayne,42.4052,-83.0977,10775,1400,polygon,FALSE,TRUE,America/Detroit,3
3922,Citrus,Citrus,CA,California,6037,Los Angeles,34.1161,-117.889,10771,4689,polygon,FALSE,FALSE,America/Los_Angeles,2
3923,Winnemucca,Winnemucca,NV,Nevada,32013,Humboldt,40.9645,-117.7247,10764,305,polygon,FALSE,TRUE,America/Los_Angeles,3
3924,Castle Pines,Castle Pines,CO,Colorado,8035,Douglas,39.4625,-104.8706,10763,433,polygon,FALSE,TRUE,America/Denver,3
3925,Saks,Saks,AL,Alabama,1015,Calhoun,33.7118,-85.8536,10763,341,polygon,FALSE,FALSE,America/Chicago,3
3926,Burr Ridge,Burr Ridge,IL,Illinois,17043,DuPage,41.7485,-87.9198,10758,587,polygon,FALSE,TRUE,America/Chicago,3
3927,Galena Park,Galena Park,TX,Texas,48201,Harris,29.7452,-95.2333,10757,867,polygon,FALSE,TRUE,America/Chicago,3
3928,Ludington,Ludington,MI,Michigan,26105,Mason,43.9573,-86.4434,10752,931,polygon,FALSE,TRUE,America/Detroit,3
3929,Elk City,Elk City,OK,Oklahoma,40009,Beckham,35.385,-99.4331,10746,274,polygon,FALSE,TRUE,America/Chicago,3
3930,Bellmead,Bellmead,TX,Texas,48309,McLennan,31.6025,-97.0896,10744,604,polygon,FALSE,TRUE,America/Chicago,3
3931,Little Ferry,Little Ferry,NJ,New Jersey,34003,Bergen,40.8463,-74.0388,10739,2807,polygon,FALSE,TRUE,America/New_York,2
3932,Muskegon Heights,Muskegon Heights,MI,Michigan,26121,Muskegon,43.2024,-86.242,10736,1301,polygon,FALSE,TRUE,America/Detroit,3
3933,Mapleton,Mapleton,UT,Utah,49049,Utah,40.1188,-111.5742,10731,310,polygon,FALSE,TRUE,America/Denver,3
3934,Fruitland Park,Fruitland Park,FL,Florida,12069,Lake,28.86,-81.919,10730,702,polygon,FALSE,TRUE,America/New_York,3
3935,Rochelle,Rochelle,IL,Illinois,17141,Ogle,41.9195,-89.0632,10723,266,polygon,FALSE,TRUE,America/Chicago,3
3936,Browns Mills,Browns Mills,NJ,New Jersey,34005,Burlington,39.9737,-74.5689,10719,770,polygon,FALSE,FALSE,America/New_York,3
3937,Gig Harbor,Gig Harbor,WA,Washington,53053,Pierce,47.3353,-122.5964,10717,701,polygon,FALSE,TRUE,America/Los_Angeles,3
3938,Isabela,Isabela,PR,Puerto Rico,72071,Isabela,18.4991,-67.022,10708,1580,polygon,FALSE,FALSE,America/Puerto_Rico,3
3939,Crestwood,Crestwood,IL,Illinois,17031,Cook,41.6454,-87.7396,10706,1356,polygon,FALSE,TRUE,America/Chicago,3
3940,Rosaryville,Rosaryville,MD,Maryland,24033,Prince George's,38.7672,-76.8266,10705,449,polygon,FALSE,FALSE,America/New_York,3
3941,Farmersville,Farmersville,CA,California,6107,Tulare,36.3053,-119.2083,10703,1844,polygon,FALSE,TRUE,America/Los_Angeles,3
3942,Naranja,Naranja,FL,Florida,12086,Miami-Dade,25.5164,-80.4221,10702,2759,polygon,FALSE,FALSE,America/New_York,2
3943,Darby,Darby,PA,Pennsylvania,42045,Delaware,39.921,-75.2611,10702,4906,polygon,FALSE,TRUE,America/New_York,2
3944,Smithfield,Smithfield,VA,Virginia,51093,Isle of Wight,36.9754,-76.6162,10702,347,polygon,FALSE,TRUE,America/New_York,3
3945,Garden Acres,Garden Acres,CA,California,6077,San Joaquin,37.9637,-121.2296,10701,1598,polygon,FALSE,FALSE,America/Los_Angeles,3
3946,Scottdale,Scottdale,GA,Georgia,13089,DeKalb,33.795,-84.2634,10698,1234,polygon,FALSE,FALSE,America/New_York,3
3947,Sweet Home,Sweet Home,OR,Oregon,41043,Linn,44.4023,-122.7028,10697,726,polygon,FALSE,TRUE,America/Los_Angeles,3
3948,DeForest,DeForest,WI,Wisconsin,55025,Dane,43.2301,-89.3437,10691,504,polygon,FALSE,FALSE,America/Chicago,3
3949,Cleveland,Cleveland,TX,Texas,48291,Liberty,30.3374,-95.0931,10690,167,polygon,FALSE,TRUE,America/Chicago,3
3950,Avon Park,Avon Park,FL,Florida,12055,Highlands,27.5908,-81.5081,10689,423,polygon,FALSE,TRUE,America/New_York,3
3951,Lawrenceburg,Lawrenceburg,TN,Tennessee,47099,Lawrence,35.2497,-87.3325,10688,336,polygon,FALSE,TRUE,America/Chicago,3
3952,Raceland,Raceland,LA,Louisiana,22057,Lafourche,29.7282,-90.6362,10686,191,polygon,FALSE,FALSE,America/Chicago,3
3953,Bothell East,Bothell East,WA,Washington,53061,Snohomish,47.8064,-122.1845,10682,1967,polygon,FALSE,TRUE,America/Los_Angeles,3
3954,Spencer,Spencer,IA,Iowa,19041,Clay,43.1468,-95.1534,10678,386,polygon,FALSE,TRUE,America/Chicago,3
3955,Pike Creek Valley,Pike Creek Valley,DE,Delaware,10003,New Castle,39.7296,-75.6993,10664,1594,polygon,FALSE,FALSE,America/New_York,3
3956,Hornell,Hornell,NY,New York,36101,Steuben,42.3332,-77.6633,10661,977,polygon,FALSE,TRUE,America/New_York,3
3957,Pacific,Pacific,MO,Missouri,29071,Franklin,38.4805,-90.7541,10661,469,polygon,FALSE,TRUE,America/Chicago,3
3958,Newcastle,Newcastle,OK,Oklahoma,40087,McClain,35.2404,-97.5998,10655,68,polygon,FALSE,TRUE,America/Chicago,3
3959,Ketchikan,Ketchikan,AK,Alaska,2130,Ketchikan Gateway,55.3556,-131.6698,10652,838,polygon,FALSE,TRUE,America/Sitka,3
3960,Alamosa,Alamosa,CO,Colorado,8003,Alamosa,37.4751,-105.8769,10652,492,polygon,FALSE,TRUE,America/Denver,3
3961,Bacliff,Bacliff,TX,Texas,48167,Galveston,29.5077,-94.988,10649,1502,polygon,FALSE,FALSE,America/Chicago,3
3962,Lansdowne,Lansdowne,PA,Pennsylvania,42045,Delaware,39.9408,-75.276,10647,3479,polygon,FALSE,TRUE,America/New_York,2
3963,Toccoa,Toccoa,GA,Georgia,13257,Stephens,34.5807,-83.3256,10647,338,polygon,FALSE,TRUE,America/New_York,3
3964,Trinity,Trinity,FL,Florida,12101,Pasco,28.1809,-82.6581,10646,918,polygon,FALSE,FALSE,America/New_York,3
3965,Brooklyn,Brooklyn,OH,Ohio,39035,Cuyahoga,41.4349,-81.7498,10646,967,polygon,FALSE,TRUE,America/New_York,3
3966,Highland City,Highland City,FL,Florida,12105,Polk,27.9633,-81.8781,10641,526,polygon,FALSE,FALSE,America/New_York,3
3967,Millington,Millington,TN,Tennessee,47157,Shelby,35.335,-89.8991,10641,183,polygon,FALSE,TRUE,America/Chicago,3
3968,Georgetown,Georgetown,DE,Delaware,10005,Sussex,38.6894,-75.3872,10638,581,polygon,FALSE,TRUE,America/New_York,3
3969,Ogdensburg,Ogdensburg,NY,New York,36089,St. Lawrence,44.7088,-75.4717,10638,813,polygon,FALSE,TRUE,America/Toronto,3
3970,Wyomissing,Wyomissing,PA,Pennsylvania,42011,Berks,40.3317,-75.9703,10635,910,polygon,FALSE,TRUE,America/New_York,3
3971,Petal,Petal,MS,Mississippi,28035,Forrest,31.3477,-89.2359,10632,244,polygon,FALSE,TRUE,America/Chicago,3
3972,Anderson,Anderson,CA,California,6089,Shasta,40.4497,-122.295,10630,583,polygon,FALSE,TRUE,America/Los_Angeles,3
3973,Monroe,Monroe,WI,Wisconsin,55045,Green,42.603,-89.6382,10619,727,polygon,FALSE,TRUE,America/Chicago,3
3974,Atchison,Atchison,KS,Kansas,20005,Atchison,39.5625,-95.1367,10613,504,polygon,FALSE,TRUE,America/Chicago,3
3975,Park Forest Village,Park Forest Village,PA,Pennsylvania,42027,Centre,40.7996,-77.9084,10610,1648,polygon,FALSE,FALSE,America/New_York,3
3976,Burtonsville,Burtonsville,MD,Maryland,24031,Montgomery,39.1166,-76.9356,10604,522,polygon,FALSE,FALSE,America/New_York,3
3977,Cheval,Cheval,FL,Florida,12057,Hillsborough,28.1459,-82.5185,10603,687,polygon,FALSE,FALSE,America/New_York,3
3978,Fort Bliss,Fort Bliss,TX,Texas,48141,El Paso,31.8137,-106.4119,10602,658,polygon,TRUE,TRUE,America/Denver,3
3979,Lake Stickney,Lake Stickney,WA,Washington,53061,Snohomish,47.8709,-122.2596,10584,2672,polygon,FALSE,FALSE,America/Los_Angeles,2
3980,North Lindenhurst,North Lindenhurst,NY,New York,36103,Suffolk,40.7072,-73.3859,10584,2116,polygon,FALSE,FALSE,America/New_York,2
3981,Panthersville,Panthersville,GA,Georgia,13089,DeKalb,33.7059,-84.2764,10581,1114,polygon,FALSE,FALSE,America/New_York,3
3982,Van Wert,Van Wert,OH,Ohio,39161,Van Wert,40.865,-84.5879,10579,541,polygon,FALSE,TRUE,America/New_York,3
3983,Norton,Norton,VA,Virginia,51720,Norton,36.9314,-82.6262,10570,205,polygon,FALSE,TRUE,America/New_York,3
3984,Fairfield,Fairfield,AL,Alabama,1073,Jefferson,33.4747,-86.9194,10568,1175,polygon,FALSE,TRUE,America/Chicago,3
3985,Greencastle,Greencastle,IN,Indiana,18133,Putnam,39.6431,-86.8419,10567,756,polygon,FALSE,TRUE,America/Indiana/Indianapolis,3
3986,Covington,Covington,LA,Louisiana,22103,St. Tammany,30.4808,-90.1122,10564,505,polygon,FALSE,TRUE,America/Chicago,3
3987,Myrtle Grove,Myrtle Grove,NC,North Carolina,37129,New Hanover,34.123,-77.8834,10563,608,polygon,FALSE,FALSE,America/New_York,3
3988,Three Rivers,Three Rivers,MI,Michigan,26149,St. Joseph,41.9465,-85.6281,10560,545,polygon,FALSE,TRUE,America/Detroit,3
3989,Kapaa,Kapaa,HI,Hawaii,15007,Kauai,22.091,-159.352,10544,405,polygon,FALSE,FALSE,Pacific/Honolulu,3
3990,Morro Bay,Morro Bay,CA,California,6079,San Luis Obispo,35.3681,-120.8481,10543,764,polygon,FALSE,TRUE,America/Los_Angeles,3
3991,Lowell,Lowell,IN,Indiana,18089,Lake,41.2921,-87.4184,10541,614,polygon,FALSE,TRUE,America/Chicago,3
3992,Paris,Paris,TN,Tennessee,47079,Henry,36.2934,-88.3065,10536,300,polygon,FALSE,TRUE,America/Chicago,3
3993,Ironton,Ironton,OH,Ohio,39087,Lawrence,38.5319,-82.6777,10532,977,polygon,FALSE,TRUE,America/New_York,3
3994,Saddlebrooke,Saddlebrooke,AZ,Arizona,4021,Pinal,32.5385,-110.8582,10530,139,polygon,FALSE,TRUE,America/Phoenix,3
3995,Milton,Milton,FL,Florida,12113,Santa Rosa,30.6286,-87.0522,10523,730,polygon,FALSE,TRUE,America/Chicago,3
3996,Tanaina,Tanaina,AK,Alaska,2170,Matanuska-Susitna,61.656,-149.4272,10520,133,polygon,FALSE,FALSE,America/Anchorage,3
3997,Gateway,Gateway,FL,Florida,12071,Lee,26.5804,-81.7453,10513,722,polygon,FALSE,FALSE,America/New_York,3
3998,Columbia,Columbia,IL,Illinois,17133,Monroe,38.4581,-90.2156,10513,393,polygon,FALSE,TRUE,America/Chicago,3
3999,Roscoe,Roscoe,IL,Illinois,17201,Winnebago,42.4256,-89.0083,10510,395,polygon,FALSE,TRUE,America/Chicago,3
4000,Arkadelphia,Arkadelphia,AR,Arkansas,5019,Clark,34.1255,-93.0725,10503,560,polygon,FALSE,TRUE,America/Chicago,3
4001,Little Canada,Little Canada,MN,Minnesota,27123,Ramsey,45.0244,-93.0863,10501,1040,polygon,FALSE,TRUE,America/Chicago,3
4002,Wapakoneta,Wapakoneta,OH,Ohio,39011,Auglaize,40.5663,-84.1915,10500,585,polygon,FALSE,TRUE,America/New_York,3
4003,Alpine,Alpine,UT,Utah,49049,Utah,40.4629,-111.7724,10498,509,polygon,FALSE,TRUE,America/Denver,3
4004,West Perrine,West Perrine,FL,Florida,12086,Miami-Dade,25.6061,-80.3639,10491,2315,polygon,FALSE,FALSE,America/New_York,2
4005,Farmington,Farmington,MI,Michigan,26125,Oakland,42.4614,-83.3784,10491,1520,polygon,FALSE,TRUE,America/Detroit,3
4006,Exeter,Exeter,CA,California,6107,Tulare,36.294,-119.1459,10485,1643,polygon,FALSE,TRUE,America/Los_Angeles,3
4007,Bernalillo,Bernalillo,NM,New Mexico,35043,Sandoval,35.3127,-106.5537,10477,827,polygon,FALSE,TRUE,America/Denver,3
4008,Point Pleasant,Point Pleasant,WV,West Virginia,54053,Mason,38.8529,-82.1303,10473,649,polygon,FALSE,TRUE,America/New_York,3
4009,Cape Canaveral,Cape Canaveral,FL,Florida,12009,Brevard,28.3933,-80.605,10470,1819,polygon,FALSE,TRUE,America/New_York,3
4010,Jacinto City,Jacinto City,TX,Texas,48201,Harris,29.7663,-95.241,10466,2181,polygon,FALSE,TRUE,America/Chicago,2
4011,Worth,Worth,IL,Illinois,17031,Cook,41.6877,-87.7916,10466,1705,polygon,FALSE,TRUE,America/Chicago,3
4012,Portage,Portage,WI,Wisconsin,55021,Columbia,43.5489,-89.4658,10465,450,polygon,FALSE,TRUE,America/Chicago,3
4013,Bedford Heights,Bedford Heights,OH,Ohio,39035,Cuyahoga,41.4042,-81.5053,10460,888,polygon,FALSE,TRUE,America/New_York,3
4014,Woodmere,Woodmere,LA,Louisiana,22051,Jefferson,29.8493,-90.0751,10458,1105,polygon,FALSE,FALSE,America/Chicago,3
4015,Lake Arbor,Lake Arbor,MD,Maryland,24033,Prince George's,38.907,-76.8299,10456,1288,polygon,FALSE,FALSE,America/New_York,3
4016,Star,Star,ID,Idaho,16001,Ada,43.7013,-116.4934,10454,579,polygon,FALSE,TRUE,America/Boise,3
4017,Fox Lake,Fox Lake,IL,Illinois,17097,Lake,42.4239,-88.1844,10451,515,polygon,FALSE,TRUE,America/Chicago,3
4018,Fountain Inn,Fountain Inn,SC,South Carolina,45045,Greenville,34.6994,-82.1999,10441,555,polygon,FALSE,TRUE,America/New_York,3
4019,Kendallville,Kendallville,IN,Indiana,18113,Noble,41.4441,-85.2578,10432,630,polygon,FALSE,TRUE,America/Indiana/Indianapolis,3
4020,Sumner,Sumner,WA,Washington,53053,Pierce,47.2189,-122.2338,10427,534,polygon,FALSE,TRUE,America/Los_Angeles,3
4021,Burkburnett,Burkburnett,TX,Texas,48485,Wichita,34.0746,-98.5672,10427,376,polygon,FALSE,TRUE,America/Chicago,3
4022,Pine Hill,Pine Hill,NJ,New Jersey,34007,Camden,39.7879,-74.9857,10417,1028,polygon,FALSE,TRUE,America/New_York,3
4023,Martin,Martin,TN,Tennessee,47183,Weakley,36.3386,-88.8513,10415,326,polygon,FALSE,TRUE,America/Chicago,3
4024,Budd Lake,Budd Lake,NJ,New Jersey,34027,Morris,40.8733,-74.7374,10414,738,polygon,FALSE,FALSE,America/New_York,3
4025,Hudson,Hudson,NY,New York,36021,Columbia,42.2515,-73.7859,10413,1086,polygon,FALSE,TRUE,America/New_York,3
4026,Shasta Lake,Shasta Lake,CA,California,6089,Shasta,40.679,-122.3775,10413,368,polygon,FALSE,TRUE,America/Los_Angeles,3
4027,Rodeo,Rodeo,CA,California,6013,Contra Costa,38.0368,-122.2526,10411,1074,polygon,FALSE,FALSE,America/Los_Angeles,3
4028,Dayton,Dayton,TN,Tennessee,47143,Rhea,35.4912,-85.012,10410,364,polygon,FALSE,TRUE,America/New_York,3
4029,Vidor,Vidor,TX,Texas,48361,Orange,30.1291,-93.9967,10403,334,polygon,FALSE,TRUE,America/Chicago,3
4030,Bellefontaine Neighbors,Bellefontaine Neighbors,MO,Missouri,29189,St. Louis,38.7529,-90.228,10397,913,polygon,FALSE,TRUE,America/Chicago,3
4031,Vermilion,Vermilion,OH,Ohio,39043,Erie,41.4103,-82.3214,10394,377,polygon,FALSE,TRUE,America/New_York,3
4032,East Whittier,East Whittier,CA,California,6037,Los Angeles,33.9244,-117.9887,10391,3679,polygon,FALSE,FALSE,America/Los_Angeles,2
4033,Bolivar,Bolivar,MO,Missouri,29167,Polk,37.6057,-93.4174,10389,515,polygon,FALSE,TRUE,America/Chicago,3
4034,San Diego Country Estates,San Diego Country Estates,CA,California,6073,San Diego,33.0093,-116.7874,10381,238,polygon,FALSE,FALSE,America/Los_Angeles,3
4035,Kennett,Kennett,MO,Missouri,29069,Dunklin,36.2403,-90.0481,10379,556,polygon,FALSE,TRUE,America/Chicago,3
4036,Troy,Troy,IL,Illinois,17119,Madison,38.7266,-89.8973,10375,725,polygon,FALSE,TRUE,America/Chicago,3
4037,Fort Bragg,Fort Bragg,CA,California,6045,Mendocino,39.4399,-123.8013,10374,971,polygon,FALSE,TRUE,America/Los_Angeles,3
4038,Comstock Park,Comstock Park,MI,Michigan,26081,Kent,43.0438,-85.6779,10374,1032,polygon,FALSE,FALSE,America/Detroit,3
4039,Lyons,Lyons,IL,Illinois,17031,Cook,41.8121,-87.8192,10372,1832,polygon,FALSE,TRUE,America/Chicago,3
4040,Miami Shores,Miami Shores,FL,Florida,12086,Miami-Dade,25.867,-80.1779,10365,1609,polygon,FALSE,TRUE,America/New_York,3
4041,Cypress Gardens,Cypress Gardens,FL,Florida,12105,Polk,28.0036,-81.6857,10358,1153,polygon,FALSE,FALSE,America/New_York,3
4042,Columbia,Columbia,PA,Pennsylvania,42071,Lancaster,40.0348,-76.4944,10355,1656,polygon,FALSE,TRUE,America/New_York,3
4043,Waterloo,Waterloo,IL,Illinois,17133,Monroe,38.3403,-90.1538,10354,501,polygon,FALSE,TRUE,America/Chicago,3
4044,Beverly Hills,Beverly Hills,MI,Michigan,26125,Oakland,42.522,-83.2423,10352,993,polygon,FALSE,TRUE,America/Detroit,3
4045,Lexington,Lexington,NE,Nebraska,31047,Dawson,40.7779,-99.7461,10345,867,polygon,FALSE,TRUE,America/Chicago,3
4046,Richmond Heights,Richmond Heights,OH,Ohio,39035,Cuyahoga,41.5589,-81.5029,10342,900,polygon,FALSE,TRUE,America/New_York,3
4047,Jefferson,Jefferson,LA,Louisiana,22051,Jefferson,29.9609,-90.1554,10341,1474,polygon,FALSE,FALSE,America/Chicago,3
4048,Magnolia,Magnolia,AR,Arkansas,5027,Columbia,33.2774,-93.2261,10339,335,polygon,FALSE,TRUE,America/Chicago,3
4049,Summerville,Summerville,GA,Georgia,13055,Chattooga,34.4787,-85.3491,10331,408,polygon,FALSE,TRUE,America/New_York,3
4050,Wellington,Wellington,CO,Colorado,8069,Larimer,40.7,-105.0054,10329,1111,polygon,FALSE,TRUE,America/Denver,3
4051,Fuller Heights,Fuller Heights,FL,Florida,12105,Polk,27.9226,-81.9978,10327,925,polygon,FALSE,FALSE,America/New_York,3
4052,Nanticoke,Nanticoke,PA,Pennsylvania,42079,Luzerne,41.2004,-76.0003,10312,1152,polygon,FALSE,TRUE,America/New_York,3
4053,Hillsdale,Hillsdale,NJ,New Jersey,34003,Bergen,41.0074,-74.044,10307,1371,polygon,FALSE,TRUE,America/New_York,3
4054,Fredonia,Fredonia,NY,New York,36013,Chautauqua,42.4407,-79.3319,10303,766,polygon,FALSE,TRUE,America/New_York,3
4055,Lanham,Lanham,MD,Maryland,24033,Prince George's,38.9621,-76.8421,10301,1127,polygon,FALSE,FALSE,America/New_York,3
4056,Fairview,Fairview,CA,California,6001,Alameda,37.676,-122.048,10299,1445,polygon,FALSE,FALSE,America/Los_Angeles,3
4057,Forest,Forest,VA,Virginia,51019,Bedford,37.3728,-79.2831,10298,292,polygon,FALSE,FALSE,America/New_York,3
4058,Forest Acres,Forest Acres,SC,South Carolina,45079,Richland,34.0324,-80.9716,10298,864,polygon,FALSE,TRUE,America/New_York,3
4059,Fort Meade,Fort Meade,MD,Maryland,24003,Anne Arundel,39.1058,-76.7438,10297,484,polygon,TRUE,TRUE,America/New_York,3
4060,Reading,Reading,OH,Ohio,39061,Hamilton,39.2243,-84.4333,10296,1375,polygon,FALSE,TRUE,America/New_York,3
4061,Arden Hills,Arden Hills,MN,Minnesota,27123,Ramsey,45.0721,-93.167,10281,469,polygon,FALSE,TRUE,America/Chicago,3
4062,Pine Ridge,Pine Ridge,FL,Florida,12017,Citrus,28.933,-82.4761,10279,159,polygon,FALSE,FALSE,America/New_York,3
4063,Independence,Independence,OR,Oregon,41053,Polk,44.8551,-123.1948,10272,1380,polygon,FALSE,TRUE,America/Los_Angeles,3
4064,Doraville,Doraville,GA,Georgia,13089,DeKalb,33.9072,-84.2711,10265,807,polygon,FALSE,TRUE,America/New_York,3
4065,Bonham,Bonham,TX,Texas,48147,Fannin,33.588,-96.1901,10250,407,polygon,FALSE,TRUE,America/Chicago,3
4066,Melvindale,Melvindale,MI,Michigan,26163,Wayne,42.2802,-83.1782,10248,1453,polygon,FALSE,TRUE,America/Detroit,3
4067,Sauk Village,Sauk Village,IL,Illinois,17031,Cook,41.4905,-87.5706,10246,988,polygon,FALSE,TRUE,America/Chicago,3
4068,Clearfield,Clearfield,PA,Pennsylvania,42033,Clearfield,41.0216,-78.439,10243,1250,polygon,FALSE,TRUE,America/New_York,3
4069,Sparta,Sparta,WI,Wisconsin,55081,Monroe,43.9378,-90.8131,10229,473,polygon,FALSE,TRUE,America/Chicago,3
4070,Box Elder,Box Elder,SD,South Dakota,46103,Pennington,44.1121,-103.0827,10228,265,polygon,FALSE,TRUE,America/Denver,3
4071,Barrington,Barrington,IL,Illinois,17031,Cook,42.1515,-88.1281,10217,856,polygon,FALSE,TRUE,America/Chicago,3
4072,Pasadena Hills,Pasadena Hills,FL,Florida,12101,Pasco,28.2881,-82.238,10216,131,polygon,FALSE,TRUE,America/New_York,3
4073,Middle Island,Middle Island,NY,New York,36103,Suffolk,40.8857,-72.9454,10216,479,polygon,FALSE,FALSE,America/New_York,3
4074,Lake Monticello,Lake Monticello,VA,Virginia,51065,Fluvanna,37.921,-78.3295,10210,445,polygon,FALSE,FALSE,America/New_York,3
4075,Great Neck,Great Neck,NY,New York,36059,Nassau,40.8028,-73.7332,10209,2954,polygon,FALSE,TRUE,America/New_York,2
4076,Fort Lupton,Fort Lupton,CO,Colorado,8123,Weld,40.0831,-104.8024,10208,289,polygon,FALSE,TRUE,America/Denver,3
4077,Victoria,Victoria,MN,Minnesota,27019,Carver,44.8634,-93.6586,10206,452,polygon,FALSE,TRUE,America/Chicago,3
4078,Bluffton,Bluffton,IN,Indiana,18179,Wells,40.7424,-85.173,10202,471,polygon,FALSE,TRUE,America/Indiana/Indianapolis,3
4079,Timberlane,Timberlane,LA,Louisiana,22051,Jefferson,29.8781,-90.0303,10192,2617,polygon,FALSE,FALSE,America/Chicago,2
4080,West Haverstraw,West Haverstraw,NY,New York,36087,Rockland,41.2063,-73.9883,10189,2584,polygon,FALSE,TRUE,America/New_York,2
4081,Fife,Fife,WA,Washington,53053,Pierce,47.2328,-122.3518,10184,686,polygon,FALSE,TRUE,America/Los_Angeles,3
4082,Bound Brook,Bound Brook,NJ,New Jersey,34035,Somerset,40.5676,-74.5383,10180,2365,polygon,FALSE,TRUE,America/New_York,2
4083,Somers Point,Somers Point,NJ,New Jersey,34001,Atlantic,39.3167,-74.6066,10174,979,polygon,FALSE,TRUE,America/New_York,3
4084,Union,Union,MO,Missouri,29071,Franklin,38.44,-90.9927,10172,509,polygon,FALSE,TRUE,America/Chicago,3
4085,Quartz Hill,Quartz Hill,CA,California,6037,Los Angeles,34.6527,-118.2163,10164,1042,polygon,FALSE,FALSE,America/Los_Angeles,3
4086,New Port Richey East,New Port Richey East,FL,Florida,12101,Pasco,28.2605,-82.693,10161,1045,polygon,FALSE,TRUE,America/New_York,3
4087,Pike Road,Pike Road,AL,Alabama,1101,Montgomery,32.2934,-86.0902,10159,119,polygon,FALSE,TRUE,America/Chicago,3
4088,Havre,Havre,MT,Montana,30041,Hill,48.5427,-109.6803,10155,1019,polygon,FALSE,TRUE,America/Denver,3
4089,Snohomish,Snohomish,WA,Washington,53061,Snohomish,47.9276,-122.0968,10154,1113,polygon,FALSE,TRUE,America/Los_Angeles,3
4090,Brookhaven,Brookhaven,MS,Mississippi,28085,Lincoln,31.5803,-90.4432,10154,213,polygon,FALSE,TRUE,America/Chicago,3
4091,Wyndham,Wyndham,VA,Virginia,51087,Henrico,37.6924,-77.6123,10151,1075,polygon,FALSE,FALSE,America/New_York,3
4092,Waynesville,Waynesville,NC,North Carolina,37087,Haywood,35.4854,-82.9995,10141,443,polygon,FALSE,TRUE,America/New_York,3
4093,Timonium,Timonium,MD,Maryland,24005,Baltimore,39.4463,-76.6083,10140,731,polygon,FALSE,FALSE,America/New_York,3
4094,Clarion,Clarion,PA,Pennsylvania,42031,Clarion,41.2106,-79.3803,10138,1399,polygon,FALSE,TRUE,America/New_York,3
4095,Kutztown,Kutztown,PA,Pennsylvania,42011,Berks,40.5213,-75.7772,10137,1225,polygon,FALSE,TRUE,America/New_York,3
4096,Progress Village,Progress Village,FL,Florida,12057,Hillsborough,27.8832,-82.3593,10136,1293,polygon,FALSE,FALSE,America/New_York,3
4097,Fort Madison,Fort Madison,IA,Iowa,19111,Lee,40.6207,-91.3509,10130,412,polygon,FALSE,TRUE,America/Chicago,3
4098,Danville,Danville,IN,Indiana,18063,Hendricks,39.7603,-86.5076,10126,558,polygon,FALSE,TRUE,America/Indiana/Indianapolis,3
4099,Vienna,Vienna,WV,West Virginia,54107,Wood,39.324,-81.5383,10124,986,polygon,FALSE,TRUE,America/New_York,3
4100,Manville,Manville,NJ,New Jersey,34035,Somerset,40.5421,-74.5892,10121,1655,polygon,FALSE,TRUE,America/New_York,3
4101,Bel Air,Bel Air,MD,Maryland,24025,Harford,39.5348,-76.346,10119,1286,polygon,FALSE,TRUE,America/New_York,3
4102,Warr Acres,Warr Acres,OK,Oklahoma,40109,Oklahoma,35.5285,-97.6182,10118,1393,polygon,FALSE,TRUE,America/Chicago,3
4103,Franklin,Franklin,KY,Kentucky,21213,Simpson,36.7178,-86.5595,10118,238,polygon,FALSE,TRUE,America/Chicago,3
4104,Tipp City,Tipp City,OH,Ohio,39109,Miami,39.9643,-84.1858,10115,501,polygon,FALSE,TRUE,America/New_York,3
4105,Lincoln Park,Lincoln Park,NJ,New Jersey,34027,Morris,40.9239,-74.3035,10111,610,polygon,FALSE,TRUE,America/New_York,3
4106,Struthers,Struthers,OH,Ohio,39099,Mahoning,41.051,-80.592,10111,1072,polygon,FALSE,TRUE,America/New_York,3
4107,Waldwick,Waldwick,NJ,New Jersey,34003,Bergen,41.0134,-74.1259,10108,1907,polygon,FALSE,TRUE,America/New_York,3
4108,Shawano,Shawano,WI,Wisconsin,55115,Shawano,44.7748,-88.5843,10107,515,polygon,FALSE,TRUE,America/Chicago,3
4109,Cedar Hills,Cedar Hills,UT,Utah,49049,Utah,40.4135,-111.753,10083,1432,polygon,FALSE,TRUE,America/Denver,3
4110,Hobart,Hobart,WI,Wisconsin,55009,Brown,44.4967,-88.1602,10082,117,polygon,FALSE,TRUE,America/Chicago,3
4111,Cresson,Cresson,PA,Pennsylvania,42021,Cambria,40.4626,-78.5866,10078,1241,polygon,FALSE,TRUE,America/New_York,3
4112,Clinton,Clinton,TN,Tennessee,47001,Anderson,36.0981,-84.1283,10075,334,polygon,FALSE,TRUE,America/New_York,3
4113,Edwards,Edwards,CO,Colorado,8037,Eagle,39.6215,-106.6183,10071,145,polygon,FALSE,FALSE,America/Denver,3
4114,Lincoln Village,Lincoln Village,OH,Ohio,39049,Franklin,39.9532,-83.1314,10071,2130,polygon,FALSE,FALSE,America/New_York,2
4115,Garden City,Garden City,SC,South Carolina,45051,Horry,33.5927,-79.007,10070,731,polygon,FALSE,FALSE,America/New_York,3
4116,Del Aire,Del Aire,CA,California,6037,Los Angeles,33.9168,-118.3693,10065,3840,polygon,FALSE,FALSE,America/Los_Angeles,2
4117,Nolensville,Nolensville,TN,Tennessee,47187,Williamson,35.9572,-86.672,10062,372,polygon,FALSE,TRUE,America/Chicago,3
4118,Camden,Camden,AR,Arkansas,5103,Ouachita,33.5672,-92.8467,10058,251,polygon,FALSE,TRUE,America/Chicago,3
4119,Wood River,Wood River,IL,Illinois,17119,Madison,38.8631,-90.0773,10051,554,polygon,FALSE,TRUE,America/Chicago,3
4120,Sleepy Hollow,Sleepy Hollow,NY,New York,36119,Westchester,41.0936,-73.8724,10046,1763,polygon,FALSE,TRUE,America/New_York,3
4121,Fair Oaks Ranch,Fair Oaks Ranch,TX,Texas,48029,Bexar,29.7468,-98.6375,10042,316,polygon,FALSE,TRUE,America/Chicago,3
4122,Countryside,Countryside,VA,Virginia,51107,Loudoun,39.0518,-77.4124,10042,1510,polygon,FALSE,FALSE,America/New_York,3
4123,Vashon,Vashon,WA,Washington,53033,King,47.4122,-122.4726,10036,104,polygon,FALSE,FALSE,America/Los_Angeles,3
4124,Holmen,Holmen,WI,Wisconsin,55063,La Crosse,43.9699,-91.2661,10034,578,polygon,FALSE,TRUE,America/Chicago,3
4125,Coweta,Coweta,OK,Oklahoma,40145,Wagoner,35.968,-95.6543,10032,366,polygon,FALSE,TRUE,America/Chicago,3
4126,Warrenton,Warrenton,VA,Virginia,51061,Fauquier,38.7176,-77.7975,10027,885,polygon,FALSE,TRUE,America/New_York,3
4127,Westgate,Westgate,FL,Florida,12099,Palm Beach,26.6994,-80.0989,10026,2548,polygon,FALSE,TRUE,America/New_York,2
4128,Pleasant Hill,Pleasant Hill,IA,Iowa,19153,Polk,41.5868,-93.4952,10019,370,polygon,FALSE,TRUE,America/Chicago,3
4129,Bee Ridge,Bee Ridge,FL,Florida,12115,Sarasota,27.2855,-82.4731,10012,1030,polygon,FALSE,FALSE,America/New_York,3
4130,Capitola,Capitola,CA,California,6087,Santa Cruz,36.9772,-121.9538,10010,2425,polygon,FALSE,TRUE,America/Los_Angeles,2
4131,Laurens,Laurens,SC,South Carolina,45059,Laurens,34.5022,-82.0207,10008,347,polygon,FALSE,TRUE,America/New_York,3
4132,Flat Rock,Flat Rock,MI,Michigan,26163,Wayne,42.0991,-83.2716,10004,590,polygon,FALSE,TRUE,America/Detroit,3
4133,Molalla,Molalla,OR,Oregon,41005,Clackamas,45.1502,-122.5844,10001,1469,polygon,FALSE,TRUE,America/Los_Angeles,3
4134,South Huntington,South Huntington,NY,New York,36103,Suffolk,40.8225,-73.3921,10000,1130,polygon,FALSE,FALSE,America/New_York,3
4135,Fairmount,Fairmount,NY,New York,36067,Onondaga,43.0414,-76.2485,9997,1157,polygon,FALSE,FALSE,America/New_York,3
4136,Fort Oglethorpe,Fort Oglethorpe,GA,Georgia,13047,Catoosa,34.9319,-85.246,9994,277,polygon,FALSE,TRUE,America/New_York,3
4137,Marlton,Marlton,NJ,New Jersey,34005,Burlington,39.9016,-74.9297,9990,1188,polygon,FALSE,FALSE,America/New_York,3
4138,Alcoa,Alcoa,TN,Tennessee,47009,Blount,35.8073,-83.9752,9980,258,polygon,FALSE,TRUE,America/New_York,3
4139,Orland,Orland,CA,California,6021,Glenn,39.7461,-122.1856,9964,1014,polygon,FALSE,TRUE,America/Los_Angeles,3
4140,Helotes,Helotes,TX,Texas,48029,Bexar,29.5693,-98.6956,9961,565,polygon,FALSE,TRUE,America/Chicago,3
4141,Key Largo,Key Largo,FL,Florida,12087,Monroe,25.1224,-80.412,9954,318,polygon,FALSE,FALSE,America/New_York,3
4142,Madera Acres,Madera Acres,CA,California,6039,Madera,37.0123,-120.0799,9946,527,polygon,FALSE,FALSE,America/Los_Angeles,3
4143,Winterville,Winterville,NC,North Carolina,37147,Pitt,35.5287,-77.3994,9931,828,polygon,FALSE,TRUE,America/New_York,3
4144,Clay,Clay,AL,Alabama,1073,Jefferson,33.6976,-86.607,9923,381,polygon,FALSE,TRUE,America/Chicago,3
4145,Vernon,Vernon,TX,Texas,48487,Wilbarger,34.148,-99.3,9919,504,polygon,FALSE,TRUE,America/Chicago,3
4146,St. Albans,St. Albans,WV,West Virginia,54039,Kanawha,38.3769,-81.8198,9918,1059,polygon,FALSE,TRUE,America/New_York,3
4147,Mission,Mission,KS,Kansas,20091,Johnson,39.027,-94.6568,9911,1433,polygon,FALSE,TRUE,America/Chicago,3
4148,Berwick,Berwick,PA,Pennsylvania,42037,Columbia,41.0555,-76.2492,9903,1243,polygon,FALSE,TRUE,America/New_York,3
4149,Watervliet,Watervliet,NY,New York,36001,Albany,42.7243,-73.7068,9900,2840,polygon,FALSE,TRUE,America/New_York,2
4150,Rockcreek,Rockcreek,OR,Oregon,41067,Washington,45.5525,-122.8757,9898,1952,polygon,FALSE,FALSE,America/Los_Angeles,3
4151,Kinnelon,Kinnelon,NJ,New Jersey,34027,Morris,40.9847,-74.3862,9896,211,polygon,FALSE,TRUE,America/New_York,3
4152,Ventnor City,Ventnor City,NJ,New Jersey,34001,Atlantic,39.3457,-74.486,9895,1952,polygon,FALSE,TRUE,America/New_York,3
4153,Emmett,Emmett,ID,Idaho,16045,Gem,43.8685,-116.489,9889,969,polygon,FALSE,TRUE,America/Boise,3
4154,Sugar Grove,Sugar Grove,IL,Illinois,17089,Kane,41.7758,-88.448,9888,330,polygon,FALSE,TRUE,America/Chicago,3
4155,River Grove,River Grove,IL,Illinois,17031,Cook,41.9243,-87.8379,9883,1596,polygon,FALSE,TRUE,America/Chicago,3
4156,Pingree Grove,Pingree Grove,IL,Illinois,17089,Kane,42.0857,-88.4362,9874,1036,polygon,FALSE,TRUE,America/Chicago,3
4157,Northampton,Northampton,PA,Pennsylvania,42095,Northampton,40.6866,-75.4904,9870,1542,polygon,FALSE,TRUE,America/New_York,3
4158,Waggaman,Waggaman,LA,Louisiana,22051,Jefferson,29.9373,-90.2354,9866,691,polygon,FALSE,FALSE,America/Chicago,3
4159,Gages Lake,Gages Lake,IL,Illinois,17097,Lake,42.3519,-87.9828,9862,1279,polygon,FALSE,FALSE,America/Chicago,3
4160,Ellisville,Ellisville,MO,Missouri,29189,St. Louis,38.5897,-90.5884,9862,871,polygon,FALSE,TRUE,America/Chicago,3
4161,Blackhawk,Blackhawk,CA,California,6013,Contra Costa,37.816,-121.9071,9860,656,polygon,FALSE,FALSE,America/Los_Angeles,3
4162,Mentone,Mentone,CA,California,6071,San Bernardino,34.0609,-117.1108,9847,622,polygon,FALSE,FALSE,America/Los_Angeles,3
4163,Country Club,Country Club,CA,California,6077,San Joaquin,37.9687,-121.3408,9846,1983,polygon,FALSE,FALSE,America/Los_Angeles,3
4164,Scottsboro,Scottsboro,AL,Alabama,1071,Jackson,34.6438,-86.0491,9841,110,polygon,FALSE,TRUE,America/Chicago,3
4165,Sweetwater,Sweetwater,TX,Texas,48353,Nolan,32.4693,-100.4092,9836,365,polygon,FALSE,TRUE,America/Chicago,3
4166,New Baltimore,New Baltimore,VA,Virginia,51061,Fauquier,38.7495,-77.7151,9831,315,polygon,FALSE,FALSE,America/New_York,3
4167,Coffeyville,Coffeyville,KS,Kansas,20125,Montgomery,37.0518,-95.618,9827,378,polygon,FALSE,TRUE,America/Chicago,3
4168,Chillicothe,Chillicothe,MO,Missouri,29117,Livingston,39.7953,-93.5499,9824,525,polygon,FALSE,TRUE,America/Chicago,3
4169,Lake Barcroft,Lake Barcroft,VA,Virginia,51059,Fairfax,38.8514,-77.1579,9823,1558,polygon,FALSE,FALSE,America/New_York,3
4170,Franklin,Franklin,NH,New Hampshire,33013,Merrimack,43.4499,-71.6691,9817,122,polygon,FALSE,TRUE,America/New_York,3
4171,Robertsdale,Robertsdale,AL,Alabama,1003,Baldwin,30.5534,-87.7023,9817,387,polygon,FALSE,TRUE,America/Chicago,3
4172,East Rockaway,East Rockaway,NY,New York,36059,Nassau,40.6432,-73.6672,9814,3722,polygon,FALSE,TRUE,America/New_York,2
4173,New Hyde Park,New Hyde Park,NY,New York,36059,Nassau,40.7324,-73.6858,9807,4406,polygon,FALSE,TRUE,America/New_York,2
4174,Itasca,Itasca,IL,Illinois,17043,DuPage,41.9773,-88.0182,9805,759,polygon,FALSE,TRUE,America/Chicago,3
4175,Inwood,Inwood,NY,New York,36059,Nassau,40.6218,-73.7507,9804,2373,polygon,FALSE,FALSE,America/New_York,2
4176,Marlboro Village,Marlboro Village,MD,Maryland,24033,Prince George's,38.8307,-76.7699,9803,984,polygon,FALSE,TRUE,America/New_York,3
4177,Woodbury,Woodbury,NJ,New Jersey,34015,Gloucester,39.8379,-75.1524,9794,1872,polygon,FALSE,TRUE,America/New_York,3
4178,Friendly,Friendly,MD,Maryland,24033,Prince George's,38.7601,-76.9642,9793,775,polygon,FALSE,FALSE,America/New_York,3
4179,Gunbarrel,Gunbarrel,CO,Colorado,8013,Boulder,40.0634,-105.1714,9791,601,polygon,FALSE,FALSE,America/Denver,3
4180,Mooresville,Mooresville,IN,Indiana,18109,Morgan,39.6022,-86.3681,9788,561,polygon,FALSE,TRUE,America/Indiana/Indianapolis,3
4181,Grenada,Grenada,MS,Mississippi,28043,Grenada,33.7816,-89.813,9782,157,polygon,FALSE,TRUE,America/Chicago,3
4182,Fort Salonga,Fort Salonga,NY,New York,36103,Suffolk,40.906,-73.2992,9776,385,polygon,FALSE,FALSE,America/New_York,3
4183,Rio del Mar,Rio del Mar,CA,California,6087,Santa Cruz,36.9607,-121.8807,9775,1257,polygon,FALSE,FALSE,America/Los_Angeles,3
4184,Russellville,Russellville,AL,Alabama,1059,Franklin,34.5056,-87.7282,9772,280,polygon,FALSE,TRUE,America/Chicago,3
4185,Marina del Rey,Marina del Rey,CA,California,6037,Los Angeles,33.9765,-118.4486,9771,4398,polygon,FALSE,FALSE,America/Los_Angeles,2
4186,North Bend,North Bend,OR,Oregon,41011,Coos,43.4075,-124.2364,9768,959,polygon,FALSE,TRUE,America/Los_Angeles,3
4187,Lake Arrowhead,Lake Arrowhead,CA,California,6071,San Bernardino,34.2531,-117.1945,9765,212,polygon,FALSE,FALSE,America/Los_Angeles,3
4188,Union City,Union City,TN,Tennessee,47131,Obion,36.4268,-89.0474,9763,330,polygon,FALSE,TRUE,America/Chicago,3
4189,Brandywine,Brandywine,MD,Maryland,24033,Prince George's,38.6963,-76.8846,9761,179,polygon,FALSE,FALSE,America/New_York,3
4190,Charter Oak,Charter Oak,CA,California,6037,Los Angeles,34.1025,-117.8564,9760,4061,polygon,FALSE,FALSE,America/Los_Angeles,2
4191,Philipsburg,Philipsburg,PA,Pennsylvania,42027,Centre,40.8952,-78.2145,9754,1194,polygon,FALSE,TRUE,America/New_York,3
4192,Denham Springs,Denham Springs,LA,Louisiana,22063,Livingston,30.4743,-90.9594,9753,516,polygon,FALSE,TRUE,America/Chicago,3
4193,Corte Madera,Corte Madera,CA,California,6041,Marin,37.9238,-122.5129,9751,1191,polygon,FALSE,TRUE,America/Los_Angeles,3
4194,Progress,Progress,PA,Pennsylvania,42043,Dauphin,40.2905,-76.8382,9750,1345,polygon,FALSE,FALSE,America/New_York,3
4195,Cuero,Cuero,TX,Texas,48123,DeWitt,29.1024,-97.2871,9749,484,polygon,FALSE,TRUE,America/Chicago,3
4196,Jewett City,Jewett City,CT,Connecticut,9011,New London,41.607,-71.9807,9749,1840,polygon,FALSE,TRUE,America/New_York,3
4197,Conning Towers Nautilus Park,Conning Towers Nautilus Park,CT,Connecticut,9011,New London,41.3855,-72.0686,9749,753,polygon,TRUE,TRUE,America/New_York,3
4198,Columbia City,Columbia City,IN,Indiana,18183,Whitley,41.1612,-85.4855,9735,654,polygon,FALSE,TRUE,America/Indiana/Indianapolis,3
4199,Chesapeake Ranch Estates,Chesapeake Ranch Estates,MD,Maryland,24009,Calvert,38.3574,-76.4147,9732,870,polygon,FALSE,FALSE,America/New_York,3
4200,Woodfield,Woodfield,SC,South Carolina,45079,Richland,34.0587,-80.9309,9730,1369,polygon,FALSE,FALSE,America/New_York,3
4201,East Aurora,East Aurora,NY,New York,36029,Erie,42.7666,-78.6172,9720,947,polygon,FALSE,TRUE,America/New_York,3
4202,Carroll,Carroll,IA,Iowa,19027,Carroll,42.0699,-94.8647,9717,662,polygon,FALSE,TRUE,America/Chicago,3
4203,Stuarts Draft,Stuarts Draft,VA,Virginia,51015,Augusta,38.0245,-79.0308,9716,188,polygon,FALSE,FALSE,America/New_York,3
4204,Alexandria,Alexandria,KY,Kentucky,21037,Campbell,38.9621,-84.386,9715,541,polygon,FALSE,TRUE,America/New_York,3
4205,George Mason,George Mason,VA,Virginia,51059,Fairfax,38.8355,-77.3185,9711,1477,polygon,FALSE,TRUE,America/New_York,3
4206,Wabash,Wabash,IN,Indiana,18169,Wabash,40.8034,-85.8301,9710,398,polygon,FALSE,TRUE,America/Indiana/Indianapolis,3
4207,Boaz,Boaz,AL,Alabama,1095,Marshall,34.1985,-86.1529,9704,257,polygon,FALSE,TRUE,America/Chicago,3
4208,Oak Hills,Oak Hills,CA,California,6071,San Bernardino,34.3912,-117.4125,9700,153,polygon,FALSE,FALSE,America/Los_Angeles,3
4209,St. Francis,St. Francis,WI,Wisconsin,55079,Milwaukee,42.9716,-87.8729,9699,1457,polygon,FALSE,TRUE,America/Chicago,3
4210,Edgewater,Edgewater,MD,Maryland,24003,Anne Arundel,38.9373,-76.5572,9689,1250,polygon,FALSE,FALSE,America/New_York,3
4211,East Rutherford,East Rutherford,NJ,New Jersey,34003,Bergen,40.8179,-74.0854,9687,1007,polygon,FALSE,TRUE,America/New_York,3
4212,Fort Valley,Fort Valley,GA,Georgia,13225,Peach,32.552,-83.8819,9683,459,polygon,FALSE,TRUE,America/New_York,3
4213,Medulla,Medulla,FL,Florida,12105,Polk,27.957,-81.9866,9679,669,polygon,FALSE,FALSE,America/New_York,3
4214,Gifford,Gifford,FL,Florida,12061,Indian River,27.6747,-80.4102,9679,550,polygon,FALSE,FALSE,America/New_York,3
4215,West Tawakoni,West Tawakoni,TX,Texas,48231,Hunt,32.8976,-96.0217,9679,274,polygon,FALSE,TRUE,America/Chicago,3
4216,Croydon,Croydon,PA,Pennsylvania,42017,Bucks,40.0911,-74.8975,9675,1507,polygon,FALSE,FALSE,America/New_York,3
4217,Warrenton,Warrenton,MO,Missouri,29219,Warren,38.8187,-91.1384,9672,364,polygon,FALSE,TRUE,America/Chicago,3
4218,Marysville,Marysville,MI,Michigan,26147,St. Clair,42.9084,-82.4806,9672,509,polygon,FALSE,TRUE,America/Detroit,3
4219,Greenville,Greenville,MI,Michigan,26117,Montcalm,43.1797,-85.2533,9672,512,polygon,FALSE,TRUE,America/Detroit,3
4220,Waterford,Waterford,CA,California,6099,Stanislaus,37.6429,-120.7553,9648,1467,polygon,FALSE,TRUE,America/Los_Angeles,3
4221,Port Wentworth,Port Wentworth,GA,Georgia,13051,Chatham,32.1942,-81.1984,9641,227,polygon,FALSE,TRUE,America/New_York,3
4222,Valley Cottage,Valley Cottage,NY,New York,36087,Rockland,41.116,-73.9436,9637,857,polygon,FALSE,FALSE,America/New_York,3
4223,Hermantown,Hermantown,MN,Minnesota,27137,St. Louis,46.8058,-92.2407,9637,108,polygon,FALSE,TRUE,America/Chicago,3
4224,Winfield,Winfield,IL,Illinois,17043,DuPage,41.8776,-88.1507,9636,1218,polygon,FALSE,TRUE,America/Chicago,3
4225,Pella,Pella,IA,Iowa,19125,Marion,41.4051,-92.9177,9636,439,polygon,FALSE,TRUE,America/Chicago,3
4226,Oxford,Oxford,NC,North Carolina,37077,Granville,36.3155,-78.5848,9634,550,polygon,FALSE,TRUE,America/New_York,3
4227,Keansburg,Keansburg,NJ,New Jersey,34025,Monmouth,40.4471,-74.1316,9632,3468,polygon,FALSE,TRUE,America/New_York,2
4228,La Plata,La Plata,MD,Maryland,24017,Charles,38.5352,-76.9701,9631,500,polygon,FALSE,TRUE,America/New_York,3
4229,Merrill,Merrill,WI,Wisconsin,55069,Lincoln,45.182,-89.6995,9630,465,polygon,FALSE,TRUE,America/Chicago,3
4230,Red Bank,Red Bank,SC,South Carolina,45063,Lexington,33.9296,-81.2321,9623,314,polygon,FALSE,FALSE,America/New_York,3
4231,Cross Lanes,Cross Lanes,WV,West Virginia,54039,Kanawha,38.4351,-81.7706,9619,582,polygon,FALSE,FALSE,America/New_York,3
4232,Wilmore,Wilmore,KY,Kentucky,21113,Jessamine,37.8786,-84.6545,9616,612,polygon,FALSE,TRUE,America/New_York,3
4233,Maywood,Maywood,NJ,New Jersey,34003,Bergen,40.9025,-74.0634,9614,2884,polygon,FALSE,TRUE,America/New_York,2
4234,Rainbow City,Rainbow City,AL,Alabama,1055,Etowah,33.9337,-86.0922,9611,146,polygon,FALSE,TRUE,America/Chicago,3
4235,Chevy Chase,Chevy Chase,MD,Maryland,24031,Montgomery,38.9943,-77.0737,9611,1538,polygon,FALSE,FALSE,America/New_York,3
4236,Pleasant Grove,Pleasant Grove,AL,Alabama,1073,Jefferson,33.4936,-86.9782,9604,375,polygon,FALSE,TRUE,America/Chicago,3
4237,Howell,Howell,MI,Michigan,26093,Livingston,42.6078,-83.9339,9604,743,polygon,FALSE,TRUE,America/Detroit,3
4238,Cody,Cody,WY,Wyoming,56029,Park,44.5212,-109.0549,9601,369,polygon,FALSE,TRUE,America/Denver,3
4239,Roxboro,Roxboro,NC,North Carolina,37145,Person,36.3879,-78.9812,9599,456,polygon,FALSE,TRUE,America/New_York,3
4240,Bishop,Bishop,CA,California,6027,Inyo,37.3665,-118.3958,9597,776,polygon,FALSE,TRUE,America/Los_Angeles,3
4241,Blacklick Estates,Blacklick Estates,OH,Ohio,39049,Franklin,39.9049,-82.8655,9596,1962,polygon,FALSE,FALSE,America/New_York,3
4242,Middletown,Middletown,PA,Pennsylvania,42043,Dauphin,40.201,-76.7289,9594,1824,polygon,FALSE,TRUE,America/New_York,3
4243,Greenville,Greenville,PA,Pennsylvania,42085,Mercer,41.4052,-80.3837,9594,1078,polygon,FALSE,TRUE,America/New_York,3
4244,Bull Mountain,Bull Mountain,OR,Oregon,41067,Washington,45.4126,-122.8322,9591,1895,polygon,FALSE,TRUE,America/Los_Angeles,3
4245,St. Pete Beach,St. Pete Beach,FL,Florida,12103,Pinellas,27.7235,-82.7387,9587,1740,polygon,FALSE,TRUE,America/New_York,3
4246,Rice Lake,Rice Lake,WI,Wisconsin,55005,Barron,45.4863,-91.7447,9586,380,polygon,FALSE,TRUE,America/Chicago,3
4247,Yorkshire,Yorkshire,VA,Virginia,51153,Prince William,38.7882,-77.4495,9582,1572,polygon,FALSE,FALSE,America/New_York,3
4248,Grand Rapids,Grand Rapids,MN,Minnesota,27061,Itasca,47.238,-93.5327,9579,191,polygon,FALSE,TRUE,America/Chicago,3
4249,Ecorse,Ecorse,MI,Michigan,26163,Wayne,42.2489,-83.1399,9570,1302,polygon,FALSE,TRUE,America/Detroit,3
4250,Fairview,Fairview,OR,Oregon,41051,Multnomah,45.5471,-122.4391,9567,1196,polygon,FALSE,TRUE,America/Los_Angeles,3
4251,The Village,The Village,OK,Oklahoma,40109,Oklahoma,35.5706,-97.5567,9564,1449,polygon,FALSE,TRUE,America/Chicago,3
4252,Pájaros,Pajaros,PR,Puerto Rico,72135,Toa Alta,18.3609,-66.2184,9554,2405,polygon,FALSE,FALSE,America/Puerto_Rico,2
4253,Eagle Point,Eagle Point,OR,Oregon,41029,Jackson,42.4677,-122.8016,9554,1245,polygon,FALSE,TRUE,America/Los_Angeles,3
4254,Harleysville,Harleysville,PA,Pennsylvania,42091,Montgomery,40.2791,-75.3872,9553,883,polygon,FALSE,FALSE,America/New_York,3
4255,Craig,Craig,CO,Colorado,8081,Moffat,40.517,-107.5555,9553,687,polygon,FALSE,TRUE,America/Denver,3
4256,Willoughby Hills,Willoughby Hills,OH,Ohio,39085,Lake,41.5873,-81.4333,9553,342,polygon,FALSE,TRUE,America/New_York,3
4257,Walterboro,Walterboro,SC,South Carolina,45029,Colleton,32.901,-80.676,9550,306,polygon,FALSE,TRUE,America/New_York,3
4258,Kearney,Kearney,MO,Missouri,29047,Clay,39.355,-94.3598,9546,314,polygon,FALSE,TRUE,America/Chicago,3
4259,Lowell,Lowell,AR,Arkansas,5007,Benton,36.2561,-94.1532,9544,382,polygon,FALSE,TRUE,America/Chicago,3
4260,Silsbee,Silsbee,TX,Texas,48199,Hardin,30.3456,-94.1764,9540,332,polygon,FALSE,TRUE,America/Chicago,3
4261,Brookdale,Brookdale,NJ,New Jersey,34013,Essex,40.8348,-74.1798,9539,2298,polygon,FALSE,FALSE,America/New_York,2
4262,Lantana,Lantana,TX,Texas,48121,Denton,33.092,-97.1216,9536,1518,polygon,FALSE,FALSE,America/Chicago,3
4263,Harvard,Harvard,IL,Illinois,17111,McHenry,42.43,-88.6217,9533,428,polygon,FALSE,TRUE,America/Chicago,3
4264,Eidson Road,Eidson Road,TX,Texas,48323,Maverick,28.6677,-100.4787,9531,521,polygon,FALSE,FALSE,America/Matamoros,3
4265,Central City,Central City,KY,Kentucky,21177,Muhlenberg,37.2962,-87.128,9531,422,polygon,FALSE,TRUE,America/Chicago,3
4266,Tell City,Tell City,IN,Indiana,18123,Perry,37.9528,-86.7597,9529,614,polygon,FALSE,TRUE,America/Indiana/Tell_City,3
4267,Little River,Little River,SC,South Carolina,45051,Horry,33.8787,-78.6393,9523,350,polygon,FALSE,FALSE,America/New_York,3
4268,Rye Brook,Rye Brook,NY,New York,36119,Westchester,41.0303,-73.6865,9521,1070,polygon,FALSE,TRUE,America/New_York,3
4269,DuPont,DuPont,WA,Washington,53053,Pierce,47.1079,-122.6496,9516,631,polygon,FALSE,TRUE,America/Los_Angeles,3
4270,Bardmoor,Bardmoor,FL,Florida,12103,Pinellas,27.8575,-82.7534,9514,1677,polygon,FALSE,TRUE,America/New_York,3
4271,Stonegate,Stonegate,CO,Colorado,8035,Douglas,39.5356,-104.8033,9511,2004,polygon,FALSE,FALSE,America/Denver,2
4272,Reedsburg,Reedsburg,WI,Wisconsin,55111,Sauk,43.5347,-89.9965,9510,626,polygon,FALSE,TRUE,America/Chicago,3
4273,Asbury Lake,Asbury Lake,FL,Florida,12019,Clay,30.0472,-81.7855,9510,215,polygon,FALSE,FALSE,America/New_York,3
4274,Mound,Mound,MN,Minnesota,27053,Hennepin,44.9328,-93.6591,9509,1283,polygon,FALSE,TRUE,America/Chicago,3
4275,Dayton,Dayton,NV,Nevada,32019,Lyon,39.258,-119.5677,9508,116,polygon,FALSE,FALSE,America/Los_Angeles,3
4276,Cameron,Cameron,MO,Missouri,29049,Clinton,39.7469,-94.2364,9501,614,polygon,FALSE,TRUE,America/Chicago,3
4277,Erwin,Erwin,TN,Tennessee,47171,Unicoi,36.1456,-82.4115,9500,553,polygon,FALSE,TRUE,America/New_York,3
4278,Independent Hill,Independent Hill,VA,Virginia,51153,Prince William,38.6404,-77.409,9499,411,polygon,FALSE,FALSE,America/New_York,3
4279,Hope,Hope,AR,Arkansas,5057,Hempstead,33.6682,-93.5895,9499,346,polygon,FALSE,TRUE,America/Chicago,3
4280,Baker City,Baker City,OR,Oregon,41001,Baker,44.7749,-117.832,9499,528,polygon,FALSE,TRUE,America/Los_Angeles,3
4281,Rigby,Rigby,ID,Idaho,16051,Jefferson,43.6735,-111.9126,9496,703,polygon,FALSE,TRUE,America/Boise,3
4282,Fort Stockton,Fort Stockton,TX,Texas,48371,Pecos,30.8926,-102.8844,9495,590,polygon,FALSE,TRUE,America/Chicago,3
4283,Helena-West Helena,Helena-West Helena,AR,Arkansas,5107,Phillips,34.5314,-90.6201,9493,303,polygon,FALSE,TRUE,America/Chicago,3
4284,Airway Heights,Airway Heights,WA,Washington,53063,Spokane,47.646,-117.5792,9485,609,polygon,FALSE,TRUE,America/Los_Angeles,3
4285,Laurel,Laurel,FL,Florida,12115,Sarasota,27.1446,-82.4618,9477,713,polygon,FALSE,FALSE,America/New_York,3
4286,Le Mars,Le Mars,IA,Iowa,19149,Plymouth,42.7809,-96.1743,9477,432,polygon,FALSE,TRUE,America/Chicago,3
4287,Rapid Valley,Rapid Valley,SD,South Dakota,46103,Pennington,44.0674,-103.1223,9475,567,polygon,FALSE,FALSE,America/Denver,3
4288,Fayetteville,Fayetteville,TN,Tennessee,47103,Lincoln,35.149,-86.5634,9473,282,polygon,FALSE,TRUE,America/Chicago,3
4289,Lititz,Lititz,PA,Pennsylvania,42071,Lancaster,40.154,-76.3044,9465,1573,polygon,FALSE,TRUE,America/New_York,3
4290,Siler City,Siler City,NC,North Carolina,37037,Chatham,35.7252,-79.4561,9464,528,polygon,FALSE,TRUE,America/New_York,3
4291,Platte City,Platte City,MO,Missouri,29165,Platte,39.3576,-94.7655,9462,470,polygon,FALSE,TRUE,America/Chicago,3
4292,Coral Hills,Coral Hills,MD,Maryland,24033,Prince George's,38.8709,-76.9234,9460,2447,polygon,FALSE,FALSE,America/New_York,2
4293,Mount Airy,Mount Airy,MD,Maryland,24013,Carroll,39.3743,-77.1535,9458,886,polygon,FALSE,TRUE,America/New_York,3
4294,Bithlo,Bithlo,FL,Florida,12095,Orange,28.5644,-81.1074,9457,335,polygon,FALSE,FALSE,America/New_York,3
4295,White Marsh,White Marsh,MD,Maryland,24005,Baltimore,39.3819,-76.4573,9455,687,polygon,FALSE,FALSE,America/New_York,3
4296,Roxborough Park,Roxborough Park,CO,Colorado,8035,Douglas,39.4492,-105.0746,9452,395,polygon,FALSE,FALSE,America/Denver,3
4297,Picture Rocks,Picture Rocks,AZ,Arizona,4019,Pima,32.3274,-111.2557,9452,51,polygon,FALSE,FALSE,America/Phoenix,3
4298,Carencro,Carencro,LA,Louisiana,22055,Lafayette,30.3126,-92.0387,9449,465,polygon,FALSE,TRUE,America/Chicago,3
4299,Winslow,Winslow,AZ,Arizona,4017,Navajo,35.0253,-110.7098,9443,293,polygon,FALSE,TRUE,America/Phoenix,3
4300,Ruidoso,Ruidoso,NM,New Mexico,35027,Lincoln,33.3647,-105.6432,9442,189,polygon,FALSE,TRUE,America/Denver,3
4301,Aiea,Aiea,HI,Hawaii,15003,Honolulu,21.3865,-157.9232,9439,2194,polygon,FALSE,FALSE,Pacific/Honolulu,2
4302,Miles City,Miles City,MT,Montana,30017,Custer,46.4059,-105.8385,9436,949,polygon,FALSE,TRUE,America/Denver,3
4303,Manistee,Manistee,MI,Michigan,26101,Manistee,44.244,-86.3242,9433,719,polygon,FALSE,TRUE,America/Detroit,3
4304,Rayne,Rayne,LA,Louisiana,22001,Acadia,30.2403,-92.2668,9431,813,polygon,FALSE,TRUE,America/Chicago,3
4305,Scaggsville,Scaggsville,MD,Maryland,24027,Howard,39.1416,-76.8843,9430,723,polygon,FALSE,FALSE,America/New_York,3
4306,Augusta,Augusta,KS,Kansas,20015,Butler,37.6955,-96.9921,9422,853,polygon,FALSE,TRUE,America/Chicago,3
4307,St. Augustine Shores,St. Augustine Shores,FL,Florida,12109,St. Johns,29.8039,-81.3086,9418,829,polygon,FALSE,FALSE,America/New_York,3
4308,Harrisonville,Harrisonville,MO,Missouri,29037,Cass,38.6529,-94.3467,9412,393,polygon,FALSE,TRUE,America/Chicago,3
4309,Monticello,Monticello,AR,Arkansas,5043,Drew,33.6258,-91.7934,9409,332,polygon,FALSE,TRUE,America/Chicago,3
4310,Bladensburg,Bladensburg,MD,Maryland,24033,Prince George's,38.9424,-76.9263,9408,3668,polygon,FALSE,TRUE,America/New_York,2
4311,Golden Hills,Golden Hills,CA,California,6029,Kern,35.1512,-118.5024,9407,296,polygon,FALSE,FALSE,America/Los_Angeles,3
4312,Little Falls,Little Falls,MN,Minnesota,27097,Morrison,45.9833,-94.36,9406,450,polygon,FALSE,TRUE,America/Chicago,3
4313,Bryan,Bryan,OH,Ohio,39171,Williams,41.4706,-84.5484,9401,589,polygon,FALSE,TRUE,America/New_York,3
4314,Francisville,Francisville,KY,Kentucky,21015,Boone,39.1067,-84.7277,9401,427,polygon,FALSE,FALSE,America/New_York,3
4315,Amityville,Amityville,NY,New York,36103,Suffolk,40.6696,-73.4156,9399,1768,polygon,FALSE,TRUE,America/New_York,3
4316,Murrells Inlet,Murrells Inlet,SC,South Carolina,45043,Georgetown,33.5566,-79.0593,9396,475,polygon,FALSE,FALSE,America/New_York,3
4317,Lambertville,Lambertville,MI,Michigan,26115,Monroe,41.7502,-83.625,9394,596,polygon,FALSE,FALSE,America/Detroit,3
4318,Vega Alta,Vega Alta,PR,Puerto Rico,72143,Vega Alta,18.4152,-66.3211,9394,1917,polygon,FALSE,FALSE,America/Puerto_Rico,3
4319,Brunswick,Brunswick,MD,Maryland,24021,Frederick,39.318,-77.6253,9393,767,polygon,FALSE,TRUE,America/New_York,3
4320,Roanoke,Roanoke,TX,Texas,48121,Denton,33.0148,-97.2268,9388,548,polygon,FALSE,TRUE,America/Chicago,3
4321,Meadowbrook,Meadowbrook,AL,Alabama,1117,Shelby,33.3932,-86.7041,9387,844,polygon,FALSE,FALSE,America/Chicago,3
4322,Navasota,Navasota,TX,Texas,48185,Grimes,30.3874,-96.0895,9386,377,polygon,FALSE,TRUE,America/Chicago,3
4323,White Meadow Lake,White Meadow Lake,NJ,New Jersey,34027,Morris,40.924,-74.5121,9383,941,polygon,FALSE,FALSE,America/New_York,3
4324,Beverly Hills,Beverly Hills,FL,Florida,12017,Citrus,28.9175,-82.4541,9381,1219,polygon,FALSE,FALSE,America/New_York,3
4325,Crestline,Crestline,CA,California,6071,San Bernardino,34.2486,-117.289,9381,261,polygon,FALSE,FALSE,America/Los_Angeles,3
4326,Flowood,Flowood,MS,Mississippi,28121,Rankin,32.3359,-90.0802,9380,125,polygon,FALSE,TRUE,America/Chicago,3
4327,Guthrie,Guthrie,OK,Oklahoma,40083,Logan,35.8428,-97.4357,9373,239,polygon,FALSE,TRUE,America/Chicago,3
4328,Brandon,Brandon,SD,South Dakota,46099,Minnehaha,43.5928,-96.5799,9372,722,polygon,FALSE,TRUE,America/Chicago,3
4329,Bloomfield,Bloomfield,NM,New Mexico,35045,San Juan,36.7401,-107.9734,9370,159,polygon,FALSE,TRUE,America/Denver,3
4330,Rio Vista,Rio Vista,CA,California,6095,Solano,38.1763,-121.7025,9369,570,polygon,FALSE,TRUE,America/Los_Angeles,3
4331,Boonville,Boonville,MO,Missouri,29053,Cooper,38.9588,-92.7471,9362,424,polygon,FALSE,TRUE,America/Chicago,3
4332,Louisville,Louisville,OH,Ohio,39151,Stark,40.8371,-81.2643,9360,633,polygon,FALSE,TRUE,America/New_York,3
4333,Sabana Grande,Sabana Grande,PR,Puerto Rico,72121,Sabana Grande,18.0821,-66.9673,9357,2148,polygon,FALSE,FALSE,America/Puerto_Rico,2
4334,Hackettstown,Hackettstown,NJ,New Jersey,34041,Warren,40.854,-74.8257,9356,1000,polygon,FALSE,TRUE,America/New_York,3
4335,North Gates,North Gates,NY,New York,36055,Monroe,43.1718,-77.7064,9353,1357,polygon,FALSE,FALSE,America/New_York,3
4336,North Kensington,North Kensington,MD,Maryland,24031,Montgomery,39.0392,-77.0723,9347,2368,polygon,FALSE,FALSE,America/New_York,2
4337,Kendall Park,Kendall Park,NJ,New Jersey,34023,Middlesex,40.4138,-74.5626,9346,980,polygon,FALSE,FALSE,America/New_York,3
4338,Saline,Saline,MI,Michigan,26161,Washtenaw,42.1741,-83.778,9343,829,polygon,FALSE,TRUE,America/Detroit,3
4339,Madras,Madras,OR,Oregon,41031,Jefferson,44.6425,-121.1315,9340,436,polygon,FALSE,TRUE,America/Los_Angeles,3
4340,Cheat Lake,Cheat Lake,WV,West Virginia,54061,Monongalia,39.6672,-79.8565,9337,251,polygon,FALSE,FALSE,America/New_York,3
4341,Clinton,Clinton,NC,North Carolina,37163,Sampson,35.0005,-78.3311,9334,430,polygon,FALSE,TRUE,America/New_York,3
4342,Heath,Heath,TX,Texas,48397,Rockwall,32.8444,-96.4679,9331,299,polygon,FALSE,TRUE,America/Chicago,3
4343,Celebration,Celebration,FL,Florida,12097,Osceola,28.3102,-81.551,9329,342,polygon,FALSE,FALSE,America/New_York,3
4344,Woodlyn,Woodlyn,PA,Pennsylvania,42045,Delaware,39.8774,-75.3445,9326,2151,polygon,FALSE,FALSE,America/New_York,2
4345,Fort Stewart,Fort Stewart,GA,Georgia,13179,Liberty,31.8818,-81.6105,9326,359,polygon,TRUE,TRUE,America/New_York,3
4346,Lenoir City,Lenoir City,TN,Tennessee,47105,Loudon,35.811,-84.2818,9324,428,polygon,FALSE,TRUE,America/New_York,3
4347,Leisure World,Leisure World,MD,Maryland,24031,Montgomery,39.1023,-77.0691,9321,3262,polygon,FALSE,TRUE,America/New_York,2
4348,Hartland,Hartland,WI,Wisconsin,55133,Waukesha,43.1027,-88.3399,9320,667,polygon,FALSE,TRUE,America/Chicago,3
4349,College Place,College Place,WA,Washington,53071,Walla Walla,46.0419,-118.3879,9317,1204,polygon,FALSE,TRUE,America/Los_Angeles,3
4350,Jennings,Jennings,LA,Louisiana,22053,Jefferson Davis,30.2233,-92.6582,9315,363,polygon,FALSE,TRUE,America/Chicago,3
4351,Tomah,Tomah,WI,Wisconsin,55081,Monroe,43.9879,-90.4999,9303,462,polygon,FALSE,TRUE,America/Chicago,3
4352,New Richmond,New Richmond,WI,Wisconsin,55109,St. Croix,45.1249,-92.5377,9302,338,polygon,FALSE,TRUE,America/Chicago,3
4353,Oakbrook,Oakbrook,KY,Kentucky,21015,Boone,38.9996,-84.6797,9301,1121,polygon,FALSE,FALSE,America/New_York,3
4354,Zimmerman,Zimmerman,MN,Minnesota,27141,Sherburne,45.4416,-93.5981,9300,666,polygon,FALSE,TRUE,America/Chicago,3
4355,Wesley Chapel,Wesley Chapel,NC,North Carolina,37179,Union,34.9985,-80.6905,9295,373,polygon,FALSE,TRUE,America/New_York,3
4356,Claremont,Claremont,NH,New Hampshire,33019,Sullivan,43.379,-72.3368,9294,115,polygon,FALSE,TRUE,America/New_York,3
4357,Wood-Ridge,Wood-Ridge,NJ,New Jersey,34003,Bergen,40.8507,-74.0878,9294,3222,polygon,FALSE,TRUE,America/New_York,2
4358,Gloucester Point,Gloucester Point,VA,Virginia,51073,Gloucester,37.2767,-76.5043,9294,381,polygon,FALSE,FALSE,America/New_York,3
4359,Parsons,Parsons,KS,Kansas,20099,Labette,37.3405,-95.2959,9294,345,polygon,FALSE,TRUE,America/Chicago,3
4360,Bohemia,Bohemia,NY,New York,36103,Suffolk,40.7717,-73.1271,9293,416,polygon,FALSE,FALSE,America/New_York,3
4361,Fultondale,Fultondale,AL,Alabama,1073,Jefferson,33.6177,-86.8015,9284,293,polygon,FALSE,TRUE,America/Chicago,3
4362,North College Hill,North College Hill,OH,Ohio,39061,Hamilton,39.2174,-84.552,9283,1970,polygon,FALSE,TRUE,America/New_York,3
4363,Boiling Springs,Boiling Springs,SC,South Carolina,45083,Spartanburg,35.045,-81.9779,9282,524,polygon,FALSE,FALSE,America/New_York,3
4364,Reserve,Reserve,LA,Louisiana,22095,St. John the Baptist,30.0741,-90.5557,9280,246,polygon,FALSE,FALSE,America/Chicago,3
4365,Westwood,Westwood,MI,Michigan,26077,Kalamazoo,42.303,-85.6286,9280,1256,polygon,FALSE,FALSE,America/Detroit,3
4366,Forestdale,Forestdale,AL,Alabama,1073,Jefferson,33.5737,-86.9002,9273,530,polygon,FALSE,FALSE,America/Chicago,3
4367,Marathon,Marathon,FL,Florida,12087,Monroe,24.7262,-81.0376,9271,392,polygon,FALSE,TRUE,America/New_York,3
4368,Brentwood,Brentwood,PA,Pennsylvania,42003,Allegheny,40.3734,-79.9757,9268,2472,polygon,FALSE,TRUE,America/New_York,2
4369,Lexington,Lexington,VA,Virginia,51678,Lexington,37.7825,-79.444,9264,1150,polygon,FALSE,TRUE,America/New_York,3
4370,Hickam Housing,Hickam Housing,HI,Hawaii,15003,Honolulu,21.3311,-157.9474,9258,775,polygon,TRUE,TRUE,Pacific/Honolulu,3
4371,Alderwood Manor,Alderwood Manor,WA,Washington,53061,Snohomish,47.8147,-122.2672,9257,1866,polygon,FALSE,FALSE,America/Los_Angeles,3
4372,St. Stephens,St. Stephens,NC,North Carolina,37035,Catawba,35.7641,-81.2746,9254,381,polygon,FALSE,FALSE,America/New_York,3
4373,Harahan,Harahan,LA,Louisiana,22051,Jefferson,29.9374,-90.203,9250,1775,polygon,FALSE,TRUE,America/Chicago,3
4374,Washington Terrace,Washington Terrace,UT,Utah,49057,Weber,41.1683,-111.9783,9248,1750,polygon,FALSE,TRUE,America/Denver,3
4375,Commerce,Commerce,TX,Texas,48231,Hunt,33.2421,-95.8991,9247,448,polygon,FALSE,TRUE,America/Chicago,3
4376,Sultan,Sultan,WA,Washington,53061,Snohomish,47.871,-121.8043,9246,636,polygon,FALSE,TRUE,America/Los_Angeles,3
4377,Muncy,Muncy,PA,Pennsylvania,42081,Lycoming,41.2021,-76.7854,9245,1103,polygon,FALSE,TRUE,America/New_York,3
4378,Madeira,Madeira,OH,Ohio,39061,Hamilton,39.1856,-84.3734,9245,1065,polygon,FALSE,TRUE,America/New_York,3
4379,Anthony,Anthony,NM,New Mexico,35013,Doña Ana,32.0132,-106.5984,9239,1321,polygon,FALSE,FALSE,America/Denver,3
4380,Gridley,Gridley,CA,California,6007,Butte,39.3622,-121.6971,9237,1342,polygon,FALSE,TRUE,America/Los_Angeles,3
4381,Brownfield,Brownfield,TX,Texas,48445,Terry,33.1757,-102.273,9234,554,polygon,FALSE,TRUE,America/Chicago,3
4382,Fort Polk South,Fort Polk South,LA,Louisiana,22115,Vernon,31.0512,-93.2159,9233,578,polygon,TRUE,TRUE,America/Chicago,3
4383,Girard,Girard,OH,Ohio,39155,Trumbull,41.1666,-80.6963,9227,622,polygon,FALSE,TRUE,America/New_York,3
4384,Hillview,Hillview,KY,Kentucky,21029,Bullitt,38.0563,-85.6848,9225,547,polygon,FALSE,TRUE,America/New_York,3
4385,Burlington,Burlington,WA,Washington,53057,Skagit,48.4676,-122.3298,9224,832,polygon,FALSE,TRUE,America/Los_Angeles,3
4386,Steger,Steger,IL,Illinois,17031,Cook,41.4723,-87.6176,9221,1045,polygon,FALSE,TRUE,America/Chicago,3
4387,Marlton,Marlton,MD,Maryland,24033,Prince George's,38.762,-76.7857,9216,599,polygon,FALSE,FALSE,America/New_York,3
4388,Spanish Fort,Spanish Fort,AL,Alabama,1003,Baldwin,30.7257,-87.8601,9214,117,polygon,FALSE,TRUE,America/Chicago,3
4389,Bethalto,Bethalto,IL,Illinois,17119,Madison,38.9014,-90.0467,9210,473,polygon,FALSE,TRUE,America/Chicago,3
4390,Lake Elmo,Lake Elmo,MN,Minnesota,27163,Washington,44.9944,-92.9031,9210,160,polygon,FALSE,TRUE,America/Chicago,3
4391,Midland,Midland,WA,Washington,53053,Pierce,47.1734,-122.412,9208,1170,polygon,FALSE,FALSE,America/Los_Angeles,3
4392,Lake Mohawk,Lake Mohawk,NJ,New Jersey,34037,Sussex,41.015,-74.6639,9208,708,polygon,FALSE,FALSE,America/New_York,3
4393,Plainedge,Plainedge,NY,New York,36059,Nassau,40.724,-73.477,9206,2531,polygon,FALSE,FALSE,America/New_York,2
4394,Cloverdale,Cloverdale,CA,California,6097,Sonoma,38.7961,-123.0151,9205,1067,polygon,FALSE,TRUE,America/Los_Angeles,3
4395,Audubon,Audubon,PA,Pennsylvania,42091,Montgomery,40.1304,-75.428,9195,773,polygon,FALSE,FALSE,America/New_York,3
4396,Lynwood,Lynwood,IL,Illinois,17031,Cook,41.5234,-87.5508,9194,719,polygon,FALSE,TRUE,America/Chicago,3
4397,Basalt,Basalt,CO,Colorado,8037,Eagle,39.3663,-107.0414,9193,803,polygon,FALSE,TRUE,America/Denver,3
4398,Ivins,Ivins,UT,Utah,49053,Washington,37.1742,-113.6809,9192,376,polygon,FALSE,TRUE,America/Denver,3
4399,Cairo,Cairo,GA,Georgia,13131,Grady,30.8791,-84.205,9181,369,polygon,FALSE,TRUE,America/New_York,3
4400,Elwood,Elwood,IN,Indiana,18095,Madison,40.2744,-85.837,9180,882,polygon,FALSE,TRUE,America/Indiana/Indianapolis,3
4401,St. Marys,St. Marys,OH,Ohio,39011,Auglaize,40.5475,-84.3931,9180,682,polygon,FALSE,TRUE,America/New_York,3
4402,Boulder Hill,Boulder Hill,IL,Illinois,17093,Kendall,41.7112,-88.3353,9179,2430,polygon,FALSE,FALSE,America/Chicago,2
4403,South Amboy,South Amboy,NJ,New Jersey,34023,Middlesex,40.4852,-74.2831,9176,2303,polygon,FALSE,TRUE,America/New_York,2
4404,Scotchtown,Scotchtown,NY,New York,36071,Orange,41.4759,-74.3682,9174,838,polygon,FALSE,FALSE,America/New_York,3
4405,Good Hope,Good Hope,CA,California,6065,Riverside,33.7706,-117.2772,9173,315,polygon,FALSE,FALSE,America/Los_Angeles,3
4406,Fair Oaks,Fair Oaks,GA,Georgia,13067,Cobb,33.9192,-84.5444,9173,1795,polygon,FALSE,FALSE,America/New_York,3
4407,Stansbury Park,Stansbury Park,UT,Utah,49045,Tooele,40.6356,-112.3054,9173,1523,polygon,FALSE,FALSE,America/Denver,3
4408,Sullivan,Sullivan,MO,Missouri,29071,Franklin,38.2129,-91.1636,9172,336,polygon,FALSE,TRUE,America/Chicago,3
4409,Rensselaer,Rensselaer,NY,New York,36083,Rensselaer,42.6465,-73.7328,9171,1114,polygon,FALSE,TRUE,America/New_York,3
4410,Pryor Creek,Pryor Creek,OK,Oklahoma,40097,Mayes,36.2998,-95.3102,9169,365,polygon,FALSE,TRUE,America/Chicago,3
4411,Cold Springs,Cold Springs,NV,Nevada,32031,Washoe,39.6927,-119.9775,9168,404,polygon,FALSE,FALSE,America/Los_Angeles,3
4412,Calimesa,Calimesa,CA,California,6065,Riverside,33.9874,-117.0542,9160,238,polygon,FALSE,TRUE,America/Los_Angeles,3
4413,Dunn Loring,Dunn Loring,VA,Virginia,51059,Fairfax,38.8945,-77.2316,9155,1494,polygon,FALSE,FALSE,America/New_York,3
4414,Flossmoor,Flossmoor,IL,Illinois,17031,Cook,41.5391,-87.6857,9155,965,polygon,FALSE,TRUE,America/Chicago,3
4415,Plymouth,Plymouth,MI,Michigan,26163,Wayne,42.3718,-83.468,9154,1597,polygon,FALSE,TRUE,America/Detroit,3
4416,Hooper,Hooper,UT,Utah,49057,Weber,41.1599,-112.2871,9152,135,polygon,FALSE,TRUE,America/Denver,3
4417,Thief River Falls,Thief River Falls,MN,Minnesota,27113,Pennington,48.1112,-96.1771,9147,602,polygon,FALSE,TRUE,America/Chicago,3
4418,Fairview,Fairview,TX,Texas,48085,Collin,33.1399,-96.6116,9141,397,polygon,FALSE,TRUE,America/Chicago,3
4419,Holualoa,Holualoa,HI,Hawaii,15001,Hawaii,19.6238,-155.9269,9136,267,polygon,FALSE,FALSE,Pacific/Honolulu,3
4420,Union,Union,SC,South Carolina,45087,Union,34.7235,-81.6248,9132,369,polygon,FALSE,TRUE,America/New_York,3
4421,Beecher,Beecher,MI,Michigan,26049,Genesee,43.0903,-83.7039,9128,599,polygon,FALSE,FALSE,America/Detroit,3
4422,Woodmoor,Woodmoor,CO,Colorado,8041,El Paso,39.1063,-104.8456,9117,583,polygon,FALSE,FALSE,America/Denver,3
4423,Jersey Shore,Jersey Shore,PA,Pennsylvania,42081,Lycoming,41.2012,-77.2666,9116,1380,polygon,FALSE,TRUE,America/New_York,3
4424,Triangle,Triangle,VA,Virginia,51153,Prince William,38.5483,-77.3195,9116,1250,polygon,FALSE,FALSE,America/New_York,3
4425,Beckett Ridge,Beckett Ridge,OH,Ohio,39017,Butler,39.3448,-84.4381,9114,732,polygon,FALSE,FALSE,America/New_York,3
4426,Grosse Pointe Farms,Grosse Pointe Farms,MI,Michigan,26163,Wayne,42.4067,-82.8992,9114,1287,polygon,FALSE,TRUE,America/Detroit,3
4427,Economy,Economy,PA,Pennsylvania,42007,Beaver,40.641,-80.184,9098,196,polygon,FALSE,TRUE,America/New_York,3
4428,Plymouth,Plymouth,WI,Wisconsin,55117,Sheboygan,43.7447,-87.9657,9097,630,polygon,FALSE,TRUE,America/Chicago,3
4429,Berthoud,Berthoud,CO,Colorado,8069,Larimer,40.307,-105.0419,9094,273,polygon,FALSE,TRUE,America/Denver,3
4430,Wakefield-Peacedale,Wakefield-Peacedale,RI,Rhode Island,44009,Washington,41.4461,-71.5004,9092,718,polygon,FALSE,TRUE,America/New_York,3
4431,Whitestown,Whitestown,IN,Indiana,18011,Boone,39.9705,-86.3612,9092,250,polygon,FALSE,TRUE,America/Indiana/Indianapolis,3
4432,San Elizario,San Elizario,TX,Texas,48141,El Paso,31.5793,-106.2632,9089,509,polygon,FALSE,TRUE,America/Denver,3
4433,Dillon,Dillon,SC,South Carolina,45033,Dillon,34.4233,-79.3689,9089,460,polygon,FALSE,TRUE,America/New_York,3
4434,Fort Irwin,Fort Irwin,CA,California,6071,San Bernardino,35.2476,-116.6834,9086,503,polygon,TRUE,TRUE,America/Los_Angeles,3
4435,Derby,Derby,CO,Colorado,8001,Adams,39.8401,-104.9171,9084,2004,polygon,FALSE,FALSE,America/Denver,2
4436,Tiburon,Tiburon,CA,California,6041,Marin,37.8854,-122.4637,9084,782,polygon,FALSE,TRUE,America/Los_Angeles,3
4437,Monmouth,Monmouth,IL,Illinois,17187,Warren,40.9141,-90.6423,9084,816,polygon,FALSE,TRUE,America/Chicago,3
4438,Highland Park,Highland Park,TX,Texas,48113,Dallas,32.8311,-96.8012,9083,1563,polygon,FALSE,TRUE,America/Chicago,3
4439,Jeannette,Jeannette,PA,Pennsylvania,42129,Westmoreland,40.3277,-79.6139,9074,1467,polygon,FALSE,TRUE,America/New_York,3
4440,Sutherlin,Sutherlin,OR,Oregon,41019,Douglas,43.3884,-123.3231,9067,510,polygon,FALSE,TRUE,America/Los_Angeles,3
4441,Greenwood,Greenwood,AR,Arkansas,5131,Sebastian,35.2134,-94.2408,9063,335,polygon,FALSE,TRUE,America/Chicago,3
4442,Port Townsend,Port Townsend,WA,Washington,53031,Jefferson,48.122,-122.7872,9062,546,polygon,FALSE,TRUE,America/Los_Angeles,3
4443,Seaside,Seaside,OR,Oregon,41007,Clatsop,45.9889,-123.9214,9060,683,polygon,FALSE,TRUE,America/Los_Angeles,3
4444,Valley Center,Valley Center,CA,California,6073,San Diego,33.233,-117.0157,9059,127,polygon,FALSE,FALSE,America/Los_Angeles,3
4445,Brownsville,Brownsville,TN,Tennessee,47075,Haywood,35.589,-89.2578,9055,369,polygon,FALSE,TRUE,America/Chicago,3
4446,Grantsville,Grantsville,UT,Utah,49045,Tooele,40.6148,-112.4777,9052,124,polygon,FALSE,TRUE,America/Denver,3
4447,Kings Grant,Kings Grant,NC,North Carolina,37129,New Hanover,34.2665,-77.8659,9051,769,polygon,FALSE,FALSE,America/New_York,3
4448,Livingston,Livingston,MT,Montana,30067,Park,45.6666,-110.5538,9050,533,polygon,FALSE,TRUE,America/Denver,3
4449,Alexander City,Alexander City,AL,Alabama,1123,Tallapoosa,32.9242,-85.9361,9046,131,polygon,FALSE,TRUE,America/Chicago,3
4450,Westphalia,Westphalia,MD,Maryland,24033,Prince George's,38.8385,-76.8231,9040,263,polygon,FALSE,FALSE,America/New_York,3
4451,Birch Bay,Birch Bay,WA,Washington,53073,Whatcom,48.923,-122.7543,9037,217,polygon,FALSE,FALSE,America/Los_Angeles,3
4452,Dumbarton,Dumbarton,VA,Virginia,51087,Henrico,37.613,-77.5065,9036,1850,polygon,FALSE,FALSE,America/New_York,3
4453,Redlands,Redlands,CO,Colorado,8077,Mesa,39.0886,-108.6583,9036,261,polygon,FALSE,FALSE,America/Denver,3
4454,Leonia,Leonia,NJ,New Jersey,34003,Bergen,40.8638,-73.9899,9035,2290,polygon,FALSE,TRUE,America/New_York,2
4455,Brewer,Brewer,ME,Maine,23019,Penobscot,44.7835,-68.7352,9035,228,polygon,FALSE,TRUE,America/New_York,3
4456,Northwest Harborcreek,Northwest Harborcreek,PA,Pennsylvania,42049,Erie,42.1494,-79.9946,9034,697,polygon,FALSE,TRUE,America/New_York,3
4457,McFarland,McFarland,WI,Wisconsin,55025,Dane,43.0203,-89.2858,9031,787,polygon,FALSE,TRUE,America/Chicago,3
4458,La Grange,La Grange,KY,Kentucky,21185,Oldham,38.3987,-85.375,9031,483,polygon,FALSE,TRUE,America/New_York,3
4459,Pineville,Pineville,NC,North Carolina,37119,Mecklenburg,35.0864,-80.8915,9028,524,polygon,FALSE,TRUE,America/New_York,3
4460,Woodway,Woodway,TX,Texas,48309,McLennan,31.4988,-97.2314,9024,530,polygon,FALSE,TRUE,America/Chicago,3
4461,Lindstrom,Lindstrom,MN,Minnesota,27025,Chisago,45.387,-92.8477,9023,482,polygon,FALSE,TRUE,America/Chicago,3
4462,Shelby,Shelby,OH,Ohio,39139,Richland,40.8847,-82.6578,9019,553,polygon,FALSE,TRUE,America/New_York,3
4463,Oak Hills Place,Oak Hills Place,LA,Louisiana,22033,East Baton Rouge,30.369,-91.0887,9015,1118,polygon,FALSE,FALSE,America/Chicago,3
4464,St. Anthony,St. Anthony,MN,Minnesota,27053,Hennepin,45.0278,-93.2174,9013,1556,polygon,FALSE,TRUE,America/Chicago,3
4465,Fairmont,Fairmont,MN,Minnesota,27091,Martin,43.6441,-94.4621,9007,257,polygon,FALSE,TRUE,America/Chicago,3
4466,Farmingdale,Farmingdale,NY,New York,36059,Nassau,40.7328,-73.4465,9002,3101,polygon,FALSE,TRUE,America/New_York,2
4467,Manteno,Manteno,IL,Illinois,17091,Kankakee,41.2471,-87.8457,9002,652,polygon,FALSE,TRUE,America/Chicago,3
4468,North Sarasota,North Sarasota,FL,Florida,12115,Sarasota,27.3711,-82.5177,8997,958,polygon,FALSE,FALSE,America/New_York,3
4469,Dexter,Dexter,MO,Missouri,29207,Stoddard,36.7928,-89.9634,8996,419,polygon,FALSE,TRUE,America/Chicago,3
4470,Powdersville,Powdersville,SC,South Carolina,45007,Anderson,34.7825,-82.4958,8991,251,polygon,FALSE,FALSE,America/New_York,3
4471,St. Marys,St. Marys,PA,Pennsylvania,42047,Elk,41.4574,-78.5342,8990,47,polygon,FALSE,TRUE,America/New_York,3
4472,Mechanicsburg,Mechanicsburg,PA,Pennsylvania,42041,Cumberland,40.2115,-77.006,8990,1439,polygon,FALSE,TRUE,America/New_York,3
4473,Albion,Albion,MI,Michigan,26025,Calhoun,42.2478,-84.7572,8990,735,polygon,FALSE,TRUE,America/Detroit,3
4474,LaSalle,LaSalle,IL,Illinois,17099,LaSalle,41.3575,-89.0718,8986,269,polygon,FALSE,FALSE,America/Chicago,3
4475,Waseca,Waseca,MN,Minnesota,27161,Waseca,44.0826,-93.5025,8984,861,polygon,FALSE,TRUE,America/Chicago,3
4476,Chanute,Chanute,KS,Kansas,20133,Neosho,37.6695,-95.4621,8983,491,polygon,FALSE,TRUE,America/Chicago,3
4477,Grinnell,Grinnell,IA,Iowa,19157,Poweshiek,41.7361,-92.7244,8980,622,polygon,FALSE,TRUE,America/Chicago,3
4478,Linganore,Linganore,MD,Maryland,24021,Frederick,39.4111,-77.3026,8978,603,polygon,FALSE,FALSE,America/New_York,3
4479,Picnic Point,Picnic Point,WA,Washington,53061,Snohomish,47.8744,-122.3078,8976,1141,polygon,FALSE,FALSE,America/Los_Angeles,3
4480,Murphysboro,Murphysboro,IL,Illinois,17077,Jackson,37.7679,-89.3321,8976,551,polygon,FALSE,TRUE,America/Chicago,3
4481,Chester,Chester,SC,South Carolina,45023,Chester,34.705,-81.2132,8967,628,polygon,FALSE,TRUE,America/New_York,3
4482,Silver Springs Shores,Silver Springs Shores,FL,Florida,12083,Marion,29.1031,-82.005,8966,724,polygon,FALSE,FALSE,America/New_York,3
4483,Shiprock,Shiprock,NM,New Mexico,35045,San Juan,36.7924,-108.7005,8966,256,polygon,FALSE,FALSE,America/Denver,3
4484,Fort Knox,Fort Knox,KY,Kentucky,21093,Hardin,37.8915,-85.9636,8965,170,polygon,TRUE,TRUE,America/New_York,3
4485,Micco,Micco,FL,Florida,12009,Brevard,27.8683,-80.51,8956,454,polygon,FALSE,FALSE,America/New_York,3
4486,White City,White City,OR,Oregon,41029,Jackson,42.4316,-122.8322,8953,1853,polygon,FALSE,FALSE,America/Los_Angeles,3
4487,Stony Brook University,Stony Brook University,NY,New York,36103,Suffolk,40.9099,-73.1213,8938,2031,polygon,FALSE,TRUE,America/New_York,2
4488,Oakwood,Oakwood,OH,Ohio,39113,Montgomery,39.7202,-84.1733,8936,1571,polygon,FALSE,TRUE,America/New_York,3
4489,Harrisburg,Harrisburg,IL,Illinois,17165,Saline,37.7373,-88.5457,8933,499,polygon,FALSE,TRUE,America/Chicago,3
4490,Independence,Independence,KS,Kansas,20125,Montgomery,37.2118,-95.7328,8931,428,polygon,FALSE,TRUE,America/Chicago,3
4491,Oakville,Oakville,CT,Connecticut,9005,Litchfield,41.5923,-73.0858,8929,1062,polygon,FALSE,FALSE,America/New_York,3
4492,Cape St. Claire,Cape St. Claire,MD,Maryland,24003,Anne Arundel,39.0433,-76.4471,8928,1718,polygon,FALSE,FALSE,America/New_York,3
4493,Larkfield-Wikiup,Larkfield-Wikiup,CA,California,6097,Sonoma,38.513,-122.7536,8926,649,polygon,FALSE,TRUE,America/Los_Angeles,3
4494,Rotonda,Rotonda,FL,Florida,12015,Charlotte,26.8845,-82.2791,8921,323,polygon,FALSE,FALSE,America/New_York,3
4495,Boonton,Boonton,NJ,New Jersey,34027,Morris,40.9047,-74.4048,8919,1474,polygon,FALSE,TRUE,America/New_York,3
4496,Oak Grove,Oak Grove,MN,Minnesota,27003,Anoka,45.3409,-93.3264,8917,101,polygon,FALSE,TRUE,America/Chicago,3
4497,Sheffield Lake,Sheffield Lake,OH,Ohio,39093,Lorain,41.4884,-82.0978,8916,1390,polygon,FALSE,TRUE,America/New_York,3
4498,Harrodsburg,Harrodsburg,KY,Kentucky,21167,Mercer,37.7654,-84.8474,8916,476,polygon,FALSE,TRUE,America/New_York,3
4499,Aledo,Aledo,TX,Texas,48367,Parker,32.6973,-97.607,8909,744,polygon,FALSE,TRUE,America/Chicago,3
4500,Sellersburg,Sellersburg,IN,Indiana,18019,Clark,38.4028,-85.7706,8908,468,polygon,FALSE,TRUE,America/Kentucky/Louisville,3
4501,Blanchard,Blanchard,OK,Oklahoma,40087,McClain,35.1523,-97.6613,8907,115,polygon,FALSE,TRUE,America/Chicago,3
4502,Whitehouse,Whitehouse,TX,Texas,48423,Smith,32.2222,-95.2217,8905,649,polygon,FALSE,TRUE,America/Chicago,3
4503,Southside,Southside,AL,Alabama,1055,Etowah,33.9007,-86.0238,8905,181,polygon,FALSE,TRUE,America/Chicago,3
4504,Waverly,Waverly,IA,Iowa,19017,Bremer,42.725,-92.4708,8904,349,polygon,FALSE,TRUE,America/Chicago,3
4505,Sheffield,Sheffield,AL,Alabama,1033,Colbert,34.757,-87.6977,8901,494,polygon,FALSE,TRUE,America/Chicago,3
4506,St. Albans,St. Albans,VT,Vermont,50011,Franklin,44.8118,-73.0846,8900,1296,polygon,FALSE,TRUE,America/New_York,3
4507,Oakland,Oakland,TN,Tennessee,47047,Fayette,35.2256,-89.5372,8891,318,polygon,FALSE,TRUE,America/Chicago,3
4508,Logan,Logan,WV,West Virginia,54045,Logan,37.8509,-81.9857,8882,494,polygon,FALSE,TRUE,America/New_York,3
4509,Wagoner,Wagoner,OK,Oklahoma,40145,Wagoner,35.9641,-95.379,8875,349,polygon,FALSE,TRUE,America/Chicago,3
4510,Corozal,Corozal,PR,Puerto Rico,72047,Corozal,18.3411,-66.3124,8871,1535,polygon,FALSE,FALSE,America/Puerto_Rico,3
4511,Cabo Rojo,Cabo Rojo,PR,Puerto Rico,72023,Cabo Rojo,18.0867,-67.1482,8862,1452,polygon,FALSE,FALSE,America/Puerto_Rico,3
4512,New Prague,New Prague,MN,Minnesota,27079,Le Sueur,44.5459,-93.5758,8859,834,polygon,FALSE,TRUE,America/Chicago,3
4513,Sugarmill Woods,Sugarmill Woods,FL,Florida,12017,Citrus,28.7321,-82.4986,8851,128,polygon,FALSE,FALSE,America/New_York,3
4514,Kodiak,Kodiak,AK,Alaska,2150,Kodiak Island,57.7934,-152.406,8851,571,polygon,FALSE,TRUE,America/Anchorage,3
4515,Aliquippa,Aliquippa,PA,Pennsylvania,42007,Beaver,40.6155,-80.2547,8844,813,polygon,FALSE,TRUE,America/New_York,3
4516,Bridgeport,Bridgeport,WV,West Virginia,54033,Harrison,39.3036,-80.2477,8842,317,polygon,FALSE,TRUE,America/New_York,3
4517,Berkeley,Berkeley,MO,Missouri,29189,St. Louis,38.7439,-90.3361,8841,688,polygon,FALSE,TRUE,America/Chicago,3
4518,Riverdale,Riverdale,UT,Utah,49057,Weber,41.1732,-112.0024,8838,734,polygon,FALSE,TRUE,America/Denver,3
4519,Fallston,Fallston,MD,Maryland,24025,Harford,39.5332,-76.4452,8836,243,polygon,FALSE,FALSE,America/New_York,3
4520,Rhinelander,Rhinelander,WI,Wisconsin,55085,Oneida,45.6361,-89.4256,8830,354,polygon,FALSE,TRUE,America/Chicago,3
4521,Ville Platte,Ville Platte,LA,Louisiana,22039,Evangeline,30.6901,-92.2744,8829,676,polygon,FALSE,TRUE,America/Chicago,3
4522,Olmsted Falls,Olmsted Falls,OH,Ohio,39035,Cuyahoga,41.3658,-81.9042,8828,819,polygon,FALSE,TRUE,America/New_York,3
4523,Glencoe,Glencoe,IL,Illinois,17031,Cook,42.1347,-87.7641,8826,916,polygon,FALSE,TRUE,America/Chicago,3
4524,Orange Park,Orange Park,FL,Florida,12019,Clay,30.1706,-81.7041,8824,936,polygon,FALSE,TRUE,America/New_York,3
4525,Absecon,Absecon,NJ,New Jersey,34001,Atlantic,39.4228,-74.4944,8818,622,polygon,FALSE,TRUE,America/New_York,3
4526,Canal Winchester,Canal Winchester,OH,Ohio,39045,Fairfield,39.8432,-82.8121,8818,456,polygon,FALSE,TRUE,America/New_York,3
4527,Palm Beach,Palm Beach,FL,Florida,12099,Palm Beach,26.6932,-80.0406,8816,890,polygon,FALSE,TRUE,America/New_York,3
4528,Pine Lake Park,Pine Lake Park,NJ,New Jersey,34029,Ocean,40.0017,-74.2595,8811,1371,polygon,FALSE,FALSE,America/New_York,3
4529,Merrydale,Merrydale,LA,Louisiana,22033,East Baton Rouge,30.4998,-91.1081,8808,801,polygon,FALSE,FALSE,America/Chicago,3
4530,Glens Falls North,Glens Falls North,NY,New York,36113,Warren,43.335,-73.6824,8807,413,polygon,FALSE,TRUE,America/New_York,3
4531,Indianola,Indianola,MS,Mississippi,28133,Sunflower,33.4492,-90.6447,8804,407,polygon,FALSE,TRUE,America/Chicago,3
4532,Waihee-Waiehu,Waihee-Waiehu,HI,Hawaii,15009,Maui,20.9188,-156.5063,8802,797,polygon,FALSE,TRUE,Pacific/Honolulu,3
4533,Franklin,Franklin,PA,Pennsylvania,42121,Venango,41.3936,-79.8425,8802,496,polygon,FALSE,TRUE,America/New_York,3
4534,Richmond Heights,Richmond Heights,MO,Missouri,29189,St. Louis,38.6309,-90.3333,8801,1485,polygon,FALSE,TRUE,America/Chicago,3
4535,Temperance,Temperance,MI,Michigan,26115,Monroe,41.7653,-83.5755,8798,736,polygon,FALSE,FALSE,America/Detroit,3
4536,Collingdale,Collingdale,PA,Pennsylvania,42045,Delaware,39.9151,-75.2776,8794,3905,polygon,FALSE,TRUE,America/New_York,2
4537,Earlimart,Earlimart,CA,California,6107,Tulare,35.8824,-119.2715,8790,1612,polygon,FALSE,FALSE,America/Los_Angeles,3
4538,Memphis,Memphis,FL,Florida,12081,Manatee,27.5435,-82.5607,8788,1039,polygon,FALSE,FALSE,America/New_York,3
4539,Seffner,Seffner,FL,Florida,12057,Hillsborough,27.9981,-82.2735,8786,940,polygon,FALSE,FALSE,America/New_York,3
4540,Airmont,Airmont,NY,New York,36087,Rockland,41.0992,-74.099,8786,743,polygon,FALSE,TRUE,America/New_York,3
4541,Quakertown,Quakertown,PA,Pennsylvania,42017,Bucks,40.4398,-75.3456,8784,1666,polygon,FALSE,TRUE,America/New_York,3
4542,Villas,Villas,NJ,New Jersey,34009,Cape May,39.0158,-74.9349,8783,868,polygon,FALSE,FALSE,America/New_York,3
4543,Skidaway Island,Skidaway Island,GA,Georgia,13051,Chatham,31.9372,-81.0449,8783,205,polygon,FALSE,FALSE,America/New_York,3
4544,Sans Souci,Sans Souci,SC,South Carolina,45045,Greenville,34.8901,-82.4241,8776,1023,polygon,FALSE,FALSE,America/New_York,3
4545,August,August,CA,California,6077,San Joaquin,37.9797,-121.2625,8774,2697,polygon,FALSE,FALSE,America/Los_Angeles,2
4546,South Kensington,South Kensington,MD,Maryland,24031,Montgomery,39.0188,-77.0785,8769,1618,polygon,FALSE,FALSE,America/New_York,3
4547,West Miami,West Miami,FL,Florida,12086,Miami-Dade,25.7578,-80.2969,8767,4774,polygon,FALSE,TRUE,America/New_York,2
4548,Wharton,Wharton,TX,Texas,48481,Wharton,29.3138,-96.1044,8765,444,polygon,FALSE,TRUE,America/Chicago,3
4549,Rathdrum,Rathdrum,ID,Idaho,16055,Kootenai,47.7995,-116.8908,8764,674,polygon,FALSE,TRUE,America/Los_Angeles,3
4550,New Square,New Square,NY,New York,36087,Rockland,41.141,-74.0294,8763,9210,polygon,FALSE,TRUE,America/New_York,2
4551,Canonsburg,Canonsburg,PA,Pennsylvania,42125,Washington,40.2643,-80.1868,8760,1464,polygon,FALSE,TRUE,America/New_York,3
4552,Edgewood,Edgewood,KY,Kentucky,21117,Kenton,39.0091,-84.5604,8759,793,polygon,FALSE,TRUE,America/New_York,3
4553,Miramar Beach,Miramar Beach,FL,Florida,12131,Walton,30.3854,-86.3443,8758,481,polygon,FALSE,FALSE,America/Chicago,3
4554,Graham,Graham,TX,Texas,48503,Young,33.1017,-98.5778,8755,596,polygon,FALSE,TRUE,America/Chicago,3
4555,Needles,Needles,CA,California,6071,San Bernardino,34.8164,-114.6189,8752,62,polygon,FALSE,TRUE,America/Los_Angeles,3
4556,Clarendon Hills,Clarendon Hills,IL,Illinois,17043,DuPage,41.7981,-87.9569,8752,1881,polygon,FALSE,TRUE,America/Chicago,3
4557,Pitman,Pitman,NJ,New Jersey,34015,Gloucester,39.7335,-75.1306,8741,1521,polygon,FALSE,TRUE,America/New_York,3
4558,Makaha,Makaha,HI,Hawaii,15003,Honolulu,21.4734,-158.2103,8740,1388,polygon,FALSE,FALSE,Pacific/Honolulu,3
4559,Rock Falls,Rock Falls,IL,Illinois,17195,Whiteside,41.7723,-89.6928,8740,847,polygon,FALSE,TRUE,America/Chicago,3
4560,Clayton,Clayton,NJ,New Jersey,34015,Gloucester,39.6627,-75.0782,8738,476,polygon,FALSE,TRUE,America/New_York,3
4561,Perkasie,Perkasie,PA,Pennsylvania,42017,Bucks,40.3719,-75.292,8738,1330,polygon,FALSE,TRUE,America/New_York,3
4562,Princeton,Princeton,IN,Indiana,18051,Gibson,38.3553,-87.5784,8733,665,polygon,FALSE,TRUE,America/Chicago,3
4563,Olney,Olney,IL,Illinois,17159,Richland,38.7285,-88.0838,8732,483,polygon,FALSE,TRUE,America/Chicago,3
4564,Hernando,Hernando,FL,Florida,12017,Citrus,28.9451,-82.3781,8727,106,polygon,FALSE,FALSE,America/New_York,3
4565,Kirby,Kirby,TX,Texas,48029,Bexar,29.4611,-98.3861,8723,1759,polygon,FALSE,TRUE,America/Chicago,3
4566,Mystic Island,Mystic Island,NJ,New Jersey,34029,Ocean,39.5659,-74.3831,8717,486,polygon,FALSE,FALSE,America/New_York,3
4567,Glenwood,Glenwood,IL,Illinois,17031,Cook,41.5409,-87.6116,8715,1030,polygon,FALSE,TRUE,America/Chicago,3
4568,Glenshaw,Glenshaw,PA,Pennsylvania,42003,Allegheny,40.5391,-79.9735,8714,1076,polygon,FALSE,FALSE,America/New_York,3
4569,Garden City,Garden City,GA,Georgia,13051,Chatham,32.0868,-81.1773,8713,234,polygon,FALSE,TRUE,America/New_York,3
4570,Fairmount,Fairmount,CO,Colorado,8059,Jefferson,39.7931,-105.1712,8710,553,polygon,FALSE,TRUE,America/Denver,3
4571,Monett,Monett,MO,Missouri,29009,Barry,36.922,-93.9261,8710,413,polygon,FALSE,TRUE,America/Chicago,3
4572,Jerseyville,Jerseyville,IL,Illinois,17083,Jersey,39.1175,-90.3271,8708,606,polygon,FALSE,TRUE,America/Chicago,3
4573,Folsom,Folsom,PA,Pennsylvania,42045,Delaware,39.8924,-75.3287,8707,2689,polygon,FALSE,FALSE,America/New_York,2
4574,Bay Minette,Bay Minette,AL,Alabama,1003,Baldwin,30.893,-87.7912,8704,209,polygon,FALSE,TRUE,America/Chicago,3
4575,Mount Vista,Mount Vista,WA,Washington,53011,Clark,45.7373,-122.6315,8703,642,polygon,FALSE,FALSE,America/Los_Angeles,3
4576,Nevada,Nevada,MO,Missouri,29217,Vernon,37.8445,-94.3492,8699,354,polygon,FALSE,TRUE,America/Chicago,3
4577,Des Peres,Des Peres,MO,Missouri,29189,St. Louis,38.5973,-90.448,8697,774,polygon,FALSE,TRUE,America/Chicago,3
4578,Corrales,Corrales,NM,New Mexico,35043,Sandoval,35.2366,-106.6191,8696,311,polygon,FALSE,TRUE,America/Denver,3
4579,Perryville,Perryville,MO,Missouri,29157,Perry,37.7263,-89.8759,8696,402,polygon,FALSE,TRUE,America/Chicago,3
4580,Park Ridge,Park Ridge,NJ,New Jersey,34003,Bergen,41.0353,-74.0423,8694,1287,polygon,FALSE,TRUE,America/New_York,3
4581,Gresham Park,Gresham Park,GA,Georgia,13089,DeKalb,33.7053,-84.3155,8694,1195,polygon,FALSE,FALSE,America/New_York,3
4582,Montesano,Montesano,WA,Washington,53027,Grays Harbor,47.0102,-123.5857,8685,150,polygon,FALSE,TRUE,America/Los_Angeles,3
4583,Succasunna,Succasunna,NJ,New Jersey,34027,Morris,40.8507,-74.6596,8681,647,polygon,FALSE,FALSE,America/New_York,3
4584,Clinton,Clinton,MO,Missouri,29083,Henry,38.3716,-93.7679,8679,376,polygon,FALSE,TRUE,America/Chicago,3
4585,Claymont,Claymont,DE,Delaware,10003,New Castle,39.8032,-75.4606,8676,1557,polygon,FALSE,FALSE,America/New_York,3
4586,Scott,Scott,LA,Louisiana,22055,Lafayette,30.2398,-92.0947,8675,287,polygon,FALSE,TRUE,America/Chicago,3
4587,Golden Valley,Golden Valley,AZ,Arizona,4015,Mohave,35.206,-114.2327,8673,42,polygon,FALSE,FALSE,America/Phoenix,3
4588,Cresskill,Cresskill,NJ,New Jersey,34003,Bergen,40.9405,-73.9596,8668,1620,polygon,FALSE,TRUE,America/New_York,3
4589,Hawthorn Woods,Hawthorn Woods,IL,Illinois,17097,Lake,42.2313,-88.0623,8666,415,polygon,FALSE,TRUE,America/Chicago,3
4590,Tuba City,Tuba City,AZ,Arizona,4005,Coconino,36.125,-111.2468,8662,372,polygon,FALSE,FALSE,America/Denver,3
4591,West Vero Corridor,West Vero Corridor,FL,Florida,12061,Indian River,27.6378,-80.4855,8661,687,polygon,FALSE,TRUE,America/New_York,3
4592,Bloomingdale,Bloomingdale,TN,Tennessee,47163,Sullivan,36.5793,-82.5096,8660,338,polygon,FALSE,FALSE,America/New_York,3
4593,Hoquiam,Hoquiam,WA,Washington,53027,Grays Harbor,46.9863,-123.9022,8655,350,polygon,FALSE,TRUE,America/Los_Angeles,3
4594,Brigantine,Brigantine,NJ,New Jersey,34001,Atlantic,39.4138,-74.3787,8650,512,polygon,FALSE,TRUE,America/New_York,3
4595,Swissvale,Swissvale,PA,Pennsylvania,42003,Allegheny,40.4207,-79.8858,8647,2777,polygon,FALSE,TRUE,America/New_York,2
4596,Kennedale,Kennedale,TX,Texas,48439,Tarrant,32.6434,-97.2173,8645,505,polygon,FALSE,TRUE,America/Chicago,3
4597,South San Gabriel,South San Gabriel,CA,California,6037,Los Angeles,34.0489,-118.0961,8643,4005,polygon,FALSE,FALSE,America/Los_Angeles,2
4598,Detroit Lakes,Detroit Lakes,MN,Minnesota,27005,Becker,46.806,-95.8449,8642,322,polygon,FALSE,TRUE,America/Chicago,3
4599,Matawan,Matawan,NJ,New Jersey,34025,Monmouth,40.4127,-74.2365,8640,1472,polygon,FALSE,TRUE,America/New_York,3
4600,Monahans,Monahans,TX,Texas,48475,Ward,31.6289,-103.0403,8639,104,polygon,FALSE,TRUE,America/Chicago,3
4601,Frankfort Square,Frankfort Square,IL,Illinois,17197,Will,41.5221,-87.8033,8638,1307,polygon,FALSE,FALSE,America/Chicago,3
4602,Audubon,Audubon,NJ,New Jersey,34007,Camden,39.8906,-75.0722,8637,2249,polygon,FALSE,TRUE,America/New_York,2
4603,Mount Pleasant,Mount Pleasant,IA,Iowa,19087,Henry,40.9625,-91.5452,8635,389,polygon,FALSE,TRUE,America/Chicago,3
4604,Edgemere,Edgemere,MD,Maryland,24005,Baltimore,39.2273,-76.459,8633,306,polygon,FALSE,FALSE,America/New_York,3
4605,Cortez,Cortez,CO,Colorado,8083,Montezuma,37.3505,-108.5766,8630,541,polygon,FALSE,TRUE,America/Denver,3
4606,Prairie du Sac,Prairie du Sac,WI,Wisconsin,55111,Sauk,43.292,-89.7353,8627,938,polygon,FALSE,TRUE,America/Chicago,3
4607,York,York,SC,South Carolina,45091,York,34.9967,-81.234,8623,383,polygon,FALSE,TRUE,America/New_York,3
4608,Salem,Salem,UT,Utah,49049,Utah,40.054,-111.672,8621,323,polygon,FALSE,TRUE,America/Denver,3
4609,Hyrum,Hyrum,UT,Utah,49005,Cache,41.6311,-111.8418,8619,603,polygon,FALSE,TRUE,America/Denver,3
4610,Richlands,Richlands,VA,Virginia,51185,Tazewell,37.0878,-81.808,8618,357,polygon,FALSE,TRUE,America/New_York,3
4611,Rockland,Rockland,ME,Maine,23013,Knox,44.1274,-69.1369,8616,215,polygon,FALSE,TRUE,America/New_York,3
4612,Ladue,Ladue,MO,Missouri,29189,St. Louis,38.6378,-90.3815,8616,388,polygon,FALSE,TRUE,America/Chicago,3
4613,Alamo Heights,Alamo Heights,TX,Texas,48029,Bexar,29.4828,-98.4682,8614,1806,polygon,FALSE,TRUE,America/Chicago,3
4614,Pleasant Hill,Pleasant Hill,MO,Missouri,29037,Cass,38.8061,-94.2655,8613,417,polygon,FALSE,TRUE,America/Chicago,3
4615,Montecito,Montecito,CA,California,6083,Santa Barbara,34.4382,-119.6286,8611,355,polygon,FALSE,FALSE,America/Los_Angeles,3
4616,Orting,Orting,WA,Washington,53053,Pierce,47.0966,-122.2111,8610,1228,polygon,FALSE,TRUE,America/Los_Angeles,3
4617,Signal Mountain,Signal Mountain,TN,Tennessee,47065,Hamilton,35.1449,-85.3457,8606,397,polygon,FALSE,TRUE,America/Chicago,3
4618,Corning,Corning,CA,California,6103,Tehama,39.9282,-122.182,8604,838,polygon,FALSE,TRUE,America/Los_Angeles,3
4619,Woodbury,Woodbury,NY,New York,36059,Nassau,40.8177,-73.4703,8603,663,polygon,FALSE,FALSE,America/New_York,3
4620,Orrville,Orrville,OH,Ohio,39169,Wayne,40.848,-81.7743,8603,579,polygon,FALSE,TRUE,America/New_York,3
4621,Evergreen,Evergreen,CO,Colorado,8059,Jefferson,39.6349,-105.3356,8602,288,polygon,FALSE,FALSE,America/Denver,3
4622,Susanville,Susanville,CA,California,6035,Lassen,40.4205,-120.6129,8602,729,polygon,FALSE,TRUE,America/Los_Angeles,3
4623,Elsmere,Elsmere,KY,Kentucky,21117,Kenton,38.9949,-84.6017,8595,1262,polygon,FALSE,TRUE,America/New_York,3
4624,Farmville,Farmville,VA,Virginia,51147,Prince Edward,37.2959,-78.4002,8594,394,polygon,FALSE,TRUE,America/New_York,3
4625,Sheridan,Sheridan,OR,Oregon,41071,Yamhill,45.096,-123.3983,8590,1144,polygon,FALSE,TRUE,America/Los_Angeles,3
4626,Perry Heights,Perry Heights,OH,Ohio,39151,Stark,40.7977,-81.468,8581,1159,polygon,FALSE,FALSE,America/New_York,3
4627,Willowbrook,Willowbrook,IL,Illinois,17043,DuPage,41.7635,-87.9456,8579,1231,polygon,FALSE,TRUE,America/Chicago,3
4628,Irondale,Irondale,GA,Georgia,13063,Clayton,33.4773,-84.36,8578,1049,polygon,FALSE,FALSE,America/New_York,3
4629,Springfield,Springfield,FL,Florida,12005,Bay,30.1713,-85.6089,8577,795,polygon,FALSE,TRUE,America/Chicago,3
4630,Green Cove Springs,Green Cove Springs,FL,Florida,12019,Clay,29.9904,-81.6807,8577,439,polygon,FALSE,TRUE,America/New_York,3
4631,Seven Corners,Seven Corners,VA,Virginia,51059,Fairfax,38.8658,-77.1445,8576,4861,polygon,FALSE,FALSE,America/New_York,2
4632,Greenbriar,Greenbriar,VA,Virginia,51059,Fairfax,38.8717,-77.397,8575,2128,polygon,FALSE,FALSE,America/New_York,2
4633,West Athens,West Athens,CA,California,6037,Los Angeles,33.9235,-118.3033,8574,2477,polygon,FALSE,FALSE,America/Los_Angeles,2
4634,Lake Villa,Lake Villa,IL,Illinois,17097,Lake,42.4184,-88.0836,8573,508,polygon,FALSE,TRUE,America/Chicago,3
4635,North Madison,North Madison,OH,Ohio,39085,Lake,41.8298,-81.0511,8573,847,polygon,FALSE,FALSE,America/New_York,3
4636,Guntersville,Guntersville,AL,Alabama,1095,Marshall,34.367,-86.2638,8571,129,polygon,FALSE,TRUE,America/Chicago,3
4637,Lansdowne,Lansdowne,MD,Maryland,24005,Baltimore,39.2365,-76.6659,8571,1453,polygon,FALSE,FALSE,America/New_York,3
4638,Montvale,Montvale,NJ,New Jersey,34003,Bergen,41.0529,-74.0499,8570,822,polygon,FALSE,TRUE,America/New_York,3
4639,Aspen,Aspen,CO,Colorado,8097,Pitkin,39.195,-106.8369,8569,736,polygon,FALSE,TRUE,America/Denver,3
4640,Four Corners,Four Corners,MD,Maryland,24031,Montgomery,39.0235,-77.0102,8566,2261,polygon,FALSE,FALSE,America/New_York,2
4641,Brooksville,Brooksville,FL,Florida,12053,Hernando,28.5404,-82.3903,8564,295,polygon,FALSE,TRUE,America/New_York,3
4642,Fairfield Glade,Fairfield Glade,TN,Tennessee,47035,Cumberland,36.0028,-84.8711,8564,143,polygon,FALSE,FALSE,America/Chicago,3
4643,Sanatoga,Sanatoga,PA,Pennsylvania,42091,Montgomery,40.2498,-75.5886,8564,979,polygon,FALSE,FALSE,America/New_York,3
4644,Riverside,Riverside,IL,Illinois,17031,Cook,41.831,-87.8169,8563,1671,polygon,FALSE,TRUE,America/Chicago,3
4645,Wyoming,Wyoming,OH,Ohio,39061,Hamilton,39.2297,-84.4816,8562,1145,polygon,FALSE,TRUE,America/New_York,3
4646,West Frankfort,West Frankfort,IL,Illinois,17055,Franklin,37.8997,-88.9301,8561,606,polygon,FALSE,TRUE,America/Chicago,3
4647,Indian Harbour Beach,Indian Harbour Beach,FL,Florida,12009,Brevard,28.153,-80.5976,8557,1578,polygon,FALSE,TRUE,America/New_York,3
4648,Lake Park,Lake Park,FL,Florida,12099,Palm Beach,26.7998,-80.068,8556,1584,polygon,FALSE,TRUE,America/New_York,3
4649,Lucas,Lucas,TX,Texas,48085,Collin,33.0942,-96.5803,8553,214,polygon,FALSE,TRUE,America/Chicago,3
4650,Piedmont,Piedmont,OK,Oklahoma,40017,Canadian,35.6784,-97.7528,8551,75,polygon,FALSE,TRUE,America/Chicago,3
4651,Franklin,Franklin,VA,Virginia,51620,Franklin,36.6831,-76.9386,8549,371,polygon,FALSE,TRUE,America/New_York,3
4652,Innsbrook,Innsbrook,VA,Virginia,51087,Henrico,37.6552,-77.5775,8549,755,polygon,FALSE,TRUE,America/New_York,3
4653,Conover,Conover,NC,North Carolina,37035,Catawba,35.7155,-81.217,8540,299,polygon,FALSE,TRUE,America/New_York,3
4654,Wetumpka,Wetumpka,AL,Alabama,1051,Elmore,32.5407,-86.2052,8538,295,polygon,FALSE,TRUE,America/Chicago,3
4655,East Grand Forks,East Grand Forks,MN,Minnesota,27119,Polk,47.9284,-97.0138,8535,561,polygon,FALSE,TRUE,America/Chicago,3
4656,Park Hills,Park Hills,MO,Missouri,29187,St. Francois,37.8211,-90.505,8529,161,polygon,FALSE,TRUE,America/Chicago,3
4657,Laurel,Laurel,MT,Montana,30111,Yellowstone,45.6735,-108.7707,8526,1204,polygon,FALSE,TRUE,America/Denver,3
4658,Rawlins,Rawlins,WY,Wyoming,56007,Carbon,41.7849,-107.2265,8521,398,polygon,FALSE,TRUE,America/Denver,3
4659,Morrisville,Morrisville,PA,Pennsylvania,42017,Bucks,40.2074,-74.78,8521,1882,polygon,FALSE,TRUE,America/New_York,3
4660,Odessa,Odessa,FL,Florida,12101,Pasco,28.182,-82.553,8517,613,polygon,FALSE,FALSE,America/New_York,3
4661,White Horse,White Horse,NJ,New Jersey,34021,Mercer,40.192,-74.7022,8512,1054,polygon,FALSE,FALSE,America/New_York,3
4662,Closter,Closter,NJ,New Jersey,34003,Bergen,40.9733,-73.9604,8511,1039,polygon,FALSE,TRUE,America/New_York,3
4663,Perryton,Perryton,TX,Texas,48357,Ochiltree,36.393,-100.7976,8510,685,polygon,FALSE,TRUE,America/Chicago,3
4664,St. Johns,St. Johns,MI,Michigan,26037,Clinton,43.0005,-84.5555,8510,727,polygon,FALSE,TRUE,America/Detroit,3
4665,Frostburg,Frostburg,MD,Maryland,24001,Allegany,39.6506,-78.9269,8505,982,polygon,FALSE,TRUE,America/New_York,3
4666,Lacombe,Lacombe,LA,Louisiana,22103,St. Tammany,30.3141,-89.9311,8503,124,polygon,FALSE,FALSE,America/Chicago,3
4667,Rolesville,Rolesville,NC,North Carolina,37183,Wake,35.9224,-78.4656,8501,673,polygon,FALSE,TRUE,America/New_York,3
4668,Incline Village,Incline Village,NV,Nevada,32031,Washoe,39.2639,-119.9453,8491,152,polygon,FALSE,FALSE,America/Los_Angeles,3
4669,San Sebastián,San Sebastian,PR,Puerto Rico,72131,San Sebastián,18.3356,-66.9949,8490,1613,polygon,FALSE,FALSE,America/Puerto_Rico,3
4670,University of Virginia,University of Virginia,VA,Virginia,51003,Albemarle,38.0405,-78.5163,8487,1853,polygon,FALSE,FALSE,America/New_York,3
4671,Malverne,Malverne,NY,New York,36059,Nassau,40.6746,-73.6721,8485,3096,polygon,FALSE,TRUE,America/New_York,2
4672,Eufaula,Eufaula,AL,Alabama,1005,Barbour,31.9102,-85.1505,8484,75,polygon,FALSE,TRUE,America/Chicago,3
4673,Cedar Hills,Cedar Hills,OR,Oregon,41067,Washington,45.5047,-122.8051,8480,1729,polygon,FALSE,FALSE,America/Los_Angeles,3
4674,Dock Junction,Dock Junction,GA,Georgia,13127,Glynn,31.2031,-81.5156,8478,349,polygon,FALSE,FALSE,America/New_York,3
4675,Clinton,Clinton,OK,Oklahoma,40039,Custer,35.5058,-98.9724,8475,373,polygon,FALSE,TRUE,America/Chicago,3
4676,Middleton,Middleton,ID,Idaho,16027,Canyon,43.7114,-116.6155,8466,590,polygon,FALSE,TRUE,America/Boise,3
4677,Woodburn,Woodburn,VA,Virginia,51059,Fairfax,38.8503,-77.2322,8462,1170,polygon,FALSE,FALSE,America/New_York,3
4678,Ione,Ione,CA,California,6005,Amador,38.3613,-120.9422,8462,721,polygon,FALSE,TRUE,America/Los_Angeles,3
4679,Tuscumbia,Tuscumbia,AL,Alabama,1033,Colbert,34.7204,-87.7035,8461,354,polygon,FALSE,TRUE,America/Chicago,3
4680,East York,East York,PA,Pennsylvania,42133,York,39.9687,-76.6759,8459,1150,polygon,FALSE,FALSE,America/New_York,3
4681,Mason,Mason,MI,Michigan,26065,Ingham,42.5806,-84.4427,8458,640,polygon,FALSE,TRUE,America/Detroit,3
4682,Humboldt,Humboldt,TN,Tennessee,47053,Gibson,35.8254,-88.9043,8456,325,polygon,FALSE,TRUE,America/Chicago,3
4683,Sunset Hills,Sunset Hills,MO,Missouri,29189,St. Louis,38.531,-90.4087,8447,362,polygon,FALSE,TRUE,America/Chicago,3
4684,West Point,West Point,MS,Mississippi,28025,Clay,33.6064,-88.6571,8440,192,polygon,FALSE,TRUE,America/Chicago,3
4685,Thompsonville,Thompsonville,CT,Connecticut,9003,Hartford,41.9916,-72.5965,8439,1600,polygon,FALSE,FALSE,America/New_York,3
4686,Summit,Summit,WA,Washington,53053,Pierce,47.1694,-122.3628,8435,640,polygon,FALSE,FALSE,America/Los_Angeles,3
4687,Onalaska,Onalaska,TX,Texas,48373,Polk,30.8209,-95.1111,8435,215,polygon,FALSE,TRUE,America/Chicago,3
4688,West Haven-Sylvan,West Haven-Sylvan,OR,Oregon,41067,Washington,45.5164,-122.7654,8434,1440,polygon,FALSE,TRUE,America/Los_Angeles,3
4689,Mahopac,Mahopac,NY,New York,36079,Putnam,41.3684,-73.7401,8426,616,polygon,FALSE,FALSE,America/New_York,3
4690,Los Altos Hills,Los Altos Hills,CA,California,6085,Santa Clara,37.3671,-122.139,8423,363,polygon,FALSE,TRUE,America/Los_Angeles,3
4691,Citrus Springs,Citrus Springs,FL,Florida,12017,Citrus,28.9931,-82.4595,8421,153,polygon,FALSE,FALSE,America/New_York,3
4692,Sturgeon Bay,Sturgeon Bay,WI,Wisconsin,55029,Door,44.8228,-87.366,8419,350,polygon,FALSE,TRUE,America/Chicago,3
4693,Santa Clara,Santa Clara,UT,Utah,49053,Washington,37.1311,-113.6561,8417,534,polygon,FALSE,TRUE,America/Denver,3
4694,Monticello,Monticello,IN,Indiana,18181,White,40.7455,-86.7669,8416,583,polygon,FALSE,TRUE,America/Indiana/Indianapolis,3
4695,Riverside,Riverside,CT,Connecticut,9001,Fairfield,41.0319,-73.5827,8414,1341,polygon,FALSE,FALSE,America/New_York,3
4696,Congers,Congers,NY,New York,36087,Rockland,41.1484,-73.9456,8406,1057,polygon,FALSE,FALSE,America/New_York,3
4697,Stuttgart,Stuttgart,AR,Arkansas,5001,Arkansas,34.495,-91.5485,8404,437,polygon,FALSE,TRUE,America/Chicago,3
4698,Savoy,Savoy,IL,Illinois,17019,Champaign,40.06,-88.2552,8401,1003,polygon,FALSE,TRUE,America/Chicago,3
4699,Tecumseh,Tecumseh,MI,Michigan,26091,Lenawee,42.0065,-83.945,8398,573,polygon,FALSE,TRUE,America/Detroit,3
4700,North Haledon,North Haledon,NJ,New Jersey,34031,Passaic,40.9628,-74.1844,8395,935,polygon,FALSE,TRUE,America/New_York,3
4701,Center Moriches,Center Moriches,NY,New York,36103,Suffolk,40.8015,-72.796,8395,618,polygon,FALSE,FALSE,America/New_York,3
4702,Paris,Paris,IL,Illinois,17045,Edgar,39.6149,-87.6904,8394,564,polygon,FALSE,TRUE,America/Chicago,3
4703,Hollymead,Hollymead,VA,Virginia,51003,Albemarle,38.1266,-78.4386,8393,501,polygon,FALSE,FALSE,America/New_York,3
4704,Bayport,Bayport,NY,New York,36103,Suffolk,40.746,-73.0546,8392,868,polygon,FALSE,FALSE,America/New_York,3
4705,Aransas Pass,Aransas Pass,TX,Texas,48409,San Patricio,27.8877,-97.1134,8388,257,polygon,FALSE,TRUE,America/Chicago,3
4706,Garrison,Garrison,MD,Maryland,24005,Baltimore,39.4023,-76.7514,8388,1025,polygon,FALSE,FALSE,America/New_York,3
4707,Gaylord,Gaylord,MI,Michigan,26137,Otsego,45.0213,-84.6803,8388,285,polygon,FALSE,TRUE,America/Detroit,3
4708,Greenville,Greenville,RI,Rhode Island,44007,Providence,41.88,-71.5549,8387,634,polygon,FALSE,FALSE,America/New_York,3
4709,Covington,Covington,TN,Tennessee,47167,Tipton,35.5661,-89.6482,8383,300,polygon,FALSE,TRUE,America/Chicago,3
4710,Carbondale,Carbondale,PA,Pennsylvania,42069,Lackawanna,41.5714,-75.5048,8383,998,polygon,FALSE,TRUE,America/New_York,3
4711,Fairless Hills,Fairless Hills,PA,Pennsylvania,42017,Bucks,40.1784,-74.8524,8376,1682,polygon,FALSE,FALSE,America/New_York,3
4712,Midway City,Midway City,CA,California,6059,Orange,33.7451,-117.9849,8374,5315,polygon,FALSE,FALSE,America/Los_Angeles,2
4713,Highland Heights,Highland Heights,OH,Ohio,39035,Cuyahoga,41.5518,-81.4691,8373,627,polygon,FALSE,TRUE,America/New_York,3
4714,Somers,Somers,WI,Wisconsin,55059,Kenosha,42.6411,-87.8919,8371,127,polygon,FALSE,TRUE,America/Chicago,3
4715,Venice Gardens,Venice Gardens,FL,Florida,12115,Sarasota,27.0694,-82.4054,8370,1289,polygon,FALSE,FALSE,America/New_York,3
4716,Fletcher,Fletcher,NC,North Carolina,37089,Henderson,35.4316,-82.5038,8369,505,polygon,FALSE,TRUE,America/New_York,3
4717,Baxter,Baxter,MN,Minnesota,27035,Crow Wing,46.3426,-94.2793,8364,171,polygon,FALSE,TRUE,America/Chicago,3
4718,Willow Street,Willow Street,PA,Pennsylvania,42071,Lancaster,39.9809,-76.2705,8360,594,polygon,FALSE,FALSE,America/New_York,3
4719,Lugoff,Lugoff,SC,South Carolina,45055,Kershaw,34.2216,-80.6849,8360,214,polygon,FALSE,FALSE,America/New_York,3
4720,Millersville,Millersville,PA,Pennsylvania,42071,Lancaster,40.0047,-76.3522,8359,1669,polygon,FALSE,TRUE,America/New_York,3
4721,Jessup,Jessup,MD,Maryland,24003,Anne Arundel,39.1457,-76.7745,8359,614,polygon,FALSE,FALSE,America/New_York,3
4722,Aibonito,Aibonito,PR,Puerto Rico,72009,Aibonito,18.1398,-66.2659,8352,2109,polygon,FALSE,FALSE,America/Puerto_Rico,2
4723,Buckhannon,Buckhannon,WV,West Virginia,54097,Upshur,38.9927,-80.2282,8351,731,polygon,FALSE,TRUE,America/New_York,3
4724,Hillsboro,Hillsboro,TX,Texas,48217,Hill,32.0091,-97.1151,8347,301,polygon,FALSE,TRUE,America/Chicago,3
4725,Tallulah,Tallulah,LA,Louisiana,22065,Madison,32.4067,-91.1915,8346,924,polygon,FALSE,TRUE,America/Chicago,3
4726,Arab,Arab,AL,Alabama,1095,Marshall,34.3309,-86.4991,8342,242,polygon,FALSE,TRUE,America/Chicago,3
4727,Fern Park,Fern Park,FL,Florida,12117,Seminole,28.6484,-81.3458,8340,1598,polygon,FALSE,FALSE,America/New_York,3
4728,Orono,Orono,MN,Minnesota,27053,Hennepin,44.9657,-93.5908,8339,202,polygon,FALSE,TRUE,America/Chicago,3
4729,Bath,Bath,ME,Maine,23023,Sagadahoc,43.9346,-69.8346,8338,353,polygon,FALSE,TRUE,America/New_York,3
4730,Bogota,Bogota,NJ,New Jersey,34003,Bergen,40.875,-74.0293,8335,4264,polygon,FALSE,TRUE,America/New_York,2
4731,Clover,Clover,SC,South Carolina,45091,York,35.1125,-81.2203,8335,554,polygon,FALSE,TRUE,America/New_York,3
4732,Petoskey,Petoskey,MI,Michigan,26047,Emmet,45.365,-84.9887,8334,433,polygon,FALSE,TRUE,America/Detroit,3
4733,Harwood Heights,Harwood Heights,IL,Illinois,17031,Cook,41.9663,-87.8057,8333,3900,polygon,FALSE,TRUE,America/Chicago,2
4734,Grandview Heights,Grandview Heights,OH,Ohio,39049,Franklin,39.9793,-83.0408,8333,2441,polygon,FALSE,TRUE,America/New_York,2
4735,Beaver Falls,Beaver Falls,PA,Pennsylvania,42007,Beaver,40.762,-80.3225,8332,1511,polygon,FALSE,TRUE,America/New_York,3
4736,Tillamook,Tillamook,OR,Oregon,41057,Tillamook,45.4562,-123.8331,8328,1085,polygon,FALSE,TRUE,America/Los_Angeles,3
4737,Westwego,Westwego,LA,Louisiana,22051,Jefferson,29.9058,-90.1434,8326,1031,polygon,FALSE,TRUE,America/Chicago,3
4738,Corona de Tucson,Corona de Tucson,AZ,Arizona,4019,Pima,31.9495,-110.7836,8326,528,polygon,FALSE,FALSE,America/Phoenix,3
4739,Flowery Branch,Flowery Branch,GA,Georgia,13139,Hall,34.1713,-83.9142,8325,452,polygon,FALSE,TRUE,America/New_York,3
4740,St. Joseph,St. Joseph,MI,Michigan,26021,Berrien,42.0967,-86.485,8317,1002,polygon,FALSE,TRUE,America/Detroit,3
4741,Fair Lakes,Fair Lakes,VA,Virginia,51059,Fairfax,38.853,-77.3885,8314,1355,polygon,FALSE,TRUE,America/New_York,3
4742,Quincy,Quincy,WA,Washington,53025,Grant,47.2344,-119.8531,8313,512,polygon,FALSE,TRUE,America/Los_Angeles,3
4743,Holly,Holly,MI,Michigan,26125,Oakland,42.7987,-83.6235,8313,874,polygon,FALSE,TRUE,America/Detroit,3
4744,Pike Creek,Pike Creek,DE,Delaware,10003,New Castle,39.7485,-75.6953,8312,1165,polygon,FALSE,FALSE,America/New_York,3
4745,Frostproof,Frostproof,FL,Florida,12105,Polk,27.7493,-81.5252,8312,117,polygon,FALSE,TRUE,America/New_York,3
4746,Felida,Felida,WA,Washington,53011,Clark,45.7138,-122.7104,8311,1110,polygon,FALSE,FALSE,America/Los_Angeles,3
4747,Applewood,Applewood,CO,Colorado,8059,Jefferson,39.7524,-105.1605,8308,789,polygon,FALSE,FALSE,America/Denver,3
4748,Floris,Floris,VA,Virginia,51059,Fairfax,38.9347,-77.4083,8305,1155,polygon,FALSE,FALSE,America/New_York,3
4749,Runnemede,Runnemede,NJ,New Jersey,34007,Camden,39.8521,-75.0739,8300,1562,polygon,FALSE,TRUE,America/New_York,3
4750,Bel Aire,Bel Aire,KS,Kansas,20173,Sedgwick,37.7749,-97.2457,8300,473,polygon,FALSE,TRUE,America/Chicago,3
4751,Milton,Milton,WA,Washington,53053,Pierce,47.2522,-122.3156,8299,1179,polygon,FALSE,TRUE,America/Los_Angeles,3
4752,Aurora,Aurora,MO,Missouri,29109,Lawrence,36.9674,-93.7183,8297,457,polygon,FALSE,TRUE,America/Chicago,3
4753,Mahtomedi,Mahtomedi,MN,Minnesota,27163,Washington,45.0619,-92.966,8294,926,polygon,FALSE,TRUE,America/Chicago,3
4754,Haledon,Haledon,NJ,New Jersey,34031,Passaic,40.9363,-74.1887,8293,2635,polygon,FALSE,TRUE,America/New_York,2
4755,Gonzales,Gonzales,CA,California,6053,Monterey,36.506,-121.4429,8293,1696,polygon,FALSE,TRUE,America/Los_Angeles,3
4756,Ashland,Ashland,NJ,New Jersey,34007,Camden,39.8782,-75.0085,8292,1101,polygon,FALSE,FALSE,America/New_York,3
4757,Socorro,Socorro,NM,New Mexico,35053,Socorro,34.0543,-106.9066,8292,223,polygon,FALSE,TRUE,America/Denver,3
4758,Savannah,Savannah,TN,Tennessee,47071,Hardin,35.221,-88.236,8288,402,polygon,FALSE,TRUE,America/Chicago,3
4759,Pebble Creek,Pebble Creek,FL,Florida,12057,Hillsborough,28.1583,-82.3411,8284,1132,polygon,FALSE,FALSE,America/New_York,3
4760,Dormont,Dormont,PA,Pennsylvania,42003,Allegheny,40.3941,-80.0377,8282,4205,polygon,FALSE,TRUE,America/New_York,2
4761,Mount Joy,Mount Joy,PA,Pennsylvania,42071,Lancaster,40.1105,-76.5065,8278,1325,polygon,FALSE,TRUE,America/New_York,3
4762,McRae-Helena,McRae-Helena,GA,Georgia,13271,Telfair,32.0635,-82.8968,8277,496,polygon,FALSE,TRUE,America/New_York,3
4763,Helena Valley West Central,Helena Valley West Central,MT,Montana,30049,Lewis and Clark,46.6634,-112.0604,8277,121,polygon,FALSE,TRUE,America/Denver,3
4764,Trinidad,Trinidad,CO,Colorado,8071,Las Animas,37.175,-104.4908,8276,337,polygon,FALSE,TRUE,America/Denver,3
4765,Kenton,Kenton,OH,Ohio,39065,Hardin,40.6448,-83.6095,8276,634,polygon,FALSE,TRUE,America/New_York,3
4766,Carl Junction,Carl Junction,MO,Missouri,29097,Jasper,37.1668,-94.5468,8274,578,polygon,FALSE,TRUE,America/Chicago,3
4767,Terrace Heights,Terrace Heights,WA,Washington,53077,Yakima,46.6024,-120.4482,8273,398,polygon,FALSE,FALSE,America/Los_Angeles,3
4768,Summit Park,Summit Park,UT,Utah,49043,Summit,40.7432,-111.5814,8273,202,polygon,FALSE,FALSE,America/Denver,3
4769,Paw Paw,Paw Paw,MI,Michigan,26159,Van Buren,42.2147,-85.8918,8270,492,polygon,FALSE,TRUE,America/Detroit,3
4770,Lake City,Lake City,SC,South Carolina,45041,Florence,33.8676,-79.7533,8268,469,polygon,FALSE,TRUE,America/New_York,3
4771,Colorado City,Colorado City,AZ,Arizona,4015,Mohave,36.9774,-112.983,8258,180,polygon,FALSE,TRUE,America/Phoenix,3
4772,Oak Grove,Oak Grove,MO,Missouri,29095,Jackson,39.0077,-94.1283,8258,507,polygon,FALSE,TRUE,America/Chicago,3
4773,Moundsville,Moundsville,WV,West Virginia,54051,Marshall,39.9221,-80.7422,8252,1096,polygon,FALSE,TRUE,America/New_York,3
4774,Fishersville,Fishersville,VA,Virginia,51015,Augusta,38.1005,-78.9687,8252,235,polygon,FALSE,FALSE,America/New_York,3
4775,Gulf Hills,Gulf Hills,MS,Mississippi,28059,Jackson,30.4365,-88.8149,8252,416,polygon,FALSE,FALSE,America/Chicago,3
4776,Druid Hills,Druid Hills,GA,Georgia,13089,DeKalb,33.7842,-84.3273,8244,1074,polygon,FALSE,FALSE,America/New_York,3
4777,Locust Grove,Locust Grove,GA,Georgia,13151,Henry,33.3442,-84.1071,8243,278,polygon,FALSE,TRUE,America/New_York,3
4778,Lake Norman of Catawba,Lake Norman of Catawba,NC,North Carolina,37035,Catawba,35.5995,-80.984,8241,131,polygon,FALSE,TRUE,America/New_York,3
4779,Fort Mitchell,Fort Mitchell,KY,Kentucky,21117,Kenton,39.0459,-84.5563,8241,1027,polygon,FALSE,TRUE,America/New_York,3
4780,Manhattan,Manhattan,IL,Illinois,17197,Will,41.4274,-87.9805,8240,476,polygon,FALSE,TRUE,America/Chicago,3
4781,Ahuimanu,Ahuimanu,HI,Hawaii,15003,Honolulu,21.4379,-157.8404,8239,1180,polygon,FALSE,FALSE,Pacific/Honolulu,3
4782,Johnstown,Johnstown,NY,New York,36035,Fulton,43.0073,-74.3755,8230,659,polygon,FALSE,TRUE,America/New_York,3
4783,Spotswood,Spotswood,NJ,New Jersey,34023,Middlesex,40.3949,-74.392,8228,1376,polygon,FALSE,TRUE,America/New_York,3
4784,Waynesburg,Waynesburg,PA,Pennsylvania,42059,Greene,39.8983,-80.1855,8227,1913,polygon,FALSE,TRUE,America/New_York,3
4785,Long Branch,Long Branch,VA,Virginia,51059,Fairfax,38.8302,-77.2713,8225,1285,polygon,FALSE,TRUE,America/New_York,3
4786,Thomson,Thomson,GA,Georgia,13189,McDuffie,33.4666,-82.4992,8225,574,polygon,FALSE,TRUE,America/New_York,3
4787,Whitefish,Whitefish,MT,Montana,30029,Flathead,48.4329,-114.3591,8221,460,polygon,FALSE,TRUE,America/Denver,3
4788,Westlake Village,Westlake Village,CA,California,6037,Los Angeles,34.1369,-118.822,8217,611,polygon,FALSE,TRUE,America/Los_Angeles,3
4789,Castle Shannon,Castle Shannon,PA,Pennsylvania,42003,Allegheny,40.3664,-80.0194,8216,1986,polygon,FALSE,TRUE,America/New_York,3
4790,Cheviot,Cheviot,OH,Ohio,39061,Hamilton,39.1577,-84.6139,8209,2727,polygon,FALSE,TRUE,America/New_York,2
4791,Kulpsville,Kulpsville,PA,Pennsylvania,42091,Montgomery,40.244,-75.3407,8208,928,polygon,FALSE,FALSE,America/New_York,3
4792,Upper Saddle River,Upper Saddle River,NJ,New Jersey,34003,Bergen,41.0633,-74.0986,8205,603,polygon,FALSE,TRUE,America/New_York,3
4793,St. Martin,St. Martin,MS,Mississippi,28059,Jackson,30.4399,-88.8651,8203,744,polygon,FALSE,FALSE,America/Chicago,3
4794,Burton,Burton,SC,South Carolina,45013,Beaufort,32.4233,-80.7454,8199,379,polygon,FALSE,FALSE,America/New_York,3
4795,Jefferson City,Jefferson City,TN,Tennessee,47089,Jefferson,36.1197,-83.4838,8194,479,polygon,FALSE,TRUE,America/New_York,3
4796,Laurel Hill,Laurel Hill,VA,Virginia,51059,Fairfax,38.7026,-77.2422,8194,713,polygon,FALSE,FALSE,America/New_York,3
4797,Kenilworth,Kenilworth,NJ,New Jersey,34039,Union,40.6781,-74.2889,8191,1473,polygon,FALSE,TRUE,America/New_York,3
4798,Kensington,Kensington,CT,Connecticut,9003,Hartford,41.6298,-72.7714,8190,604,polygon,FALSE,FALSE,America/New_York,3
4799,Village Green-Green Ridge,Village Green-Green Ridge,PA,Pennsylvania,42045,Delaware,39.8638,-75.4256,8187,1665,polygon,FALSE,TRUE,America/New_York,3
4800,Denison,Denison,IA,Iowa,19047,Crawford,42.016,-95.3528,8185,487,polygon,FALSE,TRUE,America/Chicago,3
4801,Ridgefield,Ridgefield,WA,Washington,53011,Clark,45.8114,-122.705,8184,481,polygon,FALSE,TRUE,America/Los_Angeles,3
4802,Napoleon,Napoleon,OH,Ohio,39069,Henry,41.3978,-84.1244,8183,509,polygon,FALSE,TRUE,America/New_York,3
4803,Ellsworth,Ellsworth,ME,Maine,23009,Hancock,44.5847,-68.4875,8180,39,polygon,FALSE,TRUE,America/New_York,3
4804,Monona,Monona,WI,Wisconsin,55025,Dane,43.054,-89.3334,8175,968,polygon,FALSE,TRUE,America/Chicago,3
4805,Mayo,Mayo,MD,Maryland,24003,Anne Arundel,38.9041,-76.518,8171,561,polygon,FALSE,FALSE,America/New_York,3
4806,Center Line,Center Line,MI,Michigan,26099,Macomb,42.4805,-83.0274,8171,1800,polygon,FALSE,TRUE,America/Detroit,3
4807,Pismo Beach,Pismo Beach,CA,California,6079,San Luis Obispo,35.1484,-120.6492,8168,901,polygon,FALSE,TRUE,America/Los_Angeles,3
4808,Crestwood Village,Crestwood Village,NJ,New Jersey,34029,Ocean,39.9568,-74.3524,8164,735,polygon,FALSE,FALSE,America/New_York,3
4809,Milliken,Milliken,CO,Colorado,8123,Weld,40.3115,-104.8561,8164,245,polygon,FALSE,TRUE,America/Denver,3
4810,Murphy,Murphy,MO,Missouri,29099,Jefferson,38.4922,-90.4856,8163,799,polygon,FALSE,FALSE,America/Chicago,3
4811,Black Mountain,Black Mountain,NC,North Carolina,37021,Buncombe,35.6142,-82.3275,8162,470,polygon,FALSE,TRUE,America/New_York,3
4812,Country Club Estates,Country Club Estates,GA,Georgia,13127,Glynn,31.2113,-81.4622,8160,681,polygon,FALSE,FALSE,America/New_York,3
4813,Port Jefferson,Port Jefferson,NY,New York,36103,Suffolk,40.9465,-73.0579,8145,1028,polygon,FALSE,TRUE,America/New_York,3
4814,Middleport,Middleport,OH,Ohio,39105,Meigs,38.9948,-82.0643,8145,517,polygon,FALSE,TRUE,America/New_York,3
4815,San Antonio,San Antonio,PR,Puerto Rico,72051,Dorado,18.4468,-66.3002,8144,1787,polygon,FALSE,FALSE,America/Puerto_Rico,3
4816,Cumberland Hill,Cumberland Hill,RI,Rhode Island,44007,Providence,41.9736,-71.4605,8142,988,polygon,FALSE,FALSE,America/New_York,3
4817,Manhasset,Manhasset,NY,New York,36059,Nassau,40.7884,-73.6943,8138,1317,polygon,FALSE,FALSE,America/New_York,3
4818,Jennings Lodge,Jennings Lodge,OR,Oregon,41005,Clackamas,45.3926,-122.6153,8138,1960,polygon,FALSE,FALSE,America/Los_Angeles,3
4819,West Livingston,West Livingston,TX,Texas,48373,Polk,30.6957,-95.0097,8134,132,polygon,FALSE,FALSE,America/Chicago,3
4820,Kalifornsky,Kalifornsky,AK,Alaska,2122,Kenai Peninsula,60.4417,-151.1972,8134,45,polygon,FALSE,FALSE,America/Anchorage,3
4821,Leesville,Leesville,LA,Louisiana,22115,Vernon,31.1397,-93.2741,8132,381,polygon,FALSE,TRUE,America/Chicago,3
4822,Oradell,Oradell,NJ,New Jersey,34003,Bergen,40.9562,-74.0314,8131,1301,polygon,FALSE,TRUE,America/New_York,3
4823,Minnetrista,Minnetrista,MN,Minnesota,27053,Hennepin,44.9356,-93.7103,8130,121,polygon,FALSE,TRUE,America/Chicago,3
4824,Gering,Gering,NE,Nebraska,31157,Scotts Bluff,41.8275,-103.6649,8128,729,polygon,FALSE,TRUE,America/Denver,3
4825,Robinwood,Robinwood,MD,Maryland,24043,Washington,39.6266,-77.663,8123,812,polygon,FALSE,FALSE,America/New_York,3
4826,Hazard,Hazard,KY,Kentucky,21193,Perry,37.2583,-83.1977,8118,251,polygon,FALSE,TRUE,America/New_York,3
4827,Omak,Omak,WA,Washington,53047,Okanogan,48.4228,-119.5159,8114,478,polygon,FALSE,TRUE,America/Los_Angeles,3
4828,Lake Carmel,Lake Carmel,NY,New York,36079,Putnam,41.4612,-73.6681,8114,607,polygon,FALSE,FALSE,America/New_York,3
4829,West Dundee,West Dundee,IL,Illinois,17089,Kane,42.0985,-88.3073,8113,841,polygon,FALSE,TRUE,America/Chicago,3
4830,Duvall,Duvall,WA,Washington,53033,King,47.7354,-121.9726,8107,1277,polygon,FALSE,TRUE,America/Los_Angeles,3
4831,Hempstead,Hempstead,TX,Texas,48473,Waller,30.1004,-96.0779,8107,498,polygon,FALSE,TRUE,America/Chicago,3
4832,Vinton,Vinton,VA,Virginia,51161,Roanoke,37.2746,-79.8887,8104,1005,polygon,FALSE,TRUE,America/New_York,3
4833,Poteau,Poteau,OK,Oklahoma,40079,Le Flore,35.043,-94.6357,8104,113,polygon,FALSE,TRUE,America/Chicago,3
4834,Joshua,Joshua,TX,Texas,48251,Johnson,32.458,-97.3849,8101,341,polygon,FALSE,TRUE,America/Chicago,3
4835,Oak Hill,Oak Hill,WV,West Virginia,54019,Fayette,37.9844,-81.1277,8098,325,polygon,FALSE,TRUE,America/New_York,3
4836,Monument,Monument,CO,Colorado,8041,El Paso,39.0735,-104.8467,8097,459,polygon,FALSE,TRUE,America/Denver,3
4837,Alondra Park,Alondra Park,CA,California,6037,Los Angeles,33.8885,-118.335,8097,2825,polygon,FALSE,FALSE,America/Los_Angeles,2
4838,Croton-on-Hudson,Croton-on-Hudson,NY,New York,36119,Westchester,41.2005,-73.9002,8095,673,polygon,FALSE,TRUE,America/New_York,3
4839,Briarcliff Manor,Briarcliff Manor,NY,New York,36119,Westchester,41.14,-73.844,8094,524,polygon,FALSE,TRUE,America/New_York,3
4840,Bellevue,Bellevue,OH,Ohio,39077,Huron,41.2743,-82.8394,8094,504,polygon,FALSE,TRUE,America/New_York,3
4841,Sound Beach,Sound Beach,NY,New York,36103,Suffolk,40.9578,-72.9726,8093,1909,polygon,FALSE,FALSE,America/New_York,3
4842,Mount Rainier,Mount Rainier,MD,Maryland,24033,Prince George's,38.9423,-76.9645,8093,4910,polygon,FALSE,TRUE,America/New_York,2
4843,Maplewood,Maplewood,MO,Missouri,29189,St. Louis,38.6121,-90.324,8092,2007,polygon,FALSE,TRUE,America/Chicago,2
4844,Fort Belvoir,Fort Belvoir,VA,Virginia,51059,Fairfax,38.7119,-77.1459,8091,352,polygon,TRUE,TRUE,America/New_York,3
4845,Selah,Selah,WA,Washington,53077,Yakima,46.6482,-120.539,8087,676,polygon,FALSE,TRUE,America/Los_Angeles,3
4846,Dalhart,Dalhart,TX,Texas,48111,Dallam,36.0579,-102.5123,8086,670,polygon,FALSE,TRUE,America/Chicago,3
4847,Alliance,Alliance,NE,Nebraska,31013,Box Butte,42.1025,-102.8766,8086,626,polygon,FALSE,TRUE,America/Denver,3
4848,Shorewood,Shorewood,MN,Minnesota,27053,Hennepin,44.9033,-93.5903,8084,584,polygon,FALSE,TRUE,America/Chicago,3
4849,Chester,Chester,IL,Illinois,17157,Randolph,37.9199,-89.8259,8082,546,polygon,FALSE,TRUE,America/Chicago,3
4850,Garden City Park,Garden City Park,NY,New York,36059,Nassau,40.7436,-73.6639,8081,3164,polygon,FALSE,FALSE,America/New_York,2
4851,Kronenwetter,Kronenwetter,WI,Wisconsin,55073,Marathon,44.8164,-89.5807,8079,60,polygon,FALSE,TRUE,America/Chicago,3
4852,Gilberts,Gilberts,IL,Illinois,17089,Kane,42.1096,-88.3716,8076,563,polygon,FALSE,TRUE,America/Chicago,3
4853,Bargersville,Bargersville,IN,Indiana,18081,Johnson,39.5412,-86.2004,8076,166,polygon,FALSE,TRUE,America/Indiana/Indianapolis,3
4854,Hampton,Hampton,GA,Georgia,13151,Henry,33.3835,-84.2855,8073,567,polygon,FALSE,TRUE,America/New_York,3
4855,Rockmart,Rockmart,GA,Georgia,13233,Polk,34.0103,-85.0441,8071,303,polygon,FALSE,TRUE,America/New_York,3
4856,South Cleveland,South Cleveland,TN,Tennessee,47011,Bradley,35.1097,-84.9097,8069,218,polygon,FALSE,FALSE,America/New_York,3
4857,Broadview Park,Broadview Park,FL,Florida,12011,Broward,26.0979,-80.2088,8068,3200,polygon,FALSE,FALSE,America/New_York,2
4858,Helena Valley Southeast,Helena Valley Southeast,MT,Montana,30049,Lewis and Clark,46.6175,-111.9186,8067,217,polygon,FALSE,TRUE,America/Denver,3
4859,Wyoming,Wyoming,MN,Minnesota,27025,Chisago,45.3365,-92.9766,8066,150,polygon,FALSE,TRUE,America/Chicago,3
4860,Old Jefferson,Old Jefferson,LA,Louisiana,22033,East Baton Rouge,30.3776,-91.006,8065,884,polygon,FALSE,FALSE,America/Chicago,3
4861,Lake Dallas,Lake Dallas,TX,Texas,48121,Denton,33.1277,-97.0234,8063,1298,polygon,FALSE,TRUE,America/Chicago,3
4862,Haiku-Pauwela,Haiku-Pauwela,HI,Hawaii,15009,Maui,20.9156,-156.3022,8061,197,polygon,FALSE,TRUE,Pacific/Honolulu,3
4863,Bloomingdale,Bloomingdale,NJ,New Jersey,34031,Passaic,41.03,-74.3319,8061,353,polygon,FALSE,TRUE,America/New_York,3
4864,Rolling Hills Estates,Rolling Hills Estates,CA,California,6037,Los Angeles,33.7783,-118.3509,8058,869,polygon,FALSE,TRUE,America/Los_Angeles,3
4865,North Bay Village,North Bay Village,FL,Florida,12086,Miami-Dade,25.8487,-80.1535,8057,8413,polygon,FALSE,TRUE,America/New_York,2
4866,Willits,Willits,CA,California,6045,Mendocino,39.4047,-123.3494,8055,670,polygon,FALSE,TRUE,America/Los_Angeles,3
4867,Clinton,Clinton,IL,Illinois,17039,De Witt,40.1468,-88.9633,8055,741,polygon,FALSE,TRUE,America/Chicago,3
4868,Decorah,Decorah,IA,Iowa,19191,Winneshiek,43.3015,-91.7844,8051,410,polygon,FALSE,TRUE,America/Chicago,3
4869,Brookhaven,Brookhaven,PA,Pennsylvania,42045,Delaware,39.8715,-75.3918,8049,1819,polygon,FALSE,TRUE,America/New_York,3
4870,Conshohocken,Conshohocken,PA,Pennsylvania,42091,Montgomery,40.0772,-75.3035,8047,3093,polygon,FALSE,TRUE,America/New_York,2
4871,Ripley,Ripley,TN,Tennessee,47097,Lauderdale,35.7449,-89.5358,8045,232,polygon,FALSE,TRUE,America/Chicago,3
4872,Chardon,Chardon,OH,Ohio,39055,Geauga,41.5803,-81.2082,8044,434,polygon,FALSE,TRUE,America/New_York,3
4873,Morehead,Morehead,KY,Kentucky,21205,Rowan,38.1906,-83.4467,8044,308,polygon,FALSE,TRUE,America/New_York,3
4874,Ripon,Ripon,WI,Wisconsin,55039,Fond du Lac,43.8436,-88.8387,8040,608,polygon,FALSE,TRUE,America/Chicago,3
4875,Bellevue,Bellevue,PA,Pennsylvania,42003,Allegheny,40.4945,-80.055,8036,3075,polygon,FALSE,TRUE,America/New_York,2
4876,Wading River,Wading River,NY,New York,36103,Suffolk,40.9464,-72.823,8034,317,polygon,FALSE,FALSE,America/New_York,3
4877,McGregor,McGregor,FL,Florida,12071,Lee,26.5611,-81.9134,8032,1310,polygon,FALSE,FALSE,America/New_York,3
4878,Northfield,Northfield,NJ,New Jersey,34001,Atlantic,39.3718,-74.5543,8031,865,polygon,FALSE,TRUE,America/New_York,3
4879,Menominee,Menominee,MI,Michigan,26109,Menominee,45.122,-87.6234,8029,601,polygon,FALSE,TRUE,America/Menominee,3
4880,Pleasant Hills,Pleasant Hills,PA,Pennsylvania,42003,Allegheny,40.3298,-79.9596,8026,1115,polygon,FALSE,TRUE,America/New_York,3
4881,Pahokee,Pahokee,FL,Florida,12099,Palm Beach,26.8202,-80.662,8025,458,polygon,FALSE,TRUE,America/New_York,3
4882,Crete,Crete,IL,Illinois,17197,Will,41.44,-87.6236,8023,328,polygon,FALSE,TRUE,America/Chicago,3
4883,Fruitvale,Fruitvale,CO,Colorado,8077,Mesa,39.0933,-108.4789,8021,1065,polygon,FALSE,FALSE,America/Denver,3
4884,Chestnut Ridge,Chestnut Ridge,NY,New York,36087,Rockland,41.0829,-74.0551,8020,625,polygon,FALSE,TRUE,America/New_York,3
4885,Island Lake,Island Lake,IL,Illinois,17097,Lake,42.2783,-88.1999,8020,924,polygon,FALSE,TRUE,America/Chicago,3
4886,Oak Brook,Oak Brook,IL,Illinois,17043,DuPage,41.8372,-87.9513,8016,388,polygon,FALSE,TRUE,America/Chicago,3
4887,Seaford,Seaford,DE,Delaware,10005,Sussex,38.6538,-75.611,8013,609,polygon,FALSE,TRUE,America/New_York,3
4888,Firebaugh,Firebaugh,CA,California,6019,Fresno,36.8534,-120.4536,8000,910,polygon,FALSE,TRUE,America/Los_Angeles,3
4889,Sudden Valley,Sudden Valley,WA,Washington,53073,Whatcom,48.7199,-122.3468,7999,493,polygon,FALSE,FALSE,America/Los_Angeles,3
4890,Brazil,Brazil,IN,Indiana,18021,Clay,39.5226,-87.124,7993,837,polygon,FALSE,TRUE,America/Indiana/Indianapolis,3
4891,Aberdeen,Aberdeen,NC,North Carolina,37125,Moore,35.135,-79.4326,7988,304,polygon,FALSE,TRUE,America/New_York,3
4892,Jefferson,Jefferson,WI,Wisconsin,55055,Jefferson,43.0044,-88.8084,7986,530,polygon,FALSE,TRUE,America/Chicago,3
4893,Prien,Prien,LA,Louisiana,22019,Calcasieu,30.1601,-93.2611,7976,564,polygon,FALSE,FALSE,America/Chicago,3
4894,Juncos,Juncos,PR,Puerto Rico,72077,Juncos,18.2264,-65.9163,7970,2382,polygon,FALSE,FALSE,America/Puerto_Rico,2
4895,Williamsburg,Williamsburg,FL,Florida,12095,Orange,28.4015,-81.4461,7967,866,polygon,FALSE,FALSE,America/New_York,3
4896,Brentwood,Brentwood,MO,Missouri,29189,St. Louis,38.6194,-90.3476,7966,1580,polygon,FALSE,TRUE,America/Chicago,3
4897,Aztec,Aztec,NM,New Mexico,35045,San Juan,36.819,-107.9826,7963,195,polygon,FALSE,TRUE,America/Denver,3
4898,La Junta,La Junta,CO,Colorado,8089,Otero,37.9792,-103.5473,7963,865,polygon,FALSE,TRUE,America/Denver,3
4899,Baltimore Highlands,Baltimore Highlands,MD,Maryland,24005,Baltimore,39.2355,-76.6367,7959,1772,polygon,FALSE,FALSE,America/New_York,3
4900,Southwest Ranches,Southwest Ranches,FL,Florida,12011,Broward,26.0476,-80.375,7957,236,polygon,FALSE,TRUE,America/New_York,3
4901,Quincy,Quincy,FL,Florida,12039,Gadsden,30.5659,-84.5857,7957,228,polygon,FALSE,TRUE,America/New_York,3
4902,Richland Hills,Richland Hills,TX,Texas,48439,Tarrant,32.8095,-97.2273,7953,979,polygon,FALSE,TRUE,America/Chicago,3
4903,Maryville,Maryville,IL,Illinois,17119,Madison,38.7261,-89.9646,7952,548,polygon,FALSE,TRUE,America/Chicago,3
4904,Caldwell,Caldwell,NJ,New Jersey,34013,Essex,40.839,-74.2776,7941,2602,polygon,FALSE,TRUE,America/New_York,2
4905,Templeton,Templeton,CA,California,6079,San Luis Obispo,35.556,-120.7182,7938,388,polygon,FALSE,FALSE,America/Los_Angeles,3
4906,Hillside,Hillside,IL,Illinois,17031,Cook,41.8674,-87.9019,7933,962,polygon,FALSE,TRUE,America/Chicago,3
4907,Columbiana,Columbiana,OH,Ohio,39029,Columbiana,40.8871,-80.675,7931,394,polygon,FALSE,TRUE,America/New_York,3
4908,Batesville,Batesville,IN,Indiana,18137,Ripley,39.2974,-85.2139,7930,419,polygon,FALSE,TRUE,America/Indiana/Indianapolis,3
4909,Logan,Logan,OH,Ohio,39073,Hocking,39.5386,-82.4063,7930,565,polygon,FALSE,TRUE,America/New_York,3
4910,Sheboygan Falls,Sheboygan Falls,WI,Wisconsin,55117,Sheboygan,43.729,-87.8266,7926,567,polygon,FALSE,TRUE,America/Chicago,3
4911,Delta,Delta,CO,Colorado,8029,Delta,38.756,-108.0772,7918,261,polygon,FALSE,TRUE,America/Denver,3
4912,Hitchcock,Hitchcock,TX,Texas,48167,Galveston,29.2945,-95.025,7914,50,polygon,FALSE,TRUE,America/Chicago,3
4913,Lake Shore,Lake Shore,WA,Washington,53011,Clark,45.6911,-122.6911,7909,1867,polygon,FALSE,FALSE,America/Los_Angeles,3
4914,Evergreen,Evergreen,MT,Montana,30029,Flathead,48.2308,-114.2701,7907,356,polygon,FALSE,FALSE,America/Denver,3
4915,Bonner Springs,Bonner Springs,KS,Kansas,20209,Wyandotte,39.0817,-94.8776,7906,195,polygon,FALSE,TRUE,America/Chicago,3
4916,Camp Hill,Camp Hill,PA,Pennsylvania,42041,Cumberland,40.2423,-76.9274,7905,1436,polygon,FALSE,TRUE,America/New_York,3
4917,Long Grove,Long Grove,IL,Illinois,17097,Lake,42.1968,-88.0057,7905,247,polygon,FALSE,TRUE,America/Chicago,3
4918,Camp Pendleton North,Camp Pendleton North,CA,California,6073,San Diego,33.3148,-117.3162,7903,344,polygon,TRUE,TRUE,America/Los_Angeles,3
4919,Wilmington Manor,Wilmington Manor,DE,Delaware,10003,New Castle,39.6858,-75.5849,7902,1887,polygon,FALSE,FALSE,America/New_York,3
4920,Downingtown,Downingtown,PA,Pennsylvania,42029,Chester,40.0076,-75.7019,7897,1393,polygon,FALSE,TRUE,America/New_York,3
4921,Grand Ledge,Grand Ledge,MI,Michigan,26045,Eaton,42.7534,-84.7448,7896,800,polygon,FALSE,TRUE,America/Detroit,3
4922,Waller,Waller,WA,Washington,53053,Pierce,47.2035,-122.3699,7894,383,polygon,FALSE,FALSE,America/Los_Angeles,3
4923,Old Forge,Old Forge,PA,Pennsylvania,42069,Lackawanna,41.3705,-75.7409,7894,892,polygon,FALSE,TRUE,America/New_York,3
4924,Lincolnshire,Lincolnshire,IL,Illinois,17097,Lake,42.1957,-87.9182,7893,669,polygon,FALSE,TRUE,America/Chicago,3
4925,Mansfield Center,Mansfield Center,MA,Massachusetts,25005,Bristol,42.0225,-71.218,7892,1105,polygon,FALSE,TRUE,America/New_York,3
4926,Jersey Village,Jersey Village,TX,Texas,48201,Harris,29.8903,-95.5721,7890,901,polygon,FALSE,TRUE,America/Chicago,3
4927,Centerville,Centerville,GA,Georgia,13153,Houston,32.6342,-83.6853,7884,768,polygon,FALSE,TRUE,America/New_York,3
4928,Oberlin,Oberlin,OH,Ohio,39093,Lorain,41.2857,-82.2197,7882,643,polygon,FALSE,TRUE,America/New_York,3
4929,West Long Branch,West Long Branch,NJ,New Jersey,34025,Monmouth,40.2883,-74.0185,7881,1065,polygon,FALSE,TRUE,America/New_York,3
4930,Flushing,Flushing,MI,Michigan,26049,Genesee,43.0637,-83.8403,7880,841,polygon,FALSE,TRUE,America/Detroit,3
4931,Middletown,Middletown,KY,Kentucky,21111,Jefferson,38.241,-85.5215,7877,592,polygon,FALSE,TRUE,America/New_York,3
4932,Ashland,Ashland,VA,Virginia,51085,Hanover,37.7596,-77.4715,7875,422,polygon,FALSE,TRUE,America/New_York,3
4933,Seminole,Seminole,TX,Texas,48165,Gaines,32.7208,-102.6503,7871,794,polygon,FALSE,TRUE,America/Chicago,3
4934,Altoona,Altoona,WI,Wisconsin,55035,Eau Claire,44.8029,-91.4385,7870,641,polygon,FALSE,TRUE,America/Chicago,3
4935,Tuskegee,Tuskegee,AL,Alabama,1087,Macon,32.4395,-85.7139,7870,195,polygon,FALSE,TRUE,America/Chicago,3
4936,Mascoutah,Mascoutah,IL,Illinois,17163,St. Clair,38.5192,-89.8044,7870,323,polygon,FALSE,TRUE,America/Chicago,3
4937,Grand Blanc,Grand Blanc,MI,Michigan,26049,Genesee,42.9258,-83.6181,7870,841,polygon,FALSE,TRUE,America/Detroit,3
4938,Abingdon,Abingdon,VA,Virginia,51191,Washington,36.7089,-81.9713,7867,377,polygon,FALSE,TRUE,America/New_York,3
4939,Temple Hills,Temple Hills,MD,Maryland,24033,Prince George's,38.8106,-76.9495,7864,2156,polygon,FALSE,FALSE,America/New_York,2
4940,Boyes Hot Springs,Boyes Hot Springs,CA,California,6097,Sonoma,38.3126,-122.4888,7863,2863,polygon,FALSE,FALSE,America/Los_Angeles,2
4941,Bridge City,Bridge City,TX,Texas,48361,Orange,30.0298,-93.8406,7862,471,polygon,FALSE,TRUE,America/Chicago,3
4942,Vandenberg Village,Vandenberg Village,CA,California,6083,Santa Barbara,34.7111,-120.4623,7861,578,polygon,FALSE,FALSE,America/Los_Angeles,3
4943,Eaton,Eaton,OH,Ohio,39135,Preble,39.7506,-84.6343,7858,501,polygon,FALSE,TRUE,America/New_York,3
4944,Woodlake,Woodlake,CA,California,6107,Tulare,36.4124,-119.0999,7854,1214,polygon,FALSE,TRUE,America/Los_Angeles,3
4945,North Weeki Wachee,North Weeki Wachee,FL,Florida,12053,Hernando,28.5591,-82.5537,7853,213,polygon,FALSE,TRUE,America/New_York,3
4946,Hastings-on-Hudson,Hastings-on-Hudson,NY,New York,36119,Westchester,40.9902,-73.8801,7853,1553,polygon,FALSE,TRUE,America/New_York,3
4947,Luquillo,Luquillo,PR,Puerto Rico,72089,Luquillo,18.3735,-65.7218,7841,2849,polygon,FALSE,FALSE,America/Puerto_Rico,2
4948,Princeton,Princeton,IL,Illinois,17011,Bureau,41.3807,-89.464,7840,348,polygon,FALSE,TRUE,America/Chicago,3
4949,Los Fresnos,Los Fresnos,TX,Texas,48061,Cameron,26.075,-97.4877,7837,741,polygon,FALSE,TRUE,America/Chicago,3
4950,Blandon,Blandon,PA,Pennsylvania,42011,Berks,40.4446,-75.8799,7837,681,polygon,FALSE,FALSE,America/New_York,3
4951,South Weber,South Weber,UT,Utah,49011,Davis,41.1334,-111.9392,7836,652,polygon,FALSE,TRUE,America/Denver,3
4952,Smithville,Smithville,NJ,New Jersey,34001,Atlantic,39.4934,-74.4782,7835,602,polygon,FALSE,FALSE,America/New_York,3
4953,Watford City,Watford City,ND,North Dakota,38053,McKenzie,47.8028,-103.2678,7835,339,polygon,FALSE,TRUE,America/Chicago,3
4954,Crookston,Crookston,MN,Minnesota,27119,Polk,47.7747,-96.6062,7835,579,polygon,FALSE,TRUE,America/Chicago,3
4955,Covington,Covington,VA,Virginia,51580,Covington,37.7785,-79.9868,7832,390,polygon,FALSE,TRUE,America/New_York,3
4956,Latrobe,Latrobe,PA,Pennsylvania,42129,Westmoreland,40.3125,-79.3826,7830,1305,polygon,FALSE,TRUE,America/New_York,3
4957,Sallisaw,Sallisaw,OK,Oklahoma,40135,Sequoyah,35.4605,-94.807,7825,233,polygon,FALSE,TRUE,America/Chicago,3
4958,DeFuniak Springs,DeFuniak Springs,FL,Florida,12131,Walton,30.7123,-86.1208,7823,193,polygon,FALSE,TRUE,America/Chicago,3
4959,Baldwinsville,Baldwinsville,NY,New York,36067,Onondaga,43.157,-76.3318,7822,970,polygon,FALSE,TRUE,America/New_York,3
4960,Olivette,Olivette,MO,Missouri,29189,St. Louis,38.6724,-90.3786,7822,1090,polygon,FALSE,TRUE,America/Chicago,3
4961,Winters,Winters,CA,California,6113,Yolo,38.532,-121.9781,7820,962,polygon,FALSE,TRUE,America/Los_Angeles,3
4962,Breckenridge,Breckenridge,CO,Colorado,8117,Summit,39.4995,-106.0433,7818,316,polygon,FALSE,TRUE,America/Denver,3
4963,Medina,Medina,NY,New York,36073,Orleans,43.2197,-78.3888,7816,662,polygon,FALSE,TRUE,America/New_York,3
4964,Thousand Palms,Thousand Palms,CA,California,6065,Riverside,33.815,-116.3545,7814,127,polygon,FALSE,FALSE,America/Los_Angeles,3
4965,Southeast Arcadia,Southeast Arcadia,FL,Florida,12027,DeSoto,27.1862,-81.8521,7813,415,polygon,FALSE,TRUE,America/New_York,3
4966,Seville,Seville,OH,Ohio,39103,Medina,41.0208,-81.8671,7812,356,polygon,FALSE,TRUE,America/New_York,3
4967,Montrose,Montrose,VA,Virginia,51087,Henrico,37.52,-77.3772,7810,936,polygon,FALSE,FALSE,America/New_York,3
4968,Port Jefferson Station,Port Jefferson Station,NY,New York,36103,Suffolk,40.926,-73.0651,7808,1136,polygon,FALSE,FALSE,America/New_York,3
4969,Wilson,Wilson,PA,Pennsylvania,42095,Northampton,40.6844,-75.2407,7807,2609,polygon,FALSE,TRUE,America/New_York,2
4970,Aubrey,Aubrey,TX,Texas,48121,Denton,33.2872,-96.9622,7806,624,polygon,FALSE,TRUE,America/Chicago,3
4971,Carnegie,Carnegie,PA,Pennsylvania,42003,Allegheny,40.408,-80.0861,7806,1862,polygon,FALSE,TRUE,America/New_York,3
4972,Porters Neck,Porters Neck,NC,North Carolina,37129,New Hanover,34.2942,-77.7695,7802,556,polygon,FALSE,TRUE,America/New_York,3
4973,Pittston,Pittston,PA,Pennsylvania,42079,Luzerne,41.3274,-75.7885,7802,1942,polygon,FALSE,TRUE,America/New_York,3
4974,Rio Bravo,Rio Bravo,TX,Texas,48479,Webb,27.3648,-99.482,7797,2753,polygon,FALSE,TRUE,America/Chicago,2
4975,Withamsville,Withamsville,OH,Ohio,39025,Clermont,39.0628,-84.2808,7788,961,polygon,FALSE,FALSE,America/New_York,3
4976,Campbell,Campbell,OH,Ohio,39099,Mahoning,41.0777,-80.5904,7785,808,polygon,FALSE,TRUE,America/New_York,3
4977,Guadalupe,Guadalupe,CA,California,6083,Santa Barbara,34.9608,-120.5735,7783,2293,polygon,FALSE,TRUE,America/Los_Angeles,2
4978,Clarksville,Clarksville,AR,Arkansas,5071,Johnson,35.457,-93.4803,7780,203,polygon,FALSE,TRUE,America/Chicago,3
4979,Providence,Providence,UT,Utah,49005,Cache,41.7033,-111.8121,7780,782,polygon,FALSE,TRUE,America/Denver,3
4980,Milan,Milan,MI,Michigan,26161,Washtenaw,42.0816,-83.6853,7778,675,polygon,FALSE,TRUE,America/Detroit,3
4981,Pukalani,Pukalani,HI,Hawaii,15009,Maui,20.8329,-156.3415,7769,794,polygon,FALSE,FALSE,Pacific/Honolulu,3
4982,Estes Park,Estes Park,CO,Colorado,8069,Larimer,40.3699,-105.5216,7769,364,polygon,FALSE,TRUE,America/Denver,3
4983,Waite Park,Waite Park,MN,Minnesota,27145,Stearns,45.5313,-94.2528,7768,237,polygon,FALSE,TRUE,America/Chicago,3
4984,Park City,Park City,KS,Kansas,20173,Sedgwick,37.8103,-97.3255,7764,305,polygon,FALSE,TRUE,America/Chicago,3
4985,Forsyth,Forsyth,MO,Missouri,29213,Taney,36.686,-93.1016,7761,293,polygon,FALSE,TRUE,America/Chicago,3
4986,Sangaree,Sangaree,SC,South Carolina,45015,Berkeley,33.0328,-80.1253,7760,1474,polygon,FALSE,FALSE,America/New_York,3
4987,Swainsboro,Swainsboro,GA,Georgia,13107,Emanuel,32.5866,-82.3345,7757,231,polygon,FALSE,TRUE,America/New_York,3
4988,Cheraw,Cheraw,SC,South Carolina,45025,Chesterfield,34.6955,-79.9085,7757,361,polygon,FALSE,TRUE,America/New_York,3
4989,Cherry Valley,Cherry Valley,CA,California,6065,Riverside,33.9797,-116.9694,7755,373,polygon,FALSE,FALSE,America/Los_Angeles,3
4990,Dry Run,Dry Run,OH,Ohio,39061,Hamilton,39.1049,-84.3312,7754,629,polygon,FALSE,FALSE,America/New_York,3
4991,Fort Dix,Fort Dix,NJ,New Jersey,34005,Burlington,40.006,-74.6089,7753,293,polygon,TRUE,TRUE,America/New_York,3
4992,Jasper,Jasper,TX,Texas,48241,Jasper,30.9221,-93.9947,7750,279,polygon,FALSE,TRUE,America/Chicago,3
4993,Blair,Blair,NE,Nebraska,31177,Washington,41.5417,-96.1361,7748,553,polygon,FALSE,TRUE,America/Chicago,3
4994,Round Lake Park,Round Lake Park,IL,Illinois,17097,Lake,42.3309,-88.075,7747,1450,polygon,FALSE,TRUE,America/Chicago,3
4995,Spring Valley Lake,Spring Valley Lake,CA,California,6071,San Bernardino,34.4987,-117.2683,7744,988,polygon,FALSE,FALSE,America/Los_Angeles,3
4996,Strathmore,Strathmore,NJ,New Jersey,34025,Monmouth,40.4018,-74.2193,7742,1515,polygon,FALSE,FALSE,America/New_York,3
4997,Glastonbury Center,Glastonbury Center,CT,Connecticut,9003,Hartford,41.7019,-72.6001,7742,629,polygon,FALSE,FALSE,America/New_York,3
4998,Quarryville,Quarryville,PA,Pennsylvania,42071,Lancaster,39.8957,-76.1617,7741,824,polygon,FALSE,TRUE,America/New_York,3
4999,South Boston,South Boston,VA,Virginia,51083,Halifax,36.7132,-78.9135,7740,224,polygon,FALSE,TRUE,America/New_York,3
5000,Salida,Salida,CO,Colorado,8015,Chaffee,38.53,-105.9981,7740,851,polygon,FALSE,TRUE,America/Denver,3
5001,Albion,Albion,NY,New York,36073,Orleans,43.246,-78.1902,7738,758,polygon,FALSE,TRUE,America/New_York,3
5002,Sabana Seca,Sabana Seca,PR,Puerto Rico,72137,Toa Baja,18.4273,-66.1809,7731,2695,polygon,FALSE,FALSE,America/Puerto_Rico,2
5003,Salem,Salem,IL,Illinois,17121,Marion,38.6279,-88.959,7730,386,polygon,FALSE,TRUE,America/Chicago,3
5004,Payette,Payette,ID,Idaho,16075,Payette,44.0788,-116.9255,7727,749,polygon,FALSE,TRUE,America/Boise,3
5005,Grove,Grove,OK,Oklahoma,40041,Delaware,36.593,-94.7879,7726,297,polygon,FALSE,TRUE,America/Chicago,3
5006,Gettysburg,Gettysburg,PA,Pennsylvania,42001,Adams,39.8304,-77.2339,7724,1796,polygon,FALSE,TRUE,America/New_York,3
5007,Southwood Acres,Southwood Acres,CT,Connecticut,9003,Hartford,41.961,-72.5719,7715,732,polygon,FALSE,FALSE,America/New_York,3
5008,Kasson,Kasson,MN,Minnesota,27039,Dodge,44.0333,-92.7482,7715,824,polygon,FALSE,TRUE,America/Chicago,3
5009,Granite Falls,Granite Falls,WA,Washington,53061,Snohomish,48.0874,-121.9706,7713,745,polygon,FALSE,TRUE,America/Los_Angeles,3
5010,Rockwood,Rockwood,VA,Virginia,51041,Chesterfield,37.463,-77.5744,7712,549,polygon,FALSE,TRUE,America/New_York,3
5011,York,York,NE,Nebraska,31185,York,40.8698,-97.5928,7711,468,polygon,FALSE,TRUE,America/Chicago,3
5012,Clear Lake,Clear Lake,IA,Iowa,19033,Cerro Gordo,43.1346,-93.374,7711,270,polygon,FALSE,TRUE,America/Chicago,3
5013,West Samoset,West Samoset,FL,Florida,12081,Manatee,27.4702,-82.5552,7708,2227,polygon,FALSE,FALSE,America/New_York,2
5014,Wedgefield,Wedgefield,FL,Florida,12095,Orange,28.4847,-81.0808,7701,127,polygon,FALSE,FALSE,America/New_York,3
5015,Fanwood,Fanwood,NJ,New Jersey,34039,Union,40.6417,-74.3857,7697,2218,polygon,FALSE,TRUE,America/New_York,2
5016,Antigo,Antigo,WI,Wisconsin,55067,Langlade,45.1413,-89.1556,7695,473,polygon,FALSE,TRUE,America/Chicago,3
5017,Green,Green,OR,Oregon,41019,Douglas,43.1509,-123.3854,7695,651,polygon,FALSE,FALSE,America/Los_Angeles,3
5018,Mammoth Lakes,Mammoth Lakes,CA,California,6051,Mono,37.6273,-118.99,7694,127,polygon,FALSE,TRUE,America/Los_Angeles,3
5019,Ogden,Ogden,NC,North Carolina,37129,New Hanover,34.2656,-77.7965,7692,655,polygon,FALSE,FALSE,America/New_York,3
5020,Baldwin Harbor,Baldwin Harbor,NY,New York,36059,Nassau,40.6296,-73.6025,7690,2564,polygon,FALSE,FALSE,America/New_York,2
5021,Carbondale,Carbondale,CO,Colorado,8045,Garfield,39.3949,-107.2147,7684,1317,polygon,FALSE,TRUE,America/Denver,3
5022,Oceano,Oceano,CA,California,6079,San Luis Obispo,35.1019,-120.609,7678,1935,polygon,FALSE,FALSE,America/Los_Angeles,3
5023,Sebastopol,Sebastopol,CA,California,6097,Sonoma,38.4001,-122.8276,7674,1573,polygon,FALSE,TRUE,America/Los_Angeles,3
5024,Hastings,Hastings,MI,Michigan,26015,Barry,42.6498,-85.2887,7670,541,polygon,FALSE,TRUE,America/Detroit,3
5025,Indiantown,Indiantown,FL,Florida,12085,Martin,27.0375,-80.4913,7669,197,polygon,FALSE,TRUE,America/New_York,3
5026,Half Moon,Half Moon,NC,North Carolina,37133,Onslow,34.8298,-77.4591,7669,399,polygon,FALSE,FALSE,America/New_York,3
5027,Plain City,Plain City,UT,Utah,49057,Weber,41.307,-112.0877,7669,248,polygon,FALSE,TRUE,America/Denver,3
5028,Richfield,Richfield,UT,Utah,49041,Sevier,38.7628,-112.0926,7668,536,polygon,FALSE,TRUE,America/Denver,3
5029,St. Rose,St. Rose,LA,Louisiana,22089,St. Charles,29.9649,-90.3088,7665,466,polygon,FALSE,FALSE,America/Chicago,3
5030,Holtville,Holtville,CA,California,6025,Imperial,32.813,-115.378,7664,2214,polygon,FALSE,TRUE,America/Los_Angeles,2
5031,Auburn,Auburn,GA,Georgia,13013,Barrow,34.0157,-83.8319,7660,438,polygon,FALSE,TRUE,America/New_York,3
5032,Thurmont,Thurmont,MD,Maryland,24021,Frederick,39.621,-77.4076,7659,859,polygon,FALSE,TRUE,America/New_York,3
5033,Oakdale,Oakdale,LA,Louisiana,22003,Allen,30.8157,-92.6542,7656,562,polygon,FALSE,TRUE,America/Chicago,3
5034,Meadow Lakes,Meadow Lakes,AK,Alaska,2170,Matanuska-Susitna,61.638,-149.608,7656,39,polygon,FALSE,FALSE,America/Anchorage,3
5035,Brighton,Brighton,MI,Michigan,26093,Livingston,42.5298,-83.7847,7656,841,polygon,FALSE,TRUE,America/Detroit,3
5036,Chehalis,Chehalis,WA,Washington,53041,Lewis,46.6638,-122.965,7654,508,polygon,FALSE,TRUE,America/Los_Angeles,3
5037,Butler,Butler,NJ,New Jersey,34027,Morris,40.9989,-74.3471,7654,1453,polygon,FALSE,TRUE,America/New_York,3
5038,Inwood,Inwood,FL,Florida,12105,Polk,28.0391,-81.7677,7651,1553,polygon,FALSE,FALSE,America/New_York,3
5039,Lake of the Woods,Lake of the Woods,VA,Virginia,51137,Orange,38.3342,-77.7599,7649,599,polygon,FALSE,TRUE,America/New_York,3
5040,Lamar,Lamar,CO,Colorado,8099,Prowers,38.0739,-102.6153,7646,560,polygon,FALSE,TRUE,America/Denver,3
5041,Windsor,Windsor,WI,Wisconsin,55025,Dane,43.2406,-89.2952,7644,105,polygon,FALSE,TRUE,America/Chicago,3
5042,North Springfield,North Springfield,VA,Virginia,51059,Fairfax,38.8024,-77.2028,7644,1910,polygon,FALSE,FALSE,America/New_York,3
5043,Scotia,Scotia,NY,New York,36093,Schenectady,42.8321,-73.9607,7642,1754,polygon,FALSE,TRUE,America/New_York,3
5044,Marshfield,Marshfield,MO,Missouri,29225,Webster,37.3414,-92.9116,7638,559,polygon,FALSE,TRUE,America/Chicago,3
5045,Charlestown,Charlestown,IN,Indiana,18019,Clark,38.427,-85.6677,7637,282,polygon,FALSE,TRUE,America/Kentucky/Louisville,3
5046,Catalina,Catalina,AZ,Arizona,4019,Pima,32.4848,-110.8998,7635,207,polygon,FALSE,FALSE,America/Phoenix,3
5047,Devils Lake,Devils Lake,ND,North Dakota,38071,Ramsey,48.1131,-98.875,7631,408,polygon,FALSE,TRUE,America/Chicago,3
5048,River Oaks,River Oaks,TX,Texas,48439,Tarrant,32.7767,-97.3984,7630,1459,polygon,FALSE,TRUE,America/Chicago,3
5049,San Lorenzo,San Lorenzo,PR,Puerto Rico,72129,San Lorenzo,18.1894,-65.9674,7629,2176,polygon,FALSE,FALSE,America/Puerto_Rico,2
5050,Wapato,Wapato,WA,Washington,53077,Yakima,46.4435,-120.4215,7627,1635,polygon,FALSE,TRUE,America/Los_Angeles,3
5051,Waupaca,Waupaca,WI,Wisconsin,55135,Waupaca,44.3506,-89.0719,7627,290,polygon,FALSE,TRUE,America/Chicago,3
5052,South Beloit,South Beloit,IL,Illinois,17201,Winnebago,42.4822,-89.0248,7624,491,polygon,FALSE,TRUE,America/Chicago,3
5053,Summit View,Summit View,WA,Washington,53053,Pierce,47.1343,-122.3468,7621,909,polygon,FALSE,TRUE,America/Los_Angeles,3
5054,Wimauma,Wimauma,FL,Florida,12057,Hillsborough,27.6964,-82.3034,7621,117,polygon,FALSE,FALSE,America/New_York,3
5055,Broadview,Broadview,IL,Illinois,17031,Cook,41.8584,-87.8562,7618,1654,polygon,FALSE,TRUE,America/Chicago,3
5056,Calumet Park,Calumet Park,IL,Illinois,17031,Cook,41.665,-87.6578,7602,2638,polygon,FALSE,TRUE,America/Chicago,2
5057,Escalon,Escalon,CA,California,6077,San Joaquin,37.7912,-120.9982,7601,1282,polygon,FALSE,TRUE,America/Los_Angeles,3
5058,Perry,Perry,IA,Iowa,19049,Dallas,41.8387,-94.0937,7601,541,polygon,FALSE,TRUE,America/Chicago,3
5059,Emerson,Emerson,NJ,New Jersey,34003,Bergen,40.9748,-74.0239,7596,1314,polygon,FALSE,TRUE,America/New_York,3
5060,Bernardsville,Bernardsville,NJ,New Jersey,34035,Somerset,40.7268,-74.5918,7594,228,polygon,FALSE,TRUE,America/New_York,3
5061,Caribou,Caribou,ME,Maine,23003,Aroostook,46.8662,-67.9919,7593,36,polygon,FALSE,TRUE,America/New_York,3
5062,Tuttle,Tuttle,OK,Oklahoma,40051,Grady,35.3069,-97.7562,7593,99,polygon,FALSE,TRUE,America/Chicago,3
5063,Piñon Hills,Pinon Hills,CA,California,6071,San Bernardino,34.4438,-117.6214,7592,91,polygon,FALSE,FALSE,America/Los_Angeles,3
5064,Zuni Pueblo,Zuni Pueblo,NM,New Mexico,35031,McKinley,35.0708,-108.8484,7590,331,polygon,FALSE,FALSE,America/Denver,3
5065,LaFayette,LaFayette,GA,Georgia,13295,Walker,34.7088,-85.2815,7589,350,polygon,FALSE,TRUE,America/New_York,3
5066,Palmyra,Palmyra,PA,Pennsylvania,42075,Lebanon,40.31,-76.5945,7587,1523,polygon,FALSE,TRUE,America/New_York,3
5067,Twin Lakes,Twin Lakes,CO,Colorado,8001,Adams,39.8229,-105.0036,7586,1781,polygon,FALSE,FALSE,America/Denver,3
5068,Sappington,Sappington,MO,Missouri,29189,St. Louis,38.526,-90.373,7577,1222,polygon,FALSE,FALSE,America/Chicago,3
5069,Glen Ridge,Glen Ridge,NJ,New Jersey,34013,Essex,40.8041,-74.2043,7574,2294,polygon,FALSE,TRUE,America/New_York,2
5070,Floresville,Floresville,TX,Texas,48493,Wilson,29.14,-98.163,7571,502,polygon,FALSE,TRUE,America/Chicago,3
5071,Makawao,Makawao,HI,Hawaii,15009,Maui,20.848,-156.319,7570,824,polygon,FALSE,FALSE,Pacific/Honolulu,3
5072,Hales Corners,Hales Corners,WI,Wisconsin,55079,Milwaukee,42.941,-88.0491,7567,915,polygon,FALSE,TRUE,America/Chicago,3
5073,Hughson,Hughson,CA,California,6099,Stanislaus,37.602,-120.866,7565,1503,polygon,FALSE,TRUE,America/Los_Angeles,3
5074,Scappoose,Scappoose,OR,Oregon,41009,Columbia,45.7564,-122.8771,7564,1067,polygon,FALSE,TRUE,America/Los_Angeles,3
5075,North Patchogue,North Patchogue,NY,New York,36103,Suffolk,40.7833,-73.0234,7561,1479,polygon,FALSE,FALSE,America/New_York,3
5076,Glenside,Glenside,PA,Pennsylvania,42091,Montgomery,40.1032,-75.1517,7558,2278,polygon,FALSE,FALSE,America/New_York,2
5077,Columbia Falls,Columbia Falls,MT,Montana,30029,Flathead,48.3708,-114.1903,7556,1031,polygon,FALSE,TRUE,America/Denver,3
5078,Harrison,Harrison,TN,Tennessee,47065,Hamilton,35.1276,-85.1464,7555,451,polygon,FALSE,FALSE,America/New_York,3
5079,Eden Isle,Eden Isle,LA,Louisiana,22103,St. Tammany,30.2268,-89.8043,7554,963,polygon,FALSE,FALSE,America/Chicago,3
5080,Ancient Oaks,Ancient Oaks,PA,Pennsylvania,42077,Lehigh,40.536,-75.5852,7554,1203,polygon,FALSE,FALSE,America/New_York,3
5081,Jackson,Jackson,CA,California,6005,Amador,38.3485,-120.7728,7550,519,polygon,FALSE,TRUE,America/Los_Angeles,3
5082,Fairview,Fairview,TN,Tennessee,47187,Williamson,35.9815,-87.1291,7549,203,polygon,FALSE,TRUE,America/Chicago,3
5083,Marshall,Marshall,MI,Michigan,26025,Calhoun,42.2617,-84.9597,7548,422,polygon,FALSE,TRUE,America/Detroit,3
5084,Kula,Kula,HI,Hawaii,15009,Maui,20.7706,-156.3284,7541,84,polygon,FALSE,TRUE,Pacific/Honolulu,3
5085,Sanger,Sanger,TX,Texas,48121,Denton,33.3716,-97.1677,7540,286,polygon,FALSE,TRUE,America/Chicago,3
5086,Albertville,Albertville,MN,Minnesota,27171,Wright,45.2364,-93.6618,7539,658,polygon,FALSE,TRUE,America/Chicago,3
5087,Delafield,Delafield,WI,Wisconsin,55133,Waukesha,43.072,-88.3913,7536,309,polygon,FALSE,TRUE,America/Chicago,3
5088,Berlin,Berlin,NJ,New Jersey,34007,Camden,39.7915,-74.9375,7536,809,polygon,FALSE,TRUE,America/New_York,3
5089,Big Stone Gap,Big Stone Gap,VA,Virginia,51195,Wise,36.8626,-82.7769,7533,401,polygon,FALSE,TRUE,America/New_York,3
5090,Pikeville,Pikeville,KY,Kentucky,21195,Pike,37.4807,-82.5262,7531,115,polygon,FALSE,TRUE,America/New_York,3
5091,Haddon Heights,Haddon Heights,NJ,New Jersey,34007,Camden,39.8791,-75.0645,7529,1855,polygon,FALSE,TRUE,America/New_York,3
5092,Larose,Larose,LA,Louisiana,22057,Lafourche,29.5669,-90.3751,7529,267,polygon,FALSE,FALSE,America/Chicago,3
5093,Loudoun Valley Estates,Loudoun Valley Estates,VA,Virginia,51107,Loudoun,38.9801,-77.5082,7528,1548,polygon,FALSE,TRUE,America/New_York,3
5094,Gold River,Gold River,CA,California,6067,Sacramento,38.6268,-121.2488,7523,1092,polygon,FALSE,FALSE,America/Los_Angeles,3
5095,Fairfax,Fairfax,CA,California,6041,Marin,37.9886,-122.5952,7522,1303,polygon,FALSE,TRUE,America/Los_Angeles,3
5096,Mount Horeb,Mount Horeb,WI,Wisconsin,55025,Dane,43.006,-89.7317,7520,901,polygon,FALSE,TRUE,America/Chicago,3
5097,Mantua,Mantua,VA,Virginia,51059,Fairfax,38.8526,-77.2571,7520,1226,polygon,FALSE,FALSE,America/New_York,3
5098,Norwich,Norwich,NY,New York,36017,Chenango,42.5333,-75.5227,7518,1188,polygon,FALSE,TRUE,America/New_York,3
5099,Benton,Benton,IL,Illinois,17055,Franklin,38.011,-88.9179,7518,482,polygon,FALSE,TRUE,America/Chicago,3
5100,Marengo,Marengo,IL,Illinois,17111,McHenry,42.2312,-88.6153,7517,363,polygon,FALSE,TRUE,America/Chicago,3
5101,Gurabo,Gurabo,PR,Puerto Rico,72063,Gurabo,18.2529,-65.9786,7515,2424,polygon,FALSE,FALSE,America/Puerto_Rico,2
5102,Fairlawn,Fairlawn,OH,Ohio,39153,Summit,41.127,-81.6215,7514,635,polygon,FALSE,TRUE,America/New_York,3
5103,Fort Scott,Fort Scott,KS,Kansas,20011,Bourbon,37.8283,-94.7038,7514,536,polygon,FALSE,TRUE,America/Chicago,3
5104,Robinson,Robinson,IL,Illinois,17033,Crawford,39.0089,-87.7333,7513,603,polygon,FALSE,TRUE,America/Chicago,3
5105,Tyrone,Tyrone,GA,Georgia,13113,Fayette,33.4753,-84.5941,7506,232,polygon,FALSE,TRUE,America/New_York,3
5106,Diamondhead,Diamondhead,MS,Mississippi,28045,Hancock,30.3791,-89.3708,7504,307,polygon,FALSE,TRUE,America/Chicago,3
5107,Laughlin,Laughlin,NV,Nevada,32003,Clark,35.1316,-114.689,7502,32,polygon,FALSE,FALSE,America/Los_Angeles,3
5108,Purcell,Purcell,OK,Oklahoma,40087,McClain,35.018,-97.3747,7502,185,polygon,FALSE,TRUE,America/Chicago,3
5109,Hatboro,Hatboro,PA,Pennsylvania,42091,Montgomery,40.1775,-75.1054,7501,2037,polygon,FALSE,TRUE,America/New_York,2
5110,Lowell,Lowell,MI,Michigan,26081,Kent,42.9351,-85.3457,7501,559,polygon,FALSE,TRUE,America/Detroit,3
5111,Creston,Creston,IA,Iowa,19175,Union,41.0597,-94.365,7499,574,polygon,FALSE,TRUE,America/Chicago,3
5112,West Slope,West Slope,OR,Oregon,41067,Washington,45.4962,-122.7731,7498,1792,polygon,FALSE,FALSE,America/Los_Angeles,3
5113,Beebe,Beebe,AR,Arkansas,5145,White,35.0712,-91.8996,7497,308,polygon,FALSE,TRUE,America/Chicago,3
5114,Dos Palos,Dos Palos,CA,California,6047,Merced,36.9854,-120.6336,7494,1581,polygon,FALSE,TRUE,America/Los_Angeles,3
5115,Citrus Hills,Citrus Hills,FL,Florida,12017,Citrus,28.887,-82.4312,7492,298,polygon,FALSE,FALSE,America/New_York,3
5116,McCordsville,McCordsville,IN,Indiana,18059,Hancock,39.8967,-85.9209,7479,414,polygon,FALSE,TRUE,America/Indiana/Indianapolis,3
5117,Lockwood,Lockwood,MT,Montana,30111,Yellowstone,45.8199,-108.4072,7479,224,polygon,FALSE,FALSE,America/Denver,3
5118,Silvis,Silvis,IL,Illinois,17161,Rock Island,41.4976,-90.4101,7475,673,polygon,FALSE,TRUE,America/Chicago,3
5119,Pulaski,Pulaski,TN,Tennessee,47055,Giles,35.1933,-87.035,7472,390,polygon,FALSE,TRUE,America/Chicago,3
5120,Mount Shasta,Mount Shasta,CA,California,6093,Siskiyou,41.3206,-122.315,7472,335,polygon,FALSE,TRUE,America/Los_Angeles,3
5121,Ojai,Ojai,CA,California,6111,Ventura,34.4487,-119.2469,7470,663,polygon,FALSE,TRUE,America/Los_Angeles,3
5122,Monticello,Monticello,NY,New York,36105,Sullivan,41.6522,-74.6876,7468,605,polygon,FALSE,TRUE,America/New_York,3
5123,Villa Hills,Villa Hills,KY,Kentucky,21117,Kenton,39.0656,-84.595,7461,799,polygon,FALSE,TRUE,America/New_York,3
5124,St. Gabriel,St. Gabriel,LA,Louisiana,22047,Iberville,30.2537,-91.1013,7460,97,polygon,FALSE,TRUE,America/Chicago,3
5125,Palmer,Palmer,AK,Alaska,2170,Matanuska-Susitna,61.5971,-149.1147,7456,567,polygon,FALSE,TRUE,America/Anchorage,3
5126,Keystone Heights,Keystone Heights,FL,Florida,12019,Clay,29.7812,-82.034,7449,552,polygon,FALSE,TRUE,America/New_York,3
5127,Topanga,Topanga,CA,California,6037,Los Angeles,34.0964,-118.6053,7449,150,polygon,FALSE,FALSE,America/Los_Angeles,3
5128,North Star,North Star,DE,Delaware,10003,New Castle,39.755,-75.7331,7441,422,polygon,FALSE,FALSE,America/New_York,3
5129,White Oak,White Oak,PA,Pennsylvania,42003,Allegheny,40.3415,-79.8007,7441,433,polygon,FALSE,TRUE,America/New_York,3
5130,Orosi,Orosi,CA,California,6107,Tulare,36.5434,-119.2903,7441,1174,polygon,FALSE,FALSE,America/Los_Angeles,3
5131,Rockton,Rockton,IL,Illinois,17201,Winnebago,42.45,-89.0629,7441,521,polygon,FALSE,TRUE,America/Chicago,3
5132,Park City,Park City,IL,Illinois,17097,Lake,42.3522,-87.8915,7438,2481,polygon,FALSE,TRUE,America/Chicago,2
5133,Ashland,Ashland,PA,Pennsylvania,42107,Schuylkill,40.7811,-76.3451,7437,623,polygon,FALSE,TRUE,America/New_York,3
5134,Florence,Florence,CO,Colorado,8043,Fremont,38.3836,-105.1114,7433,356,polygon,FALSE,TRUE,America/Denver,3
5135,Highlands,Highlands,TX,Texas,48201,Harris,29.813,-95.0577,7432,587,polygon,FALSE,FALSE,America/Chicago,3
5136,Edgerton,Edgerton,WI,Wisconsin,55105,Rock,42.8385,-89.0699,7431,522,polygon,FALSE,TRUE,America/Chicago,3
5137,Old Town,Old Town,ME,Maine,23019,Penobscot,44.9491,-68.7249,7431,73,polygon,FALSE,TRUE,America/New_York,3
5138,New London,New London,WI,Wisconsin,55135,Waupaca,44.395,-88.7394,7430,493,polygon,FALSE,TRUE,America/Chicago,3
5139,McCook,McCook,NE,Nebraska,31145,Red Willow,40.2046,-100.6214,7426,540,polygon,FALSE,TRUE,America/Chicago,3
5140,North Bend,North Bend,WA,Washington,53033,King,47.49,-121.7742,7423,659,polygon,FALSE,TRUE,America/Los_Angeles,3
5141,Etowah,Etowah,NC,North Carolina,37089,Henderson,35.3061,-82.5902,7420,162,polygon,FALSE,FALSE,America/New_York,3
5142,Hiawatha,Hiawatha,IA,Iowa,19113,Linn,42.0547,-91.6911,7420,604,polygon,FALSE,TRUE,America/Chicago,3
5143,Hubbard,Hubbard,OH,Ohio,39155,Trumbull,41.1595,-80.5672,7419,711,polygon,FALSE,TRUE,America/New_York,3
5144,River Rouge,River Rouge,MI,Michigan,26163,Wayne,42.2731,-83.1246,7419,1079,polygon,FALSE,TRUE,America/Detroit,3
5145,Hillcrest,Hillcrest,NY,New York,36087,Rockland,41.1298,-74.035,7418,2202,polygon,FALSE,FALSE,America/New_York,2
5146,Sandwich,Sandwich,IL,Illinois,17037,DeKalb,41.6496,-88.6177,7418,604,polygon,FALSE,TRUE,America/Chicago,3
5147,Belen,Belen,NM,New Mexico,35061,Valencia,34.7115,-106.7985,7416,151,polygon,FALSE,TRUE,America/Denver,3
5148,Inverness,Inverness,FL,Florida,12017,Citrus,28.8397,-82.3437,7414,376,polygon,FALSE,TRUE,America/New_York,3
5149,Marion,Marion,VA,Virginia,51173,Smyth,36.8389,-81.5135,7414,520,polygon,FALSE,TRUE,America/New_York,3
5150,Cotati,Cotati,CA,California,6097,Sonoma,38.3279,-122.7092,7410,1521,polygon,FALSE,TRUE,America/Los_Angeles,3
5151,Mills River,Mills River,NC,North Carolina,37089,Henderson,35.3853,-82.5854,7406,128,polygon,FALSE,TRUE,America/New_York,3
5152,Saranac Lake,Saranac Lake,NY,New York,36033,Franklin,44.3245,-74.1314,7404,722,polygon,FALSE,TRUE,America/New_York,3
5153,West Concord,West Concord,MA,Massachusetts,25017,Middlesex,42.4518,-71.4035,7402,845,polygon,FALSE,FALSE,America/New_York,3
5154,Sanibel,Sanibel,FL,Florida,12071,Lee,26.4534,-82.1023,7401,176,polygon,FALSE,TRUE,America/New_York,3
5155,Farmington,Farmington,AR,Arkansas,5143,Washington,36.037,-94.2537,7400,290,polygon,FALSE,TRUE,America/Chicago,3
5156,Soldotna,Soldotna,AK,Alaska,2122,Kenai Peninsula,60.4862,-151.0672,7398,261,polygon,FALSE,TRUE,America/Anchorage,3
5157,Welcome,Welcome,SC,South Carolina,45045,Greenville,34.8204,-82.46,7394,615,polygon,FALSE,FALSE,America/New_York,3
5158,New Bremen,New Bremen,OH,Ohio,39011,Auglaize,40.4356,-84.3777,7393,494,polygon,FALSE,TRUE,America/New_York,3
5159,Mentor-on-the-Lake,Mentor-on-the-Lake,OH,Ohio,39085,Lake,41.7135,-81.365,7390,1768,polygon,FALSE,TRUE,America/New_York,3
5160,Baywood,Baywood,NY,New York,36103,Suffolk,40.7533,-73.29,7389,1248,polygon,FALSE,TRUE,America/New_York,3
5161,Middletown,Middletown,PA,Pennsylvania,42095,Northampton,40.6441,-75.3244,7386,1088,polygon,FALSE,FALSE,America/New_York,3
5162,Farr West,Farr West,UT,Utah,49057,Weber,41.3015,-112.0318,7385,481,polygon,FALSE,TRUE,America/Denver,3
5163,Ephrata,Ephrata,WA,Washington,53025,Grant,47.3122,-119.534,7383,301,polygon,FALSE,TRUE,America/Los_Angeles,3
5164,Lihue,Lihue,HI,Hawaii,15007,Kauai,21.9728,-159.3541,7381,427,polygon,FALSE,FALSE,Pacific/Honolulu,3
5165,Pembroke,Pembroke,NC,North Carolina,37155,Robeson,34.6766,-79.1934,7381,358,polygon,FALSE,TRUE,America/New_York,3
5166,Steele Creek,Steele Creek,AK,Alaska,2090,Fairbanks North Star,64.9295,-147.3955,7380,30,polygon,FALSE,TRUE,America/Anchorage,3
5167,University of California-Davis,University of California-Davis,CA,California,6113,Yolo,38.5374,-121.7576,7379,1947,polygon,FALSE,TRUE,America/Los_Angeles,3
5168,Providence Village,Providence Village,TX,Texas,48121,Denton,33.2363,-96.9611,7377,1875,polygon,FALSE,TRUE,America/Chicago,3
5169,Webster City,Webster City,IA,Iowa,19079,Hamilton,42.4623,-93.8167,7377,334,polygon,FALSE,TRUE,America/Chicago,3
5170,Inverness,Inverness,IL,Illinois,17031,Cook,42.1152,-88.1019,7376,435,polygon,FALSE,TRUE,America/Chicago,3
5171,Clarkston,Clarkston,WA,Washington,53003,Asotin,46.4161,-117.0505,7375,1385,polygon,FALSE,TRUE,America/Los_Angeles,3
5172,Montpelier,Montpelier,VT,Vermont,50023,Washington,44.2658,-72.5717,7372,283,polygon,FALSE,TRUE,America/New_York,2
5173,Tolleson,Tolleson,AZ,Arizona,4013,Maricopa,33.4484,-112.2561,7372,493,polygon,FALSE,TRUE,America/Phoenix,3
5174,New Roads,New Roads,LA,Louisiana,22077,Pointe Coupee,30.6959,-91.4537,7370,377,polygon,FALSE,TRUE,America/Chicago,3
5175,Ponchatoula,Ponchatoula,LA,Louisiana,22105,Tangipahoa,30.4402,-90.4428,7369,601,polygon,FALSE,TRUE,America/Chicago,3
5176,Oroville East,Oroville East,CA,California,6007,Butte,39.4947,-121.4866,7368,131,polygon,FALSE,TRUE,America/Los_Angeles,3
5177,Plumas Lake,Plumas Lake,CA,California,6115,Yuba,38.9924,-121.558,7367,339,polygon,FALSE,FALSE,America/Los_Angeles,3
5178,Winsted,Winsted,CT,Connecticut,9005,Litchfield,41.9268,-73.0675,7367,615,polygon,FALSE,FALSE,America/New_York,3
5179,Skiatook,Skiatook,OK,Oklahoma,40113,Osage,36.3694,-95.9819,7367,238,polygon,FALSE,TRUE,America/Chicago,3
5180,Pomona,Pomona,NJ,New Jersey,34001,Atlantic,39.4687,-74.5501,7362,1014,polygon,FALSE,FALSE,America/New_York,3
5181,Charles City,Charles City,IA,Iowa,19067,Floyd,43.0644,-92.6745,7359,453,polygon,FALSE,TRUE,America/Chicago,3
5182,Yreka,Yreka,CA,California,6093,Siskiyou,41.7292,-122.6312,7356,290,polygon,FALSE,TRUE,America/Los_Angeles,3
5183,Stanwood,Stanwood,WA,Washington,53061,Snohomish,48.2449,-122.3425,7354,959,polygon,FALSE,TRUE,America/Los_Angeles,3
5184,Leola,Leola,PA,Pennsylvania,42071,Lancaster,40.0915,-76.1891,7352,472,polygon,FALSE,FALSE,America/New_York,3
5185,St. Joseph,St. Joseph,MN,Minnesota,27145,Stearns,45.5611,-94.3081,7351,691,polygon,FALSE,TRUE,America/Chicago,3
5186,Canóvanas,Canovanas,PR,Puerto Rico,72029,Canóvanas,18.3782,-65.9056,7351,1241,polygon,FALSE,FALSE,America/Puerto_Rico,3
5187,Hudsonville,Hudsonville,MI,Michigan,26139,Ottawa,42.8631,-85.8628,7348,688,polygon,FALSE,TRUE,America/Detroit,3
5188,Spring Hill,Spring Hill,KS,Kansas,20091,Johnson,38.7565,-94.82,7345,323,polygon,FALSE,TRUE,America/Chicago,3
5189,Philadelphia,Philadelphia,MS,Mississippi,28099,Neshoba,32.7761,-89.1221,7345,223,polygon,FALSE,TRUE,America/Chicago,3
5190,Bellbrook,Bellbrook,OH,Ohio,39057,Greene,39.6384,-84.0863,7344,904,polygon,FALSE,TRUE,America/New_York,3
5191,Northridge,Northridge,OH,Ohio,39023,Clark,39.9971,-83.777,7343,925,polygon,FALSE,FALSE,America/New_York,3
5192,Dayton,Dayton,NJ,New Jersey,34023,Middlesex,40.3815,-74.5137,7340,1344,polygon,FALSE,FALSE,America/New_York,3
5193,Gibsonville,Gibsonville,NC,North Carolina,37081,Guilford,36.0991,-79.5417,7339,784,polygon,FALSE,TRUE,America/New_York,3
5194,Dade City,Dade City,FL,Florida,12101,Pasco,28.3568,-82.1942,7338,478,polygon,FALSE,TRUE,America/New_York,3
5195,Southgate,Southgate,FL,Florida,12115,Sarasota,27.3082,-82.5096,7338,1432,polygon,FALSE,FALSE,America/New_York,3
5196,Greenville,Greenville,NY,New York,36119,Westchester,40.9981,-73.8194,7336,1105,polygon,FALSE,FALSE,America/New_York,3
5197,Winooski,Winooski,VT,Vermont,50007,Chittenden,44.4951,-73.1843,7333,1974,polygon,FALSE,TRUE,America/New_York,3
5198,Middleborough Center,Middleborough Center,MA,Massachusetts,25023,Plymouth,41.8945,-70.926,7333,720,polygon,FALSE,TRUE,America/New_York,3
5199,Rockville,Rockville,CT,Connecticut,9013,Tolland,41.8667,-72.4528,7332,1674,polygon,FALSE,FALSE,America/New_York,3
5200,Homeland,Homeland,CA,California,6065,Riverside,33.7459,-117.1132,7326,662,polygon,FALSE,FALSE,America/Los_Angeles,3
5201,Bryans Road,Bryans Road,MD,Maryland,24017,Charles,38.6144,-77.085,7325,183,polygon,FALSE,FALSE,America/New_York,3
5202,Valley Center,Valley Center,KS,Kansas,20173,Sedgwick,37.8333,-97.3645,7325,398,polygon,FALSE,TRUE,America/Chicago,3
5203,Ormond-by-the-Sea,Ormond-by-the-Sea,FL,Florida,12127,Volusia,29.3436,-81.0677,7322,1410,polygon,FALSE,FALSE,America/New_York,3
5204,Umatilla,Umatilla,OR,Oregon,41059,Umatilla,45.912,-119.3145,7321,580,polygon,FALSE,TRUE,America/Los_Angeles,3
5205,Strasburg,Strasburg,VA,Virginia,51171,Shenandoah,38.9961,-78.3548,7320,633,polygon,FALSE,TRUE,America/New_York,3
5206,Oak Grove,Oak Grove,KY,Kentucky,21047,Christian,36.6686,-87.4216,7320,264,polygon,FALSE,TRUE,America/Chicago,3
5207,Geneva,Geneva,OH,Ohio,39007,Ashtabula,41.8006,-80.9461,7317,562,polygon,FALSE,TRUE,America/New_York,3
5208,Whiteville,Whiteville,NC,North Carolina,37047,Columbus,34.3306,-78.7013,7315,369,polygon,FALSE,TRUE,America/New_York,3
5209,South Lockport,South Lockport,NY,New York,36063,Niagara,43.1377,-78.6864,7315,494,polygon,FALSE,FALSE,America/New_York,3
5210,Franklin,Franklin,CA,California,6047,Merced,37.3277,-120.5321,7314,1399,polygon,FALSE,TRUE,America/Los_Angeles,3
5211,Centerville,Centerville,SC,South Carolina,45007,Anderson,34.5256,-82.7161,7303,477,polygon,FALSE,FALSE,America/New_York,3
5212,Woodlake,Woodlake,VA,Virginia,51041,Chesterfield,37.4216,-77.6783,7299,1163,polygon,FALSE,FALSE,America/New_York,3
5213,Wellington,Wellington,KS,Kansas,20191,Sumner,37.2622,-97.4282,7297,404,polygon,FALSE,TRUE,America/Chicago,3
5214,Longboat Key,Longboat Key,FL,Florida,12081,Manatee,27.3926,-82.6341,7296,690,polygon,FALSE,TRUE,America/New_York,3
5215,Meraux,Meraux,LA,Louisiana,22087,St. Bernard,29.9284,-89.9179,7296,679,polygon,FALSE,FALSE,America/Chicago,3
5216,Connellsville,Connellsville,PA,Pennsylvania,42051,Fayette,40.0158,-79.5899,7290,1287,polygon,FALSE,TRUE,America/New_York,3
5217,Hardeeville,Hardeeville,SC,South Carolina,45053,Jasper,32.2951,-81.0318,7290,50,polygon,FALSE,TRUE,America/New_York,3
5218,Torrington,Torrington,WY,Wyoming,56015,Goshen,42.0658,-104.1623,7289,552,polygon,FALSE,TRUE,America/Denver,3
5219,New Cumberland,New Cumberland,PA,Pennsylvania,42041,Cumberland,40.2298,-76.8763,7288,1680,polygon,FALSE,TRUE,America/New_York,3
5220,Kaufman,Kaufman,TX,Texas,48257,Kaufman,32.5769,-96.316,7281,335,polygon,FALSE,TRUE,America/Chicago,3
5221,Huron,Huron,CA,California,6019,Fresno,36.2041,-120.0961,7281,1756,polygon,FALSE,TRUE,America/Los_Angeles,3
5222,Moab,Moab,UT,Utah,49019,Grand,38.5701,-109.5477,7278,429,polygon,FALSE,TRUE,America/Denver,3
5223,Wildwood,Wildwood,FL,Florida,12119,Sumter,28.8014,-82.0058,7276,67,polygon,FALSE,TRUE,America/New_York,3
5224,Pinehurst,Pinehurst,MA,Massachusetts,25017,Middlesex,42.5334,-71.234,7275,753,polygon,FALSE,FALSE,America/New_York,3
5225,Ralston,Ralston,NE,Nebraska,31055,Douglas,41.2005,-96.0354,7273,1702,polygon,FALSE,TRUE,America/Chicago,3
5226,Northport,Northport,NY,New York,36103,Suffolk,40.9036,-73.3446,7273,1215,polygon,FALSE,TRUE,America/New_York,3
5227,Wauseon,Wauseon,OH,Ohio,39051,Fulton,41.5532,-84.141,7269,537,polygon,FALSE,TRUE,America/New_York,3
5228,Delphos,Delphos,OH,Ohio,39003,Allen,40.8481,-84.3368,7267,766,polygon,FALSE,TRUE,America/New_York,3
5229,St. Louis,St. Louis,MI,Michigan,26057,Gratiot,43.4082,-84.6118,7265,846,polygon,FALSE,TRUE,America/Detroit,3
5230,Lampasas,Lampasas,TX,Texas,48281,Lampasas,31.064,-98.1824,7263,421,polygon,FALSE,TRUE,America/Chicago,3
5231,Pleasantville,Pleasantville,NY,New York,36119,Westchester,41.1378,-73.7827,7260,1534,polygon,FALSE,TRUE,America/New_York,3
5232,Neptune Beach,Neptune Beach,FL,Florida,12031,Duval,30.3165,-81.4118,7259,1199,polygon,FALSE,TRUE,America/New_York,3
5233,Napili-Honokowai,Napili-Honokowai,HI,Hawaii,15009,Maui,20.9767,-156.6646,7258,1078,polygon,FALSE,TRUE,Pacific/Honolulu,3
5234,Crystal City,Crystal City,TX,Texas,48507,Zavala,28.6909,-99.8257,7255,758,polygon,FALSE,TRUE,America/Chicago,3
5235,Williston Park,Williston Park,NY,New York,36059,Nassau,40.7587,-73.6465,7253,4471,polygon,FALSE,TRUE,America/New_York,2
5236,Union Grove,Union Grove,WI,Wisconsin,55101,Racine,42.6863,-88.0495,7251,762,polygon,FALSE,TRUE,America/Chicago,3
5237,Kenwood,Kenwood,OH,Ohio,39061,Hamilton,39.2067,-84.3746,7244,1199,polygon,FALSE,FALSE,America/New_York,3
5238,Lakes of the Four Seasons,Lakes of the Four Seasons,IN,Indiana,18089,Lake,41.4074,-87.2203,7243,1221,polygon,FALSE,FALSE,America/Chicago,3
5239,Richland,Richland,MS,Mississippi,28121,Rankin,32.2309,-90.1592,7241,223,polygon,FALSE,TRUE,America/Chicago,3
5240,Belle Isle,Belle Isle,FL,Florida,12095,Orange,28.4724,-81.3491,7240,1164,polygon,FALSE,TRUE,America/New_York,3
5241,Bedford,Bedford,VA,Virginia,51019,Bedford,37.336,-79.5179,7240,292,polygon,FALSE,TRUE,America/New_York,3
5242,Woodstock,Woodstock,VA,Virginia,51171,Shenandoah,38.875,-78.516,7239,532,polygon,FALSE,TRUE,America/New_York,3
5243,Franklin,Franklin,NC,North Carolina,37113,Macon,35.1798,-83.3808,7238,323,polygon,FALSE,TRUE,America/New_York,3
5244,Emmitsburg,Emmitsburg,MD,Maryland,24021,Frederick,39.7051,-77.3216,7235,821,polygon,FALSE,TRUE,America/New_York,3
5245,Willows,Willows,CA,California,6021,Glenn,39.5149,-122.1995,7234,826,polygon,FALSE,TRUE,America/Los_Angeles,3
5246,East Hills,East Hills,NY,New York,36059,Nassau,40.7958,-73.6292,7233,1227,polygon,FALSE,TRUE,America/New_York,3
5247,Oakdale,Oakdale,NY,New York,36103,Suffolk,40.7373,-73.1345,7231,843,polygon,FALSE,FALSE,America/New_York,3
5248,La Feria,La Feria,TX,Texas,48061,Cameron,26.1544,-97.8255,7230,647,polygon,FALSE,TRUE,America/Chicago,3
5249,New Albany,New Albany,MS,Mississippi,28145,Union,34.4909,-89.0201,7226,185,polygon,FALSE,TRUE,America/Chicago,3
5250,Midland Park,Midland Park,NJ,New Jersey,34003,Bergen,40.9952,-74.1411,7216,1773,polygon,FALSE,TRUE,America/New_York,3
5251,Landen,Landen,OH,Ohio,39165,Warren,39.3153,-84.277,7214,1373,polygon,FALSE,FALSE,America/New_York,3
5252,Alta Sierra,Alta Sierra,CA,California,6057,Nevada,39.1237,-121.0523,7207,334,polygon,FALSE,FALSE,America/Los_Angeles,3
5253,Dunellen,Dunellen,NJ,New Jersey,34023,Middlesex,40.5903,-74.4656,7202,2617,polygon,FALSE,TRUE,America/New_York,2
5254,Corbin,Corbin,KY,Kentucky,21235,Whitley,36.9321,-84.1004,7202,352,polygon,FALSE,TRUE,America/New_York,3
5255,Milan,Milan,TN,Tennessee,47053,Gibson,35.9126,-88.7554,7201,329,polygon,FALSE,TRUE,America/Chicago,3
5256,Jackson,Jackson,WI,Wisconsin,55131,Washington,43.3237,-88.166,7200,859,polygon,FALSE,TRUE,America/Chicago,3
5257,Riverdale Park,Riverdale Park,MD,Maryland,24033,Prince George's,38.9642,-76.9266,7200,1760,polygon,FALSE,TRUE,America/New_York,3
5258,Knoxville,Knoxville,IA,Iowa,19125,Marion,41.3188,-93.1024,7199,598,polygon,FALSE,TRUE,America/Chicago,3
5259,Lander,Lander,WY,Wyoming,56013,Fremont,42.8313,-108.7599,7197,306,polygon,FALSE,TRUE,America/Denver,3
5260,Unionville,Unionville,NC,North Carolina,37179,Union,35.0716,-80.5173,7195,95,polygon,FALSE,TRUE,America/New_York,3
5261,Gunnison,Gunnison,CO,Colorado,8051,Gunnison,38.5455,-106.9225,7195,612,polygon,FALSE,TRUE,America/Denver,3
5262,Hornsby Bend,Hornsby Bend,TX,Texas,48453,Travis,30.245,-97.5833,7194,1629,polygon,FALSE,FALSE,America/Chicago,3
5263,South Monrovia Island,South Monrovia Island,CA,California,6037,Los Angeles,34.1234,-117.9958,7192,5066,polygon,FALSE,TRUE,America/Los_Angeles,2
5264,Morrow,Morrow,GA,Georgia,13063,Clayton,33.5816,-84.3392,7192,823,polygon,FALSE,TRUE,America/New_York,3
5265,Interlaken,Interlaken,CA,California,6087,Santa Cruz,36.9505,-121.7363,7191,283,polygon,FALSE,FALSE,America/Los_Angeles,3
5266,Acton,Acton,CA,California,6037,Los Angeles,34.4956,-118.1857,7185,70,polygon,FALSE,FALSE,America/Los_Angeles,3
5267,Hobart,Hobart,WA,Washington,53033,King,47.412,-121.996,7182,147,polygon,FALSE,FALSE,America/Los_Angeles,3
5268,Enoch,Enoch,UT,Utah,49021,Iron,37.767,-113.0449,7180,353,polygon,FALSE,TRUE,America/Denver,3
5269,Pacific,Pacific,WA,Washington,53033,King,47.261,-122.2507,7178,1145,polygon,FALSE,TRUE,America/Los_Angeles,3
5270,Canfield,Canfield,OH,Ohio,39099,Mahoning,41.0315,-80.7672,7176,602,polygon,FALSE,TRUE,America/New_York,3
5271,Independence,Independence,OH,Ohio,39035,Cuyahoga,41.378,-81.6385,7175,290,polygon,FALSE,TRUE,America/New_York,3
5272,Elsa,Elsa,TX,Texas,48215,Hidalgo,26.2978,-97.9936,7174,1326,polygon,FALSE,TRUE,America/Chicago,3
5273,Mecca,Mecca,CA,California,6065,Riverside,33.5767,-116.0645,7174,398,polygon,FALSE,FALSE,America/Los_Angeles,3
5274,Sioux Center,Sioux Center,IA,Iowa,19167,Sioux,43.0748,-96.1707,7174,471,polygon,FALSE,TRUE,America/Chicago,3
5275,Commerce,Commerce,GA,Georgia,13157,Jackson,34.2133,-83.473,7172,220,polygon,FALSE,TRUE,America/New_York,3
5276,East Franklin,East Franklin,NJ,New Jersey,34035,Somerset,40.4933,-74.4711,7170,2542,polygon,FALSE,TRUE,America/New_York,2
5277,Austell,Austell,GA,Georgia,13067,Cobb,33.82,-84.645,7170,466,polygon,FALSE,TRUE,America/New_York,3
5278,Glenolden,Glenolden,PA,Pennsylvania,42045,Delaware,39.8996,-75.292,7164,2837,polygon,FALSE,TRUE,America/New_York,2
5279,Parkville,Parkville,PA,Pennsylvania,42133,York,39.7859,-76.9686,7162,948,polygon,FALSE,FALSE,America/New_York,3
5280,Parkville,Parkville,MO,Missouri,29165,Platte,39.2004,-94.7222,7162,187,polygon,FALSE,TRUE,America/Chicago,3
5281,Hillsborough,Hillsborough,NC,North Carolina,37135,Orange,36.0681,-79.0994,7161,492,polygon,FALSE,TRUE,America/New_York,3
5282,Utuado,Utuado,PR,Puerto Rico,72141,Utuado,18.2697,-66.7049,7160,1581,polygon,FALSE,FALSE,America/Puerto_Rico,3
5283,Gonzales,Gonzales,TX,Texas,48177,Gonzales,29.5126,-97.4472,7158,478,polygon,FALSE,TRUE,America/Chicago,3
5284,Nyack,Nyack,NY,New York,36087,Rockland,41.0919,-73.9143,7156,3586,polygon,FALSE,TRUE,America/New_York,2
5285,Calverton,Calverton,NY,New York,36103,Suffolk,40.9163,-72.7645,7154,98,polygon,FALSE,FALSE,America/New_York,3
5286,Wynne,Wynne,AR,Arkansas,5037,Cross,35.2322,-90.7894,7152,331,polygon,FALSE,TRUE,America/Chicago,3
5287,Tyrone,Tyrone,PA,Pennsylvania,42013,Blair,40.6764,-78.246,7151,975,polygon,FALSE,TRUE,America/New_York,3
5288,Lawrenceville,Lawrenceville,IL,Illinois,17101,Lawrence,38.7264,-87.6873,7150,785,polygon,FALSE,TRUE,America/Chicago,3
5289,Yardville,Yardville,NJ,New Jersey,34021,Mercer,40.1849,-74.6603,7148,677,polygon,FALSE,FALSE,America/New_York,3
5290,Cottage Grove,Cottage Grove,WI,Wisconsin,55025,Dane,43.091,-89.2034,7143,660,polygon,FALSE,TRUE,America/Chicago,3
5291,De Soto,De Soto,MO,Missouri,29099,Jefferson,38.141,-90.5609,7141,558,polygon,FALSE,TRUE,America/Chicago,3
5292,Palmyra,Palmyra,NJ,New Jersey,34005,Burlington,40.0025,-75.036,7140,1490,polygon,FALSE,TRUE,America/New_York,3
5293,Nappanee,Nappanee,IN,Indiana,18039,Elkhart,41.4452,-85.9941,7139,597,polygon,FALSE,TRUE,America/Indiana/Indianapolis,3
5294,Portage Lakes,Portage Lakes,OH,Ohio,39153,Summit,41.0034,-81.5347,7139,696,polygon,FALSE,FALSE,America/New_York,3
5295,Fair Plain,Fair Plain,MI,Michigan,26021,Berrien,42.0823,-86.4515,7138,641,polygon,FALSE,FALSE,America/Detroit,3
5296,Atherton,Atherton,CA,California,6081,San Mateo,37.4539,-122.2032,7137,547,polygon,FALSE,TRUE,America/Los_Angeles,3
5297,Nibley,Nibley,UT,Utah,49005,Cache,41.6725,-111.8454,7135,658,polygon,FALSE,TRUE,America/Denver,3
5298,Walled Lake,Walled Lake,MI,Michigan,26125,Oakland,42.538,-83.4786,7134,1247,polygon,FALSE,TRUE,America/Detroit,3
5299,Galliano,Galliano,LA,Louisiana,22057,Lafourche,29.447,-90.3096,7131,247,polygon,FALSE,FALSE,America/Chicago,3
5300,Freeland,Freeland,MI,Michigan,26145,Saginaw,43.5198,-84.1124,7125,417,polygon,FALSE,FALSE,America/Detroit,3
5301,Ewa Villages,Ewa Villages,HI,Hawaii,15003,Honolulu,21.3418,-158.039,7118,2440,polygon,FALSE,FALSE,Pacific/Honolulu,2
5302,Live Oak,Live Oak,FL,Florida,12121,Suwannee,30.2956,-82.9847,7118,352,polygon,FALSE,TRUE,America/New_York,3
5303,Bonne Terre,Bonne Terre,MO,Missouri,29187,St. Francois,37.9209,-90.5426,7118,675,polygon,FALSE,TRUE,America/Chicago,3
5304,Brook Highland,Brook Highland,AL,Alabama,1117,Shelby,33.4359,-86.6849,7116,979,polygon,FALSE,FALSE,America/Chicago,3
5305,Fort Riley,Fort Riley,KS,Kansas,20161,Riley,39.1111,-96.8138,7116,538,polygon,TRUE,TRUE,America/Chicago,3
5306,Calipatria,Calipatria,CA,California,6025,Imperial,33.1493,-115.5056,7114,742,polygon,FALSE,TRUE,America/Los_Angeles,3
5307,Pinson,Pinson,AL,Alabama,1073,Jefferson,33.7057,-86.6674,7106,257,polygon,FALSE,TRUE,America/Chicago,3
5308,Selma,Selma,NC,North Carolina,37101,Johnston,35.5436,-78.2954,7101,571,polygon,FALSE,TRUE,America/New_York,3
5309,Marble Falls,Marble Falls,TX,Texas,48053,Burnet,30.5649,-98.2768,7099,187,polygon,FALSE,TRUE,America/Chicago,3
5310,Northgate,Northgate,OH,Ohio,39061,Hamilton,39.2531,-84.5943,7099,1099,polygon,FALSE,FALSE,America/New_York,3
5311,Lake Lorraine,Lake Lorraine,FL,Florida,12091,Okaloosa,30.4407,-86.5657,7095,1327,polygon,FALSE,FALSE,America/Chicago,3
5312,Juana Díaz,Juana Diaz,PR,Puerto Rico,72075,Juana Díaz,18.0532,-66.5047,7095,1867,polygon,FALSE,FALSE,America/Puerto_Rico,3
5313,Fort Myers Beach,Fort Myers Beach,FL,Florida,12071,Lee,26.4324,-81.9168,7094,985,polygon,FALSE,TRUE,America/New_York,3
5314,Dunbar,Dunbar,WV,West Virginia,54039,Kanawha,38.3688,-81.7345,7093,977,polygon,FALSE,TRUE,America/New_York,3
5315,Ladera Heights,Ladera Heights,CA,California,6037,Los Angeles,33.9972,-118.374,7090,923,polygon,FALSE,FALSE,America/Los_Angeles,3
5316,Osceola,Osceola,AR,Arkansas,5093,Mississippi,35.6942,-89.9934,7085,272,polygon,FALSE,TRUE,America/Chicago,3
5317,Syracuse,Syracuse,IN,Indiana,18085,Kosciusko,41.4226,-85.7492,7085,564,polygon,FALSE,TRUE,America/Indiana/Indianapolis,3
5318,Souderton,Souderton,PA,Pennsylvania,42091,Montgomery,40.311,-75.3224,7082,2438,polygon,FALSE,TRUE,America/New_York,2
5319,Flatwoods,Flatwoods,KY,Kentucky,21089,Greenup,38.521,-82.7195,7079,838,polygon,FALSE,TRUE,America/New_York,3
5320,Roosevelt,Roosevelt,UT,Utah,49013,Duchesne,40.2924,-110.0093,7075,415,polygon,FALSE,TRUE,America/Denver,3
5321,Milton-Freewater,Milton-Freewater,OR,Oregon,41059,Umatilla,45.9348,-118.3913,7074,1372,polygon,FALSE,TRUE,America/Los_Angeles,3
5322,Ben Lomond,Ben Lomond,CA,California,6087,Santa Cruz,37.0782,-122.0882,7071,326,polygon,FALSE,FALSE,America/Los_Angeles,3
5323,Fort Pierce North,Fort Pierce North,FL,Florida,12111,St. Lucie,27.4736,-80.3594,7070,644,polygon,FALSE,TRUE,America/New_York,3
5324,Nebraska City,Nebraska City,NE,Nebraska,31131,Otoe,40.6762,-95.8613,7069,566,polygon,FALSE,TRUE,America/Chicago,3
5325,Sausalito,Sausalito,CA,California,6041,Marin,37.858,-122.4932,7068,1547,polygon,FALSE,TRUE,America/Los_Angeles,3
5326,Batesville,Batesville,MS,Mississippi,28107,Panola,34.3147,-89.9249,7068,139,polygon,FALSE,TRUE,America/Chicago,3
5327,Twin Rivers,Twin Rivers,NJ,New Jersey,34021,Mercer,40.263,-74.4917,7067,2160,polygon,FALSE,FALSE,America/New_York,2
5328,Ridley Park,Ridley Park,PA,Pennsylvania,42045,Delaware,39.8785,-75.3251,7065,2528,polygon,FALSE,TRUE,America/New_York,2
5329,Highland Heights,Highland Heights,KY,Kentucky,21037,Campbell,39.0355,-84.4567,7065,1041,polygon,FALSE,TRUE,America/New_York,3
5330,Barnesville,Barnesville,GA,Georgia,13171,Lamar,33.0509,-84.1527,7064,423,polygon,FALSE,TRUE,America/New_York,3
5331,Lemoore Station,Lemoore Station,CA,California,6031,Kings,36.2633,-119.9049,7063,649,polygon,TRUE,TRUE,America/Los_Angeles,3
5332,Waikele,Waikele,HI,Hawaii,15003,Honolulu,21.4025,-158.0058,7062,2477,polygon,FALSE,TRUE,Pacific/Honolulu,2
5333,Berrien Springs,Berrien Springs,MI,Michigan,26021,Berrien,41.9474,-86.3403,7060,726,polygon,FALSE,TRUE,America/Detroit,3
5334,St. Helena,St. Helena,CA,California,6055,Napa,38.5063,-122.4682,7059,475,polygon,FALSE,TRUE,America/Los_Angeles,3
5335,Whitemarsh Island,Whitemarsh Island,GA,Georgia,13051,Chatham,32.0304,-81.0109,7058,471,polygon,FALSE,FALSE,America/New_York,3
5336,Hudson Falls,Hudson Falls,NY,New York,36115,Washington,43.3042,-73.5818,7056,1462,polygon,FALSE,TRUE,America/New_York,3
5337,Sandston,Sandston,VA,Virginia,51087,Henrico,37.512,-77.3149,7056,276,polygon,FALSE,FALSE,America/New_York,3
5338,Noble,Noble,OK,Oklahoma,40027,Cleveland,35.1385,-97.371,7053,207,polygon,FALSE,TRUE,America/Chicago,3
5339,Oak Ridge,Oak Ridge,NC,North Carolina,37081,Guilford,36.174,-79.9916,7049,165,polygon,FALSE,TRUE,America/New_York,3
5340,Fort Payne,Fort Payne,AL,Alabama,1049,DeKalb,34.4557,-85.6965,7049,96,polygon,FALSE,TRUE,America/Chicago,3
5341,Rochester,Rochester,IN,Indiana,18049,Fulton,41.059,-86.196,7046,506,polygon,FALSE,TRUE,America/Indiana/Indianapolis,3
5342,Orange City,Orange City,IA,Iowa,19167,Sioux,43.0023,-96.0566,7044,551,polygon,FALSE,TRUE,America/Chicago,3
5343,Gateway,Gateway,AK,Alaska,2170,Matanuska-Susitna,61.5737,-149.2389,7037,126,polygon,FALSE,FALSE,America/Anchorage,3
5344,Marksville,Marksville,LA,Louisiana,22009,Avoyelles,31.1247,-92.0652,7036,428,polygon,FALSE,TRUE,America/Chicago,3
5345,Truth or Consequences,Truth or Consequences,NM,New Mexico,35051,Sierra,33.1864,-107.2589,7035,79,polygon,FALSE,TRUE,America/Denver,3
5346,Rancho Calaveras,Rancho Calaveras,CA,California,6009,Calaveras,38.1248,-120.857,7035,324,polygon,FALSE,FALSE,America/Los_Angeles,3
5347,Nuevo,Nuevo,CA,California,6065,Riverside,33.8011,-117.1415,7033,401,polygon,FALSE,FALSE,America/Los_Angeles,3
5348,Laurium,Laurium,MI,Michigan,26061,Houghton,47.2351,-88.4382,7032,1128,polygon,FALSE,TRUE,America/Detroit,3
5349,Collinsville,Collinsville,VA,Virginia,51089,Henry,36.7215,-79.9121,7031,345,polygon,FALSE,FALSE,America/New_York,3
5350,Archbald,Archbald,PA,Pennsylvania,42069,Lackawanna,41.5077,-75.5453,7030,158,polygon,FALSE,TRUE,America/New_York,3
5351,Osprey,Osprey,FL,Florida,12115,Sarasota,27.1914,-82.48,7028,519,polygon,FALSE,FALSE,America/New_York,3
5352,Willis,Willis,TX,Texas,48339,Montgomery,30.4314,-95.4832,7028,573,polygon,FALSE,TRUE,America/Chicago,3
5353,Great Neck Plaza,Great Neck Plaza,NY,New York,36059,Nassau,40.7869,-73.7261,7027,8712,polygon,FALSE,TRUE,America/New_York,2
5354,Orland Hills,Orland Hills,IL,Illinois,17031,Cook,41.5905,-87.8413,7023,2368,polygon,FALSE,TRUE,America/Chicago,2
5355,East End,East End,AR,Arkansas,5125,Saline,34.5554,-92.3261,7019,135,polygon,FALSE,FALSE,America/Chicago,3
5356,Kiel,Kiel,WI,Wisconsin,55071,Manitowoc,43.9167,-88.0266,7018,581,polygon,FALSE,TRUE,America/Chicago,3
5357,Mount Carmel,Mount Carmel,IL,Illinois,17185,Wabash,38.4187,-87.7694,7016,562,polygon,FALSE,TRUE,America/Chicago,3
5358,Fort Myers Shores,Fort Myers Shores,FL,Florida,12071,Lee,26.7135,-81.7383,7010,1304,polygon,FALSE,FALSE,America/New_York,3
5359,San Martin,San Martin,CA,California,6085,Santa Clara,37.0829,-121.5963,7010,233,polygon,FALSE,FALSE,America/Los_Angeles,3
5360,West Glens Falls,West Glens Falls,NY,New York,36113,Warren,43.3019,-73.6874,7005,575,polygon,FALSE,FALSE,America/New_York,3
5361,St. Augustine Beach,St. Augustine Beach,FL,Florida,12109,St. Johns,29.8414,-81.2713,7004,1278,polygon,FALSE,TRUE,America/New_York,3
5362,Westmere,Westmere,NY,New York,36001,Albany,42.6883,-73.8744,7001,852,polygon,FALSE,FALSE,America/New_York,3
5363,Tappan,Tappan,NY,New York,36087,Rockland,41.0269,-73.952,6996,979,polygon,FALSE,FALSE,America/New_York,3
5364,Crete,Crete,NE,Nebraska,31151,Saline,40.6254,-96.9575,6995,819,polygon,FALSE,TRUE,America/Chicago,3
5365,Adel,Adel,GA,Georgia,13075,Cook,31.1272,-83.4232,6989,236,polygon,FALSE,TRUE,America/New_York,3
5366,Hillsboro,Hillsboro,IL,Illinois,17135,Montgomery,39.1668,-89.4735,6984,353,polygon,FALSE,TRUE,America/Chicago,3
5367,Joshua Tree,Joshua Tree,CA,California,6071,San Bernardino,34.1236,-116.3128,6980,74,polygon,FALSE,FALSE,America/Los_Angeles,3
5368,Keyport,Keyport,NJ,New Jersey,34025,Monmouth,40.4327,-74.2011,6977,1950,polygon,FALSE,TRUE,America/New_York,3
5369,Stevensville,Stevensville,MD,Maryland,24035,Queen Anne's,38.9745,-76.3184,6973,417,polygon,FALSE,FALSE,America/New_York,3
5370,Brier,Brier,WA,Washington,53061,Snohomish,47.7924,-122.2734,6970,1225,polygon,FALSE,TRUE,America/Los_Angeles,3
5371,Sedona,Sedona,AZ,Arizona,4005,Coconino,34.8574,-111.7951,6969,209,polygon,FALSE,TRUE,America/Phoenix,3
5372,Milltown,Milltown,NJ,New Jersey,34023,Middlesex,40.4504,-74.4351,6967,1731,polygon,FALSE,TRUE,America/New_York,3
5373,Hamilton,Hamilton,MT,Montana,30081,Ravalli,46.2527,-114.1598,6964,780,polygon,FALSE,TRUE,America/Denver,3
5374,Ashland,Ashland,WI,Wisconsin,55003,Ashland,46.5801,-90.8715,6962,226,polygon,FALSE,TRUE,America/Chicago,3
5375,Leitchfield,Leitchfield,KY,Kentucky,21085,Grayson,37.4862,-86.2857,6962,246,polygon,FALSE,TRUE,America/Chicago,3
5376,Cos Cob,Cos Cob,CT,Connecticut,9001,Fairfield,41.0513,-73.5931,6959,1294,polygon,FALSE,FALSE,America/New_York,3
5377,Creswell,Creswell,OR,Oregon,41039,Lane,43.9212,-123.016,6959,1253,polygon,FALSE,TRUE,America/Los_Angeles,3
5378,Bondurant,Bondurant,IA,Iowa,19153,Polk,41.6986,-93.4551,6958,307,polygon,FALSE,TRUE,America/Chicago,3
5379,Mechanicstown,Mechanicstown,NY,New York,36071,Orange,41.4472,-74.3914,6957,801,polygon,FALSE,FALSE,America/New_York,3
5380,Wytheville,Wytheville,VA,Virginia,51197,Wythe,36.953,-81.0881,6956,211,polygon,FALSE,TRUE,America/New_York,3
5381,Stratford,Stratford,NJ,New Jersey,34007,Camden,39.829,-75.0156,6955,1709,polygon,FALSE,TRUE,America/New_York,3
5382,Catoosa,Catoosa,OK,Oklahoma,40131,Rogers,36.1832,-95.7662,6953,240,polygon,FALSE,TRUE,America/Chicago,3
5383,Paintsville,Paintsville,KY,Kentucky,21115,Johnson,37.8167,-82.8088,6952,234,polygon,FALSE,TRUE,America/New_York,3
5384,Desert Palms,Desert Palms,CA,California,6065,Riverside,33.779,-116.293,6947,1004,polygon,FALSE,TRUE,America/Los_Angeles,3
5385,Bremen,Bremen,GA,Georgia,13143,Haralson,33.7085,-85.1495,6945,241,polygon,FALSE,TRUE,America/New_York,3
5386,Prairie View,Prairie View,TX,Texas,48473,Waller,30.085,-95.9897,6944,372,polygon,FALSE,TRUE,America/Chicago,3
5387,Ocean City,Ocean City,MD,Maryland,24047,Worcester,38.3998,-75.0715,6944,591,polygon,FALSE,TRUE,America/New_York,3
5388,Cochituate,Cochituate,MA,Massachusetts,25017,Middlesex,42.329,-71.3576,6942,703,polygon,FALSE,FALSE,America/New_York,3
5389,Barberton,Barberton,WA,Washington,53011,Clark,45.7136,-122.6115,6941,617,polygon,FALSE,FALSE,America/Los_Angeles,3
5390,Madison Park,Madison Park,NJ,New Jersey,34023,Middlesex,40.4461,-74.2959,6941,1605,polygon,FALSE,FALSE,America/New_York,3
5391,Whitinsville,Whitinsville,MA,Massachusetts,25027,Worcester,42.1146,-71.6688,6941,735,polygon,FALSE,FALSE,America/New_York,3
5392,Decatur,Decatur,TX,Texas,48497,Wise,33.2262,-97.5876,6939,312,polygon,FALSE,TRUE,America/Chicago,3
5393,Gleneagle,Gleneagle,CO,Colorado,8041,El Paso,39.0453,-104.8288,6936,1145,polygon,FALSE,FALSE,America/Denver,3
5394,Vandalia,Vandalia,IL,Illinois,17051,Fayette,38.9754,-89.1117,6936,316,polygon,FALSE,TRUE,America/Chicago,3
5395,Madison,Madison,SD,South Dakota,46079,Lake,44.0062,-97.1084,6933,608,polygon,FALSE,TRUE,America/Chicago,3
5396,Fort Meade,Fort Meade,FL,Florida,12105,Polk,27.7645,-81.8058,6932,295,polygon,FALSE,TRUE,America/New_York,3
5397,Willow Oak,Willow Oak,FL,Florida,12105,Polk,27.9216,-82.0244,6930,857,polygon,FALSE,FALSE,America/New_York,3
5398,South Valley Stream,South Valley Stream,NY,New York,36059,Nassau,40.6557,-73.7186,6930,3076,polygon,FALSE,FALSE,America/New_York,2
5399,Kentfield,Kentfield,CA,California,6041,Marin,37.9481,-122.5496,6930,884,polygon,FALSE,FALSE,America/Los_Angeles,3
5400,Mount Ivy,Mount Ivy,NY,New York,36087,Rockland,41.1926,-74.0297,6925,1846,polygon,FALSE,FALSE,America/New_York,3
5401,Page,Page,AZ,Arizona,4005,Coconino,36.9426,-111.5071,6924,76,polygon,FALSE,TRUE,America/Denver,3
5402,Treasure Island,Treasure Island,FL,Florida,12103,Pinellas,27.774,-82.7663,6921,1728,polygon,FALSE,TRUE,America/New_York,3
5403,Spring Lake Park,Spring Lake Park,MN,Minnesota,27003,Anoka,45.1161,-93.2451,6919,1340,polygon,FALSE,TRUE,America/Chicago,3
5404,Black Jack,Black Jack,MO,Missouri,29189,St. Louis,38.7993,-90.264,6918,1026,polygon,FALSE,TRUE,America/Chicago,3
5405,Lewisburg,Lewisburg,WV,West Virginia,54025,Greenbrier,37.8096,-80.4327,6917,386,polygon,FALSE,TRUE,America/New_York,3
5406,Viola,Viola,NY,New York,36087,Rockland,41.1287,-74.0855,6917,957,polygon,FALSE,FALSE,America/New_York,3
5407,San Isidro,San Isidro,PR,Puerto Rico,72029,Canóvanas,18.3919,-65.8853,6915,4702,polygon,FALSE,FALSE,America/Puerto_Rico,2
5408,Springs,Springs,NY,New York,36103,Suffolk,41.0212,-72.1584,6912,314,polygon,FALSE,FALSE,America/New_York,3
5409,Mira Monte,Mira Monte,CA,California,6111,Ventura,34.4284,-119.2853,6912,583,polygon,FALSE,FALSE,America/Los_Angeles,3
5410,Woodland,Woodland,WA,Washington,53015,Cowlitz,45.9145,-122.7506,6911,609,polygon,FALSE,TRUE,America/Los_Angeles,3
5411,Pollock Pines,Pollock Pines,CA,California,6017,El Dorado,38.7564,-120.5904,6905,336,polygon,FALSE,FALSE,America/Los_Angeles,3
5412,Laurence Harbor,Laurence Harbor,NJ,New Jersey,34023,Middlesex,40.4489,-74.2494,6904,903,polygon,FALSE,FALSE,America/New_York,3
5413,Clover Creek,Clover Creek,WA,Washington,53053,Pierce,47.1404,-122.3827,6902,411,polygon,FALSE,TRUE,America/Los_Angeles,3
5414,Indian River Estates,Indian River Estates,FL,Florida,12111,St. Lucie,27.3564,-80.2983,6902,478,polygon,FALSE,FALSE,America/New_York,3
5415,Gulf Breeze,Gulf Breeze,FL,Florida,12113,Santa Rosa,30.3685,-87.1769,6900,569,polygon,FALSE,TRUE,America/Chicago,3
5416,Village St. George,Village St. George,LA,Louisiana,22033,East Baton Rouge,30.3598,-91.0672,6900,1193,polygon,FALSE,FALSE,America/Chicago,3
5417,Lake Mills,Lake Mills,WI,Wisconsin,55055,Jefferson,43.0776,-88.9054,6897,557,polygon,FALSE,TRUE,America/Chicago,3
5418,Byron,Byron,IL,Illinois,17141,Ogle,42.1224,-89.2665,6896,304,polygon,FALSE,TRUE,America/Chicago,3
5419,Bridge City,Bridge City,LA,Louisiana,22051,Jefferson,29.9321,-90.1594,6894,636,polygon,FALSE,FALSE,America/Chicago,3
5420,Puerto Real,Puerto Real,PR,Puerto Rico,72023,Cabo Rojo,18.0762,-67.1861,6892,2394,polygon,FALSE,FALSE,America/Puerto_Rico,2
5421,Colusa,Colusa,CA,California,6011,Colusa,39.2059,-122.0125,6891,683,polygon,FALSE,TRUE,America/Los_Angeles,3
5422,Union,Union,OH,Ohio,39113,Montgomery,39.909,-84.2896,6891,311,polygon,FALSE,TRUE,America/New_York,3
5423,Junction City,Junction City,OR,Oregon,41039,Lane,44.2067,-123.2101,6891,733,polygon,FALSE,TRUE,America/Los_Angeles,3
5424,Hondo,Hondo,TX,Texas,48325,Medina,29.3531,-99.162,6889,365,polygon,FALSE,TRUE,America/Chicago,3
5425,University Park,University Park,IL,Illinois,17031,Cook,41.4461,-87.7154,6887,247,polygon,FALSE,TRUE,America/Chicago,3
5426,Ephraim,Ephraim,UT,Utah,49039,Sanpete,39.3564,-111.5847,6886,644,polygon,FALSE,TRUE,America/Denver,3
5427,Mountainside,Mountainside,NJ,New Jersey,34039,Union,40.6811,-74.36,6885,665,polygon,FALSE,TRUE,America/New_York,3
5428,Chestertown,Chestertown,MD,Maryland,24029,Kent,39.2182,-76.0714,6878,668,polygon,FALSE,TRUE,America/New_York,3
5429,Belle Haven,Belle Haven,VA,Virginia,51059,Fairfax,38.7775,-77.0574,6877,1340,polygon,FALSE,FALSE,America/New_York,3
5430,Seward,Seward,NE,Nebraska,31159,Seward,40.9099,-97.0957,6876,625,polygon,FALSE,TRUE,America/Chicago,3
5431,Sturgis,Sturgis,SD,South Dakota,46093,Meade,44.411,-103.4975,6876,446,polygon,FALSE,TRUE,America/Denver,3
5432,Beacon Square,Beacon Square,FL,Florida,12101,Pasco,28.2118,-82.7504,6873,1327,polygon,FALSE,FALSE,America/New_York,3
5433,St. Martinville,St. Martinville,LA,Louisiana,22099,St. Martin,30.1263,-91.8319,6872,727,polygon,FALSE,TRUE,America/Chicago,3
5434,Harrisville,Harrisville,UT,Utah,49057,Weber,41.2853,-111.9859,6872,889,polygon,FALSE,TRUE,America/Denver,3
5435,Mead,Mead,WA,Washington,53063,Spokane,47.7795,-117.35,6870,365,polygon,FALSE,FALSE,America/Los_Angeles,3
5436,Huron,Huron,OH,Ohio,39043,Erie,41.3913,-82.5635,6869,538,polygon,FALSE,TRUE,America/New_York,3
5437,Loomis,Loomis,CA,California,6061,Placer,38.8093,-121.1955,6866,364,polygon,FALSE,TRUE,America/Los_Angeles,3
5438,King,King,NC,North Carolina,37169,Stokes,36.2766,-80.3564,6861,447,polygon,FALSE,TRUE,America/New_York,3
5439,Latimer,Latimer,MS,Mississippi,28059,Jackson,30.4972,-88.8607,6861,162,polygon,FALSE,FALSE,America/Chicago,3
5440,Youngtown,Youngtown,AZ,Arizona,4013,Maricopa,33.5846,-112.3047,6859,1780,polygon,FALSE,TRUE,America/Phoenix,3
5441,Russellville,Russellville,KY,Kentucky,21141,Logan,36.8393,-86.895,6858,253,polygon,FALSE,TRUE,America/Chicago,3
5442,North Branch,North Branch,MN,Minnesota,27025,Chisago,45.5137,-92.9601,6856,116,polygon,FALSE,TRUE,America/Chicago,3
5443,Milford,Milford,OH,Ohio,39025,Clermont,39.1699,-84.2811,6855,712,polygon,FALSE,TRUE,America/New_York,3
5444,Kingsland,Kingsland,TX,Texas,48299,Llano,30.6651,-98.4545,6853,292,polygon,FALSE,FALSE,America/Chicago,3
5445,Greenbrier,Greenbrier,TN,Tennessee,47147,Robertson,36.4239,-86.7976,6852,373,polygon,FALSE,TRUE,America/Chicago,3
5446,Lake Mathews,Lake Mathews,CA,California,6065,Riverside,33.825,-117.3683,6848,166,polygon,FALSE,TRUE,America/Los_Angeles,3
5447,Eldridge,Eldridge,IA,Iowa,19163,Scott,41.639,-90.5809,6846,271,polygon,FALSE,TRUE,America/Chicago,3
5448,Moapa Valley,Moapa Valley,NV,Nevada,32003,Clark,36.6078,-114.4566,6843,60,polygon,FALSE,FALSE,America/Los_Angeles,3
5449,Sunnyvale,Sunnyvale,TX,Texas,48113,Dallas,32.7974,-96.5577,6841,159,polygon,FALSE,TRUE,America/Chicago,3
5450,Bee Cave,Bee Cave,TX,Texas,48453,Travis,30.3084,-97.9629,6841,308,polygon,FALSE,TRUE,America/Chicago,3
5451,Lucas Valley-Marinwood,Lucas Valley-Marinwood,CA,California,6041,Marin,38.0405,-122.5765,6841,460,polygon,FALSE,TRUE,America/Los_Angeles,3
5452,Lovejoy,Lovejoy,GA,Georgia,13063,Clayton,33.4426,-84.3176,6840,907,polygon,FALSE,TRUE,America/New_York,3
5453,Fircrest,Fircrest,WA,Washington,53053,Pierce,47.2307,-122.5157,6835,1666,polygon,FALSE,TRUE,America/Los_Angeles,3
5454,Yabucoa,Yabucoa,PR,Puerto Rico,72151,Yabucoa,18.0469,-65.8792,6829,2289,polygon,FALSE,FALSE,America/Puerto_Rico,2
5455,Trumann,Trumann,AR,Arkansas,5111,Poinsett,35.6771,-90.5261,6826,463,polygon,FALSE,TRUE,America/Chicago,3
5456,Mendota,Mendota,IL,Illinois,17099,LaSalle,41.5553,-89.1042,6826,534,polygon,FALSE,TRUE,America/Chicago,3
5457,Huntertown,Huntertown,IN,Indiana,18003,Allen,41.2155,-85.1715,6824,556,polygon,FALSE,TRUE,America/Indiana/Indianapolis,3
5458,Crossett,Crossett,AR,Arkansas,5003,Ashley,33.128,-91.9631,6820,319,polygon,FALSE,TRUE,America/Chicago,3
5459,Old Greenwich,Old Greenwich,CT,Connecticut,9001,Fairfield,41.0253,-73.5691,6819,1319,polygon,FALSE,FALSE,America/New_York,3
5460,River Park,River Park,FL,Florida,12111,St. Lucie,27.3214,-80.3307,6818,1119,polygon,FALSE,FALSE,America/New_York,3
5461,Bermuda Dunes,Bermuda Dunes,CA,California,6065,Riverside,33.7434,-116.2874,6817,893,polygon,FALSE,FALSE,America/Los_Angeles,3
5462,Mount Vernon,Mount Vernon,IN,Indiana,18129,Posey,37.9364,-87.8959,6816,872,polygon,FALSE,TRUE,America/Chicago,3
5463,Moores Mill,Moores Mill,AL,Alabama,1089,Madison,34.8491,-86.5222,6815,193,polygon,FALSE,FALSE,America/Chicago,3
5464,St. Francis,St. Francis,MN,Minnesota,27003,Anoka,45.3991,-93.3902,6813,131,polygon,FALSE,TRUE,America/Chicago,3
5465,Kirtland,Kirtland,OH,Ohio,39085,Lake,41.5969,-81.3406,6812,157,polygon,FALSE,TRUE,America/New_York,3
5466,Aquia Harbour,Aquia Harbour,VA,Virginia,51179,Stafford,38.4597,-77.3806,6805,923,polygon,FALSE,FALSE,America/New_York,3
5467,Marion,Marion,SC,South Carolina,45067,Marion,34.1787,-79.3966,6804,552,polygon,FALSE,TRUE,America/New_York,3
5468,Kimberly,Kimberly,WI,Wisconsin,55087,Outagamie,44.267,-88.3377,6802,1147,polygon,FALSE,TRUE,America/Chicago,3
5469,South Patrick Shores,South Patrick Shores,FL,Florida,12009,Brevard,28.202,-80.6137,6802,1808,polygon,FALSE,FALSE,America/New_York,3
5470,Taylor Mill,Taylor Mill,KY,Kentucky,21117,Kenton,39.0092,-84.4988,6802,429,polygon,FALSE,TRUE,America/New_York,3
5471,Perry,Perry,FL,Florida,12123,Taylor,30.109,-83.5821,6796,281,polygon,FALSE,TRUE,America/New_York,3
5472,Valley Park,Valley Park,MO,Missouri,29189,St. Louis,38.5513,-90.4924,6796,666,polygon,FALSE,TRUE,America/Chicago,3
5473,Columbus,Columbus,WI,Wisconsin,55021,Columbia,43.3354,-89.03,6793,434,polygon,FALSE,TRUE,America/Chicago,3
5474,Mexia,Mexia,TX,Texas,48293,Limestone,31.6809,-96.4833,6792,393,polygon,FALSE,TRUE,America/Chicago,3
5475,Marvin,Marvin,NC,North Carolina,37179,Union,34.989,-80.8032,6792,438,polygon,FALSE,TRUE,America/New_York,3
5476,Gypsum,Gypsum,CO,Colorado,8037,Eagle,39.6285,-106.9334,6790,328,polygon,FALSE,TRUE,America/Denver,3
5477,Fowler,Fowler,CA,California,6019,Fresno,36.6243,-119.6737,6790,1035,polygon,FALSE,TRUE,America/Los_Angeles,3
5478,Kingston,Kingston,RI,Rhode Island,44009,Washington,41.4738,-71.5236,6789,1684,polygon,FALSE,FALSE,America/New_York,3
5479,Lincoln,Lincoln,AL,Alabama,1121,Talladega,33.5935,-86.1371,6781,104,polygon,FALSE,TRUE,America/Chicago,3
5480,Guánica,Guanica,PR,Puerto Rico,72055,Guánica,17.9698,-66.9309,6781,1038,polygon,FALSE,FALSE,America/Puerto_Rico,3
5481,Inniswold,Inniswold,LA,Louisiana,22033,East Baton Rouge,30.3982,-91.071,6777,1168,polygon,FALSE,FALSE,America/Chicago,3
5482,Lutherville,Lutherville,MD,Maryland,24005,Baltimore,39.4239,-76.6176,6773,1237,polygon,FALSE,FALSE,America/New_York,3
5483,Whitmore Lake,Whitmore Lake,MI,Michigan,26161,Washtenaw,42.4235,-83.7524,6771,620,polygon,FALSE,FALSE,America/Detroit,3
5484,Millersville,Millersville,TN,Tennessee,47165,Sumner,36.3968,-86.7111,6769,189,polygon,FALSE,TRUE,America/Chicago,3
5485,Cortland,Cortland,OH,Ohio,39155,Trumbull,41.332,-80.7195,6768,603,polygon,FALSE,TRUE,America/New_York,3
5486,Lexington,Lexington,TN,Tennessee,47077,Henderson,35.6618,-88.3945,6763,260,polygon,FALSE,TRUE,America/Chicago,3
5487,Pembroke Park,Pembroke Park,FL,Florida,12011,Broward,25.9852,-80.1777,6749,1888,polygon,FALSE,TRUE,America/New_York,3
5488,Lake Hallie,Lake Hallie,WI,Wisconsin,55017,Chippewa,44.8921,-91.4199,6747,184,polygon,FALSE,TRUE,America/Chicago,3
5489,Ellettsville,Ellettsville,IN,Indiana,18105,Monroe,39.2322,-86.6232,6747,525,polygon,FALSE,TRUE,America/Indiana/Indianapolis,3
5490,Montevallo,Montevallo,AL,Alabama,1117,Shelby,33.1246,-86.8476,6738,203,polygon,FALSE,TRUE,America/Chicago,3
5491,Mount Healthy,Mount Healthy,OH,Ohio,39061,Hamilton,39.2338,-84.5469,6736,1752,polygon,FALSE,TRUE,America/New_York,3
5492,Naples Manor,Naples Manor,FL,Florida,12021,Collier,26.0892,-81.7254,6735,3799,polygon,FALSE,FALSE,America/New_York,2
5493,Allendale,Allendale,NJ,New Jersey,34003,Bergen,41.0333,-74.1333,6734,839,polygon,FALSE,TRUE,America/New_York,3
5494,Snowflake,Snowflake,AZ,Arizona,4017,Navajo,34.5225,-110.0913,6733,68,polygon,FALSE,TRUE,America/Phoenix,3
5495,Rupert,Rupert,ID,Idaho,16067,Minidoka,42.6189,-113.674,6733,1105,polygon,FALSE,TRUE,America/Boise,3
5496,Bayville,Bayville,NY,New York,36059,Nassau,40.9076,-73.5602,6732,1785,polygon,FALSE,TRUE,America/New_York,3
5497,Litchfield,Litchfield,IL,Illinois,17135,Montgomery,39.1959,-89.6295,6731,294,polygon,FALSE,TRUE,America/Chicago,3
5498,Lacy-Lakeview,Lacy-Lakeview,TX,Texas,48309,McLennan,31.6292,-97.1052,6721,624,polygon,FALSE,TRUE,America/Chicago,3
5499,Green Knoll,Green Knoll,NJ,New Jersey,34035,Somerset,40.6048,-74.615,6720,550,polygon,FALSE,FALSE,America/New_York,3
5500,Sitka,Sitka,AK,Alaska,2220,Sitka,57.2401,-135.3153,6720,1,polygon,FALSE,TRUE,America/Sitka,3
5501,Roaring Spring,Roaring Spring,PA,Pennsylvania,42013,Blair,40.3348,-78.3958,6718,1168,polygon,FALSE,TRUE,America/New_York,3
5502,Woodfin,Woodfin,NC,North Carolina,37021,Buncombe,35.6458,-82.5914,6717,287,polygon,FALSE,TRUE,America/New_York,3
5503,Rumson,Rumson,NJ,New Jersey,34025,Monmouth,40.3626,-74.0046,6714,511,polygon,FALSE,TRUE,America/New_York,3
5504,Homeacre-Lyndora,Homeacre-Lyndora,PA,Pennsylvania,42019,Butler,40.8721,-79.9211,6714,390,polygon,FALSE,TRUE,America/New_York,3
5505,Broadway,Broadway,VA,Virginia,51165,Rockingham,38.6083,-78.8016,6712,651,polygon,FALSE,TRUE,America/New_York,3
5506,Medina,Medina,MN,Minnesota,27053,Hennepin,45.0326,-93.5834,6712,101,polygon,FALSE,TRUE,America/Chicago,3
5507,Byron Center,Byron Center,MI,Michigan,26081,Kent,42.8121,-85.7279,6710,509,polygon,FALSE,FALSE,America/Detroit,3
5508,Thermalito,Thermalito,CA,California,6007,Butte,39.4909,-121.615,6704,203,polygon,FALSE,FALSE,America/Los_Angeles,3
5509,Parkwood,Parkwood,WA,Washington,53035,Kitsap,47.5266,-122.5986,6700,990,polygon,FALSE,FALSE,America/Los_Angeles,3
5510,Clifton Heights,Clifton Heights,PA,Pennsylvania,42045,Delaware,39.9301,-75.2958,6697,4102,polygon,FALSE,TRUE,America/New_York,2
5511,Dahlonega,Dahlonega,GA,Georgia,13187,Lumpkin,34.5309,-83.9804,6696,320,polygon,FALSE,TRUE,America/New_York,3
5512,Green Hill,Green Hill,TN,Tennessee,47189,Wilson,36.2349,-86.5733,6695,744,polygon,FALSE,FALSE,America/Chicago,3
5513,Roeland Park,Roeland Park,KS,Kansas,20091,Johnson,39.0358,-94.6374,6688,1595,polygon,FALSE,TRUE,America/Chicago,3
5514,Castroville,Castroville,CA,California,6053,Monterey,36.765,-121.7535,6686,2526,polygon,FALSE,FALSE,America/Los_Angeles,2
5515,Dayton,Dayton,MN,Minnesota,27053,Hennepin,45.1906,-93.4758,6686,110,polygon,FALSE,TRUE,America/Chicago,3
5516,Taneytown,Taneytown,MD,Maryland,24013,Carroll,39.657,-77.1683,6685,834,polygon,FALSE,TRUE,America/New_York,3
5517,Cherryville,Cherryville,NC,North Carolina,37071,Gaston,35.3844,-81.3781,6682,424,polygon,FALSE,TRUE,America/New_York,3
5518,East Porterville,East Porterville,CA,California,6107,Tulare,36.0573,-118.9713,6679,854,polygon,FALSE,FALSE,America/Los_Angeles,3
5519,Crystal Lake,Crystal Lake,FL,Florida,12105,Polk,28.0371,-81.9063,6671,1009,polygon,FALSE,FALSE,America/New_York,3
5520,Savage,Savage,MD,Maryland,24027,Howard,39.1485,-76.8228,6671,941,polygon,FALSE,FALSE,America/New_York,3
5521,West Point,West Point,NY,New York,36071,Orange,41.3642,-74.0118,6670,136,polygon,TRUE,TRUE,America/New_York,3
5522,Garden Home-Whitford,Garden Home-Whitford,OR,Oregon,41067,Washington,45.4642,-122.7589,6666,1660,polygon,FALSE,TRUE,America/Los_Angeles,3
5523,Lauderdale-by-the-Sea,Lauderdale-by-the-Sea,FL,Florida,12011,Broward,26.199,-80.0972,6664,2934,polygon,FALSE,TRUE,America/New_York,2
5524,Church Hill,Church Hill,TN,Tennessee,47073,Hawkins,36.5204,-82.715,6664,272,polygon,FALSE,TRUE,America/New_York,3
5525,Belle Plaine,Belle Plaine,MN,Minnesota,27139,Scott,44.6188,-93.7643,6660,467,polygon,FALSE,TRUE,America/Chicago,3
5526,Linwood,Linwood,NJ,New Jersey,34001,Atlantic,39.3436,-74.5708,6658,674,polygon,FALSE,TRUE,America/New_York,3
5527,Ashville,Ashville,OH,Ohio,39129,Pickaway,39.7239,-82.9575,6658,759,polygon,FALSE,TRUE,America/New_York,3
5528,Groesbeck,Groesbeck,OH,Ohio,39061,Hamilton,39.2292,-84.5964,6656,892,polygon,FALSE,FALSE,America/New_York,3
5529,Sandersville,Sandersville,GA,Georgia,13303,Washington,32.9827,-82.8089,6655,161,polygon,FALSE,TRUE,America/New_York,3
5530,Blairsville,Blairsville,PA,Pennsylvania,42063,Indiana,40.4325,-79.2599,6654,877,polygon,FALSE,TRUE,America/New_York,3
5531,Sturtevant,Sturtevant,WI,Wisconsin,55101,Racine,42.6995,-87.9019,6652,624,polygon,FALSE,TRUE,America/Chicago,3
5532,Cherry Hills Village,Cherry Hills Village,CO,Colorado,8005,Arapahoe,39.6375,-104.9481,6647,413,polygon,FALSE,TRUE,America/Denver,3
5533,Barrington,Barrington,NJ,New Jersey,34007,Camden,39.8689,-75.0514,6642,1621,polygon,FALSE,TRUE,America/New_York,3
5534,Tecumseh,Tecumseh,OK,Oklahoma,40125,Pottawatomie,35.2639,-96.9338,6636,170,polygon,FALSE,TRUE,America/Chicago,3
5535,Cedarhurst,Cedarhurst,NY,New York,36059,Nassau,40.6252,-73.7278,6633,3795,polygon,FALSE,TRUE,America/New_York,2
5536,Air Force Academy,Air Force Academy,CO,Colorado,8041,El Paso,38.9942,-104.8639,6633,256,polygon,TRUE,TRUE,America/Denver,3
5537,Folcroft,Folcroft,PA,Pennsylvania,42045,Delaware,39.8891,-75.277,6632,2056,polygon,FALSE,TRUE,America/New_York,2
5538,Guadalupe,Guadalupe,AZ,Arizona,4013,Maricopa,33.3664,-111.9633,6631,3184,polygon,FALSE,TRUE,America/Phoenix,2
5539,Belmont,Belmont,VA,Virginia,51107,Loudoun,39.065,-77.4965,6629,1252,polygon,FALSE,FALSE,America/New_York,3
5540,North Syracuse,North Syracuse,NY,New York,36067,Onondaga,43.1339,-76.1306,6628,1307,polygon,FALSE,TRUE,America/New_York,3
5541,Veneta,Veneta,OR,Oregon,41039,Lane,44.0471,-123.3514,6628,759,polygon,FALSE,TRUE,America/Los_Angeles,3
5542,Manorhaven,Manorhaven,NY,New York,36059,Nassau,40.8399,-73.7127,6627,5492,polygon,FALSE,TRUE,America/New_York,2
5543,Paloma Creek South,Paloma Creek South,TX,Texas,48121,Denton,33.21,-96.9327,6624,2024,polygon,FALSE,TRUE,America/Chicago,2
5544,Battlefield,Battlefield,MO,Missouri,29077,Greene,37.1194,-93.3683,6622,1000,polygon,FALSE,TRUE,America/Chicago,3
5545,North Caldwell,North Caldwell,NJ,New Jersey,34013,Essex,40.8629,-74.2576,6621,833,polygon,FALSE,TRUE,America/New_York,3
5546,Beaver Dam,Beaver Dam,KY,Kentucky,21183,Ohio,37.4042,-86.8742,6621,453,polygon,FALSE,TRUE,America/Chicago,3
5547,Myers Corner,Myers Corner,NY,New York,36027,Dutchess,41.5947,-73.8744,6620,507,polygon,FALSE,FALSE,America/New_York,3
5548,Winthrop Harbor,Winthrop Harbor,IL,Illinois,17097,Lake,42.4805,-87.8294,6618,539,polygon,FALSE,TRUE,America/Chicago,3
5549,Hillsboro,Hillsboro,OH,Ohio,39071,Highland,39.2123,-83.6112,6616,462,polygon,FALSE,TRUE,America/New_York,3
5550,Brewton,Brewton,AL,Alabama,1053,Escambia,31.1111,-87.0737,6615,179,polygon,FALSE,TRUE,America/Chicago,3
5551,Maple Glen,Maple Glen,PA,Pennsylvania,42091,Montgomery,40.1778,-75.1793,6614,818,polygon,FALSE,FALSE,America/New_York,3
5552,Kermit,Kermit,TX,Texas,48495,Winkler,31.854,-103.0924,6613,996,polygon,FALSE,TRUE,America/Chicago,3
5553,Meridianville,Meridianville,AL,Alabama,1089,Madison,34.8729,-86.5722,6609,164,polygon,FALSE,FALSE,America/Chicago,3
5554,Nevada,Nevada,IA,Iowa,19169,Story,42.0186,-93.4635,6608,452,polygon,FALSE,TRUE,America/Chicago,3
5555,Talent,Talent,OR,Oregon,41029,Jackson,42.2404,-122.7807,6608,1917,polygon,FALSE,TRUE,America/Los_Angeles,3
5556,Trinity,Trinity,NC,North Carolina,37151,Randolph,35.8756,-80.0093,6606,151,polygon,FALSE,TRUE,America/New_York,3
5557,Hamilton,Hamilton,AL,Alabama,1093,Marion,34.1346,-87.9755,6606,67,polygon,FALSE,TRUE,America/Chicago,3
5558,Normandy Park,Normandy Park,WA,Washington,53033,King,47.4343,-122.3436,6604,1020,polygon,FALSE,TRUE,America/Los_Angeles,3
5559,Lago Vista,Lago Vista,TX,Texas,48453,Travis,30.4519,-97.9908,6604,203,polygon,FALSE,TRUE,America/Chicago,3
5560,Ambridge,Ambridge,PA,Pennsylvania,42007,Beaver,40.5922,-80.2265,6601,1714,polygon,FALSE,TRUE,America/New_York,3
5561,Orchard Mesa,Orchard Mesa,CO,Colorado,8077,Mesa,39.0363,-108.5169,6601,681,polygon,FALSE,FALSE,America/Denver,3
5562,Amite City,Amite City,LA,Louisiana,22105,Tangipahoa,30.7323,-90.5133,6600,441,polygon,FALSE,TRUE,America/Chicago,3
5563,Catasauqua,Catasauqua,PA,Pennsylvania,42077,Lehigh,40.6531,-75.4643,6599,1972,polygon,FALSE,TRUE,America/New_York,3
5564,Washington,Washington,IA,Iowa,19183,Washington,41.2982,-91.6928,6594,532,polygon,FALSE,TRUE,America/Chicago,3
5565,Roslyn Heights,Roslyn Heights,NY,New York,36059,Nassau,40.7787,-73.6396,6591,1723,polygon,FALSE,FALSE,America/New_York,3
5566,Forest Glen,Forest Glen,MD,Maryland,24031,Montgomery,39.0191,-77.0445,6589,2498,polygon,FALSE,FALSE,America/New_York,2
5567,Notre Dame,Notre Dame,IN,Indiana,18141,St. Joseph,41.7014,-86.2378,6584,2150,polygon,FALSE,TRUE,America/Indiana/Indianapolis,2
5568,Tanglewilde,Tanglewilde,WA,Washington,53067,Thurston,47.0512,-122.781,6581,1759,polygon,FALSE,FALSE,America/Los_Angeles,3
5569,Orlovista,Orlovista,FL,Florida,12095,Orange,28.5441,-81.4629,6574,1380,polygon,FALSE,FALSE,America/New_York,3
5570,Mont Belvieu,Mont Belvieu,TX,Texas,48071,Chambers,29.8524,-94.8784,6574,157,polygon,FALSE,TRUE,America/Chicago,3
5571,Enola,Enola,PA,Pennsylvania,42041,Cumberland,40.2908,-76.9348,6574,1574,polygon,FALSE,FALSE,America/New_York,3
5572,Cold Spring,Cold Spring,KY,Kentucky,21037,Campbell,39.013,-84.4349,6571,534,polygon,FALSE,TRUE,America/New_York,3
5573,Keene,Keene,TX,Texas,48251,Johnson,32.3955,-97.3226,6568,511,polygon,FALSE,TRUE,America/Chicago,3
5574,Walnut Ridge,Walnut Ridge,AR,Arkansas,5075,Lawrence,36.0851,-90.9463,6568,118,polygon,FALSE,TRUE,America/Chicago,3
5575,Thompson's Station,Thompson's Station,TN,Tennessee,47187,Williamson,35.809,-86.8994,6567,128,polygon,FALSE,TRUE,America/Chicago,3
5576,Stickney,Stickney,IL,Illinois,17031,Cook,41.8183,-87.773,6566,1317,polygon,FALSE,TRUE,America/Chicago,3
5577,Yorketown,Yorketown,NJ,New Jersey,34025,Monmouth,40.3064,-74.3385,6565,1061,polygon,FALSE,FALSE,America/New_York,3
5578,Rossford,Rossford,OH,Ohio,39173,Wood,41.5832,-83.5692,6562,504,polygon,FALSE,TRUE,America/New_York,3
5579,Cushing,Cushing,OK,Oklahoma,40119,Payne,35.9798,-96.7602,6560,378,polygon,FALSE,TRUE,America/Chicago,3
5580,Homestead Meadows South,Homestead Meadows South,TX,Texas,48141,El Paso,31.811,-106.1643,6559,691,polygon,FALSE,TRUE,America/Denver,3
5581,Plymouth Meeting,Plymouth Meeting,PA,Pennsylvania,42091,Montgomery,40.11,-75.2794,6557,694,polygon,FALSE,FALSE,America/New_York,3
5582,Lawrence,Lawrence,NY,New York,36059,Nassau,40.6042,-73.7149,6556,679,polygon,FALSE,TRUE,America/New_York,3
5583,Camp Swift,Camp Swift,TX,Texas,48021,Bastrop,30.1885,-97.2933,6553,209,polygon,FALSE,FALSE,America/Chicago,3
5584,Tuckahoe,Tuckahoe,NY,New York,36119,Westchester,40.953,-73.823,6549,4231,polygon,FALSE,TRUE,America/New_York,2
5585,Litchfield,Litchfield,MN,Minnesota,27093,Meeker,45.1221,-94.5255,6549,579,polygon,FALSE,TRUE,America/Chicago,3
5586,Cumming,Cumming,GA,Georgia,13117,Forsyth,34.2064,-84.1337,6547,377,polygon,FALSE,TRUE,America/New_York,3
5587,Kathleen,Kathleen,FL,Florida,12105,Polk,28.1224,-82.0387,6546,351,polygon,FALSE,FALSE,America/New_York,3
5588,Portage,Portage,PA,Pennsylvania,42021,Cambria,40.3868,-78.6746,6546,1397,polygon,FALSE,TRUE,America/New_York,3
5589,Fox Point,Fox Point,WI,Wisconsin,55079,Milwaukee,43.1581,-87.9013,6543,882,polygon,FALSE,TRUE,America/Chicago,3
5590,Slippery Rock,Slippery Rock,PA,Pennsylvania,42019,Butler,41.0695,-80.058,6541,828,polygon,FALSE,TRUE,America/New_York,3
5591,Clairton,Clairton,PA,Pennsylvania,42003,Allegheny,40.2976,-79.8853,6541,913,polygon,FALSE,TRUE,America/New_York,3
5592,Oakmont,Oakmont,PA,Pennsylvania,42003,Allegheny,40.5201,-79.8365,6541,1590,polygon,FALSE,TRUE,America/New_York,3
5593,Plaquemine,Plaquemine,LA,Louisiana,22047,Iberville,30.2834,-91.2429,6539,864,polygon,FALSE,TRUE,America/Chicago,3
5594,Elkin,Elkin,NC,North Carolina,37171,Surry,36.2621,-80.8441,6536,228,polygon,FALSE,TRUE,America/New_York,3
5595,Plattsmouth,Plattsmouth,NE,Nebraska,31025,Cass,41.0053,-95.894,6534,750,polygon,FALSE,TRUE,America/Chicago,3
5596,Hapeville,Hapeville,GA,Georgia,13121,Fulton,33.6609,-84.4093,6534,1048,polygon,FALSE,TRUE,America/New_York,3
5597,Crozet,Crozet,VA,Virginia,51003,Albemarle,38.0645,-78.6962,6526,570,polygon,FALSE,FALSE,America/New_York,3
5598,Valley Falls,Valley Falls,SC,South Carolina,45083,Spartanburg,35.0073,-81.9692,6522,485,polygon,FALSE,FALSE,America/New_York,3
5599,Eagle,Eagle,CO,Colorado,8037,Eagle,39.6368,-106.8123,6519,478,polygon,FALSE,TRUE,America/Denver,3
5600,Bowleys Quarters,Bowleys Quarters,MD,Maryland,24005,Baltimore,39.3198,-76.3858,6519,800,polygon,FALSE,FALSE,America/New_York,3
5601,Fairview,Fairview,GA,Georgia,13295,Walker,34.9296,-85.294,6518,334,polygon,FALSE,FALSE,America/New_York,3
5602,Martins Ferry,Martins Ferry,OH,Ohio,39013,Belmont,40.1014,-80.7253,6517,1080,polygon,FALSE,TRUE,America/New_York,3
5603,Russells Point,Russells Point,OH,Ohio,39091,Logan,40.468,-83.8939,6517,575,polygon,FALSE,TRUE,America/New_York,3
5604,West View,West View,PA,Pennsylvania,42003,Allegheny,40.5182,-80.0333,6516,2491,polygon,FALSE,TRUE,America/New_York,2
5605,Milford,Milford,MI,Michigan,26125,Oakland,42.587,-83.6012,6515,1026,polygon,FALSE,TRUE,America/Detroit,3
5606,Otis Orchards-East Farms,Otis Orchards-East Farms,WA,Washington,53063,Spokane,47.703,-117.0854,6514,313,polygon,FALSE,TRUE,America/Los_Angeles,3
5607,Avon,Avon,CO,Colorado,8037,Eagle,39.6445,-106.5133,6511,307,polygon,FALSE,TRUE,America/Denver,3
5608,Pimmit Hills,Pimmit Hills,VA,Virginia,51059,Fairfax,38.9105,-77.1991,6506,1693,polygon,FALSE,FALSE,America/New_York,3
5609,Rittman,Rittman,OH,Ohio,39169,Wayne,40.9736,-81.7849,6506,398,polygon,FALSE,TRUE,America/New_York,3
5610,El Rio,El Rio,CA,California,6111,Ventura,34.2452,-119.1568,6505,1236,polygon,FALSE,FALSE,America/Los_Angeles,3
5611,Monticello,Monticello,KY,Kentucky,21231,Wayne,36.8404,-84.8506,6499,393,polygon,FALSE,TRUE,America/Kentucky/Monticello,3
5612,Williamston,Williamston,MI,Michigan,26065,Ingham,42.6835,-84.2836,6498,623,polygon,FALSE,TRUE,America/Detroit,3
5613,Contra Costa Centre,Contra Costa Centre,CA,California,6013,Contra Costa,37.9261,-122.054,6497,3941,polygon,FALSE,FALSE,America/Los_Angeles,2
5614,Champion Heights,Champion Heights,OH,Ohio,39155,Trumbull,41.3031,-80.8514,6495,299,polygon,FALSE,TRUE,America/New_York,3
5615,Prospect Park,Prospect Park,PA,Pennsylvania,42045,Delaware,39.8858,-75.3074,6492,3425,polygon,FALSE,TRUE,America/New_York,2
5616,La Habra Heights,La Habra Heights,CA,California,6037,Los Angeles,33.9602,-117.951,6492,406,polygon,FALSE,TRUE,America/Los_Angeles,3
5617,Saranap,Saranap,CA,California,6013,Contra Costa,37.8878,-122.076,6492,2211,polygon,FALSE,FALSE,America/Los_Angeles,2
5618,Ambler,Ambler,PA,Pennsylvania,42091,Montgomery,40.1564,-75.2215,6491,2940,polygon,FALSE,TRUE,America/New_York,2
5619,East Rochester,East Rochester,NY,New York,36055,Monroe,43.112,-77.4869,6490,1891,polygon,FALSE,TRUE,America/New_York,3
5620,Mulvane,Mulvane,KS,Kansas,20191,Sumner,37.4788,-97.2724,6489,561,polygon,FALSE,TRUE,America/Chicago,3
5621,Lynchburg,Lynchburg,TN,Tennessee,47127,Moore,35.2846,-86.3587,6488,19,polygon,FALSE,TRUE,America/Chicago,3
5622,Camilla,Camilla,GA,Georgia,13205,Mitchell,31.2337,-84.2089,6488,293,polygon,FALSE,TRUE,America/New_York,3
5623,East Shoreham,East Shoreham,NY,New York,36103,Suffolk,40.946,-72.8811,6484,464,polygon,FALSE,FALSE,America/New_York,3
5624,Hewlett,Hewlett,NY,New York,36059,Nassau,40.6422,-73.6942,6484,2842,polygon,FALSE,FALSE,America/New_York,2
5625,Cheshire Village,Cheshire Village,CT,Connecticut,9009,New Haven,41.5026,-72.8993,6484,743,polygon,FALSE,TRUE,America/New_York,3
5626,Theodore,Theodore,AL,Alabama,1097,Mobile,30.5408,-88.1884,6483,313,polygon,FALSE,FALSE,America/Chicago,3
5627,Prairie du Chien,Prairie du Chien,WI,Wisconsin,55023,Crawford,43.0429,-91.1373,6477,369,polygon,FALSE,TRUE,America/Chicago,3
5628,Irvington,Irvington,NY,New York,36119,Westchester,41.0349,-73.8661,6473,901,polygon,FALSE,TRUE,America/New_York,3
5629,Prestonsburg,Prestonsburg,KY,Kentucky,21071,Floyd,37.6816,-82.7662,6473,96,polygon,FALSE,TRUE,America/New_York,3
5630,Edgemoor,Edgemoor,DE,Delaware,10003,New Castle,39.7551,-75.507,6471,1338,polygon,FALSE,FALSE,America/New_York,3
5631,Moraine,Moraine,OH,Ohio,39113,Montgomery,39.6983,-84.2459,6470,269,polygon,FALSE,TRUE,America/New_York,3
5632,Laurel Bay,Laurel Bay,SC,South Carolina,45013,Beaufort,32.4599,-80.7869,6470,599,polygon,FALSE,FALSE,America/New_York,3
5633,Penn Yan,Penn Yan,NY,New York,36123,Yates,42.6608,-77.0536,6469,792,polygon,FALSE,TRUE,America/New_York,3
5634,Red Chute,Red Chute,LA,Louisiana,22015,Bossier,32.5732,-93.606,6468,270,polygon,FALSE,FALSE,America/Chicago,3
5635,South Hill,South Hill,NY,New York,36109,Tompkins,42.4113,-76.4883,6468,423,polygon,FALSE,FALSE,America/New_York,3
5636,Potomac Mills,Potomac Mills,VA,Virginia,51153,Prince William,38.6547,-77.3012,6468,620,polygon,FALSE,FALSE,America/New_York,3
5637,Columbia,Columbia,MS,Mississippi,28091,Marion,31.2564,-89.8266,6468,333,polygon,FALSE,TRUE,America/Chicago,3
5638,Jan Phyl Village,Jan Phyl Village,FL,Florida,12105,Polk,28.0201,-81.7933,6467,545,polygon,FALSE,FALSE,America/New_York,3
5639,Genoa,Genoa,IL,Illinois,17037,DeKalb,42.0926,-88.6964,6467,780,polygon,FALSE,TRUE,America/Chicago,3
5640,Sidney,Sidney,MT,Montana,30083,Richland,47.7152,-104.168,6466,724,polygon,FALSE,TRUE,America/Denver,3
5641,Glendive,Glendive,MT,Montana,30021,Dawson,47.1102,-104.7069,6460,545,polygon,FALSE,TRUE,America/Denver,3
5642,Lackland AFB,Lackland AFB,TX,Texas,48029,Bexar,29.3867,-98.6179,6454,589,polygon,TRUE,TRUE,America/Chicago,3
5643,Ironwood,Ironwood,MI,Michigan,26053,Gogebic,46.4522,-90.1505,6448,285,polygon,FALSE,TRUE,America/Menominee,3
5644,Emporia,Emporia,VA,Virginia,51595,Emporia,36.6953,-77.5356,6443,298,polygon,FALSE,TRUE,America/New_York,3
5645,Bridgeport,Bridgeport,MI,Michigan,26145,Saginaw,43.3706,-83.8828,6443,295,polygon,FALSE,FALSE,America/Detroit,3
5646,Geneseo,Geneseo,IL,Illinois,17073,Henry,41.4508,-90.154,6440,540,polygon,FALSE,TRUE,America/Chicago,3
5647,Vine Grove,Vine Grove,KY,Kentucky,21093,Hardin,37.8133,-85.9828,6439,363,polygon,FALSE,TRUE,America/New_York,3
5648,Devine,Devine,TX,Texas,48325,Medina,29.1457,-98.9049,6436,580,polygon,FALSE,TRUE,America/Chicago,3
5649,Litchfield Park,Litchfield Park,AZ,Arizona,4013,Maricopa,33.5024,-112.3586,6436,755,polygon,FALSE,TRUE,America/Phoenix,3
5650,Liberty,Liberty,TX,Texas,48291,Liberty,30.0379,-94.788,6435,80,polygon,FALSE,TRUE,America/Chicago,3
5651,Oelwein,Oelwein,IA,Iowa,19065,Fayette,42.6715,-91.9133,6433,471,polygon,FALSE,TRUE,America/Chicago,3
5652,Hurricane,Hurricane,WV,West Virginia,54079,Putnam,38.4293,-82.0168,6430,663,polygon,FALSE,TRUE,America/New_York,3
5653,North Riverside,North Riverside,IL,Illinois,17031,Cook,41.8461,-87.8263,6429,1510,polygon,FALSE,TRUE,America/Chicago,3
5654,Cheverly,Cheverly,MD,Maryland,24033,Prince George's,38.9254,-76.914,6428,1880,polygon,FALSE,TRUE,America/New_York,3
5655,Lake Murray of Richland,Lake Murray of Richland,SC,South Carolina,45079,Richland,34.1209,-81.2653,6427,446,polygon,FALSE,TRUE,America/New_York,3
5656,Darnestown,Darnestown,MD,Maryland,24031,Montgomery,39.096,-77.3033,6424,150,polygon,FALSE,FALSE,America/New_York,3
5657,Valley City,Valley City,ND,North Dakota,38003,Barnes,46.9223,-98.0055,6423,591,polygon,FALSE,TRUE,America/Chicago,3
5658,Salem,Salem,IN,Indiana,18175,Washington,38.6048,-86.0977,6422,598,polygon,FALSE,TRUE,America/Indiana/Indianapolis,3
5659,Douglas,Douglas,WY,Wyoming,56009,Converse,42.7541,-105.3968,6421,377,polygon,FALSE,TRUE,America/Denver,3
5660,Walkersville,Walkersville,MD,Maryland,24021,Frederick,39.4832,-77.3559,6415,519,polygon,FALSE,TRUE,America/New_York,3
5661,Eudora,Eudora,KS,Kansas,20045,Douglas,38.9345,-95.0957,6415,839,polygon,FALSE,TRUE,America/Chicago,3
5662,Garrett,Garrett,IN,Indiana,18033,DeKalb,41.3526,-85.1238,6413,594,polygon,FALSE,TRUE,America/Indiana/Indianapolis,3
5663,Branford Center,Branford Center,CT,Connecticut,9009,New Haven,41.2779,-72.8148,6413,1314,polygon,FALSE,TRUE,America/New_York,3
5664,Waikoloa Village,Waikoloa Village,HI,Hawaii,15001,Hawaii,19.9285,-155.8185,6412,138,polygon,FALSE,FALSE,Pacific/Honolulu,3
5665,Littlestown,Littlestown,PA,Pennsylvania,42001,Adams,39.7452,-77.0892,6409,1158,polygon,FALSE,TRUE,America/New_York,3
5666,Bronxville,Bronxville,NY,New York,36119,Westchester,40.9394,-73.8263,6408,2571,polygon,FALSE,TRUE,America/New_York,2
5667,Schriever,Schriever,LA,Louisiana,22109,Terrebonne,29.7334,-90.831,6407,172,polygon,FALSE,FALSE,America/Chicago,3
5668,Andalusia,Andalusia,AL,Alabama,1039,Covington,31.3101,-86.4781,6407,170,polygon,FALSE,TRUE,America/Chicago,3
5669,Clarkston Heights-Vineland,Clarkston Heights-Vineland,WA,Washington,53003,Asotin,46.3876,-117.0831,6403,410,polygon,FALSE,TRUE,America/Los_Angeles,3
5670,Las Piedras,Las Piedras,PR,Puerto Rico,72085,Las Piedras,18.1784,-65.8708,6402,2131,polygon,FALSE,FALSE,America/Puerto_Rico,2
5671,Hampstead,Hampstead,MD,Maryland,24013,Carroll,39.6104,-76.855,6401,745,polygon,FALSE,TRUE,America/New_York,3
5672,Piedmont,Piedmont,SC,South Carolina,45007,Anderson,34.7074,-82.4651,6401,287,polygon,FALSE,FALSE,America/New_York,3
5673,Howland Center,Howland Center,OH,Ohio,39155,Trumbull,41.2483,-80.7444,6400,610,polygon,FALSE,FALSE,America/New_York,3
5674,Carolina Beach,Carolina Beach,NC,North Carolina,37129,New Hanover,34.0396,-77.8966,6399,1007,polygon,FALSE,TRUE,America/New_York,3
5675,Blackwell,Blackwell,OK,Oklahoma,40071,Kay,36.8011,-97.3008,6399,454,polygon,FALSE,TRUE,America/Chicago,3
5676,Mount Vernon,Mount Vernon,IA,Iowa,19113,Linn,41.923,-91.4244,6398,493,polygon,FALSE,TRUE,America/Chicago,3
5677,Greenville,Greenville,IL,Illinois,17005,Bond,38.8866,-89.3893,6395,392,polygon,FALSE,TRUE,America/Chicago,3
5678,Mila Doce,Mila Doce,TX,Texas,48215,Hidalgo,26.223,-97.9601,6394,776,polygon,FALSE,FALSE,America/Chicago,3
5679,Rockford,Rockford,MI,Michigan,26081,Kent,43.1266,-85.5582,6391,765,polygon,FALSE,TRUE,America/Detroit,3
5680,Steilacoom,Steilacoom,WA,Washington,53053,Pierce,47.1703,-122.5934,6390,1226,polygon,FALSE,TRUE,America/Los_Angeles,3
5681,Wollochet,Wollochet,WA,Washington,53053,Pierce,47.2828,-122.5769,6390,420,polygon,FALSE,FALSE,America/Los_Angeles,3
5682,Yaphank,Yaphank,NY,New York,36103,Suffolk,40.8323,-72.9233,6390,180,polygon,FALSE,FALSE,America/New_York,3
5683,Abilene,Abilene,KS,Kansas,20041,Dickinson,38.9229,-97.2251,6390,502,polygon,FALSE,TRUE,America/Chicago,3
5684,Rhome,Rhome,TX,Texas,48497,Wise,33.0647,-97.4779,6387,155,polygon,FALSE,TRUE,America/Chicago,3
5685,Belpre,Belpre,OH,Ohio,39167,Washington,39.2815,-81.5971,6386,707,polygon,FALSE,TRUE,America/New_York,3
5686,Ellenville,Ellenville,NY,New York,36111,Ulster,41.7009,-74.3609,6384,178,polygon,FALSE,TRUE,America/New_York,3
5687,Rushville,Rushville,IN,Indiana,18139,Rush,39.6172,-85.4463,6383,702,polygon,FALSE,TRUE,America/Indiana/Indianapolis,3
5688,International Falls,International Falls,MN,Minnesota,27071,Koochiching,48.5884,-93.4083,6382,350,polygon,FALSE,TRUE,America/Winnipeg,3
5689,Prosser,Prosser,WA,Washington,53005,Benton,46.2068,-119.7662,6380,530,polygon,FALSE,TRUE,America/Los_Angeles,3
5690,Rogersville,Rogersville,TN,Tennessee,47073,Hawkins,36.4081,-83.0043,6380,449,polygon,FALSE,TRUE,America/New_York,3
5691,Jasper,Jasper,GA,Georgia,13227,Pickens,34.471,-84.4496,6374,179,polygon,FALSE,TRUE,America/New_York,3
5692,Nitro,Nitro,WV,West Virginia,54039,Kanawha,38.4119,-81.8194,6373,469,polygon,FALSE,TRUE,America/New_York,3
5693,East Glenville,East Glenville,NY,New York,36093,Schenectady,42.8614,-73.9206,6371,343,polygon,FALSE,FALSE,America/New_York,3
5694,Wharton,Wharton,NJ,New Jersey,34027,Morris,40.8999,-74.5808,6369,1186,polygon,FALSE,TRUE,America/New_York,3
5695,Johnsburg,Johnsburg,IL,Illinois,17111,McHenry,42.383,-88.2476,6368,342,polygon,FALSE,TRUE,America/Chicago,3
5696,Buena Vista,Buena Vista,VA,Virginia,51530,Buena Vista,37.7319,-79.3569,6367,388,polygon,FALSE,TRUE,America/New_York,3
5697,Sunbury,Sunbury,OH,Ohio,39041,Delaware,40.2485,-82.8804,6367,511,polygon,FALSE,TRUE,America/New_York,3
5698,Lochbuie,Lochbuie,CO,Colorado,8123,Weld,40.0119,-104.7271,6366,765,polygon,FALSE,TRUE,America/Denver,3
5699,Heathrow,Heathrow,FL,Florida,12117,Seminole,28.7753,-81.3721,6364,895,polygon,FALSE,FALSE,America/New_York,3
5700,Richboro,Richboro,PA,Pennsylvania,42017,Bucks,40.2262,-75.0006,6364,561,polygon,FALSE,FALSE,America/New_York,3
5701,Keyser,Keyser,WV,West Virginia,54057,Mineral,39.4394,-78.9822,6361,960,polygon,FALSE,TRUE,America/New_York,3
5702,Cynthiana,Cynthiana,KY,Kentucky,21097,Harrison,38.386,-84.2993,6356,557,polygon,FALSE,TRUE,America/New_York,3
5703,Tabor City,Tabor City,NC,North Carolina,37047,Columbus,34.1538,-78.8737,6355,478,polygon,FALSE,TRUE,America/New_York,3
5704,Snyderville,Snyderville,UT,Utah,49043,Summit,40.7042,-111.5438,6352,227,polygon,FALSE,FALSE,America/Denver,3
5705,Buena Vista,Buena Vista,MI,Michigan,26145,Saginaw,43.4196,-83.8992,6351,552,polygon,FALSE,FALSE,America/Detroit,3
5706,Dacula,Dacula,GA,Georgia,13135,Gwinnett,33.9816,-83.8951,6350,456,polygon,FALSE,TRUE,America/New_York,3
5707,Allegan,Allegan,MI,Michigan,26005,Allegan,42.5299,-85.8462,6350,503,polygon,FALSE,TRUE,America/Detroit,3
5708,Lincroft,Lincroft,NJ,New Jersey,34025,Monmouth,40.3391,-74.1283,6348,439,polygon,FALSE,FALSE,America/New_York,3
5709,Schuyler,Schuyler,NE,Nebraska,31037,Colfax,41.4497,-97.0619,6348,893,polygon,FALSE,TRUE,America/Chicago,3
5710,Orange Lake,Orange Lake,NY,New York,36071,Orange,41.5319,-74.0936,6348,461,polygon,FALSE,FALSE,America/New_York,3
5711,Tipton,Tipton,IN,Indiana,18159,Tipton,40.282,-86.0422,6348,730,polygon,FALSE,TRUE,America/Indiana/Indianapolis,3
5712,Kingston Estates,Kingston Estates,NJ,New Jersey,34007,Camden,39.9188,-74.9898,6346,2115,polygon,FALSE,FALSE,America/New_York,2
5713,Swarthmore,Swarthmore,PA,Pennsylvania,42045,Delaware,39.9023,-75.3488,6346,1750,polygon,FALSE,TRUE,America/New_York,3
5714,Carmel Hamlet,Carmel Hamlet,NY,New York,36079,Putnam,41.415,-73.6855,6345,293,polygon,FALSE,FALSE,America/New_York,3
5715,Gladewater,Gladewater,TX,Texas,48183,Gregg,32.5426,-94.9465,6341,211,polygon,FALSE,TRUE,America/Chicago,3
5716,Lely Resort,Lely Resort,FL,Florida,12021,Collier,26.0889,-81.7031,6340,490,polygon,FALSE,FALSE,America/New_York,3
5717,Kosciusko,Kosciusko,MS,Mississippi,28007,Attala,33.0584,-89.5893,6340,344,polygon,FALSE,TRUE,America/Chicago,3
5718,St. John,St. John,MO,Missouri,29189,St. Louis,38.7148,-90.3462,6338,1717,polygon,FALSE,TRUE,America/Chicago,3
5719,Bangor Base,Bangor Base,WA,Washington,53035,Kitsap,47.7227,-122.7146,6336,220,polygon,TRUE,TRUE,America/Los_Angeles,3
5720,Silver Lake,Silver Lake,NC,North Carolina,37129,New Hanover,34.1408,-77.909,6330,991,polygon,FALSE,FALSE,America/New_York,3
5721,Red Lion,Red Lion,PA,Pennsylvania,42133,York,39.8986,-76.6078,6330,1862,polygon,FALSE,TRUE,America/New_York,3
5722,Pepper Pike,Pepper Pike,OH,Ohio,39035,Cuyahoga,41.4801,-81.4619,6330,343,polygon,FALSE,TRUE,America/New_York,3
5723,South Gate Ridge,South Gate Ridge,FL,Florida,12115,Sarasota,27.2856,-82.497,6328,1398,polygon,FALSE,FALSE,America/New_York,3
5724,Hamlet,Hamlet,NC,North Carolina,37153,Richmond,34.8891,-79.7099,6328,467,polygon,FALSE,TRUE,America/New_York,3
5725,Bensley,Bensley,VA,Virginia,51041,Chesterfield,37.447,-77.442,6327,849,polygon,FALSE,FALSE,America/New_York,3
5726,Combee Settlement,Combee Settlement,FL,Florida,12105,Polk,28.0596,-81.9053,6323,1235,polygon,FALSE,FALSE,America/New_York,3
5727,Lionville,Lionville,PA,Pennsylvania,42029,Chester,40.0524,-75.644,6323,986,polygon,FALSE,FALSE,America/New_York,3
5728,White Oak,White Oak,TX,Texas,48183,Gregg,32.5313,-94.8564,6322,267,polygon,FALSE,TRUE,America/Chicago,3
5729,Barnhart,Barnhart,MO,Missouri,29099,Jefferson,38.336,-90.4046,6318,478,polygon,FALSE,FALSE,America/Chicago,3
5730,"Islamorada, Village of Islands","Islamorada, Village of Islands",FL,Florida,12087,Monroe,24.9408,-80.6097,6317,378,polygon,FALSE,TRUE,America/New_York,3
5731,Lakeview,Lakeview,NY,New York,36059,Nassau,40.6775,-73.6493,6317,2437,polygon,FALSE,FALSE,America/New_York,2
5732,Mascotte,Mascotte,FL,Florida,12069,Lake,28.611,-81.9107,6315,196,polygon,FALSE,TRUE,America/New_York,3
5733,South Run,South Run,VA,Virginia,51059,Fairfax,38.7467,-77.2754,6308,963,polygon,FALSE,TRUE,America/New_York,3
5734,Gulf Park Estates,Gulf Park Estates,MS,Mississippi,28059,Jackson,30.3801,-88.7581,6308,917,polygon,FALSE,FALSE,America/Chicago,3
5735,Pass Christian,Pass Christian,MS,Mississippi,28047,Harrison,30.327,-89.2436,6307,295,polygon,FALSE,TRUE,America/Chicago,3
5736,Jeanerette,Jeanerette,LA,Louisiana,22045,Iberia,29.9157,-91.6758,6303,872,polygon,FALSE,TRUE,America/Chicago,3
5737,Waveland,Waveland,MS,Mississippi,28045,Hancock,30.293,-89.3904,6302,286,polygon,FALSE,TRUE,America/Chicago,3
5738,Forest Hills,Forest Hills,PA,Pennsylvania,42003,Allegheny,40.4251,-79.8544,6298,1555,polygon,FALSE,TRUE,America/New_York,3
5739,Inverness Highlands South,Inverness Highlands South,FL,Florida,12017,Citrus,28.8007,-82.3371,6288,432,polygon,FALSE,TRUE,America/New_York,3
5740,Bridgeport,Bridgeport,TX,Texas,48497,Wise,33.21,-97.7708,6286,327,polygon,FALSE,TRUE,America/Chicago,3
5741,Stone Mountain,Stone Mountain,GA,Georgia,13089,DeKalb,33.8034,-84.1724,6281,1473,polygon,FALSE,TRUE,America/New_York,3
5742,East Foothills,East Foothills,CA,California,6085,Santa Clara,37.3827,-121.8138,6278,1146,polygon,FALSE,FALSE,America/Los_Angeles,3
5743,Pleasure Point,Pleasure Point,CA,California,6087,Santa Cruz,36.9618,-121.9715,6277,3233,polygon,FALSE,TRUE,America/Los_Angeles,2
5744,California,California,PA,Pennsylvania,42125,Washington,40.0692,-79.9152,6276,220,polygon,FALSE,TRUE,America/New_York,3
5745,New Castle,New Castle,CO,Colorado,8045,Garfield,39.5776,-107.5267,6275,798,polygon,FALSE,TRUE,America/Denver,3
5746,St. Robert,St. Robert,MO,Missouri,29169,Pulaski,37.8244,-92.1532,6275,288,polygon,FALSE,TRUE,America/Chicago,3
5747,Iowa Park,Iowa Park,TX,Texas,48485,Wichita,33.9622,-98.6819,6268,605,polygon,FALSE,TRUE,America/Chicago,3
5748,Pigeon Forge,Pigeon Forge,TN,Tennessee,47155,Sevier,35.7977,-83.5623,6266,181,polygon,FALSE,TRUE,America/New_York,3
5749,Huntington Woods,Huntington Woods,MI,Michigan,26125,Oakland,42.4816,-83.1685,6265,1623,polygon,FALSE,TRUE,America/Detroit,3
5750,Lecanto,Lecanto,FL,Florida,12017,Citrus,28.8359,-82.488,6264,89,polygon,FALSE,FALSE,America/New_York,3
5751,Richmond,Richmond,MI,Michigan,26099,Macomb,42.8094,-82.7518,6262,781,polygon,FALSE,TRUE,America/Detroit,3
5752,Lake Alfred,Lake Alfred,FL,Florida,12105,Polk,28.1041,-81.7264,6257,261,polygon,FALSE,TRUE,America/New_York,3
5753,Morris Plains,Morris Plains,NJ,New Jersey,34027,Morris,40.8357,-74.4786,6255,945,polygon,FALSE,TRUE,America/New_York,3
5754,Powell,Powell,WY,Wyoming,56029,Park,44.7958,-108.7681,6253,556,polygon,FALSE,TRUE,America/Denver,3
5755,Corcoran,Corcoran,MN,Minnesota,27053,Hennepin,45.1089,-93.5837,6250,67,polygon,FALSE,TRUE,America/Chicago,3
5756,Walker,Walker,LA,Louisiana,22063,Livingston,30.485,-90.8656,6248,366,polygon,FALSE,TRUE,America/Chicago,3
5757,New Whiteland,New Whiteland,IN,Indiana,18081,Johnson,39.5617,-86.0996,6241,1627,polygon,FALSE,TRUE,America/Indiana/Indianapolis,3
5758,Sylvester,Sylvester,GA,Georgia,13321,Worth,31.53,-83.8338,6240,339,polygon,FALSE,TRUE,America/New_York,3
5759,Holly Springs,Holly Springs,MS,Mississippi,28093,Marshall,34.7768,-89.4466,6239,235,polygon,FALSE,TRUE,America/Chicago,3
5760,Boonville,Boonville,IN,Indiana,18173,Warrick,38.0469,-87.2846,6238,490,polygon,FALSE,TRUE,America/Chicago,3
5761,Murillo,Murillo,TX,Texas,48215,Hidalgo,26.2642,-98.1233,6236,416,polygon,FALSE,FALSE,America/Chicago,3
5762,Orange Beach,Orange Beach,AL,Alabama,1003,Baldwin,30.2941,-87.5851,6235,163,polygon,FALSE,TRUE,America/Chicago,3
5763,Solvay,Solvay,NY,New York,36067,Onondaga,43.0573,-76.2126,6234,1455,polygon,FALSE,TRUE,America/New_York,3
5764,Galax,Galax,VA,Virginia,51640,Galax,36.6661,-80.9176,6232,297,polygon,FALSE,TRUE,America/New_York,3
5765,Newberry,Newberry,FL,Florida,12001,Alachua,29.6385,-82.6057,6231,42,polygon,FALSE,TRUE,America/New_York,3
5766,Cameron Park,Cameron Park,TX,Texas,48061,Cameron,25.9705,-97.4775,6226,4425,polygon,FALSE,FALSE,America/Chicago,2
5767,Glenwood,Glenwood,IA,Iowa,19129,Mills,41.0446,-95.7408,6226,705,polygon,FALSE,TRUE,America/Chicago,3
5768,Savannah,Savannah,TX,Texas,48121,Denton,33.2257,-96.9082,6224,2477,polygon,FALSE,TRUE,America/Chicago,2
5769,Kenedy,Kenedy,TX,Texas,48255,Karnes,28.8176,-97.8518,6223,353,polygon,FALSE,TRUE,America/Chicago,3
5770,Hillandale,Hillandale,MD,Maryland,24031,Montgomery,39.0254,-76.9751,6223,1164,polygon,FALSE,FALSE,America/New_York,3
5771,Edinboro,Edinboro,PA,Pennsylvania,42049,Erie,41.8762,-80.1246,6222,930,polygon,FALSE,TRUE,America/New_York,3
5772,Addis,Addis,LA,Louisiana,22121,West Baton Rouge,30.3652,-91.2659,6221,571,polygon,FALSE,TRUE,America/Chicago,3
5773,Fruit Heights,Fruit Heights,UT,Utah,49011,Davis,41.0277,-111.9081,6221,1048,polygon,FALSE,TRUE,America/Denver,3
5774,Pratt,Pratt,KS,Kansas,20151,Pratt,37.6764,-98.7451,6220,325,polygon,FALSE,TRUE,America/Chicago,3
5775,Pea Ridge,Pea Ridge,WV,West Virginia,54011,Cabell,38.4154,-82.3188,6215,1047,polygon,FALSE,FALSE,America/New_York,3
5776,Fruitridge Pocket,Fruitridge Pocket,CA,California,6067,Sacramento,38.5326,-121.4558,6215,4027,polygon,FALSE,TRUE,America/Los_Angeles,2
5777,Wescosville,Wescosville,PA,Pennsylvania,42077,Lehigh,40.5617,-75.5489,6213,882,polygon,FALSE,FALSE,America/New_York,3
5778,Chelan,Chelan,WA,Washington,53007,Chelan,47.8414,-120.0263,6212,244,polygon,FALSE,TRUE,America/Los_Angeles,3
5779,Blue Bell,Blue Bell,PA,Pennsylvania,42091,Montgomery,40.1474,-75.2687,6212,445,polygon,FALSE,FALSE,America/New_York,3
5780,Nephi,Nephi,UT,Utah,49023,Juab,39.7072,-111.8323,6212,539,polygon,FALSE,TRUE,America/Denver,3
5781,Pea Ridge,Pea Ridge,AR,Arkansas,5007,Benton,36.449,-94.1211,6211,336,polygon,FALSE,TRUE,America/Chicago,3
5782,Blakely,Blakely,PA,Pennsylvania,42069,Lackawanna,41.4859,-75.6012,6210,628,polygon,FALSE,TRUE,America/New_York,3
5783,Covedale,Covedale,OH,Ohio,39061,Hamilton,39.1267,-84.637,6209,847,polygon,FALSE,FALSE,America/New_York,3
5784,Twin Lakes,Twin Lakes,WI,Wisconsin,55059,Kenosha,42.5192,-88.2489,6204,284,polygon,FALSE,TRUE,America/Chicago,3
5785,Fishhook,Fishhook,AK,Alaska,2170,Matanuska-Susitna,61.711,-149.2657,6203,33,polygon,FALSE,TRUE,America/Anchorage,3
5786,Kennett Square,Kennett Square,PA,Pennsylvania,42029,Chester,39.8438,-75.7113,6202,2247,polygon,FALSE,TRUE,America/New_York,2
5787,Everman,Everman,TX,Texas,48439,Tarrant,32.6296,-97.2827,6201,1365,polygon,FALSE,TRUE,America/Chicago,3
5788,Union Gap,Union Gap,WA,Washington,53077,Yakima,46.5566,-120.4977,6200,428,polygon,FALSE,TRUE,America/Los_Angeles,3
5789,Santa Isabel,Santa Isabel,PR,Puerto Rico,72133,Santa Isabel,17.9687,-66.4049,6196,2493,polygon,FALSE,FALSE,America/Puerto_Rico,2
5790,Satsuma,Satsuma,AL,Alabama,1097,Mobile,30.8577,-88.0632,6190,325,polygon,FALSE,TRUE,America/Chicago,3
5791,Heathcote,Heathcote,NJ,New Jersey,34023,Middlesex,40.3908,-74.5756,6189,917,polygon,FALSE,FALSE,America/New_York,3
5792,Chamberlayne,Chamberlayne,VA,Virginia,51087,Henrico,37.628,-77.4288,6186,713,polygon,FALSE,FALSE,America/New_York,3
5793,Keyes,Keyes,CA,California,6099,Stanislaus,37.5618,-120.9088,6185,848,polygon,FALSE,FALSE,America/Los_Angeles,3
5794,Sheridan,Sheridan,CO,Colorado,8005,Arapahoe,39.6466,-105.0181,6183,1075,polygon,FALSE,TRUE,America/Denver,3
5795,Leonardtown,Leonardtown,MD,Maryland,24037,St. Mary's,38.3039,-76.6396,6182,388,polygon,FALSE,TRUE,America/New_York,3
5796,Naples Park,Naples Park,FL,Florida,12021,Collier,26.2633,-81.8094,6181,1940,polygon,FALSE,FALSE,America/New_York,3
5797,Eastman,Eastman,GA,Georgia,13091,Dodge,32.1973,-83.1714,6180,303,polygon,FALSE,TRUE,America/New_York,3
5798,South Monroe,South Monroe,MI,Michigan,26115,Monroe,41.893,-83.4179,6176,1005,polygon,FALSE,FALSE,America/Detroit,3
5799,Corry,Corry,PA,Pennsylvania,42049,Erie,41.9259,-79.6358,6175,399,polygon,FALSE,TRUE,America/New_York,3
5800,University at Buffalo,University at Buffalo,NY,New York,36029,Erie,43.0025,-78.7887,6173,1764,polygon,FALSE,TRUE,America/New_York,3
5801,Mims,Mims,FL,Florida,12009,Brevard,28.6928,-80.8468,6171,139,polygon,FALSE,FALSE,America/New_York,3
5802,Eagar,Eagar,AZ,Arizona,4001,Apache,34.1058,-109.2956,6164,169,polygon,FALSE,TRUE,America/Phoenix,3
5803,Henryetta,Henryetta,OK,Oklahoma,40111,Okmulgee,35.4421,-95.9848,6162,325,polygon,FALSE,TRUE,America/Chicago,3
5804,Hebron,Hebron,KY,Kentucky,21015,Boone,39.0626,-84.709,6160,370,polygon,FALSE,FALSE,America/New_York,3
5805,Montgomery,Montgomery,PA,Pennsylvania,42081,Lycoming,41.1709,-76.874,6159,1064,polygon,FALSE,TRUE,America/New_York,3
5806,Morrilton,Morrilton,AR,Arkansas,5029,Conway,35.1558,-92.7387,6159,290,polygon,FALSE,TRUE,America/Chicago,3
5807,Carthage,Carthage,TX,Texas,48365,Panola,32.1526,-94.3368,6158,232,polygon,FALSE,TRUE,America/Chicago,3
5808,Pinehurst,Pinehurst,TX,Texas,48339,Montgomery,30.1889,-95.7017,6157,300,polygon,FALSE,FALSE,America/Chicago,3
5809,Bellwood,Bellwood,VA,Virginia,51041,Chesterfield,37.406,-77.4363,6157,410,polygon,FALSE,FALSE,America/New_York,3
5810,Homeland Park,Homeland Park,SC,South Carolina,45007,Anderson,34.4644,-82.6593,6157,504,polygon,FALSE,FALSE,America/New_York,3
5811,De Queen,De Queen,AR,Arkansas,5133,Sevier,34.0426,-94.342,6153,420,polygon,FALSE,TRUE,America/Chicago,3
5812,Evansville,Evansville,WI,Wisconsin,55105,Rock,42.7781,-89.2967,6152,645,polygon,FALSE,TRUE,America/Chicago,3
5813,Cocoa West,Cocoa West,FL,Florida,12009,Brevard,28.3595,-80.7712,6152,658,polygon,FALSE,TRUE,America/New_York,3
5814,Clinton,Clinton,IN,Indiana,18165,Vermillion,39.6608,-87.4045,6152,803,polygon,FALSE,TRUE,America/Indiana/Indianapolis,3
5815,Lanett,Lanett,AL,Alabama,1017,Chambers,32.8571,-85.2081,6151,380,polygon,FALSE,TRUE,America/Chicago,3
5816,Binghamton University,Binghamton University,NY,New York,36007,Broome,42.0893,-75.9684,6149,3061,polygon,FALSE,TRUE,America/New_York,2
5817,Gardnerville,Gardnerville,NV,Nevada,32005,Douglas,38.939,-119.7369,6148,494,polygon,FALSE,FALSE,America/Los_Angeles,3
5818,Bridgewater,Bridgewater,VA,Virginia,51165,Rockingham,38.3862,-78.9674,6145,941,polygon,FALSE,TRUE,America/New_York,3
5819,Comstock Northwest,Comstock Northwest,MI,Michigan,26077,Kalamazoo,42.3219,-85.518,6144,734,polygon,FALSE,TRUE,America/Detroit,3
5820,East Farmingdale,East Farmingdale,NY,New York,36103,Suffolk,40.7336,-73.4169,6143,414,polygon,FALSE,FALSE,America/New_York,3
5821,Glenarden,Glenarden,MD,Maryland,24033,Prince George's,38.9293,-76.8577,6143,1985,polygon,FALSE,TRUE,America/New_York,3
5822,Cullowhee,Cullowhee,NC,North Carolina,37099,Jackson,35.3107,-83.1815,6139,657,polygon,FALSE,FALSE,America/New_York,3
5823,Tequesta,Tequesta,FL,Florida,12099,Palm Beach,26.9618,-80.1011,6138,1293,polygon,FALSE,TRUE,America/New_York,3
5824,Elm Grove,Elm Grove,WI,Wisconsin,55133,Waukesha,43.0479,-88.0867,6136,726,polygon,FALSE,TRUE,America/Chicago,3
5825,Heber Springs,Heber Springs,AR,Arkansas,5023,Cleburne,35.5003,-92.0332,6136,311,polygon,FALSE,TRUE,America/Chicago,3
5826,Ashton-Sandy Spring,Ashton-Sandy Spring,MD,Maryland,24031,Montgomery,39.1515,-77.0065,6136,231,polygon,FALSE,TRUE,America/New_York,3
5827,Waimanalo,Waimanalo,HI,Hawaii,15003,Honolulu,21.3421,-157.7303,6135,543,polygon,FALSE,FALSE,Pacific/Honolulu,3
5828,Arroyo,Arroyo,PR,Puerto Rico,72015,Arroyo,17.9706,-66.0609,6134,2348,polygon,FALSE,FALSE,America/Puerto_Rico,2
5829,Carlstadt,Carlstadt,NJ,New Jersey,34003,Bergen,40.8247,-74.0613,6132,599,polygon,FALSE,TRUE,America/New_York,3
5830,Carrollton,Carrollton,VA,Virginia,51093,Isle of Wight,36.9394,-76.5264,6131,412,polygon,FALSE,FALSE,America/New_York,3
5831,Cochran,Cochran,GA,Georgia,13023,Bleckley,32.3875,-83.3523,6131,409,polygon,FALSE,TRUE,America/New_York,3
5832,Garrettsville,Garrettsville,OH,Ohio,39133,Portage,41.2843,-81.0933,6123,351,polygon,FALSE,TRUE,America/New_York,3
5833,Isanti,Isanti,MN,Minnesota,27059,Isanti,45.4928,-93.2407,6120,478,polygon,FALSE,TRUE,America/Chicago,3
5834,Sky Lake,Sky Lake,FL,Florida,12095,Orange,28.4611,-81.3912,6119,1873,polygon,FALSE,FALSE,America/New_York,3
5835,Punxsutawney,Punxsutawney,PA,Pennsylvania,42065,Jefferson,40.9437,-78.9767,6117,656,polygon,FALSE,TRUE,America/New_York,3
5836,Dunlap,Dunlap,IN,Indiana,18039,Elkhart,41.6346,-85.9235,6115,480,polygon,FALSE,FALSE,America/Indiana/Indianapolis,3
5837,Bartonville,Bartonville,IL,Illinois,17143,Peoria,40.6398,-89.6608,6113,293,polygon,FALSE,TRUE,America/Chicago,3
5838,Laie,Laie,HI,Hawaii,15003,Honolulu,21.6443,-157.928,6111,1762,polygon,FALSE,FALSE,Pacific/Honolulu,3
5839,Munford,Munford,TN,Tennessee,47167,Tipton,35.4433,-89.8148,6109,259,polygon,FALSE,TRUE,America/Chicago,3
5840,Tarrant,Tarrant,AL,Alabama,1073,Jefferson,33.5945,-86.7684,6109,369,polygon,FALSE,TRUE,America/Chicago,3
5841,Los Ranchos de Albuquerque,Los Ranchos de Albuquerque,NM,New Mexico,35001,Bernalillo,35.1625,-106.6481,6108,529,polygon,FALSE,TRUE,America/Denver,3
5842,Edgewood,Edgewood,NM,New Mexico,35049,Santa Fe,35.1318,-106.2151,6107,41,polygon,FALSE,TRUE,America/Denver,3
5843,Scenic Oaks,Scenic Oaks,TX,Texas,48029,Bexar,29.7038,-98.6713,6106,300,polygon,FALSE,FALSE,America/Chicago,3
5844,Mattydale,Mattydale,NY,New York,36067,Onondaga,43.0992,-76.1388,6102,1226,polygon,FALSE,FALSE,America/New_York,3
5845,Amory,Amory,MS,Mississippi,28095,Monroe,33.9813,-88.4823,6098,209,polygon,FALSE,TRUE,America/Chicago,3
5846,Ranchettes,Ranchettes,WY,Wyoming,56021,Laramie,41.2186,-104.7729,6097,48,polygon,FALSE,FALSE,America/Denver,3
5847,Jordan,Jordan,MN,Minnesota,27139,Scott,44.6652,-93.6351,6094,774,polygon,FALSE,TRUE,America/Chicago,3
5848,Simsbury Center,Simsbury Center,CT,Connecticut,9003,Hartford,41.8808,-72.8111,6091,515,polygon,FALSE,TRUE,America/New_York,3
5849,Shrewsbury,Shrewsbury,MO,Missouri,29189,St. Louis,38.5866,-90.3282,6091,1634,polygon,FALSE,TRUE,America/Chicago,3
5850,Alpine,Alpine,TX,Texas,48043,Brewster,30.364,-103.665,6090,481,polygon,FALSE,TRUE,America/Chicago,3
5851,Harlan,Harlan,KY,Kentucky,21095,Harlan,36.8432,-83.3184,6089,446,polygon,FALSE,TRUE,America/New_York,3
5852,Larchmont,Larchmont,NY,New York,36119,Westchester,40.9258,-73.7529,6087,2181,polygon,FALSE,TRUE,America/New_York,2
5853,Willard,Willard,OH,Ohio,39077,Huron,41.0518,-82.7232,6086,648,polygon,FALSE,TRUE,America/New_York,3
5854,Senatobia,Senatobia,MS,Mississippi,28137,Tate,34.6081,-89.9762,6086,188,polygon,FALSE,TRUE,America/Chicago,3
5855,Ocean Shores,Ocean Shores,WA,Washington,53027,Grays Harbor,46.9685,-124.1521,6085,294,polygon,FALSE,TRUE,America/Los_Angeles,3
5856,Lee Acres,Lee Acres,NM,New Mexico,35045,San Juan,36.7103,-108.0725,6084,180,polygon,FALSE,FALSE,America/Denver,3
5857,Fairwood,Fairwood,MD,Maryland,24033,Prince George's,38.9565,-76.778,6084,688,polygon,FALSE,TRUE,America/New_York,3
5858,Ontario,Ontario,OH,Ohio,39139,Richland,40.771,-82.6105,6084,212,polygon,FALSE,TRUE,America/New_York,3
5859,West Clarkston-Highland,West Clarkston-Highland,WA,Washington,53003,Asotin,46.4022,-117.0628,6081,841,polygon,FALSE,TRUE,America/Los_Angeles,3
5860,South Apopka,South Apopka,FL,Florida,12095,Orange,28.6569,-81.5057,6081,1091,polygon,FALSE,FALSE,America/New_York,3
5861,Ramtown,Ramtown,NJ,New Jersey,34025,Monmouth,40.1144,-74.1492,6076,1084,polygon,FALSE,FALSE,America/New_York,3
5862,Henderson,Henderson,TN,Tennessee,47023,Chester,35.4446,-88.6531,6073,314,polygon,FALSE,TRUE,America/Chicago,3
5863,Clifton Springs,Clifton Springs,NY,New York,36069,Ontario,42.9608,-77.1348,6072,521,polygon,FALSE,TRUE,America/New_York,3
5864,North Hobbs,North Hobbs,NM,New Mexico,35025,Lea,32.7731,-103.125,6068,89,polygon,FALSE,TRUE,America/Denver,3
5865,South Williamsport,South Williamsport,PA,Pennsylvania,42081,Lycoming,41.2294,-77.0009,6068,1233,polygon,FALSE,TRUE,America/New_York,3
5866,Johnson Lane,Johnson Lane,NV,Nevada,32005,Douglas,39.0489,-119.7245,6065,107,polygon,FALSE,FALSE,America/Los_Angeles,3
5867,Anaconda,Anaconda,MT,Montana,30023,Deer Lodge,46.0607,-113.0679,6065,4,polygon,FALSE,TRUE,America/Denver,3
5868,Delano,Delano,MN,Minnesota,27171,Wright,45.0383,-93.7922,6061,579,polygon,FALSE,TRUE,America/Chicago,3
5869,Village of Oak Creek,Village of Oak Creek,AZ,Arizona,4025,Yavapai,34.7813,-111.7606,6057,444,polygon,FALSE,TRUE,America/Phoenix,3
5870,Country Homes,Country Homes,WA,Washington,53063,Spokane,47.7478,-117.4196,6054,1415,polygon,FALSE,FALSE,America/Los_Angeles,3
5871,Indian Hills,Indian Hills,NV,Nevada,32005,Douglas,39.0894,-119.7977,6054,160,polygon,FALSE,FALSE,America/Los_Angeles,3
5872,Stewartville,Stewartville,MN,Minnesota,27109,Olmsted,43.8605,-92.4896,6054,727,polygon,FALSE,TRUE,America/Chicago,3
5873,Nelsonville,Nelsonville,OH,Ohio,39009,Athens,39.456,-82.2219,6050,405,polygon,FALSE,TRUE,America/New_York,3
5874,Hidden Valley Lake,Hidden Valley Lake,CA,California,6033,Lake,38.8003,-122.5505,6044,238,polygon,FALSE,FALSE,America/Los_Angeles,3
5875,Carrizo Springs,Carrizo Springs,TX,Texas,48127,Dimmit,28.5266,-99.8589,6043,669,polygon,FALSE,TRUE,America/Chicago,3
5876,Barbourville,Barbourville,KY,Kentucky,21121,Knox,36.8667,-83.885,6036,441,polygon,FALSE,TRUE,America/New_York,3
5877,Dacono,Dacono,CO,Colorado,8123,Weld,40.062,-104.9484,6034,279,polygon,FALSE,TRUE,America/Denver,3
5878,Union,Union,KY,Kentucky,21015,Boone,38.9472,-84.6731,6034,698,polygon,FALSE,TRUE,America/New_York,3
5879,Rib Mountain,Rib Mountain,WI,Wisconsin,55073,Marathon,44.9196,-89.6763,6033,193,polygon,FALSE,FALSE,America/Chicago,3
5880,Rensselaer,Rensselaer,IN,Indiana,18073,Jasper,40.9375,-87.1684,6029,335,polygon,FALSE,TRUE,America/Chicago,3
5881,Eucalyptus Hills,Eucalyptus Hills,CA,California,6073,San Diego,32.885,-116.9453,6017,488,polygon,FALSE,FALSE,America/Los_Angeles,3
5882,Cumberland,Cumberland,IN,Indiana,18097,Marion,39.7844,-85.9458,6017,826,polygon,FALSE,TRUE,America/Indiana/Indianapolis,3
5883,Lake Mohegan,Lake Mohegan,NY,New York,36119,Westchester,41.3165,-73.8475,6013,807,polygon,FALSE,FALSE,America/New_York,3
5884,Chillicothe,Chillicothe,IL,Illinois,17143,Peoria,40.9157,-89.502,6012,440,polygon,FALSE,TRUE,America/Chicago,3
5885,Metropolis,Metropolis,IL,Illinois,17127,Massac,37.1565,-88.7083,6008,386,polygon,FALSE,TRUE,America/Chicago,3
5886,Maquoketa,Maquoketa,IA,Iowa,19097,Jackson,42.0598,-90.6651,6007,518,polygon,FALSE,TRUE,America/Chicago,3
5887,Watchung,Watchung,NJ,New Jersey,34035,Somerset,40.6432,-74.4391,6006,385,polygon,FALSE,TRUE,America/New_York,3
5888,Davenport,Davenport,FL,Florida,12105,Polk,28.1588,-81.6084,6005,637,polygon,FALSE,TRUE,America/New_York,3
5889,Conley,Conley,GA,Georgia,13063,Clayton,33.6398,-84.3376,6002,1205,polygon,FALSE,FALSE,America/New_York,3
5890,Williamsburg,Williamsburg,KY,Kentucky,21235,Whitley,36.7392,-84.1647,6002,488,polygon,FALSE,TRUE,America/New_York,3
5891,Du Quoin,Du Quoin,IL,Illinois,17145,Perry,38.0019,-89.2323,6001,313,polygon,FALSE,TRUE,America/Chicago,3
5892,Baldwin,Baldwin,WI,Wisconsin,55109,St. Croix,44.954,-92.3709,6000,508,polygon,FALSE,TRUE,America/Chicago,3
5893,Eldorado at Santa Fe,Eldorado at Santa Fe,NM,New Mexico,35049,Santa Fe,35.5273,-105.934,5999,111,polygon,FALSE,FALSE,America/Denver,3
5894,Elburn,Elburn,IL,Illinois,17089,Kane,41.8838,-88.4615,5997,741,polygon,FALSE,TRUE,America/Chicago,3
5895,Wheelersburg,Wheelersburg,OH,Ohio,39145,Scioto,38.7383,-82.8421,5996,398,polygon,FALSE,FALSE,America/New_York,3
5896,Tea,Tea,SD,South Dakota,46083,Lincoln,43.4511,-96.834,5995,1205,polygon,FALSE,TRUE,America/Chicago,3
5897,Kingston,Kingston,TN,Tennessee,47145,Roane,35.8713,-84.4959,5994,326,polygon,FALSE,TRUE,America/New_York,3
5898,Shields,Shields,MI,Michigan,26145,Saginaw,43.4174,-84.0731,5993,359,polygon,FALSE,FALSE,America/Detroit,3
5899,Pecan Plantation,Pecan Plantation,TX,Texas,48221,Hood,32.3628,-97.6554,5987,311,polygon,FALSE,FALSE,America/Chicago,3
5900,Winfield,Winfield,IN,Indiana,18089,Lake,41.4098,-87.2623,5987,186,polygon,FALSE,TRUE,America/Chicago,3
5901,Lewistown,Lewistown,MT,Montana,30027,Fergus,47.0514,-109.4524,5987,391,polygon,FALSE,TRUE,America/Denver,3
5902,Grayson Valley,Grayson Valley,AL,Alabama,1073,Jefferson,33.6469,-86.6414,5986,1179,polygon,FALSE,FALSE,America/Chicago,3
5903,Finley,Finley,WA,Washington,53005,Benton,46.1697,-119.0446,5984,199,polygon,FALSE,FALSE,America/Los_Angeles,3
5904,District Heights,District Heights,MD,Maryland,24033,Prince George's,38.8588,-76.8885,5984,2670,polygon,FALSE,TRUE,America/New_York,2
5905,Northern Cambria,Northern Cambria,PA,Pennsylvania,42021,Cambria,40.6561,-78.7784,5981,453,polygon,FALSE,TRUE,America/New_York,3
5906,Pevely,Pevely,MO,Missouri,29099,Jefferson,38.2863,-90.4005,5978,536,polygon,FALSE,TRUE,America/Chicago,3
5907,Cresaptown,Cresaptown,MD,Maryland,24001,Allegany,39.5912,-78.855,5977,377,polygon,FALSE,FALSE,America/New_York,3
5908,Finderne,Finderne,NJ,New Jersey,34035,Somerset,40.5626,-74.5743,5976,564,polygon,FALSE,FALSE,America/New_York,3
5909,Breinigsville,Breinigsville,PA,Pennsylvania,42077,Lehigh,40.5394,-75.6344,5975,701,polygon,FALSE,FALSE,America/New_York,3
5910,East Pasadena,East Pasadena,CA,California,6037,Los Angeles,34.1377,-118.0776,5971,1750,polygon,FALSE,FALSE,America/Los_Angeles,3
5911,North Hills,North Hills,NY,New York,36059,Nassau,40.7765,-73.6778,5969,835,polygon,FALSE,TRUE,America/New_York,3
5912,Lakemoor,Lakemoor,IL,Illinois,17111,McHenry,42.3396,-88.2038,5967,438,polygon,FALSE,TRUE,America/Chicago,3
5913,Silver Lakes,Silver Lakes,CA,California,6071,San Bernardino,34.7519,-117.3431,5966,445,polygon,FALSE,FALSE,America/Los_Angeles,3
5914,Avra Valley,Avra Valley,AZ,Arizona,4019,Pima,32.4195,-111.3393,5966,103,polygon,FALSE,FALSE,America/Phoenix,3
5915,Newport,Newport,AR,Arkansas,5067,Jackson,35.6234,-91.2322,5965,212,polygon,FALSE,TRUE,America/Chicago,3
5916,Vail,Vail,CO,Colorado,8037,Eagle,39.6386,-106.3607,5964,449,polygon,FALSE,TRUE,America/Denver,3
5917,Steelton,Steelton,PA,Pennsylvania,42043,Dauphin,40.2258,-76.8254,5962,1214,polygon,FALSE,TRUE,America/New_York,3
5918,Fort Shawnee,Fort Shawnee,OH,Ohio,39003,Allen,40.6814,-84.1487,5960,241,polygon,FALSE,FALSE,America/New_York,3
5919,Northville,Northville,MI,Michigan,26163,Wayne,42.4355,-83.489,5958,1128,polygon,FALSE,TRUE,America/Detroit,3
5920,Sealy,Sealy,TX,Texas,48015,Austin,29.7676,-96.1679,5957,186,polygon,FALSE,TRUE,America/Chicago,3
5921,St. Clair,St. Clair,MO,Missouri,29071,Franklin,38.3479,-90.9934,5955,381,polygon,FALSE,TRUE,America/Chicago,3
5922,East Alton,East Alton,IL,Illinois,17119,Madison,38.884,-90.1073,5954,432,polygon,FALSE,TRUE,America/Chicago,3
5923,Rocky Mount,Rocky Mount,VA,Virginia,51067,Franklin,37.0045,-79.8854,5953,267,polygon,FALSE,TRUE,America/New_York,3
5924,Ocean City,Ocean City,FL,Florida,12091,Okaloosa,30.4398,-86.6071,5949,1478,polygon,FALSE,FALSE,America/Chicago,3
5925,Fabens,Fabens,TX,Texas,48141,El Paso,31.5136,-106.1521,5946,530,polygon,FALSE,FALSE,America/Denver,3
5926,Gowanda,Gowanda,NY,New York,36009,Cattaraugus,42.4612,-78.9339,5945,617,polygon,FALSE,TRUE,America/New_York,3
5927,Progreso,Progreso,TX,Texas,48215,Hidalgo,26.0962,-97.9566,5944,766,polygon,FALSE,TRUE,America/Chicago,3
5928,Westville,Westville,IN,Indiana,18091,LaPorte,41.5375,-86.9049,5943,696,polygon,FALSE,TRUE,America/Chicago,3
5929,Darlington,Darlington,SC,South Carolina,45031,Darlington,34.3015,-79.867,5940,494,polygon,FALSE,TRUE,America/New_York,3
5930,Atlantic,Atlantic,IA,Iowa,19029,Cass,41.3957,-95.0138,5937,302,polygon,FALSE,TRUE,America/Chicago,3
5931,Trooper,Trooper,PA,Pennsylvania,42091,Montgomery,40.1489,-75.3995,5936,963,polygon,FALSE,FALSE,America/New_York,3
5932,Goodrich,Goodrich,MI,Michigan,26049,Genesee,42.9147,-83.5092,5935,331,polygon,FALSE,TRUE,America/Detroit,3
5933,Tracyton,Tracyton,WA,Washington,53035,Kitsap,47.6095,-122.6533,5933,1194,polygon,FALSE,FALSE,America/Los_Angeles,3
5934,Countryside,Countryside,IL,Illinois,17031,Cook,41.7741,-87.8752,5933,795,polygon,FALSE,TRUE,America/Chicago,3
5935,West Hattiesburg,West Hattiesburg,MS,Mississippi,28073,Lamar,31.3114,-89.374,5933,949,polygon,FALSE,FALSE,America/Chicago,3
5936,Sullivan City,Sullivan City,TX,Texas,48215,Hidalgo,26.2752,-98.5644,5932,448,polygon,FALSE,TRUE,America/Chicago,3
5937,Paradise,Paradise,CA,California,6007,Butte,39.7558,-121.6063,5928,94,polygon,FALSE,TRUE,America/Los_Angeles,3
5938,Pagosa Springs,Pagosa Springs,CO,Colorado,8007,Archuleta,37.2674,-107.0307,5927,161,polygon,FALSE,TRUE,America/Denver,3
5939,Woodcreek,Woodcreek,TX,Texas,48209,Hays,30.0266,-98.1115,5925,609,polygon,FALSE,TRUE,America/Chicago,3
5940,Homer,Homer,AK,Alaska,2122,Kenai Peninsula,59.653,-151.5255,5922,165,polygon,FALSE,TRUE,America/Anchorage,3
5941,Dumfries,Dumfries,VA,Virginia,51153,Prince William,38.567,-77.3233,5922,1489,polygon,FALSE,TRUE,America/New_York,3
5942,Mineola,Mineola,TX,Texas,48499,Wood,32.6461,-95.4775,5919,181,polygon,FALSE,TRUE,America/Chicago,3
5943,Wesley Hills,Wesley Hills,NY,New York,36087,Rockland,41.1579,-74.0768,5919,681,polygon,FALSE,TRUE,America/New_York,3
5944,Zebulon,Zebulon,NC,North Carolina,37183,Wake,35.8318,-78.3162,5917,490,polygon,FALSE,TRUE,America/New_York,3
5945,Granville,Granville,OH,Ohio,39089,Licking,40.0648,-82.5023,5916,477,polygon,FALSE,TRUE,America/New_York,3
5946,Taylor,Taylor,PA,Pennsylvania,42069,Lackawanna,41.3957,-75.7147,5913,438,polygon,FALSE,TRUE,America/New_York,3
5947,Staunton,Staunton,IL,Illinois,17117,Macoupin,39.0117,-89.7906,5913,490,polygon,FALSE,TRUE,America/Chicago,3
5948,West Modesto,West Modesto,CA,California,6099,Stanislaus,37.618,-121.0343,5911,1600,polygon,FALSE,TRUE,America/Los_Angeles,3
5949,Upper Sandusky,Upper Sandusky,OH,Ohio,39175,Wyandot,40.8298,-83.2721,5911,365,polygon,FALSE,TRUE,America/New_York,3
5950,Woods Creek,Woods Creek,WA,Washington,53061,Snohomish,47.8821,-121.8982,5907,162,polygon,FALSE,FALSE,America/Los_Angeles,3
5951,Chena Ridge,Chena Ridge,AK,Alaska,2090,Fairbanks North Star,64.7941,-148.0357,5903,62,polygon,FALSE,TRUE,America/Anchorage,3
5952,Selinsgrove,Selinsgrove,PA,Pennsylvania,42109,Snyder,40.8003,-76.8647,5902,1244,polygon,FALSE,TRUE,America/New_York,3
5953,Clanton,Clanton,AL,Alabama,1021,Chilton,32.844,-86.623,5901,148,polygon,FALSE,TRUE,America/Chicago,3
5954,Brookhaven,Brookhaven,WV,West Virginia,54061,Monongalia,39.6062,-79.8812,5900,246,polygon,FALSE,FALSE,America/New_York,3
5955,Wailua Homesteads,Wailua Homesteads,HI,Hawaii,15007,Kauai,22.065,-159.3771,5900,311,polygon,FALSE,FALSE,Pacific/Honolulu,3
5956,Cut Off,Cut Off,LA,Louisiana,22057,Lafourche,29.5164,-90.3291,5897,155,polygon,FALSE,FALSE,America/Chicago,3
5957,Norwood,Norwood,PA,Pennsylvania,42045,Delaware,39.8865,-75.2964,5897,2927,polygon,FALSE,TRUE,America/New_York,2
5958,Independence,Independence,IA,Iowa,19019,Buchanan,42.4622,-91.9027,5895,393,polygon,FALSE,TRUE,America/Chicago,3
5959,Old Tappan,Old Tappan,NJ,New Jersey,34003,Bergen,41.0163,-73.9856,5894,686,polygon,FALSE,TRUE,America/New_York,3
5960,Gray,Gray,LA,Louisiana,22109,Terrebonne,29.6776,-90.7833,5893,195,polygon,FALSE,FALSE,America/Chicago,3
5961,Raleigh Hills,Raleigh Hills,OR,Oregon,41067,Washington,45.4852,-122.7567,5892,1496,polygon,FALSE,FALSE,America/Los_Angeles,3
5962,Willard,Willard,MO,Missouri,29077,Greene,37.2929,-93.4171,5891,359,polygon,FALSE,TRUE,America/Chicago,3
5963,Los Chaves,Los Chaves,NM,New Mexico,35061,Valencia,34.7332,-106.7631,5890,221,polygon,FALSE,FALSE,America/Denver,3
5964,Loudon,Loudon,TN,Tennessee,47105,Loudon,35.7413,-84.3704,5890,181,polygon,FALSE,TRUE,America/New_York,3
5965,Madisonville,Madisonville,TN,Tennessee,47123,Monroe,35.5233,-84.363,5890,323,polygon,FALSE,TRUE,America/New_York,3
5966,Pocahontas,Pocahontas,AR,Arkansas,5121,Randolph,36.2637,-90.9706,5887,334,polygon,FALSE,TRUE,America/Chicago,3
5967,Montezuma,Montezuma,GA,Georgia,13193,Macon,32.2997,-84.0246,5887,249,polygon,FALSE,TRUE,America/New_York,3
5968,Clyde,Clyde,OH,Ohio,39143,Sandusky,41.3046,-82.9782,5886,455,polygon,FALSE,TRUE,America/New_York,3
5969,Jamesburg,Jamesburg,NJ,New Jersey,34023,Middlesex,40.3494,-74.44,5885,2575,polygon,FALSE,TRUE,America/New_York,2
5970,Stratmoor,Stratmoor,CO,Colorado,8041,El Paso,38.7732,-104.7787,5883,858,polygon,FALSE,FALSE,America/Denver,3
5971,Gustine,Gustine,CA,California,6047,Merced,37.2545,-120.9949,5882,1464,polygon,FALSE,TRUE,America/Los_Angeles,3
5972,Booneville,Booneville,MS,Mississippi,28117,Prentiss,34.6643,-88.5684,5880,127,polygon,FALSE,TRUE,America/Chicago,3
5973,Nolanville,Nolanville,TX,Texas,48027,Bell,31.0754,-97.609,5879,539,polygon,FALSE,TRUE,America/Chicago,3
5974,Crosspointe,Crosspointe,VA,Virginia,51059,Fairfax,38.7253,-77.2638,5879,1026,polygon,FALSE,TRUE,America/New_York,3
5975,Las Flores,Las Flores,CA,California,6059,Orange,33.5838,-117.6235,5877,1022,polygon,FALSE,FALSE,America/Los_Angeles,3
5976,Windcrest,Windcrest,TX,Texas,48029,Bexar,29.5149,-98.3818,5876,1055,polygon,FALSE,TRUE,America/Chicago,3
5977,Brookville,Brookville,OH,Ohio,39113,Montgomery,39.8393,-84.4176,5874,592,polygon,FALSE,TRUE,America/New_York,3
5978,Elsmere,Elsmere,DE,Delaware,10003,New Castle,39.7385,-75.5946,5872,2252,polygon,FALSE,TRUE,America/New_York,2
5979,Marlow Heights,Marlow Heights,MD,Maryland,24033,Prince George's,38.8237,-76.9485,5869,1114,polygon,FALSE,FALSE,America/New_York,3
5980,Hutchins,Hutchins,TX,Texas,48113,Dallas,32.6421,-96.7093,5866,249,polygon,FALSE,TRUE,America/Chicago,3
5981,Chester,Chester,NY,New York,36071,Orange,41.357,-74.2769,5866,735,polygon,FALSE,TRUE,America/New_York,3
5982,Glendale,Glendale,MO,Missouri,29189,St. Louis,38.5935,-90.3825,5866,1746,polygon,FALSE,TRUE,America/Chicago,3
5983,Margate City,Margate City,NJ,New Jersey,34001,Atlantic,39.3307,-74.5071,5865,1599,polygon,FALSE,TRUE,America/New_York,3
5984,Posen,Posen,IL,Illinois,17031,Cook,41.6291,-87.6858,5865,1937,polygon,FALSE,TRUE,America/Chicago,3
5985,Belton,Belton,SC,South Carolina,45007,Anderson,34.5237,-82.4937,5865,455,polygon,FALSE,TRUE,America/New_York,3
5986,Paoli,Paoli,PA,Pennsylvania,42029,Chester,40.042,-75.4912,5864,1137,polygon,FALSE,FALSE,America/New_York,3
5987,Atmore,Atmore,AL,Alabama,1053,Escambia,31.0927,-87.4763,5864,160,polygon,FALSE,TRUE,America/Chicago,3
5988,Alma,Alma,AR,Arkansas,5033,Crawford,35.4919,-94.2165,5864,394,polygon,FALSE,TRUE,America/Chicago,3
5989,Dowagiac,Dowagiac,MI,Michigan,26027,Cass,41.9834,-86.1126,5864,491,polygon,FALSE,TRUE,America/Detroit,3
5990,Durham,Durham,CA,California,6007,Butte,39.6232,-121.7875,5863,27,polygon,FALSE,FALSE,America/Los_Angeles,3
5991,Spring Ridge,Spring Ridge,MD,Maryland,24021,Frederick,39.4043,-77.3413,5859,858,polygon,FALSE,FALSE,America/New_York,3
5992,Orchard Homes,Orchard Homes,MT,Montana,30063,Missoula,46.8559,-114.0778,5859,402,polygon,FALSE,FALSE,America/Denver,3
5993,Eastwood,Eastwood,MI,Michigan,26077,Kalamazoo,42.3028,-85.5447,5858,1155,polygon,FALSE,FALSE,America/Detroit,3
5994,McKees Rocks,McKees Rocks,PA,Pennsylvania,42003,Allegheny,40.4688,-80.063,5855,2139,polygon,FALSE,TRUE,America/New_York,2
5995,Paulsboro,Paulsboro,NJ,New Jersey,34015,Gloucester,39.84,-75.2397,5854,1174,polygon,FALSE,TRUE,America/New_York,3
5996,New Martinsville,New Martinsville,WV,West Virginia,54103,Wetzel,39.6636,-80.8569,5853,739,polygon,FALSE,TRUE,America/New_York,3
5997,Breese,Breese,IL,Illinois,17027,Clinton,38.6138,-89.523,5853,648,polygon,FALSE,TRUE,America/Chicago,3
5998,Mount Arlington,Mount Arlington,NJ,New Jersey,34027,Morris,40.919,-74.639,5852,1055,polygon,FALSE,TRUE,America/New_York,3
5999,Carterville,Carterville,IL,Illinois,17199,Williamson,37.763,-89.0841,5847,428,polygon,FALSE,TRUE,America/Chicago,3
6000,Hilmar-Irwin,Hilmar-Irwin,CA,California,6047,Merced,37.4045,-120.8504,5846,574,polygon,FALSE,TRUE,America/Los_Angeles,3
6001,Pelican Bay,Pelican Bay,FL,Florida,12021,Collier,26.2326,-81.8108,5844,765,polygon,FALSE,FALSE,America/New_York,3
6002,Prospect Park,Prospect Park,NJ,New Jersey,34031,Passaic,40.938,-74.1736,5843,4848,polygon,FALSE,TRUE,America/New_York,2
6003,Willow Park,Willow Park,TX,Texas,48367,Parker,32.7548,-97.6499,5842,350,polygon,FALSE,TRUE,America/Chicago,3
6004,Hartwell,Hartwell,GA,Georgia,13147,Hart,34.3496,-82.9289,5841,340,polygon,FALSE,TRUE,America/New_York,3
6005,Woodcliff Lake,Woodcliff Lake,NJ,New Jersey,34003,Bergen,41.0253,-74.0603,5839,667,polygon,FALSE,TRUE,America/New_York,3
6006,Shady Side,Shady Side,MD,Maryland,24003,Anne Arundel,38.8285,-76.5211,5839,338,polygon,FALSE,FALSE,America/New_York,3
6007,Riverside,Riverside,MD,Maryland,24025,Harford,39.4777,-76.2385,5839,968,polygon,FALSE,FALSE,America/New_York,3
6008,Cave Creek,Cave Creek,AZ,Arizona,4013,Maricopa,33.8513,-111.9801,5838,59,polygon,FALSE,TRUE,America/Phoenix,3
6009,Chelsea,Chelsea,MI,Michigan,26161,Washtenaw,42.3132,-84.0188,5837,578,polygon,FALSE,TRUE,America/Detroit,3
6010,Roseland,Roseland,NJ,New Jersey,34013,Essex,40.8208,-74.3085,5835,622,polygon,FALSE,TRUE,America/New_York,3
6011,Luling,Luling,TX,Texas,48055,Caldwell,29.6814,-97.6468,5834,411,polygon,FALSE,TRUE,America/Chicago,3
6012,Naval Academy,Naval Academy,MD,Maryland,24003,Anne Arundel,38.9859,-76.488,5834,4217,polygon,TRUE,TRUE,America/New_York,2
6013,Greenwood,Greenwood,MO,Missouri,29095,Jackson,38.8508,-94.3378,5833,430,polygon,FALSE,TRUE,America/Chicago,3
6014,Moosic,Moosic,PA,Pennsylvania,42069,Lackawanna,41.3584,-75.7027,5832,347,polygon,FALSE,TRUE,America/New_York,3
6015,Hellertown,Hellertown,PA,Pennsylvania,42095,Northampton,40.5811,-75.3378,5831,1716,polygon,FALSE,TRUE,America/New_York,3
6016,Berne,Berne,IN,Indiana,18001,Adams,40.6572,-84.9555,5830,709,polygon,FALSE,TRUE,America/Indiana/Indianapolis,3
6017,Oreland,Oreland,PA,Pennsylvania,42091,Montgomery,40.1148,-75.1801,5827,1544,polygon,FALSE,FALSE,America/New_York,3
6018,Fountainhead-Orchard Hills,Fountainhead-Orchard Hills,MD,Maryland,24043,Washington,39.6878,-77.7173,5823,508,polygon,FALSE,TRUE,America/New_York,3
6019,Mayflower Village,Mayflower Village,CA,California,6037,Los Angeles,34.116,-118.0096,5822,3269,polygon,FALSE,FALSE,America/Los_Angeles,2
6020,Elverta,Elverta,CA,California,6067,Sacramento,38.7185,-121.4455,5821,254,polygon,FALSE,FALSE,America/Los_Angeles,3
6021,North Windham,North Windham,ME,Maine,23005,Cumberland,43.8238,-70.4288,5820,343,polygon,FALSE,FALSE,America/New_York,3
6022,El Granada,El Granada,CA,California,6081,San Mateo,37.5134,-122.466,5819,465,polygon,FALSE,FALSE,America/Los_Angeles,3
6023,Lebanon,Lebanon,KY,Kentucky,21155,Marion,37.5689,-85.2578,5817,405,polygon,FALSE,TRUE,America/New_York,3
6024,Volo,Volo,IL,Illinois,17097,Lake,42.3298,-88.1599,5813,573,polygon,FALSE,TRUE,America/Chicago,3
6025,South Hooksett,South Hooksett,NH,New Hampshire,33013,Merrimack,43.0337,-71.4256,5811,419,polygon,FALSE,FALSE,America/New_York,3
6026,White Rock,White Rock,NM,New Mexico,35028,Los Alamos,35.8075,-106.2067,5809,317,polygon,FALSE,FALSE,America/Denver,3
6027,Burnet,Burnet,TX,Texas,48053,Burnet,30.7496,-98.2383,5808,238,polygon,FALSE,TRUE,America/Chicago,3
6028,Beardstown,Beardstown,IL,Illinois,17017,Cass,39.9994,-90.4178,5807,580,polygon,FALSE,TRUE,America/Chicago,3
6029,Manasquan,Manasquan,NJ,New Jersey,34025,Monmouth,40.1186,-74.045,5806,1624,polygon,FALSE,TRUE,America/New_York,3
6030,Fellsmere,Fellsmere,FL,Florida,12061,Indian River,27.7241,-80.5975,5800,38,polygon,FALSE,TRUE,America/New_York,3
6031,West Bountiful,West Bountiful,UT,Utah,49011,Davis,40.8982,-111.9082,5800,683,polygon,FALSE,TRUE,America/Denver,3
6032,Idabel,Idabel,OK,Oklahoma,40089,McCurtain,33.9041,-94.8294,5798,156,polygon,FALSE,TRUE,America/Chicago,3
6033,Aptos,Aptos,CA,California,6087,Santa Cruz,36.9912,-121.8934,5797,340,polygon,FALSE,FALSE,America/Los_Angeles,3
6034,Wyndmoor,Wyndmoor,PA,Pennsylvania,42091,Montgomery,40.0856,-75.1941,5795,1359,polygon,FALSE,FALSE,America/New_York,3
6035,Mount Zion,Mount Zion,IL,Illinois,17115,Macon,39.7794,-88.8834,5795,532,polygon,FALSE,TRUE,America/Chicago,3
6036,Plymouth,Plymouth,PA,Pennsylvania,42079,Luzerne,41.2404,-75.9505,5794,2038,polygon,FALSE,TRUE,America/New_York,2
6037,Bay Harbor Islands,Bay Harbor Islands,FL,Florida,12086,Miami-Dade,25.8878,-80.1335,5793,5642,polygon,FALSE,TRUE,America/New_York,2
6038,Norwood,Norwood,NJ,New Jersey,34003,Bergen,40.9933,-73.951,5793,803,polygon,FALSE,TRUE,America/New_York,3
6039,Portland,Portland,IN,Indiana,18075,Jay,40.4375,-84.9833,5793,475,polygon,FALSE,TRUE,America/Indiana/Indianapolis,3
6040,Patterson,Patterson,LA,Louisiana,22101,St. Mary,29.6909,-91.3096,5792,886,polygon,FALSE,TRUE,America/Chicago,3
6041,Villa Park,Villa Park,CA,California,6059,Orange,33.818,-117.8104,5790,1075,polygon,FALSE,TRUE,America/Los_Angeles,3
6042,Marianna,Marianna,FL,Florida,12063,Jackson,30.7943,-85.226,5787,120,polygon,FALSE,TRUE,America/Chicago,3
6043,The Village of Indian Hill,The Village of Indian Hill,OH,Ohio,39061,Hamilton,39.1916,-84.3344,5786,119,polygon,FALSE,TRUE,America/New_York,3
6044,Little Silver,Little Silver,NJ,New Jersey,34025,Monmouth,40.3357,-74.0346,5782,823,polygon,FALSE,TRUE,America/New_York,3
6045,East Falmouth,East Falmouth,MA,Massachusetts,25001,Barnstable,41.5707,-70.5556,5782,410,polygon,FALSE,FALSE,America/New_York,3
6046,Crockett,Crockett,TX,Texas,48225,Houston,31.3177,-95.4564,5780,278,polygon,FALSE,TRUE,America/Chicago,3
6047,Peoria Heights,Peoria Heights,IL,Illinois,17143,Peoria,40.7466,-89.57,5779,895,polygon,FALSE,TRUE,America/Chicago,3
6048,Hilton,Hilton,NY,New York,36055,Monroe,43.29,-77.7925,5777,1248,polygon,FALSE,TRUE,America/New_York,3
6049,Deschutes River Woods,Deschutes River Woods,OR,Oregon,41017,Deschutes,43.9887,-121.3608,5775,367,polygon,FALSE,FALSE,America/Los_Angeles,3
6050,Palmview,Palmview,TX,Texas,48215,Hidalgo,26.2303,-98.3791,5774,794,polygon,FALSE,TRUE,America/Chicago,3
6051,Granite Shoals,Granite Shoals,TX,Texas,48053,Burnet,30.5897,-98.3715,5774,340,polygon,FALSE,TRUE,America/Chicago,3
6052,Cutler,Cutler,CA,California,6107,Tulare,36.5263,-119.2884,5774,2762,polygon,FALSE,FALSE,America/Los_Angeles,2
6053,Eaton,Eaton,CO,Colorado,8123,Weld,40.5256,-104.713,5773,701,polygon,FALSE,TRUE,America/Denver,3
6054,Gas City,Gas City,IN,Indiana,18053,Grant,40.4889,-85.5946,5772,459,polygon,FALSE,TRUE,America/Indiana/Indianapolis,3
6055,Attalla,Attalla,AL,Alabama,1055,Etowah,34.0049,-86.104,5771,319,polygon,FALSE,TRUE,America/Chicago,3
6056,Belding,Belding,MI,Michigan,26067,Ionia,43.0968,-85.2331,5771,469,polygon,FALSE,TRUE,America/Detroit,3
6057,Washingtonville,Washingtonville,NY,New York,36071,Orange,41.4296,-74.1578,5770,877,polygon,FALSE,TRUE,America/New_York,3
6058,Crafton,Crafton,PA,Pennsylvania,42003,Allegheny,40.4333,-80.0712,5770,1948,polygon,FALSE,TRUE,America/New_York,3
6059,Brush,Brush,CO,Colorado,8087,Morgan,40.2598,-103.6323,5769,739,polygon,FALSE,TRUE,America/Denver,3
6060,White City,White City,UT,Utah,49035,Salt Lake,40.5666,-111.8636,5768,2556,polygon,FALSE,TRUE,America/Denver,2
6061,Sidney,Sidney,NE,Nebraska,31033,Cheyenne,41.134,-102.9681,5767,315,polygon,FALSE,TRUE,America/Denver,3
6062,Ramblewood,Ramblewood,NJ,New Jersey,34005,Burlington,39.9322,-74.9527,5765,656,polygon,FALSE,FALSE,America/New_York,3
6063,Oak Point,Oak Point,TX,Texas,48121,Denton,33.1803,-96.9911,5762,393,polygon,FALSE,TRUE,America/Chicago,3
6064,Dickson City,Dickson City,PA,Pennsylvania,42069,Lackawanna,41.4684,-75.6358,5761,463,polygon,FALSE,TRUE,America/New_York,3
6065,Pauls Valley,Pauls Valley,OK,Oklahoma,40049,Garvin,34.7236,-97.2291,5761,275,polygon,FALSE,TRUE,America/Chicago,3
6066,Strawberry,Strawberry,CA,California,6041,Marin,37.8925,-122.5078,5759,1671,polygon,FALSE,FALSE,America/Los_Angeles,3
6067,Penn Wynne,Penn Wynne,PA,Pennsylvania,42091,Montgomery,39.9867,-75.2715,5758,2091,polygon,FALSE,FALSE,America/New_York,2
6068,Greenacres,Greenacres,CA,California,6029,Kern,35.3831,-119.1184,5757,1168,polygon,FALSE,FALSE,America/Los_Angeles,3
6069,St. Augustine South,St. Augustine South,FL,Florida,12109,St. Johns,29.8449,-81.3156,5750,1400,polygon,FALSE,FALSE,America/New_York,3
6070,Sansom Park,Sansom Park,TX,Texas,48439,Tarrant,32.8028,-97.4021,5748,1790,polygon,FALSE,TRUE,America/Chicago,3
6071,Asbury,Asbury,IA,Iowa,19061,Dubuque,42.5119,-90.7795,5747,702,polygon,FALSE,TRUE,America/Chicago,3
6072,Fort Wright,Fort Wright,KY,Kentucky,21117,Kenton,39.0462,-84.5362,5745,652,polygon,FALSE,TRUE,America/New_York,3
6073,Yoakum,Yoakum,TX,Texas,48123,DeWitt,29.2933,-97.1469,5744,500,polygon,FALSE,TRUE,America/Chicago,3
6074,Linglestown,Linglestown,PA,Pennsylvania,42043,Dauphin,40.3445,-76.795,5742,583,polygon,FALSE,FALSE,America/New_York,3
6075,Warrenton,Warrenton,OR,Oregon,41007,Clatsop,46.1685,-123.9302,5739,175,polygon,FALSE,TRUE,America/Los_Angeles,3
6076,Sinton,Sinton,TX,Texas,48409,San Patricio,28.0392,-97.5154,5738,697,polygon,FALSE,TRUE,America/Chicago,3
6077,Harris Hill,Harris Hill,NY,New York,36029,Erie,42.973,-78.6793,5737,548,polygon,FALSE,FALSE,America/New_York,3
6078,Fair Haven,Fair Haven,NJ,New Jersey,34025,Monmouth,40.3619,-74.0392,5736,1389,polygon,FALSE,TRUE,America/New_York,3
6079,Benton,Benton,LA,Louisiana,22015,Bossier,32.6906,-93.74,5732,371,polygon,FALSE,TRUE,America/Chicago,3
6080,Cambria,Cambria,CA,California,6079,San Luis Obispo,35.5523,-121.0847,5725,259,polygon,FALSE,FALSE,America/Los_Angeles,3
6081,Mount Carmel,Mount Carmel,PA,Pennsylvania,42097,Northumberland,40.7959,-76.4121,5724,3365,polygon,FALSE,TRUE,America/New_York,2
6082,Oceanport,Oceanport,NJ,New Jersey,34025,Monmouth,40.316,-74.0205,5722,696,polygon,FALSE,TRUE,America/New_York,3
6083,Bellevue,Bellevue,KY,Kentucky,21037,Campbell,39.1011,-84.4776,5721,2366,polygon,FALSE,TRUE,America/New_York,2
6084,South Haven,South Haven,MI,Michigan,26159,Van Buren,42.4011,-86.2677,5719,491,polygon,FALSE,TRUE,America/Detroit,3
6085,Hampstead,Hampstead,NC,North Carolina,37141,Pender,34.3627,-77.7318,5717,109,polygon,FALSE,FALSE,America/New_York,3
6086,South Tucson,South Tucson,AZ,Arizona,4019,Pima,32.1955,-110.9692,5715,2148,polygon,FALSE,TRUE,America/Phoenix,2
6087,Grafton,Grafton,WV,West Virginia,54091,Taylor,39.3409,-80.0161,5714,523,polygon,FALSE,TRUE,America/New_York,3
6088,Slaton,Slaton,TX,Texas,48303,Lubbock,33.4421,-101.6476,5713,422,polygon,FALSE,TRUE,America/Chicago,3
6089,Ulysses,Ulysses,KS,Kansas,20067,Grant,37.5774,-101.3549,5711,679,polygon,FALSE,TRUE,America/Chicago,3
6090,Dripping Springs,Dripping Springs,TX,Texas,48209,Hays,30.1954,-98.094,5708,266,polygon,FALSE,TRUE,America/Chicago,3
6091,Lewisburg,Lewisburg,PA,Pennsylvania,42119,Union,40.9642,-76.8901,5708,2264,polygon,FALSE,TRUE,America/New_York,2
6092,Penn Estates,Penn Estates,PA,Pennsylvania,42089,Monroe,41.0346,-75.2417,5708,1090,polygon,FALSE,FALSE,America/New_York,3
6093,Grafton,Grafton,OH,Ohio,39093,Lorain,41.2808,-82.0367,5707,467,polygon,FALSE,TRUE,America/New_York,3
6094,Douglass Hills,Douglass Hills,KY,Kentucky,21111,Jefferson,38.2366,-85.5499,5707,1661,polygon,FALSE,TRUE,America/New_York,3
6095,Spring Grove,Spring Grove,IL,Illinois,17111,McHenry,42.4543,-88.2402,5706,247,polygon,FALSE,TRUE,America/Chicago,3
6096,Anadarko,Anadarko,OK,Oklahoma,40015,Caddo,35.0652,-98.2441,5703,349,polygon,FALSE,TRUE,America/Chicago,3
6097,Nazareth,Nazareth,PA,Pennsylvania,42095,Northampton,40.74,-75.3132,5702,1388,polygon,FALSE,TRUE,America/New_York,3
6098,Chickasaw,Chickasaw,AL,Alabama,1097,Mobile,30.7714,-88.0793,5702,523,polygon,FALSE,TRUE,America/Chicago,3
6099,North Fort Lewis,North Fort Lewis,WA,Washington,53053,Pierce,47.122,-122.5966,5701,372,polygon,TRUE,TRUE,America/Los_Angeles,3
6100,Demopolis,Demopolis,AL,Alabama,1091,Marengo,32.498,-87.8298,5701,143,polygon,FALSE,TRUE,America/Chicago,3
6101,Harvest,Harvest,AL,Alabama,1089,Madison,34.8558,-86.7521,5700,178,polygon,FALSE,FALSE,America/Chicago,3
6102,Santa Teresa,Santa Teresa,NM,New Mexico,35013,Doña Ana,31.8701,-106.6714,5696,219,polygon,FALSE,FALSE,America/Denver,3
6103,Princeton,Princeton,KY,Kentucky,21033,Caldwell,37.1068,-87.8854,5691,262,polygon,FALSE,TRUE,America/Chicago,3
6104,Sharon Hill,Sharon Hill,PA,Pennsylvania,42045,Delaware,39.9075,-75.2678,5689,2846,polygon,FALSE,TRUE,America/New_York,2
6105,Wrightsville,Wrightsville,GA,Georgia,13167,Johnson,32.7265,-82.7197,5688,396,polygon,FALSE,TRUE,America/New_York,3
6106,James City,James City,NC,North Carolina,37049,Craven,35.0592,-77.02,5684,284,polygon,FALSE,FALSE,America/New_York,3
6107,Media,Media,PA,Pennsylvania,42045,Delaware,39.9198,-75.3888,5682,2889,polygon,FALSE,TRUE,America/New_York,2
6108,Forestbrook,Forestbrook,SC,South Carolina,45051,Horry,33.7243,-78.9678,5682,591,polygon,FALSE,FALSE,America/New_York,3
6109,New Brighton,New Brighton,PA,Pennsylvania,42007,Beaver,40.7355,-80.3091,5679,2125,polygon,FALSE,TRUE,America/New_York,2
6110,Princeton,Princeton,WV,West Virginia,54055,Mercer,37.3689,-81.0961,5675,726,polygon,FALSE,TRUE,America/New_York,3
6111,Hollidaysburg,Hollidaysburg,PA,Pennsylvania,42013,Blair,40.4311,-78.393,5674,936,polygon,FALSE,TRUE,America/New_York,3
6112,North Manchester,North Manchester,IN,Indiana,18169,Wabash,41.0044,-85.775,5671,627,polygon,FALSE,TRUE,America/Indiana/Indianapolis,3
6113,Pecan Acres,Pecan Acres,TX,Texas,48439,Tarrant,32.9703,-97.4727,5670,115,polygon,FALSE,FALSE,America/Chicago,3
6114,Paxtonia,Paxtonia,PA,Pennsylvania,42043,Dauphin,40.3166,-76.7884,5670,946,polygon,FALSE,FALSE,America/New_York,3
6115,Siesta Key,Siesta Key,FL,Florida,12115,Sarasota,27.2779,-82.5516,5667,933,polygon,FALSE,FALSE,America/New_York,3
6116,Philomath,Philomath,OR,Oregon,41003,Benton,44.5422,-123.3599,5666,1091,polygon,FALSE,TRUE,America/Los_Angeles,3
6117,Homestead Meadows North,Homestead Meadows North,TX,Texas,48141,El Paso,31.8483,-106.1707,5665,140,polygon,FALSE,TRUE,America/Denver,3
6118,Mathis,Mathis,TX,Texas,48409,San Patricio,28.0909,-97.817,5662,548,polygon,FALSE,TRUE,America/Chicago,3
6119,Wailea,Wailea,HI,Hawaii,15009,Maui,20.6873,-156.4291,5656,293,polygon,FALSE,FALSE,Pacific/Honolulu,3
6120,Wilmington,Wilmington,IL,Illinois,17197,Will,41.3204,-88.164,5653,158,polygon,FALSE,TRUE,America/Chicago,3
6121,Gardiner,Gardiner,ME,Maine,23011,Kennebec,44.191,-69.7921,5653,139,polygon,FALSE,TRUE,America/New_York,3
6122,Surfside,Surfside,FL,Florida,12086,Miami-Dade,25.8787,-80.125,5651,3914,polygon,FALSE,TRUE,America/New_York,2
6123,Presque Isle,Presque Isle,ME,Maine,23003,Aroostook,46.6868,-67.9874,5651,45,polygon,FALSE,TRUE,America/New_York,3
6124,Raton,Raton,NM,New Mexico,35007,Colfax,36.8849,-104.4396,5650,287,polygon,FALSE,TRUE,America/Denver,3
6125,Bright,Bright,IN,Indiana,18029,Dearborn,39.2254,-84.8613,5649,173,polygon,FALSE,FALSE,America/New_York,3
6126,Edna,Edna,TX,Texas,48239,Jackson,28.9757,-96.6483,5648,539,polygon,FALSE,TRUE,America/Chicago,3
6127,Starke,Starke,FL,Florida,12007,Bradford,29.9474,-82.1129,5647,291,polygon,FALSE,TRUE,America/New_York,3
6128,Dandridge,Dandridge,TN,Tennessee,47089,Jefferson,36.0285,-83.4308,5647,210,polygon,FALSE,TRUE,America/New_York,3
6129,Yosemite Lakes,Yosemite Lakes,CA,California,6039,Madera,37.1885,-119.7723,5647,104,polygon,FALSE,FALSE,America/Los_Angeles,3
6130,Corydon,Corydon,IN,Indiana,18061,Harrison,38.213,-86.1257,5645,756,polygon,FALSE,TRUE,America/Kentucky/Louisville,3
6131,Twin Lakes,Twin Lakes,CA,California,6087,Santa Cruz,36.9646,-121.9896,5642,3152,polygon,FALSE,FALSE,America/Los_Angeles,2
6132,Pontoon Beach,Pontoon Beach,IL,Illinois,17119,Madison,38.7208,-90.0609,5641,218,polygon,FALSE,TRUE,America/Chicago,3
6133,Alva,Alva,OK,Oklahoma,40151,Woods,36.7892,-98.6648,5628,298,polygon,FALSE,TRUE,America/Chicago,3
6134,Milton,Milton,WI,Wisconsin,55105,Rock,42.7751,-88.943,5627,509,polygon,FALSE,TRUE,America/Chicago,3
6135,Willow Springs,Willow Springs,IL,Illinois,17031,Cook,41.7332,-87.8859,5621,522,polygon,FALSE,TRUE,America/Chicago,3
6136,Groveport,Groveport,OH,Ohio,39049,Franklin,39.8585,-82.8978,5621,249,polygon,FALSE,TRUE,America/New_York,3
6137,Blauvelt,Blauvelt,NY,New York,36087,Rockland,41.0689,-73.9545,5620,481,polygon,FALSE,FALSE,America/New_York,3
6138,Highland,Highland,NY,New York,36111,Ulster,41.7179,-73.9646,5620,463,polygon,FALSE,FALSE,America/New_York,3
6139,Cidra,Cidra,PR,Puerto Rico,72041,Cidra,18.1775,-66.1582,5620,1952,polygon,FALSE,FALSE,America/Puerto_Rico,3
6140,Ceiba,Ceiba,PR,Puerto Rico,72037,Ceiba,18.265,-65.6488,5613,1970,polygon,FALSE,FALSE,America/Puerto_Rico,3
6141,Tellico Village,Tellico Village,TN,Tennessee,47105,Loudon,35.6977,-84.2661,5612,290,polygon,FALSE,TRUE,America/New_York,3
6142,Jonesborough,Jonesborough,TN,Tennessee,47179,Washington,36.2959,-82.4766,5611,420,polygon,FALSE,TRUE,America/New_York,3
6143,Salton City,Salton City,CA,California,6025,Imperial,33.2994,-115.9609,5611,101,polygon,FALSE,FALSE,America/Los_Angeles,3
6144,Mount Plymouth,Mount Plymouth,FL,Florida,12069,Lake,28.8024,-81.535,5610,749,polygon,FALSE,FALSE,America/New_York,3
6145,Anna,Anna,IL,Illinois,17181,Union,37.4612,-89.2388,5610,445,polygon,FALSE,TRUE,America/Chicago,3
6146,Kingstree,Kingstree,SC,South Carolina,45089,Williamsburg,33.6665,-79.8292,5610,371,polygon,FALSE,TRUE,America/New_York,3
6147,Lake Delton,Lake Delton,WI,Wisconsin,55111,Sauk,43.5932,-89.7842,5609,154,polygon,FALSE,TRUE,America/Chicago,3
6148,Dayton,Dayton,KY,Kentucky,21037,Campbell,39.1127,-84.464,5609,1664,polygon,FALSE,TRUE,America/New_York,3
6149,Cottleville,Cottleville,MO,Missouri,29183,St. Charles,38.7513,-90.6582,5608,468,polygon,FALSE,TRUE,America/Chicago,3
6150,Bowling Green,Bowling Green,MO,Missouri,29163,Pike,39.3447,-91.2032,5608,801,polygon,FALSE,TRUE,America/Chicago,3
6151,Blaine,Blaine,WA,Washington,53073,Whatcom,48.9839,-122.7414,5607,386,polygon,FALSE,TRUE,America/Los_Angeles,3
6152,Mansfield,Mansfield,LA,Louisiana,22031,De Soto,32.0355,-93.7004,5604,488,polygon,FALSE,TRUE,America/Chicago,3
6153,Hartford City,Hartford City,IN,Indiana,18009,Blackford,40.4537,-85.3736,5604,562,polygon,FALSE,TRUE,America/Indiana/Indianapolis,3
6154,Rancho Murieta,Rancho Murieta,CA,California,6067,Sacramento,38.5085,-121.0716,5603,181,polygon,FALSE,FALSE,America/Los_Angeles,3
6155,Huntingburg,Huntingburg,IN,Indiana,18037,Dubois,38.301,-86.9622,5603,470,polygon,FALSE,TRUE,America/Indiana/Vincennes,3
6156,Dove Valley,Dove Valley,CO,Colorado,8005,Arapahoe,39.5741,-104.8289,5597,650,polygon,FALSE,FALSE,America/Denver,3
6157,Boothwyn,Boothwyn,PA,Pennsylvania,42045,Delaware,39.8357,-75.4453,5596,1731,polygon,FALSE,FALSE,America/New_York,3
6158,Linton,Linton,IN,Indiana,18055,Greene,39.0356,-87.1586,5596,663,polygon,FALSE,TRUE,America/Indiana/Indianapolis,3
6159,Semmes,Semmes,AL,Alabama,1097,Mobile,30.7941,-88.2358,5594,176,polygon,FALSE,TRUE,America/Chicago,3
6160,Honesdale,Honesdale,PA,Pennsylvania,42127,Wayne,41.5774,-75.2524,5589,425,polygon,FALSE,TRUE,America/New_York,3
6161,Byron,Byron,MN,Minnesota,27109,Olmsted,44.0379,-92.6411,5582,723,polygon,FALSE,TRUE,America/Chicago,3
6162,Oxford,Oxford,PA,Pennsylvania,42029,Chester,39.7858,-75.9801,5581,1095,polygon,FALSE,TRUE,America/New_York,3
6163,Bessemer City,Bessemer City,NC,North Carolina,37071,Gaston,35.2841,-81.283,5577,413,polygon,FALSE,TRUE,America/New_York,3
6164,Seminole,Seminole,OK,Oklahoma,40133,Seminole,35.2346,-96.65,5577,200,polygon,FALSE,TRUE,America/Chicago,3
6165,Chackbay,Chackbay,LA,Louisiana,22057,Lafourche,29.8817,-90.7742,5573,75,polygon,FALSE,FALSE,America/Chicago,3
6166,New Carlisle,New Carlisle,OH,Ohio,39023,Clark,39.9446,-84.0257,5568,801,polygon,FALSE,TRUE,America/New_York,3
6167,Deer Park,Deer Park,OH,Ohio,39061,Hamilton,39.2039,-84.3977,5566,2517,polygon,FALSE,TRUE,America/New_York,2
6168,Slinger,Slinger,WI,Wisconsin,55131,Washington,43.3318,-88.2799,5565,409,polygon,FALSE,TRUE,America/Chicago,3
6169,Waterford,Waterford,WI,Wisconsin,55101,Racine,42.7646,-88.216,5562,875,polygon,FALSE,TRUE,America/Chicago,3
6170,Lake Bluff,Lake Bluff,IL,Illinois,17097,Lake,42.2826,-87.851,5562,526,polygon,FALSE,TRUE,America/Chicago,3
6171,Eureka,Eureka,IL,Illinois,17203,Woodford,40.7148,-89.2775,5560,760,polygon,FALSE,TRUE,America/Chicago,3
6172,Frankenmuth,Frankenmuth,MI,Michigan,26145,Saginaw,43.3321,-83.7395,5560,700,polygon,FALSE,TRUE,America/Detroit,3
6173,Fort Washington,Fort Washington,PA,Pennsylvania,42091,Montgomery,40.1407,-75.1925,5559,659,polygon,FALSE,FALSE,America/New_York,3
6174,Stroudsburg,Stroudsburg,PA,Pennsylvania,42089,Monroe,40.9838,-75.1972,5558,1244,polygon,FALSE,TRUE,America/New_York,3
6175,Wayne,Wayne,NE,Nebraska,31179,Wayne,42.2379,-97.01,5557,777,polygon,FALSE,TRUE,America/Chicago,3
6176,Duquesne,Duquesne,PA,Pennsylvania,42003,Allegheny,40.3732,-79.8502,5557,1180,polygon,FALSE,TRUE,America/New_York,3
6177,Nashville,Nashville,NC,North Carolina,37127,Nash,35.9692,-77.9555,5554,456,polygon,FALSE,TRUE,America/New_York,3
6178,Leadville,Leadville,CO,Colorado,8065,Lake,39.2473,-106.2934,5554,950,polygon,FALSE,TRUE,America/Denver,3
6179,Sweetwater,Sweetwater,TN,Tennessee,47123,Monroe,35.6029,-84.4717,5553,257,polygon,FALSE,TRUE,America/New_York,3
6180,Vinita,Vinita,OK,Oklahoma,40035,Craig,36.6364,-95.177,5550,341,polygon,FALSE,TRUE,America/Chicago,3
6181,Brookshire,Brookshire,TX,Texas,48473,Waller,29.7824,-95.9515,5548,518,polygon,FALSE,TRUE,America/Chicago,3
6182,Belmar,Belmar,NJ,New Jersey,34025,Monmouth,40.1798,-74.0255,5545,2048,polygon,FALSE,TRUE,America/New_York,2
6183,Taylorsville,Taylorsville,NC,North Carolina,37003,Alexander,35.9175,-81.1754,5544,347,polygon,FALSE,TRUE,America/New_York,3
6184,Wappingers Falls,Wappingers Falls,NY,New York,36027,Dutchess,41.5984,-73.9182,5544,1909,polygon,FALSE,TRUE,America/New_York,3
6185,Palermo,Palermo,CA,California,6007,Butte,39.4313,-121.5225,5544,73,polygon,FALSE,FALSE,America/Los_Angeles,3
6186,Lake Park,Lake Park,GA,Georgia,13185,Lowndes,30.6852,-83.1875,5544,331,polygon,FALSE,TRUE,America/New_York,3
6187,Exeter,Exeter,PA,Pennsylvania,42079,Luzerne,41.3338,-75.8214,5541,457,polygon,FALSE,TRUE,America/New_York,3
6188,Waterville,Waterville,OH,Ohio,39095,Lucas,41.5015,-83.7365,5539,420,polygon,FALSE,TRUE,America/New_York,3
6189,Ada,Ada,OH,Ohio,39065,Hardin,40.7681,-83.8253,5537,1013,polygon,FALSE,TRUE,America/New_York,3
6190,Zeeland,Zeeland,MI,Michigan,26139,Ottawa,42.8139,-86.0129,5536,714,polygon,FALSE,TRUE,America/Detroit,3
6191,Farmers Loop,Farmers Loop,AK,Alaska,2090,Fairbanks North Star,64.9061,-147.6957,5535,98,polygon,FALSE,TRUE,America/Anchorage,3
6192,Pelham Manor,Pelham Manor,NY,New York,36119,Westchester,40.893,-73.8057,5534,1591,polygon,FALSE,TRUE,America/New_York,3
6193,Colorado City,Colorado City,TX,Texas,48335,Mitchell,32.3994,-100.8582,5533,279,polygon,FALSE,TRUE,America/Chicago,3
6194,Weldon Spring,Weldon Spring,MO,Missouri,29183,St. Charles,38.7118,-90.6513,5533,279,polygon,FALSE,TRUE,America/Chicago,3
6195,Islip Terrace,Islip Terrace,NY,New York,36103,Suffolk,40.7506,-73.1872,5529,1590,polygon,FALSE,FALSE,America/New_York,3
6196,Old Fig Garden,Old Fig Garden,CA,California,6019,Fresno,36.7989,-119.8051,5529,1279,polygon,FALSE,TRUE,America/Los_Angeles,3
6197,Falcon Heights,Falcon Heights,MN,Minnesota,27123,Ramsey,44.9899,-93.177,5528,955,polygon,FALSE,TRUE,America/Chicago,3
6198,Atlanta,Atlanta,TX,Texas,48067,Cass,33.1136,-94.1672,5526,169,polygon,FALSE,TRUE,America/Chicago,3
6199,Añasco,Anasco,PR,Puerto Rico,72011,Añasco,18.286,-67.1411,5526,2664,polygon,FALSE,FALSE,America/Puerto_Rico,2
6200,Elmwood,Elmwood,LA,Louisiana,22051,Jefferson,29.9555,-90.188,5525,565,polygon,FALSE,FALSE,America/Chicago,3
6201,Weiser,Weiser,ID,Idaho,16087,Washington,44.2547,-116.9689,5524,696,polygon,FALSE,TRUE,America/Boise,3
6202,Old Bethpage,Old Bethpage,NY,New York,36059,Nassau,40.7557,-73.4544,5522,509,polygon,FALSE,FALSE,America/New_York,3
6203,Clare,Clare,MI,Michigan,26035,Clare,43.8258,-84.763,5522,319,polygon,FALSE,TRUE,America/Detroit,3
6204,Tonganoxie,Tonganoxie,KS,Kansas,20103,Leavenworth,39.1083,-95.0829,5522,582,polygon,FALSE,TRUE,America/Chicago,3
6205,Germantown,Germantown,OH,Ohio,39113,Montgomery,39.6324,-84.3645,5519,504,polygon,FALSE,TRUE,America/New_York,3
6206,Massanetta Springs,Massanetta Springs,VA,Virginia,51165,Rockingham,38.3899,-78.834,5517,448,polygon,FALSE,FALSE,America/New_York,3
6207,Estherville,Estherville,IA,Iowa,19063,Emmet,43.3998,-94.8343,5516,407,polygon,FALSE,TRUE,America/Chicago,3
6208,Palm Springs North,Palm Springs North,FL,Florida,12086,Miami-Dade,25.9351,-80.3339,5515,2676,polygon,FALSE,FALSE,America/New_York,2
6209,Baxley,Baxley,GA,Georgia,13001,Appling,31.7643,-82.3508,5515,224,polygon,FALSE,TRUE,America/New_York,3
6210,Carlinville,Carlinville,IL,Illinois,17117,Macoupin,39.2774,-89.8761,5514,628,polygon,FALSE,TRUE,America/Chicago,3
6211,Elberton,Elberton,GA,Georgia,13105,Elbert,34.1064,-82.8705,5512,369,polygon,FALSE,TRUE,America/New_York,3
6212,Paola,Paola,KS,Kansas,20121,Miami,38.5784,-94.862,5512,431,polygon,FALSE,TRUE,America/Chicago,3
6213,Winston,Winston,OR,Oregon,41019,Douglas,43.12,-123.4242,5511,804,polygon,FALSE,TRUE,America/Los_Angeles,3
6214,Wellston,Wellston,OH,Ohio,39079,Jackson,39.1172,-82.5375,5507,305,polygon,FALSE,TRUE,America/New_York,3
6215,Swartz Creek,Swartz Creek,MI,Michigan,26049,Genesee,42.9626,-83.826,5501,522,polygon,FALSE,TRUE,America/Detroit,3
6216,Highland Lakes,Highland Lakes,AL,Alabama,1117,Shelby,33.397,-86.6497,5500,565,polygon,FALSE,TRUE,America/Chicago,3
6217,Anamosa,Anamosa,IA,Iowa,19105,Jones,42.1091,-91.2758,5500,847,polygon,FALSE,TRUE,America/Chicago,3
6218,Holdenville,Holdenville,OK,Oklahoma,40063,Hughes,35.0836,-96.4004,5497,439,polygon,FALSE,TRUE,America/Chicago,3
6219,Stokesdale,Stokesdale,NC,North Carolina,37081,Guilford,36.2318,-79.9834,5489,111,polygon,FALSE,TRUE,America/New_York,3
6220,Fort Plain,Fort Plain,NY,New York,36057,Montgomery,42.9316,-74.6277,5488,638,polygon,FALSE,TRUE,America/New_York,3
6221,Wolfforth,Wolfforth,TX,Texas,48303,Lubbock,33.5148,-102.0066,5486,695,polygon,FALSE,TRUE,America/Chicago,3
6222,Wahneta,Wahneta,FL,Florida,12105,Polk,27.9574,-81.7288,5484,939,polygon,FALSE,FALSE,America/New_York,3
6223,Collinsville,Collinsville,OK,Oklahoma,40143,Tulsa,36.3718,-95.8611,5483,380,polygon,FALSE,TRUE,America/Chicago,3
6224,Manteo,Manteo,NC,North Carolina,37055,Dare,35.9013,-75.661,5482,296,polygon,FALSE,TRUE,America/New_York,3
6225,Breckenridge,Breckenridge,TX,Texas,48429,Stephens,32.7566,-98.9125,5478,498,polygon,FALSE,TRUE,America/Chicago,3
6226,Severance,Severance,CO,Colorado,8123,Weld,40.527,-104.8642,5478,291,polygon,FALSE,TRUE,America/Denver,3
6227,Muldrow,Muldrow,OK,Oklahoma,40135,Sequoyah,35.4039,-94.5969,5478,290,polygon,FALSE,TRUE,America/Chicago,3
6228,Peculiar,Peculiar,MO,Missouri,29037,Cass,38.7306,-94.4736,5478,233,polygon,FALSE,TRUE,America/Chicago,3
6229,Somerdale,Somerdale,NJ,New Jersey,34007,Camden,39.8454,-75.0218,5477,1519,polygon,FALSE,TRUE,America/New_York,3
6230,Greenville,Greenville,AL,Alabama,1013,Butler,31.8437,-86.6379,5477,133,polygon,FALSE,TRUE,America/Chicago,3
6231,Sparta,Sparta,TN,Tennessee,47185,White,35.9347,-85.4726,5476,284,polygon,FALSE,TRUE,America/Chicago,3
6232,Manchester,Manchester,WA,Washington,53035,Kitsap,47.5519,-122.5517,5471,722,polygon,FALSE,FALSE,America/Los_Angeles,3
6233,Indian Wells,Indian Wells,CA,California,6065,Riverside,33.7036,-116.3396,5470,147,polygon,FALSE,TRUE,America/Los_Angeles,3
6234,Lemmon Valley,Lemmon Valley,NV,Nevada,32031,Washoe,39.6879,-119.8364,5469,132,polygon,FALSE,FALSE,America/Los_Angeles,3
6235,Williams,Williams,CA,California,6011,Colusa,39.1498,-122.1389,5469,422,polygon,FALSE,TRUE,America/Los_Angeles,3
6236,Rincon Valley,Rincon Valley,AZ,Arizona,4019,Pima,32.1101,-110.6889,5469,82,polygon,FALSE,TRUE,America/Phoenix,3
6237,Buckner,Buckner,KY,Kentucky,21185,Oldham,38.3867,-85.4503,5465,282,polygon,FALSE,FALSE,America/New_York,3
6238,New Holland,New Holland,PA,Pennsylvania,42071,Lancaster,40.1008,-76.09,5464,1085,polygon,FALSE,TRUE,America/New_York,3
6239,Pana,Pana,IL,Illinois,17021,Christian,39.3828,-89.0642,5463,542,polygon,FALSE,TRUE,America/Chicago,3
6240,Shaw Heights,Shaw Heights,CO,Colorado,8001,Adams,39.8566,-105.039,5459,3008,polygon,FALSE,FALSE,America/Denver,2
6241,Woodside,Woodside,CA,California,6081,San Mateo,37.4222,-122.2591,5458,179,polygon,FALSE,TRUE,America/Los_Angeles,3
6242,Marlin,Marlin,TX,Texas,48145,Falls,31.3085,-96.8934,5454,477,polygon,FALSE,TRUE,America/Chicago,3
6243,Jim Thorpe,Jim Thorpe,PA,Pennsylvania,42025,Carbon,40.8712,-75.7433,5449,123,polygon,FALSE,TRUE,America/New_York,3
6244,Hidden Valley,Hidden Valley,IN,Indiana,18029,Dearborn,39.1673,-84.8444,5449,496,polygon,FALSE,FALSE,America/New_York,3
6245,Glencoe,Glencoe,MN,Minnesota,27085,McLeod,44.7699,-94.1512,5448,680,polygon,FALSE,TRUE,America/Chicago,3
6246,Terrell Hills,Terrell Hills,TX,Texas,48029,Bexar,29.4771,-98.4472,5447,1304,polygon,FALSE,TRUE,America/Chicago,3
6247,Carlisle,Carlisle,OH,Ohio,39165,Warren,39.5807,-84.3201,5446,590,polygon,FALSE,TRUE,America/New_York,3
6248,Colby,Colby,KS,Kansas,20193,Thomas,39.3843,-101.0459,5445,559,polygon,FALSE,TRUE,America/Chicago,3
6249,Springhill,Springhill,LA,Louisiana,22119,Webster,33.0019,-93.4613,5444,296,polygon,FALSE,TRUE,America/Chicago,3
6250,Waipio Acres,Waipio Acres,HI,Hawaii,15003,Honolulu,21.4689,-158.0173,5443,2110,polygon,FALSE,FALSE,Pacific/Honolulu,2
6251,Bear Valley Springs,Bear Valley Springs,CA,California,6029,Kern,35.1775,-118.646,5442,50,polygon,FALSE,FALSE,America/Los_Angeles,3
6252,South Pittsburg,South Pittsburg,TN,Tennessee,47115,Marion,35.0111,-85.7183,5439,142,polygon,FALSE,TRUE,America/Chicago,3
6253,Arlington Heights,Arlington Heights,PA,Pennsylvania,42089,Monroe,41.0039,-75.2116,5439,391,polygon,FALSE,FALSE,America/New_York,3
6254,Eaton Rapids,Eaton Rapids,MI,Michigan,26045,Eaton,42.5092,-84.653,5439,574,polygon,FALSE,TRUE,America/Detroit,3
6255,Robbins,Robbins,IL,Illinois,17031,Cook,41.6431,-87.708,5438,1449,polygon,FALSE,TRUE,America/Chicago,3
6256,Sherwood Manor,Sherwood Manor,CT,Connecticut,9003,Hartford,42.0125,-72.566,5438,669,polygon,FALSE,FALSE,America/New_York,3
6257,Northwood,Northwood,OH,Ohio,39173,Wood,41.6089,-83.4836,5434,245,polygon,FALSE,TRUE,America/New_York,3
6258,Black River Falls,Black River Falls,WI,Wisconsin,55053,Jackson,44.2981,-90.842,5430,319,polygon,FALSE,TRUE,America/Chicago,3
6259,Honeoye Falls,Honeoye Falls,NY,New York,36055,Monroe,42.9557,-77.5903,5428,418,polygon,FALSE,TRUE,America/New_York,3
6260,Fruitland,Fruitland,ID,Idaho,16075,Payette,44.0195,-116.9221,5426,972,polygon,FALSE,TRUE,America/Boise,3
6261,Rockwood,Rockwood,TN,Tennessee,47145,Roane,35.8693,-84.6731,5425,261,polygon,FALSE,TRUE,America/New_York,3
6262,Violet,Violet,LA,Louisiana,22087,St. Bernard,29.8962,-89.892,5424,533,polygon,FALSE,FALSE,America/Chicago,3
6263,Coraopolis,Coraopolis,PA,Pennsylvania,42003,Allegheny,40.5148,-80.1627,5424,1575,polygon,FALSE,TRUE,America/New_York,3
6264,Littlefield,Littlefield,TX,Texas,48279,Lamb,33.9191,-102.3349,5423,356,polygon,FALSE,TRUE,America/Chicago,3
6265,Lucerne Valley,Lucerne Valley,CA,California,6071,San Bernardino,34.4427,-116.9021,5423,19,polygon,FALSE,FALSE,America/Los_Angeles,3
6266,Hanamaulu,Hanamaulu,HI,Hawaii,15007,Kauai,21.9954,-159.3493,5422,1646,polygon,FALSE,FALSE,Pacific/Honolulu,3
6267,Waynesboro,Waynesboro,GA,Georgia,13033,Burke,33.0909,-82.0146,5422,378,polygon,FALSE,TRUE,America/New_York,3
6268,Monaca,Monaca,PA,Pennsylvania,42007,Beaver,40.6833,-80.2736,5421,1032,polygon,FALSE,TRUE,America/New_York,3
6269,Basehor,Basehor,KS,Kansas,20103,Leavenworth,39.1332,-94.9333,5419,351,polygon,FALSE,TRUE,America/Chicago,3
6270,Jackson,Jackson,GA,Georgia,13035,Butts,33.292,-83.9678,5418,332,polygon,FALSE,TRUE,America/New_York,3
6271,Lafayette,Lafayette,TN,Tennessee,47111,Macon,36.5242,-86.0307,5417,393,polygon,FALSE,TRUE,America/Chicago,3
6272,Charleston,Charleston,MO,Missouri,29133,Mississippi,36.9179,-89.3344,5417,440,polygon,FALSE,TRUE,America/Chicago,3
6273,Angier,Angier,NC,North Carolina,37085,Harnett,35.512,-78.7405,5415,676,polygon,FALSE,TRUE,America/New_York,3
6274,Kensington,Kensington,CA,California,6013,Contra Costa,37.9084,-122.2805,5415,2208,polygon,FALSE,FALSE,America/Los_Angeles,2
6275,Denver City,Denver City,TX,Texas,48501,Yoakum,32.968,-102.8318,5413,748,polygon,FALSE,TRUE,America/Chicago,3
6276,Ferriday,Ferriday,LA,Louisiana,22029,Concordia,31.6343,-91.5562,5412,759,polygon,FALSE,TRUE,America/Chicago,3
6277,Kenai,Kenai,AK,Alaska,2122,Kenai Peninsula,60.5619,-151.1985,5411,103,polygon,FALSE,TRUE,America/Anchorage,3
6278,New Hempstead,New Hempstead,NY,New York,36087,Rockland,41.1488,-74.0485,5410,734,polygon,FALSE,TRUE,America/New_York,3
6279,Fort Lee,Fort Lee,VA,Virginia,51149,Prince George,37.2357,-77.3325,5409,350,polygon,TRUE,TRUE,America/New_York,3
6280,Coal City,Coal City,IL,Illinois,17063,Grundy,41.2772,-88.2803,5409,373,polygon,FALSE,TRUE,America/Chicago,3
6281,Gilbertsville,Gilbertsville,PA,Pennsylvania,42091,Montgomery,40.3219,-75.609,5408,623,polygon,FALSE,FALSE,America/New_York,3
6282,Canal Fulton,Canal Fulton,OH,Ohio,39151,Stark,40.8895,-81.5882,5408,638,polygon,FALSE,TRUE,America/New_York,3
6283,Apple Valley,Apple Valley,OH,Ohio,39083,Knox,40.4389,-82.3481,5408,347,polygon,FALSE,FALSE,America/New_York,3
6284,Tara Hills,Tara Hills,CA,California,6013,Contra Costa,37.9939,-122.3188,5405,3139,polygon,FALSE,FALSE,America/Los_Angeles,2
6285,Valparaiso,Valparaiso,FL,Florida,12091,Okaloosa,30.4926,-86.5079,5401,176,polygon,FALSE,TRUE,America/Chicago,3
6286,Valatie,Valatie,NY,New York,36021,Columbia,42.4134,-73.6778,5400,566,polygon,FALSE,TRUE,America/New_York,3
6287,Warren,Warren,AR,Arkansas,5011,Bradley,33.6113,-92.0677,5399,305,polygon,FALSE,TRUE,America/Chicago,3
6288,Mocksville,Mocksville,NC,North Carolina,37059,Davie,35.9006,-80.5631,5397,261,polygon,FALSE,TRUE,America/New_York,3
6289,Monticello,Monticello,IL,Illinois,17147,Piatt,40.0341,-88.5729,5396,555,polygon,FALSE,TRUE,America/Chicago,3
6290,Pinckneyville,Pinckneyville,IL,Illinois,17145,Perry,38.0851,-89.3718,5393,505,polygon,FALSE,TRUE,America/Chicago,3
6291,New Castle,New Castle,DE,Delaware,10003,New Castle,39.6685,-75.5692,5392,617,polygon,FALSE,TRUE,America/New_York,3
6292,Smiths Station,Smiths Station,AL,Alabama,1081,Lee,32.5284,-85.096,5391,300,polygon,FALSE,TRUE,America/Chicago,3
6293,Pinardville,Pinardville,NH,New Hampshire,33011,Hillsborough,43.001,-71.5171,5390,1250,polygon,FALSE,FALSE,America/New_York,3
6294,Manitou Springs,Manitou Springs,CO,Colorado,8041,El Paso,38.8576,-104.9128,5390,661,polygon,FALSE,TRUE,America/Denver,3
6295,Northfield,Northfield,IL,Illinois,17031,Cook,42.1026,-87.7791,5386,643,polygon,FALSE,TRUE,America/Chicago,3
6296,Central,Central,SC,South Carolina,45077,Pickens,34.7234,-82.7787,5385,749,polygon,FALSE,TRUE,America/New_York,3
6297,La Grange,La Grange,TX,Texas,48149,Fayette,29.9129,-96.8767,5384,436,polygon,FALSE,TRUE,America/Chicago,3
6298,Minot AFB,Minot AFB,ND,North Dakota,38101,Ward,48.4209,-101.3381,5384,285,polygon,TRUE,TRUE,America/Chicago,3
6299,Jamul,Jamul,CA,California,6073,San Diego,32.7184,-116.8709,5384,123,polygon,FALSE,FALSE,America/Los_Angeles,3
6300,Oneonta,Oneonta,AL,Alabama,1009,Blount,33.9392,-86.4929,5382,161,polygon,FALSE,TRUE,America/Chicago,3
6301,Bellows Falls,Bellows Falls,VT,Vermont,50025,Windham,43.1344,-72.455,5381,836,polygon,FALSE,TRUE,America/New_York,3
6302,Chinle,Chinle,AZ,Arizona,4001,Apache,36.1504,-109.5794,5378,129,polygon,FALSE,FALSE,America/Denver,3
6303,Orwigsburg,Orwigsburg,PA,Pennsylvania,42107,Schuylkill,40.6541,-76.104,5376,525,polygon,FALSE,TRUE,America/New_York,3
6304,Caldwell,Caldwell,OH,Ohio,39121,Noble,39.7467,-81.5127,5374,743,polygon,FALSE,TRUE,America/New_York,3
6305,Trenton,Trenton,MO,Missouri,29079,Grundy,40.0819,-93.603,5374,345,polygon,FALSE,TRUE,America/Chicago,3
6306,Cleveland,Cleveland,GA,Georgia,13311,White,34.5971,-83.7621,5372,415,polygon,FALSE,TRUE,America/New_York,3
6307,Lisbon,Lisbon,OH,Ohio,39029,Columbiana,40.7752,-80.7628,5372,605,polygon,FALSE,TRUE,America/New_York,3
6308,Mount Carmel,Mount Carmel,OH,Ohio,39025,Clermont,39.0978,-84.2995,5372,1133,polygon,FALSE,FALSE,America/New_York,3
6309,Connell,Connell,WA,Washington,53021,Franklin,46.6622,-118.8404,5370,278,polygon,FALSE,TRUE,America/Los_Angeles,3
6310,Polson,Polson,MT,Montana,30047,Lake,47.6886,-114.1411,5370,431,polygon,FALSE,TRUE,America/Denver,3
6311,Rockdale,Rockdale,TX,Texas,48331,Milam,30.6542,-97.0089,5368,530,polygon,FALSE,TRUE,America/Chicago,3
6312,Kaser,Kaser,NY,New York,36087,Rockland,41.1214,-74.0686,5368,12063,polygon,FALSE,TRUE,America/New_York,2
6313,Estacada,Estacada,OR,Oregon,41005,Clackamas,45.2987,-122.3338,5368,653,polygon,FALSE,TRUE,America/Los_Angeles,3
6314,Manchester,Manchester,MD,Maryland,24013,Carroll,39.6584,-76.8881,5367,800,polygon,FALSE,TRUE,America/New_York,3
6315,Sunset,Sunset,UT,Utah,49011,Davis,41.1392,-112.0285,5364,1417,polygon,FALSE,TRUE,America/Denver,3
6316,St. Paul Park,St. Paul Park,MN,Minnesota,27163,Washington,44.836,-92.9949,5362,697,polygon,FALSE,TRUE,America/Chicago,3
6317,East Moriches,East Moriches,NY,New York,36103,Suffolk,40.8097,-72.7581,5359,376,polygon,FALSE,FALSE,America/New_York,3
6318,Ward,Ward,AR,Arkansas,5085,Lonoke,35.0117,-91.9577,5358,478,polygon,FALSE,TRUE,America/Chicago,3
6319,Rio Pinar,Rio Pinar,FL,Florida,12095,Orange,28.5271,-81.2628,5354,951,polygon,FALSE,TRUE,America/New_York,3
6320,Englewood Cliffs,Englewood Cliffs,NJ,New Jersey,34003,Bergen,40.8822,-73.9466,5354,972,polygon,FALSE,TRUE,America/New_York,3
6321,Palmview South,Palmview South,TX,Texas,48215,Hidalgo,26.2164,-98.378,5352,851,polygon,FALSE,TRUE,America/Chicago,3
6322,Anthony,Anthony,TX,Texas,48141,El Paso,31.9876,-106.5933,5352,323,polygon,FALSE,TRUE,America/Denver,3
6323,Doney Park,Doney Park,AZ,Arizona,4005,Coconino,35.2687,-111.5053,5352,138,polygon,FALSE,TRUE,America/Phoenix,3
6324,De Soto,De Soto,KS,Kansas,20091,Johnson,38.9686,-94.9548,5352,225,polygon,FALSE,TRUE,America/Chicago,3
6325,Shepherdstown,Shepherdstown,WV,West Virginia,54037,Jefferson,39.4318,-77.8048,5351,1965,polygon,FALSE,TRUE,America/New_York,3
6326,Turpin Hills,Turpin Hills,OH,Ohio,39061,Hamilton,39.1063,-84.3703,5351,693,polygon,FALSE,FALSE,America/New_York,3
6327,North Oaks,North Oaks,MN,Minnesota,27123,Ramsey,45.1002,-93.0882,5351,298,polygon,FALSE,TRUE,America/Chicago,3
6328,Mattawa,Mattawa,WA,Washington,53025,Grant,46.737,-119.904,5349,1992,polygon,FALSE,TRUE,America/Los_Angeles,3
6329,Travelers Rest,Travelers Rest,SC,South Carolina,45045,Greenville,34.9684,-82.4417,5346,436,polygon,FALSE,TRUE,America/New_York,3
6330,Belle Fourche,Belle Fourche,SD,South Dakota,46019,Butte,44.6642,-103.8564,5341,248,polygon,FALSE,TRUE,America/Denver,3
6331,West Hills,West Hills,NY,New York,36103,Suffolk,40.8198,-73.4339,5338,418,polygon,FALSE,FALSE,America/New_York,3
6332,Morganfield,Morganfield,KY,Kentucky,21225,Union,37.6869,-87.8876,5337,461,polygon,FALSE,TRUE,America/Chicago,3
6333,Palmerton,Palmerton,PA,Pennsylvania,42025,Carbon,40.8023,-75.616,5336,829,polygon,FALSE,TRUE,America/New_York,3
6334,South Highpoint,South Highpoint,FL,Florida,12103,Pinellas,27.9086,-82.7162,5335,2379,polygon,FALSE,FALSE,America/New_York,2
6335,Edgewater,Edgewater,CO,Colorado,8059,Jefferson,39.7507,-105.0626,5335,2964,polygon,FALSE,TRUE,America/Denver,2
6336,Jonesboro,Jonesboro,LA,Louisiana,22049,Jackson,32.2348,-92.7098,5333,356,polygon,FALSE,TRUE,America/Chicago,3
6337,Fairview,Fairview,NY,New York,36027,Dutchess,41.732,-73.9139,5332,590,polygon,FALSE,FALSE,America/New_York,3
6338,Exton,Exton,PA,Pennsylvania,42029,Chester,40.0307,-75.6303,5332,658,polygon,FALSE,FALSE,America/New_York,3
6339,East Port Orchard,East Port Orchard,WA,Washington,53035,Kitsap,47.5193,-122.6183,5331,1332,polygon,FALSE,FALSE,America/Los_Angeles,3
6340,Lake Fenton,Lake Fenton,MI,Michigan,26049,Genesee,42.8453,-83.7086,5331,373,polygon,FALSE,FALSE,America/Detroit,3
6341,Salamanca,Salamanca,NY,New York,36009,Cattaraugus,42.1631,-78.7233,5330,347,polygon,FALSE,TRUE,America/New_York,3
6342,Westernport,Westernport,MD,Maryland,24001,Allegany,39.488,-79.0429,5330,758,polygon,FALSE,TRUE,America/New_York,3
6343,Coco,Coco,PR,Puerto Rico,72123,Salinas,18.001,-66.2603,5328,1261,polygon,FALSE,FALSE,America/Puerto_Rico,3
6344,Wake Village,Wake Village,TX,Texas,48037,Bowie,33.424,-94.1188,5327,887,polygon,FALSE,TRUE,America/Chicago,3
6345,Sterling,Sterling,AK,Alaska,2122,Kenai Peninsula,60.5405,-150.8089,5321,26,polygon,FALSE,FALSE,America/Anchorage,3
6346,Cavalero,Cavalero,WA,Washington,53061,Snohomish,47.9846,-122.0743,5320,1287,polygon,FALSE,TRUE,America/Los_Angeles,3
6347,Shillington,Shillington,PA,Pennsylvania,42011,Berks,40.3029,-75.967,5319,2055,polygon,FALSE,TRUE,America/New_York,2
6348,Bret Harte,Bret Harte,CA,California,6099,Stanislaus,37.6021,-121.0045,5319,3732,polygon,FALSE,TRUE,America/Los_Angeles,2
6349,Batesburg-Leesville,Batesburg-Leesville,SC,South Carolina,45063,Lexington,33.9125,-81.5313,5318,255,polygon,FALSE,TRUE,America/New_York,3
6350,South Sarasota,South Sarasota,FL,Florida,12115,Sarasota,27.2856,-82.5333,5316,1069,polygon,FALSE,FALSE,America/New_York,3
6351,Uhrichsville,Uhrichsville,OH,Ohio,39157,Tuscarawas,40.4005,-81.3515,5314,729,polygon,FALSE,TRUE,America/New_York,3
6352,Lehighton,Lehighton,PA,Pennsylvania,42025,Carbon,40.8306,-75.7166,5313,1263,polygon,FALSE,TRUE,America/New_York,3
6353,Fruitland,Fruitland,MD,Maryland,24045,Wicomico,38.3214,-75.6246,5309,531,polygon,FALSE,TRUE,America/New_York,3
6354,Floral City,Floral City,FL,Florida,12017,Citrus,28.7065,-82.309,5308,87,polygon,FALSE,FALSE,America/New_York,3
6355,Delhi Hills,Delhi Hills,OH,Ohio,39061,Hamilton,39.0871,-84.6178,5308,1377,polygon,FALSE,FALSE,America/New_York,3
6356,Wilton,Wilton,CA,California,6067,Sacramento,38.413,-121.2127,5307,70,polygon,FALSE,FALSE,America/Los_Angeles,3
6357,Savannah,Savannah,MO,Missouri,29003,Andrew,39.9391,-94.8279,5307,620,polygon,FALSE,TRUE,America/Chicago,3
6358,Union Beach,Union Beach,NJ,New Jersey,34025,Monmouth,40.4454,-74.1699,5305,1149,polygon,FALSE,TRUE,America/New_York,3
6359,Fairport,Fairport,NY,New York,36055,Monroe,43.099,-77.4427,5305,1296,polygon,FALSE,TRUE,America/New_York,3
6360,Hightstown,Hightstown,NJ,New Jersey,34021,Mercer,40.2686,-74.5253,5304,1660,polygon,FALSE,TRUE,America/New_York,3
6361,Cameron,Cameron,TX,Texas,48331,Milam,30.8608,-96.9762,5304,402,polygon,FALSE,TRUE,America/Chicago,3
6362,Campanilla,Campanilla,PR,Puerto Rico,72137,Toa Baja,18.4229,-66.2382,5304,3423,polygon,FALSE,FALSE,America/Puerto_Rico,2
6363,Timber Pines,Timber Pines,FL,Florida,12053,Hernando,28.469,-82.5999,5303,928,polygon,FALSE,FALSE,America/New_York,3
6364,Brent,Brent,AL,Alabama,1007,Bibb,32.9421,-87.1753,5302,208,polygon,FALSE,TRUE,America/Chicago,3
6365,Bulverde,Bulverde,TX,Texas,48091,Comal,29.7744,-98.4364,5300,129,polygon,FALSE,TRUE,America/Chicago,3
6366,Centerville,Centerville,IA,Iowa,19007,Appanoose,40.7294,-92.8718,5299,436,polygon,FALSE,TRUE,America/Chicago,3
6367,Williamson,Williamson,AZ,Arizona,4025,Yavapai,34.7082,-112.5342,5297,35,polygon,FALSE,FALSE,America/Phoenix,3
6368,Medina,Medina,TX,Texas,48505,Zapata,26.929,-99.2614,5296,1152,polygon,FALSE,FALSE,America/Chicago,3
6369,Waynesville,Waynesville,MO,Missouri,29169,Pulaski,37.8207,-92.22,5295,318,polygon,FALSE,TRUE,America/Chicago,3
6370,Mount Carmel,Mount Carmel,TN,Tennessee,47073,Hawkins,36.562,-82.6618,5294,307,polygon,FALSE,TRUE,America/New_York,3
6371,Kings Point,Kings Point,NY,New York,36059,Nassau,40.8162,-73.7407,5292,608,polygon,FALSE,TRUE,America/New_York,3
6372,Orange,Orange,VA,Virginia,51137,Orange,38.2486,-78.1127,5291,597,polygon,FALSE,TRUE,America/New_York,3
6373,Myrtletown,Myrtletown,CA,California,6023,Humboldt,40.7888,-124.1286,5290,973,polygon,FALSE,FALSE,America/Los_Angeles,3
6374,Lakehills,Lakehills,TX,Texas,48019,Bandera,29.6237,-98.9448,5288,67,polygon,FALSE,FALSE,America/Chicago,3
6375,Iola,Iola,KS,Kansas,20001,Allen,37.9274,-95.4006,5288,454,polygon,FALSE,TRUE,America/Chicago,3
6376,Broadmoor,Broadmoor,CA,California,6081,San Mateo,37.6914,-122.4811,5286,4527,polygon,FALSE,FALSE,America/Los_Angeles,2
6377,Zephyrhills West,Zephyrhills West,FL,Florida,12101,Pasco,28.2311,-82.2052,5281,769,polygon,FALSE,TRUE,America/New_York,3
6378,Midway,Midway,UT,Utah,49051,Wasatch,40.5183,-111.4745,5280,367,polygon,FALSE,TRUE,America/Denver,3
6379,Titusville,Titusville,PA,Pennsylvania,42039,Crawford,41.6273,-79.6699,5279,686,polygon,FALSE,TRUE,America/New_York,3
6380,Big Bear Lake,Big Bear Lake,CA,California,6071,San Bernardino,34.2429,-116.8951,5279,326,polygon,FALSE,TRUE,America/Los_Angeles,3
6381,St. Clair,St. Clair,MI,Michigan,26147,St. Clair,42.8262,-82.493,5279,693,polygon,FALSE,TRUE,America/Detroit,3
6382,Grayson,Grayson,KY,Kentucky,21043,Carter,38.3317,-82.9371,5277,543,polygon,FALSE,TRUE,America/New_York,3
6383,Cave Springs,Cave Springs,AR,Arkansas,5007,Benton,36.2701,-94.2225,5276,257,polygon,FALSE,TRUE,America/Chicago,3
6384,Samsula-Spruce Creek,Samsula-Spruce Creek,FL,Florida,12127,Volusia,29.0484,-81.0628,5272,121,polygon,FALSE,TRUE,America/New_York,3
6385,Pontotoc,Pontotoc,MS,Mississippi,28115,Pontotoc,34.2532,-89.0091,5272,213,polygon,FALSE,TRUE,America/Chicago,3
6386,West Yarmouth,West Yarmouth,MA,Massachusetts,25001,Barnstable,41.6496,-70.2487,5271,304,polygon,FALSE,FALSE,America/New_York,3
6387,Forsyth,Forsyth,GA,Georgia,13207,Monroe,33.0347,-83.9381,5270,270,polygon,FALSE,TRUE,America/New_York,3
6388,Rothschild,Rothschild,WI,Wisconsin,55073,Marathon,44.8761,-89.6173,5267,311,polygon,FALSE,TRUE,America/Chicago,3
6389,Wind Lake,Wind Lake,WI,Wisconsin,55101,Racine,42.823,-88.1573,5266,376,polygon,FALSE,FALSE,America/Chicago,3
6390,Mena,Mena,AR,Arkansas,5113,Polk,34.5812,-94.2369,5261,307,polygon,FALSE,TRUE,America/Chicago,3
6391,Grandwood Park,Grandwood Park,IL,Illinois,17097,Lake,42.3929,-87.9871,5261,1254,polygon,FALSE,FALSE,America/Chicago,3
6392,Holdrege,Holdrege,NE,Nebraska,31137,Phelps,40.4395,-99.3773,5255,493,polygon,FALSE,TRUE,America/Chicago,3
6393,Giddings,Giddings,TX,Texas,48287,Lee,30.1833,-96.9279,5254,373,polygon,FALSE,TRUE,America/Chicago,3
6394,Wadesboro,Wadesboro,NC,North Carolina,37007,Anson,34.9645,-80.0746,5254,309,polygon,FALSE,TRUE,America/New_York,3
6395,Albertson,Albertson,NY,New York,36059,Nassau,40.7715,-73.6482,5254,2987,polygon,FALSE,FALSE,America/New_York,2
6396,Peñuelas,Penuelas,PR,Puerto Rico,72111,Peñuelas,18.0595,-66.7206,5253,2103,polygon,FALSE,FALSE,America/Puerto_Rico,2
6397,Venus,Venus,TX,Texas,48251,Johnson,32.4312,-97.102,5252,556,polygon,FALSE,TRUE,America/Chicago,3
6398,Centerport,Centerport,NY,New York,36103,Suffolk,40.8943,-73.3714,5251,957,polygon,FALSE,FALSE,America/New_York,3
6399,Eagleton Village,Eagleton Village,TN,Tennessee,47009,Blount,35.7885,-83.9363,5250,688,polygon,FALSE,FALSE,America/New_York,3
6400,Pawcatuck,Pawcatuck,CT,Connecticut,9011,New London,41.3774,-71.8492,5249,593,polygon,FALSE,FALSE,America/New_York,3
6401,Pine Manor,Pine Manor,FL,Florida,12071,Lee,26.5727,-81.8775,5248,4534,polygon,FALSE,FALSE,America/New_York,2
6402,Perry,Perry,UT,Utah,49003,Box Elder,41.4648,-112.0401,5248,253,polygon,FALSE,TRUE,America/Denver,3
6403,Calistoga,Calistoga,CA,California,6055,Napa,38.5818,-122.5824,5247,786,polygon,FALSE,TRUE,America/Los_Angeles,3
6404,McGuire AFB,McGuire AFB,NJ,New Jersey,34005,Burlington,40.0285,-74.5883,5246,375,polygon,TRUE,TRUE,America/New_York,3
6405,Walkertown,Walkertown,NC,North Carolina,37067,Forsyth,36.1578,-80.1642,5242,302,polygon,FALSE,TRUE,America/New_York,3
6406,Ranson,Ranson,WV,West Virginia,54037,Jefferson,39.325,-77.8666,5239,250,polygon,FALSE,TRUE,America/New_York,3
6407,Salem,Salem,NJ,New Jersey,34033,Salem,39.5681,-75.4724,5235,775,polygon,FALSE,TRUE,America/New_York,3
6408,Wrightsboro,Wrightsboro,NC,North Carolina,37129,New Hanover,34.2895,-77.9217,5233,181,polygon,FALSE,FALSE,America/New_York,3
6409,McGregor,McGregor,TX,Texas,48309,McLennan,31.4187,-97.4283,5231,94,polygon,FALSE,TRUE,America/Chicago,3
6410,Winterset,Winterset,IA,Iowa,19121,Madison,41.3457,-94.0137,5231,448,polygon,FALSE,TRUE,America/Chicago,3
6411,Bangor,Bangor,PA,Pennsylvania,42095,Northampton,40.8678,-75.2085,5228,1353,polygon,FALSE,TRUE,America/New_York,3
6412,Hollywood,Hollywood,SC,South Carolina,45019,Charleston,32.7523,-80.2106,5227,87,polygon,FALSE,TRUE,America/New_York,3
6413,Ballston Spa,Ballston Spa,NY,New York,36091,Saratoga,43.0068,-73.8525,5226,1260,polygon,FALSE,TRUE,America/New_York,3
6414,Byron,Byron,GA,Georgia,13225,Peach,32.6474,-83.7541,5226,230,polygon,FALSE,TRUE,America/New_York,3
6415,Friendship Heights Village,Friendship Heights Village,MD,Maryland,24031,Montgomery,38.9633,-77.09,5225,33191,polygon,FALSE,TRUE,America/New_York,2
6416,Kalaheo,Kalaheo,HI,Hawaii,15007,Kauai,21.9159,-159.5236,5224,576,polygon,FALSE,FALSE,Pacific/Honolulu,3
6417,Highwood,Highwood,IL,Illinois,17097,Lake,42.206,-87.8128,5224,2800,polygon,FALSE,TRUE,America/Chicago,2
6418,Springfield,Springfield,GA,Georgia,13103,Effingham,32.3634,-81.3029,5224,512,polygon,FALSE,TRUE,America/New_York,3
6419,Chisago City,Chisago City,MN,Minnesota,27025,Chisago,45.3474,-92.9116,5224,160,polygon,FALSE,TRUE,America/Chicago,3
6420,Union City,Union City,IN,Indiana,18135,Randolph,40.1995,-84.8206,5223,590,polygon,FALSE,TRUE,America/New_York,3
6421,Gilmer,Gilmer,TX,Texas,48459,Upshur,32.7317,-94.946,5220,523,polygon,FALSE,TRUE,America/Chicago,3
6422,Williamsville,Williamsville,NY,New York,36029,Erie,42.9623,-78.7418,5220,1602,polygon,FALSE,TRUE,America/New_York,3
6423,Naguabo,Naguabo,PR,Puerto Rico,72103,Naguabo,18.2116,-65.737,5220,3206,polygon,FALSE,FALSE,America/Puerto_Rico,2
6424,Elmsford,Elmsford,NY,New York,36119,Westchester,41.0541,-73.8143,5216,1950,polygon,FALSE,TRUE,America/New_York,3
6425,Center,Center,TX,Texas,48419,Shelby,31.793,-94.1796,5215,254,polygon,FALSE,TRUE,America/Chicago,3
6426,Clarinda,Clarinda,IA,Iowa,19145,Page,40.738,-95.034,5215,399,polygon,FALSE,TRUE,America/Chicago,3
6427,Hutchinson Island South,Hutchinson Island South,FL,Florida,12111,St. Lucie,27.3243,-80.2425,5214,467,polygon,FALSE,TRUE,America/New_York,3
6428,Quantico Base,Quantico Base,VA,Virginia,51153,Prince William,38.5228,-77.3187,5213,287,polygon,TRUE,TRUE,America/New_York,3
6429,Lake Montezuma,Lake Montezuma,AZ,Arizona,4025,Yavapai,34.6414,-111.796,5212,168,polygon,FALSE,FALSE,America/Phoenix,3
6430,Tichigan,Tichigan,WI,Wisconsin,55101,Racine,42.8087,-88.215,5208,177,polygon,FALSE,FALSE,America/Chicago,3
6431,Lake Wildwood,Lake Wildwood,CA,California,6057,Nevada,39.235,-121.2003,5208,657,polygon,FALSE,FALSE,America/Los_Angeles,3
6432,Montrose,Montrose,MN,Minnesota,27171,Wright,45.0668,-93.9206,5208,421,polygon,FALSE,TRUE,America/Chicago,3
6433,Roseburg North,Roseburg North,OR,Oregon,41019,Douglas,43.2653,-123.3025,5207,92,polygon,FALSE,TRUE,America/Los_Angeles,3
6434,Ravena,Ravena,NY,New York,36001,Albany,42.4755,-73.8113,5202,834,polygon,FALSE,TRUE,America/New_York,3
6435,South Bay,South Bay,FL,Florida,12099,Palm Beach,26.677,-80.7265,5200,701,polygon,FALSE,TRUE,America/New_York,3
6436,Gardnertown,Gardnertown,NY,New York,36071,Orange,41.5328,-74.0594,5200,416,polygon,FALSE,FALSE,America/New_York,3
6437,Thatcher,Thatcher,AZ,Arizona,4009,Graham,32.832,-109.7595,5200,306,polygon,FALSE,TRUE,America/Phoenix,3
6438,Springfield,Springfield,MI,Michigan,26025,Calhoun,42.3246,-85.2371,5198,547,polygon,FALSE,TRUE,America/Detroit,3
6439,West Wendover,West Wendover,NV,Nevada,32007,Elko,40.7407,-114.0783,5197,220,polygon,FALSE,TRUE,America/Los_Angeles,3
6440,Obetz,Obetz,OH,Ohio,39049,Franklin,39.8671,-82.9451,5196,344,polygon,FALSE,TRUE,America/New_York,3
6441,Bisbee,Bisbee,AZ,Arizona,4003,Cochise,31.4126,-109.9179,5193,389,polygon,FALSE,TRUE,America/Phoenix,3
6442,River Ridge,River Ridge,FL,Florida,12101,Pasco,28.2669,-82.6257,5191,477,polygon,FALSE,TRUE,America/New_York,3
6443,Hampshire,Hampshire,IL,Illinois,17089,Kane,42.1124,-88.5122,5190,260,polygon,FALSE,TRUE,America/Chicago,3
6444,Ocean Bluff-Brant Rock,Ocean Bluff-Brant Rock,MA,Massachusetts,25023,Plymouth,42.1006,-70.6625,5190,921,polygon,FALSE,TRUE,America/New_York,3
6445,Sawmills,Sawmills,NC,North Carolina,37027,Caldwell,35.8162,-81.4779,5189,302,polygon,FALSE,TRUE,America/New_York,3
6446,Attica,Attica,IN,Indiana,18045,Fountain,40.2874,-87.2452,5187,692,polygon,FALSE,TRUE,America/Indiana/Indianapolis,3
6447,Thiells,Thiells,NY,New York,36087,Rockland,41.2067,-74.0122,5186,1085,polygon,FALSE,FALSE,America/New_York,3
6448,Mount Olive,Mount Olive,NC,North Carolina,37191,Wayne,35.1997,-78.0662,5183,643,polygon,FALSE,TRUE,America/New_York,3
6449,Algona,Algona,IA,Iowa,19109,Kossuth,43.0743,-94.2302,5182,463,polygon,FALSE,TRUE,America/Chicago,3
6450,Firthcliffe,Firthcliffe,NY,New York,36071,Orange,41.4409,-74.0353,5178,674,polygon,FALSE,FALSE,America/New_York,3
6451,West Loch Estate,West Loch Estate,HI,Hawaii,15003,Honolulu,21.3617,-158.0246,5177,3040,polygon,FALSE,TRUE,Pacific/Honolulu,2
6452,Parker,Parker,TX,Texas,48085,Collin,33.057,-96.6248,5177,235,polygon,FALSE,TRUE,America/Chicago,3
6453,Collegeville,Collegeville,PA,Pennsylvania,42091,Montgomery,40.1873,-75.4581,5174,1270,polygon,FALSE,TRUE,America/New_York,3
6454,Richmond,Richmond,MO,Missouri,29177,Ray,39.2755,-93.9731,5174,354,polygon,FALSE,TRUE,America/Chicago,3
6455,Creve Coeur,Creve Coeur,IL,Illinois,17179,Tazewell,40.6425,-89.5983,5169,471,polygon,FALSE,TRUE,America/Chicago,3
6456,Morris,Morris,MN,Minnesota,27149,Stevens,45.5856,-95.9048,5169,440,polygon,FALSE,TRUE,America/Chicago,3
6457,Cold Spring Harbor,Cold Spring Harbor,NY,New York,36103,Suffolk,40.8608,-73.4488,5164,544,polygon,FALSE,FALSE,America/New_York,3
6458,Maplewood,Maplewood,WA,Washington,53053,Pierce,47.3716,-122.5689,5163,240,polygon,FALSE,FALSE,America/Los_Angeles,3
6459,Zephyrhills South,Zephyrhills South,FL,Florida,12101,Pasco,28.2152,-82.1886,5163,1019,polygon,FALSE,TRUE,America/New_York,3
6460,Lake City,Lake City,MN,Minnesota,27157,Wabasha,44.4453,-92.2796,5162,441,polygon,FALSE,TRUE,America/Chicago,3
6461,Three Points,Three Points,AZ,Arizona,4019,Pima,32.0596,-111.2866,5161,42,polygon,FALSE,FALSE,America/Phoenix,3
6462,Ettrick,Ettrick,VA,Virginia,51041,Chesterfield,37.2435,-77.4287,5159,674,polygon,FALSE,FALSE,America/New_York,3
6463,South Haven,South Haven,IN,Indiana,18127,Porter,41.5438,-87.1367,5159,1602,polygon,FALSE,FALSE,America/Chicago,3
6464,Erwin,Erwin,NC,North Carolina,37085,Harnett,35.3226,-78.6734,5156,472,polygon,FALSE,TRUE,America/New_York,3
6465,Grosse Pointe,Grosse Pointe,MI,Michigan,26163,Wayne,42.3915,-82.9118,5154,1873,polygon,FALSE,TRUE,America/Toronto,3
6466,Grambling,Grambling,LA,Louisiana,22061,Lincoln,32.5276,-92.7124,5150,337,polygon,FALSE,TRUE,America/Chicago,3
6467,Warm Mineral Springs,Warm Mineral Springs,FL,Florida,12115,Sarasota,27.0469,-82.2702,5149,870,polygon,FALSE,FALSE,America/New_York,3
6468,Lakeview,Lakeview,GA,Georgia,13047,Catoosa,34.9777,-85.2539,5147,874,polygon,FALSE,FALSE,America/New_York,3
6469,Ottawa,Ottawa,OH,Ohio,39137,Putnam,41.0203,-84.0354,5147,369,polygon,FALSE,TRUE,America/New_York,3
6470,Boiling Spring Lakes,Boiling Spring Lakes,NC,North Carolina,37019,Brunswick,34.0322,-78.068,5146,104,polygon,FALSE,TRUE,America/New_York,3
6471,Odessa,Odessa,MO,Missouri,29107,Lafayette,38.9988,-93.9666,5146,494,polygon,FALSE,TRUE,America/Chicago,3
6472,Birdsboro,Birdsboro,PA,Pennsylvania,42011,Berks,40.262,-75.8099,5143,1500,polygon,FALSE,TRUE,America/New_York,3
6473,Bristol,Bristol,WI,Wisconsin,55059,Kenosha,42.5378,-88.0149,5142,60,polygon,FALSE,TRUE,America/Chicago,3
6474,Tice,Tice,FL,Florida,12071,Lee,26.6758,-81.8171,5142,1804,polygon,FALSE,FALSE,America/New_York,3
6475,Red Oak,Red Oak,IA,Iowa,19137,Montgomery,41.0141,-95.2248,5142,516,polygon,FALSE,TRUE,America/Chicago,3
6476,St. James,St. James,NC,North Carolina,37019,Brunswick,33.9467,-78.1132,5141,264,polygon,FALSE,TRUE,America/New_York,3
6477,Ayden,Ayden,NC,North Carolina,37147,Pitt,35.4694,-77.4167,5141,516,polygon,FALSE,TRUE,America/New_York,3
6478,Glendale,Glendale,CO,Colorado,8005,Arapahoe,39.7036,-104.9352,5141,3444,polygon,FALSE,TRUE,America/Denver,2
6479,St. Clairsville,St. Clairsville,OH,Ohio,39013,Belmont,40.0792,-80.8997,5141,820,polygon,FALSE,TRUE,America/New_York,3
6480,Turtle Creek,Turtle Creek,PA,Pennsylvania,42003,Allegheny,40.4085,-79.8214,5138,2046,polygon,FALSE,TRUE,America/New_York,2
6481,Brady,Brady,TX,Texas,48307,McCulloch,31.1322,-99.3697,5137,228,polygon,FALSE,TRUE,America/Chicago,3
6482,Margaret,Margaret,AL,Alabama,1115,St. Clair,33.6735,-86.468,5137,201,polygon,FALSE,TRUE,America/Chicago,3
6483,Bliss Corner,Bliss Corner,MA,Massachusetts,25005,Bristol,41.6054,-70.9421,5137,991,polygon,FALSE,FALSE,America/New_York,3
6484,Colville,Colville,WA,Washington,53065,Stevens,48.5454,-117.8986,5135,604,polygon,FALSE,TRUE,America/Los_Angeles,3
6485,Fort Rucker,Fort Rucker,AL,Alabama,1045,Dale,31.3428,-85.7154,5134,182,polygon,TRUE,TRUE,America/Chicago,3
6486,Denair,Denair,CA,California,6099,Stanislaus,37.5262,-120.7994,5131,949,polygon,FALSE,FALSE,America/Los_Angeles,3
6487,Primera,Primera,TX,Texas,48061,Cameron,26.2237,-97.7528,5130,713,polygon,FALSE,TRUE,America/Chicago,3
6488,Humboldt,Humboldt,IA,Iowa,19091,Humboldt,42.7232,-94.2245,5128,383,polygon,FALSE,TRUE,America/Chicago,3
6489,Sergeant Bluff,Sergeant Bluff,IA,Iowa,19193,Woodbury,42.3976,-96.3517,5127,673,polygon,FALSE,TRUE,America/Chicago,3
6490,Spring Valley,Spring Valley,IL,Illinois,17011,Bureau,41.3357,-89.2034,5125,269,polygon,FALSE,TRUE,America/Chicago,3
6491,Osceola,Osceola,IA,Iowa,19039,Clarke,41.0302,-93.7829,5125,285,polygon,FALSE,TRUE,America/Chicago,3
6492,Flagler Beach,Flagler Beach,FL,Florida,12035,Flagler,29.4716,-81.1303,5123,551,polygon,FALSE,TRUE,America/New_York,3
6493,Rainsville,Rainsville,AL,Alabama,1049,DeKalb,34.4939,-85.8435,5123,95,polygon,FALSE,TRUE,America/Chicago,3
6494,Kenneth City,Kenneth City,FL,Florida,12103,Pinellas,27.8155,-82.7162,5121,2770,polygon,FALSE,TRUE,America/New_York,2
6495,Simonton Lake,Simonton Lake,IN,Indiana,18039,Elkhart,41.7478,-85.9657,5121,563,polygon,FALSE,FALSE,America/Detroit,3
6496,Lone Grove,Lone Grove,OK,Oklahoma,40019,Carter,34.1809,-97.2559,5121,79,polygon,FALSE,TRUE,America/Chicago,3
6497,Colona,Colona,IL,Illinois,17073,Henry,41.4678,-90.3445,5120,518,polygon,FALSE,TRUE,America/Chicago,3
6498,Suncook,Suncook,NH,New Hampshire,33013,Merrimack,43.1382,-71.4529,5111,530,polygon,FALSE,FALSE,America/New_York,3
6499,Carmi,Carmi,IL,Illinois,17193,White,38.0863,-88.1718,5111,748,polygon,FALSE,TRUE,America/Chicago,3
6500,Shanor-Northvue,Shanor-Northvue,PA,Pennsylvania,42019,Butler,40.9104,-79.9157,5107,291,polygon,FALSE,TRUE,America/New_York,3
6501,Utica,Utica,MI,Michigan,26099,Macomb,42.629,-83.0218,5107,1121,polygon,FALSE,TRUE,America/Detroit,3
6502,San Leon,San Leon,TX,Texas,48167,Galveston,29.4901,-94.9403,5106,419,polygon,FALSE,FALSE,America/Chicago,3
6503,Schuylkill Haven,Schuylkill Haven,PA,Pennsylvania,42107,Schuylkill,40.6284,-76.1729,5106,1410,polygon,FALSE,TRUE,America/New_York,3
6504,Poplar Grove,Poplar Grove,IL,Illinois,17007,Boone,42.3516,-88.8353,5104,257,polygon,FALSE,TRUE,America/Chicago,3
6505,Scott City,Scott City,MO,Missouri,29201,Scott,37.2243,-89.536,5104,357,polygon,FALSE,TRUE,America/Chicago,3
6506,Portland,Portland,MI,Michigan,26067,Ionia,42.8696,-84.899,5104,579,polygon,FALSE,TRUE,America/Detroit,3
6507,Buellton,Buellton,CA,California,6083,Santa Barbara,34.6152,-120.1943,5102,1245,polygon,FALSE,TRUE,America/Los_Angeles,3
6508,Daleville,Daleville,AL,Alabama,1045,Dale,31.2915,-85.7117,5102,139,polygon,FALSE,TRUE,America/Chicago,3
6509,Belleview,Belleview,FL,Florida,12083,Marion,29.0609,-82.0565,5101,507,polygon,FALSE,TRUE,America/New_York,3
6510,Chadron,Chadron,NE,Nebraska,31045,Dawes,42.826,-103.0025,5101,535,polygon,FALSE,TRUE,America/Denver,3
6511,South Pasadena,South Pasadena,FL,Florida,12103,Pinellas,27.7526,-82.7394,5095,3224,polygon,FALSE,TRUE,America/New_York,2
6512,Brownfields,Brownfields,LA,Louisiana,22033,East Baton Rouge,30.5467,-91.1225,5092,474,polygon,FALSE,FALSE,America/Chicago,3
6513,Mayfair,Mayfair,CA,California,6019,Fresno,36.7693,-119.7612,5091,3791,polygon,FALSE,TRUE,America/Los_Angeles,2
6514,Rio Hondo,Rio Hondo,TX,Texas,48061,Cameron,26.2347,-97.5817,5082,619,polygon,FALSE,TRUE,America/Chicago,3
6515,North Fond du Lac,North Fond du Lac,WI,Wisconsin,55039,Fond du Lac,43.8107,-88.4861,5081,924,polygon,FALSE,TRUE,America/Chicago,3
6516,Crestwood,Crestwood,KY,Kentucky,21185,Oldham,38.3356,-85.4839,5081,484,polygon,FALSE,TRUE,America/New_York,3
6517,Paradise Hills,Paradise Hills,NM,New Mexico,35001,Bernalillo,35.1981,-106.7023,5079,1917,polygon,FALSE,FALSE,America/Denver,3
6518,Fox Chapel,Fox Chapel,PA,Pennsylvania,42003,Allegheny,40.5247,-79.8898,5076,249,polygon,FALSE,TRUE,America/New_York,3
6519,Midway North,Midway North,TX,Texas,48215,Hidalgo,26.1872,-98.0188,5074,1086,polygon,FALSE,TRUE,America/Chicago,3
6520,Offutt AFB,Offutt AFB,NE,Nebraska,31153,Sarpy,41.1207,-95.9209,5074,494,polygon,TRUE,TRUE,America/Chicago,3
6521,De Motte,De Motte,IN,Indiana,18073,Jasper,41.1988,-87.1973,5073,447,polygon,FALSE,TRUE,America/Chicago,3
6522,Glencoe,Glencoe,AL,Alabama,1055,Etowah,33.9449,-85.9319,5071,116,polygon,FALSE,TRUE,America/Chicago,3
6523,McKenzie,McKenzie,TN,Tennessee,47017,Carroll,36.1371,-88.5077,5070,324,polygon,FALSE,TRUE,America/Chicago,3
6524,Bay Hill,Bay Hill,FL,Florida,12095,Orange,28.4558,-81.5122,5066,823,polygon,FALSE,FALSE,America/New_York,3
6525,Doffing,Doffing,TX,Texas,48215,Hidalgo,26.2788,-98.3856,5065,451,polygon,FALSE,FALSE,America/Chicago,3
6526,Kings Park,Kings Park,VA,Virginia,51059,Fairfax,38.8026,-77.2396,5064,1503,polygon,FALSE,FALSE,America/New_York,3
6527,Munroe Falls,Munroe Falls,OH,Ohio,39153,Summit,41.1386,-81.4344,5063,705,polygon,FALSE,TRUE,America/New_York,3
6528,Canutillo,Canutillo,TX,Texas,48141,El Paso,31.9185,-106.6006,5061,713,polygon,FALSE,FALSE,America/Denver,3
6529,Monee,Monee,IL,Illinois,17197,Will,41.4181,-87.7499,5061,439,polygon,FALSE,TRUE,America/Chicago,3
6530,Williamston,Williamston,NC,North Carolina,37117,Martin,35.8468,-77.0655,5060,457,polygon,FALSE,TRUE,America/New_York,3
6531,Buckley,Buckley,WA,Washington,53053,Pierce,47.1615,-122.02,5058,505,polygon,FALSE,TRUE,America/Los_Angeles,3
6532,Gretna,Gretna,NE,Nebraska,31153,Sarpy,41.1319,-96.2447,5058,802,polygon,FALSE,TRUE,America/Chicago,3
6533,Stewartstown,Stewartstown,PA,Pennsylvania,42133,York,39.7528,-76.5925,5057,1037,polygon,FALSE,TRUE,America/New_York,3
6534,Garnet,Garnet,CA,California,6065,Riverside,33.9179,-116.4796,5057,247,polygon,FALSE,FALSE,America/Los_Angeles,3
6535,Clifton,Clifton,AZ,Arizona,4011,Greenlee,33.0249,-109.2883,5049,98,polygon,FALSE,TRUE,America/Phoenix,3
6536,Livingston,Livingston,TX,Texas,48373,Polk,30.71,-94.9381,5048,231,polygon,FALSE,TRUE,America/Chicago,3
6537,Berkeley,Berkeley,IL,Illinois,17031,Cook,41.8891,-87.9114,5048,1390,polygon,FALSE,TRUE,America/Chicago,3
6538,Vancleave,Vancleave,MS,Mississippi,28059,Jackson,30.5483,-88.6675,5048,45,polygon,FALSE,FALSE,America/Chicago,3
6539,Carver,Carver,MN,Minnesota,27019,Carver,44.76,-93.6305,5046,440,polygon,FALSE,TRUE,America/Chicago,3
6540,Yarmouth Port,Yarmouth Port,MA,Massachusetts,25001,Barnstable,41.71,-70.2257,5045,323,polygon,FALSE,FALSE,America/New_York,3
6541,Dundee,Dundee,FL,Florida,12105,Polk,28.0115,-81.5995,5044,185,polygon,FALSE,TRUE,America/New_York,3
6542,Summit,Summit,WI,Wisconsin,55133,Waukesha,43.0504,-88.4815,5041,92,polygon,FALSE,TRUE,America/Chicago,3
6543,Morganville,Morganville,NJ,New Jersey,34025,Monmouth,40.3756,-74.2444,5041,359,polygon,FALSE,FALSE,America/New_York,3
6544,Bowie,Bowie,TX,Texas,48337,Montague,33.5566,-97.844,5040,357,polygon,FALSE,TRUE,America/Chicago,3
6545,Amelia,Amelia,OH,Ohio,39025,Clermont,39.0229,-84.2184,5039,1085,polygon,FALSE,FALSE,America/New_York,3
6546,Harrisburg,Harrisburg,SD,South Dakota,46083,Lincoln,43.4321,-96.7037,5038,707,polygon,FALSE,TRUE,America/Chicago,3
6547,Mechanicville,Mechanicville,NY,New York,36091,Saratoga,42.9037,-73.6895,5037,2313,polygon,FALSE,TRUE,America/New_York,2
6548,Krum,Krum,TX,Texas,48121,Denton,33.2652,-97.2256,5036,783,polygon,FALSE,TRUE,America/Chicago,3
6549,East Flat Rock,East Flat Rock,NC,North Carolina,37089,Henderson,35.2802,-82.4171,5036,453,polygon,FALSE,FALSE,America/New_York,3
6550,Barling,Barling,AR,Arkansas,5131,Sebastian,35.3284,-94.2792,5036,189,polygon,FALSE,TRUE,America/Chicago,3
6551,Citrus Park,Citrus Park,AZ,Arizona,4013,Maricopa,33.5304,-112.444,5033,335,polygon,FALSE,FALSE,America/Phoenix,3
6552,Whiskey Creek,Whiskey Creek,FL,Florida,12071,Lee,26.5733,-81.8903,5030,1257,polygon,FALSE,FALSE,America/New_York,3
6553,La Crescent,La Crescent,MN,Minnesota,27055,Houston,43.8299,-91.3043,5029,582,polygon,FALSE,TRUE,America/Chicago,3
6554,King George,King George,VA,Virginia,51099,King George,38.2807,-77.1896,5028,180,polygon,FALSE,FALSE,America/New_York,3
6555,Summit,Summit,AZ,Arizona,4019,Pima,32.0619,-110.9483,5027,523,polygon,FALSE,FALSE,America/Phoenix,3
6556,Olyphant,Olyphant,PA,Pennsylvania,42069,Lackawanna,41.4507,-75.5753,5023,356,polygon,FALSE,TRUE,America/New_York,3
6557,Dulles Town Center,Dulles Town Center,VA,Virginia,51107,Loudoun,39.0265,-77.4196,5023,807,polygon,FALSE,FALSE,America/New_York,3
6558,Sea Cliff,Sea Cliff,NY,New York,36059,Nassau,40.8441,-73.6442,5020,1738,polygon,FALSE,TRUE,America/New_York,3
6559,Abbeville,Abbeville,SC,South Carolina,45001,Abbeville,34.1787,-82.3774,5019,311,polygon,FALSE,TRUE,America/New_York,3
6560,Caruthersville,Caruthersville,MO,Missouri,29155,Pemiscot,36.1814,-89.6664,5017,400,polygon,FALSE,TRUE,America/Chicago,3
6561,West Salem,West Salem,WI,Wisconsin,55063,La Crosse,43.8989,-91.0883,5015,578,polygon,FALSE,TRUE,America/Chicago,3
6562,Mullins,Mullins,SC,South Carolina,45067,Marion,34.2042,-79.2535,5010,533,polygon,FALSE,TRUE,America/New_York,3
6563,Swoyersville,Swoyersville,PA,Pennsylvania,42079,Luzerne,41.2975,-75.8799,5009,910,polygon,FALSE,TRUE,America/New_York,3
6564,Greenfield,Greenfield,OH,Ohio,39071,Highland,39.3535,-83.3884,5008,846,polygon,FALSE,TRUE,America/New_York,3
6565,Hudson,Hudson,TX,Texas,48005,Angelina,31.3285,-94.8014,5005,381,polygon,FALSE,TRUE,America/Chicago,3
6566,Dwight,Dwight,IL,Illinois,17105,Livingston,41.0987,-88.424,5005,490,polygon,FALSE,TRUE,America/Chicago,3
6567,Ridgeland,Ridgeland,SC,South Carolina,45053,Jasper,32.468,-80.9176,5005,30,polygon,FALSE,TRUE,America/New_York,3
6568,Worland,Worland,WY,Wyoming,56043,Washakie,44.0026,-107.9543,5003,422,polygon,FALSE,TRUE,America/Denver,3
6569,Oak Park Heights,Oak Park Heights,MN,Minnesota,27163,Washington,45.0324,-92.8099,5003,667,polygon,FALSE,TRUE,America/Chicago,3
6570,Midfield,Midfield,AL,Alabama,1073,Jefferson,33.4552,-86.9226,5002,727,polygon,FALSE,TRUE,America/Chicago,3
6571,Gillespie,Gillespie,IL,Illinois,17117,Macoupin,39.1258,-89.8173,5002,803,polygon,FALSE,TRUE,America/Chicago,3
6572,Hockinson,Hockinson,WA,Washington,53011,Clark,45.7302,-122.4833,5001,140,polygon,FALSE,FALSE,America/Los_Angeles,3
6573,Montevideo,Montevideo,MN,Minnesota,27023,Chippewa,44.9505,-95.7153,5001,413,polygon,FALSE,TRUE,America/Chicago,3
6574,Port LaBelle,Port LaBelle,FL,Florida,12051,Hendry,26.7493,-81.3876,5000,238,polygon,FALSE,FALSE,America/New_York,3
6575,Timnath,Timnath,CO,Colorado,8069,Larimer,40.5343,-104.962,4998,306,polygon,FALSE,TRUE,America/Denver,3
6576,Dellwood,Dellwood,MO,Missouri,29189,St. Louis,38.7564,-90.2767,4997,1863,polygon,FALSE,TRUE,America/Chicago,3
6577,South Barrington,South Barrington,IL,Illinois,17031,Cook,42.0881,-88.158,4996,259,polygon,FALSE,TRUE,America/Chicago,3
6578,Milan,Milan,IL,Illinois,17161,Rock Island,41.4415,-90.5593,4991,308,polygon,FALSE,TRUE,America/Chicago,3
6579,Avondale,Avondale,LA,Louisiana,22051,Jefferson,29.9072,-90.1933,4989,346,polygon,FALSE,FALSE,America/Chicago,3
6580,Pittsburg,Pittsburg,TX,Texas,48063,Camp,32.9997,-94.9668,4988,503,polygon,FALSE,TRUE,America/Chicago,3
6581,Highgrove,Highgrove,CA,California,6065,Riverside,34.0106,-117.3098,4986,598,polygon,FALSE,FALSE,America/Los_Angeles,3
6582,Loughman,Loughman,FL,Florida,12105,Polk,28.2381,-81.5685,4984,563,polygon,FALSE,FALSE,America/New_York,3
6583,Beckett,Beckett,NJ,New Jersey,34015,Gloucester,39.7565,-75.3564,4983,1098,polygon,FALSE,FALSE,America/New_York,3
6584,Glen Head,Glen Head,NY,New York,36059,Nassau,40.845,-73.618,4983,1171,polygon,FALSE,FALSE,America/New_York,3
6585,Glasgow Village,Glasgow Village,MO,Missouri,29189,St. Louis,38.7579,-90.1984,4981,1996,polygon,FALSE,FALSE,America/Chicago,3
6586,Huxley,Huxley,IA,Iowa,19169,Story,41.8963,-93.5914,4980,485,polygon,FALSE,TRUE,America/Chicago,3
6587,Harrah,Harrah,OK,Oklahoma,40109,Oklahoma,35.4779,-97.1857,4980,206,polygon,FALSE,TRUE,America/Chicago,3
6588,Johnstown,Johnstown,OH,Ohio,39089,Licking,40.15,-82.6881,4977,659,polygon,FALSE,TRUE,America/New_York,3
6589,Princeton,Princeton,MN,Minnesota,27095,Mille Lacs,45.5689,-93.59,4975,383,polygon,FALSE,TRUE,America/Chicago,3
6590,Berryville,Berryville,AR,Arkansas,5015,Carroll,36.3713,-93.5704,4974,352,polygon,FALSE,TRUE,America/Chicago,3
6591,Gibson,Gibson,AR,Arkansas,5119,Pulaski,34.8923,-92.2341,4972,403,polygon,FALSE,FALSE,America/Chicago,3
6592,Alexandria,Alexandria,IN,Indiana,18095,Madison,40.2584,-85.676,4968,729,polygon,FALSE,TRUE,America/Indiana/Indianapolis,3
6593,Muleshoe,Muleshoe,TX,Texas,48017,Bailey,34.2292,-102.7284,4967,564,polygon,FALSE,TRUE,America/Chicago,3
6594,Winnsboro,Winnsboro,LA,Louisiana,22041,Franklin,32.1651,-91.721,4967,439,polygon,FALSE,TRUE,America/Chicago,3
6595,Westvale,Westvale,NY,New York,36067,Onondaga,43.04,-76.2177,4964,1404,polygon,FALSE,FALSE,America/New_York,3
6596,White Hall,White Hall,AR,Arkansas,5069,Jefferson,34.2737,-92.1005,4963,274,polygon,FALSE,TRUE,America/Chicago,3
6597,Adairsville,Adairsville,GA,Georgia,13015,Bartow,34.3708,-84.9211,4963,204,polygon,FALSE,TRUE,America/New_York,3
6598,Jonesboro,Jonesboro,GA,Georgia,13063,Clayton,33.5212,-84.3541,4962,757,polygon,FALSE,TRUE,America/New_York,3
6599,Poolesville,Poolesville,MD,Maryland,24031,Montgomery,39.1423,-77.4102,4960,515,polygon,FALSE,TRUE,America/New_York,3
6600,Parker,Parker,AZ,Arizona,4012,La Paz,34.0286,-114.2224,4959,56,polygon,FALSE,TRUE,America/Phoenix,3
6601,Carrollton,Carrollton,KY,Kentucky,21041,Carroll,38.68,-85.1656,4958,716,polygon,FALSE,TRUE,America/New_York,3
6602,Everson,Everson,WA,Washington,53073,Whatcom,48.9123,-122.351,4957,839,polygon,FALSE,TRUE,America/Los_Angeles,3
6603,Clementon,Clementon,NJ,New Jersey,34007,Camden,39.8046,-74.9851,4957,1011,polygon,FALSE,TRUE,America/New_York,3
6604,Raeford,Raeford,NC,North Carolina,37093,Hoke,34.981,-79.2291,4956,446,polygon,FALSE,TRUE,America/New_York,3
6605,Wellington,Wellington,OH,Ohio,39093,Lorain,41.161,-82.2268,4955,522,polygon,FALSE,TRUE,America/New_York,3
6606,Carlyss,Carlyss,LA,Louisiana,22019,Calcasieu,30.1761,-93.3704,4953,172,polygon,FALSE,FALSE,America/Chicago,3
6607,Cicero,Cicero,IN,Indiana,18057,Hamilton,40.1247,-86.0242,4953,1174,polygon,FALSE,TRUE,America/Indiana/Indianapolis,3
6608,Sissonville,Sissonville,WV,West Virginia,54039,Kanawha,38.5042,-81.6398,4951,149,polygon,FALSE,FALSE,America/New_York,3
6609,Westlake,Westlake,LA,Louisiana,22019,Calcasieu,30.2606,-93.2638,4951,518,polygon,FALSE,TRUE,America/Chicago,3
6610,Kingsford,Kingsford,MI,Michigan,26043,Dickinson,45.8061,-88.0994,4951,441,polygon,FALSE,TRUE,America/Menominee,3
6611,Wildwood,Wildwood,NJ,New Jersey,34009,Cape May,38.9877,-74.8188,4948,1239,polygon,FALSE,TRUE,America/New_York,3
6612,Stafford Springs,Stafford Springs,CT,Connecticut,9013,Tolland,41.9595,-72.3105,4947,299,polygon,FALSE,FALSE,America/New_York,3
6613,Alvarado,Alvarado,TX,Texas,48251,Johnson,32.4068,-97.2149,4945,421,polygon,FALSE,TRUE,America/Chicago,3
6614,Centreville,Centreville,MD,Maryland,24035,Queen Anne's,39.042,-76.0631,4944,697,polygon,FALSE,TRUE,America/New_York,3
6615,Prairie Grove,Prairie Grove,AR,Arkansas,5143,Washington,35.9858,-94.3048,4943,280,polygon,FALSE,TRUE,America/Chicago,3
6616,Chain Lake,Chain Lake,WA,Washington,53061,Snohomish,47.9038,-121.9861,4942,180,polygon,FALSE,TRUE,America/Los_Angeles,3
6617,Jasper,Jasper,FL,Florida,12047,Hamilton,30.5062,-82.954,4941,664,polygon,FALSE,TRUE,America/New_York,3
6618,Circle Pines,Circle Pines,MN,Minnesota,27003,Anoka,45.1409,-93.1505,4938,1090,polygon,FALSE,TRUE,America/Chicago,3
6619,Concordia,Concordia,KS,Kansas,20029,Cloud,39.5669,-97.6466,4936,427,polygon,FALSE,TRUE,America/Chicago,3
6620,Eagleville,Eagleville,PA,Pennsylvania,42091,Montgomery,40.1604,-75.409,4934,1179,polygon,FALSE,FALSE,America/New_York,3
6621,Maize,Maize,KS,Kansas,20173,Sedgwick,37.7748,-97.462,4934,197,polygon,FALSE,TRUE,America/Chicago,3
6622,Pleasant Garden,Pleasant Garden,NC,North Carolina,37081,Guilford,35.9595,-79.7599,4932,126,polygon,FALSE,TRUE,America/New_York,3
6623,Long View,Long View,NC,North Carolina,37035,Catawba,35.7217,-81.3858,4930,475,polygon,FALSE,TRUE,America/New_York,3
6624,Farmville,Farmville,NC,North Carolina,37147,Pitt,35.5955,-77.5913,4928,545,polygon,FALSE,TRUE,America/New_York,3
6625,Falmouth,Falmouth,VA,Virginia,51179,Stafford,38.3319,-77.4655,4928,610,polygon,FALSE,FALSE,America/New_York,3
6626,Montrose-Ghent,Montrose-Ghent,OH,Ohio,39153,Summit,41.1538,-81.6438,4928,202,polygon,FALSE,TRUE,America/New_York,3
6627,Northvale,Northvale,NJ,New Jersey,34003,Bergen,41.0099,-73.9505,4927,1503,polygon,FALSE,TRUE,America/New_York,3
6628,Crystal Springs,Crystal Springs,MS,Mississippi,28029,Copiah,31.9903,-90.354,4925,335,polygon,FALSE,TRUE,America/Chicago,3
6629,Belvedere,Belvedere,SC,South Carolina,45003,Aiken,33.5369,-81.9424,4925,551,polygon,FALSE,FALSE,America/New_York,3
6630,Toronto,Toronto,OH,Ohio,39081,Jefferson,40.4581,-80.6096,4923,911,polygon,FALSE,TRUE,America/New_York,3
6631,Royal Pines,Royal Pines,NC,North Carolina,37021,Buncombe,35.4783,-82.5038,4921,700,polygon,FALSE,FALSE,America/New_York,3
6632,Wheatley Heights,Wheatley Heights,NY,New York,36103,Suffolk,40.7625,-73.3704,4921,1445,polygon,FALSE,FALSE,America/New_York,3
6633,Silver Hill,Silver Hill,MD,Maryland,24033,Prince George's,38.8392,-76.9367,4921,1418,polygon,FALSE,FALSE,America/New_York,3
6634,Bolivar,Bolivar,TN,Tennessee,47069,Hardeman,35.2645,-89.0118,4914,234,polygon,FALSE,TRUE,America/Chicago,3
6635,Midway,Midway,NC,North Carolina,37057,Davidson,35.9751,-80.2204,4912,243,polygon,FALSE,TRUE,America/New_York,3
6636,St. Joseph,St. Joseph,IL,Illinois,17019,Champaign,40.1141,-88.0354,4911,715,polygon,FALSE,TRUE,America/Chicago,3
6637,Eastwood,Eastwood,LA,Louisiana,22015,Bossier,32.5606,-93.5625,4910,298,polygon,FALSE,FALSE,America/Chicago,3
6638,Buena Vista,Buena Vista,CO,Colorado,8015,Chaffee,38.832,-106.1386,4910,325,polygon,FALSE,TRUE,America/Denver,3
6639,New Haven,New Haven,MI,Michigan,26099,Macomb,42.7306,-82.7953,4907,749,polygon,FALSE,TRUE,America/Detroit,3
6640,Deale,Deale,MD,Maryland,24003,Anne Arundel,38.791,-76.5469,4905,356,polygon,FALSE,FALSE,America/New_York,3
6641,Prospect,Prospect,KY,Kentucky,21111,Jefferson,38.3471,-85.6103,4905,494,polygon,FALSE,TRUE,America/New_York,3
6642,Butler Beach,Butler Beach,FL,Florida,12109,St. Johns,29.798,-81.2653,4904,744,polygon,FALSE,FALSE,America/New_York,3
6643,Sugarcreek,Sugarcreek,PA,Pennsylvania,42121,Venango,41.438,-79.8183,4904,50,polygon,FALSE,TRUE,America/New_York,3
6644,Bridgeville,Bridgeville,PA,Pennsylvania,42003,Allegheny,40.3578,-80.1061,4903,1727,polygon,FALSE,TRUE,America/New_York,3
6645,Winona Lake,Winona Lake,IN,Indiana,18085,Kosciusko,41.2166,-85.8106,4902,684,polygon,FALSE,TRUE,America/Indiana/Indianapolis,3
6646,Terryville,Terryville,CT,Connecticut,9005,Litchfield,41.6784,-73.0064,4900,685,polygon,FALSE,FALSE,America/New_York,3
6647,Greenbrier,Greenbrier,AR,Arkansas,5045,Faulkner,35.2289,-92.3836,4898,275,polygon,FALSE,TRUE,America/Chicago,3
6648,Centreville,Centreville,IL,Illinois,17163,St. Clair,38.5798,-90.1039,4897,451,polygon,FALSE,TRUE,America/Chicago,3
6649,Iowa Falls,Iowa Falls,IA,Iowa,19083,Hardin,42.519,-93.2662,4897,362,polygon,FALSE,TRUE,America/Chicago,3
6650,Lake Worth,Lake Worth,TX,Texas,48439,Tarrant,32.813,-97.4306,4896,767,polygon,FALSE,TRUE,America/Chicago,3
6651,Hazardville,Hazardville,CT,Connecticut,9003,Hartford,41.9899,-72.5256,4896,574,polygon,FALSE,FALSE,America/New_York,3
6652,Macon,Macon,MO,Missouri,29121,Macon,39.7424,-92.4712,4895,343,polygon,FALSE,TRUE,America/Chicago,3
6653,Sawgrass,Sawgrass,FL,Florida,12109,St. Johns,30.19,-81.3704,4894,624,polygon,FALSE,FALSE,America/New_York,3
6654,Demarest,Demarest,NJ,New Jersey,34003,Bergen,40.955,-73.9567,4894,912,polygon,FALSE,TRUE,America/New_York,3
6655,Telford,Telford,PA,Pennsylvania,42091,Montgomery,40.3259,-75.3274,4894,1876,polygon,FALSE,TRUE,America/New_York,3
6656,Cashmere,Cashmere,WA,Washington,53007,Chelan,47.5177,-120.4673,4893,1052,polygon,FALSE,TRUE,America/Los_Angeles,3
6657,Hawaiian Ocean View,Hawaiian Ocean View,HI,Hawaii,15001,Hawaii,19.0959,-155.775,4891,52,polygon,FALSE,FALSE,Pacific/Honolulu,3
6658,Lake San Marcos,Lake San Marcos,CA,California,6073,San Diego,33.1196,-117.2088,4890,1106,polygon,FALSE,FALSE,America/Los_Angeles,3
6659,Flower Hill,Flower Hill,NY,New York,36059,Nassau,40.8075,-73.6755,4889,1167,polygon,FALSE,TRUE,America/New_York,3
6660,Kayenta,Kayenta,AZ,Arizona,4017,Navajo,36.7144,-110.2589,4889,143,polygon,FALSE,FALSE,America/Denver,3
6661,Salem,Salem,MO,Missouri,29065,Dent,37.6399,-91.5346,4889,598,polygon,FALSE,TRUE,America/Chicago,3
6662,Massac,Massac,KY,Kentucky,21145,McCracken,37.0335,-88.6859,4888,468,polygon,FALSE,FALSE,America/Chicago,3
6663,Big Pine Key,Big Pine Key,FL,Florida,12087,Monroe,24.6892,-81.3676,4887,184,polygon,FALSE,FALSE,America/New_York,3
6664,Island Park,Island Park,NY,New York,36059,Nassau,40.6051,-73.6553,4886,4241,polygon,FALSE,TRUE,America/New_York,2
6665,Blue Point,Blue Point,NY,New York,36103,Suffolk,40.7518,-73.0352,4882,1046,polygon,FALSE,FALSE,America/New_York,3
6666,Desloge,Desloge,MO,Missouri,29187,St. Francois,37.8751,-90.5192,4882,645,polygon,FALSE,TRUE,America/Chicago,3
6667,Davison,Davison,MI,Michigan,26049,Genesee,43.0319,-83.5186,4881,948,polygon,FALSE,TRUE,America/Detroit,3
6668,West Columbia,West Columbia,TX,Texas,48039,Brazoria,29.1422,-95.649,4880,589,polygon,FALSE,TRUE,America/Chicago,3
6669,Punta Santiago,Punta Santiago,PR,Puerto Rico,72069,Humacao,18.1619,-65.7584,4880,1212,polygon,FALSE,FALSE,America/Puerto_Rico,3
6670,Candlewick Lake,Candlewick Lake,IL,Illinois,17007,Boone,42.3524,-88.8693,4877,1018,polygon,FALSE,FALSE,America/Chicago,3
6671,New Lexington,New Lexington,OH,Ohio,39127,Perry,39.716,-82.208,4876,926,polygon,FALSE,TRUE,America/New_York,3
6672,Vandergrift,Vandergrift,PA,Pennsylvania,42129,Westmoreland,40.5994,-79.5748,4875,1383,polygon,FALSE,TRUE,America/New_York,3
6673,Grandyle Village,Grandyle Village,NY,New York,36029,Erie,42.9866,-78.9524,4873,1000,polygon,FALSE,FALSE,America/Toronto,3
6674,Miami Heights,Miami Heights,OH,Ohio,39061,Hamilton,39.1687,-84.7152,4873,535,polygon,FALSE,FALSE,America/New_York,3
6675,Mayville,Mayville,WI,Wisconsin,55027,Dodge,43.4986,-88.5475,4871,580,polygon,FALSE,TRUE,America/Chicago,3
6676,Denton,Denton,MD,Maryland,24011,Caroline,38.8769,-75.8265,4871,330,polygon,FALSE,TRUE,America/New_York,3
6677,Hunters Creek Village,Hunters Creek Village,TX,Texas,48201,Harris,29.7715,-95.4987,4869,962,polygon,FALSE,TRUE,America/Chicago,3
6678,Vinton,Vinton,IA,Iowa,19011,Benton,42.1631,-92.026,4869,401,polygon,FALSE,TRUE,America/Chicago,3
6679,Shenandoah,Shenandoah,IA,Iowa,19145,Page,40.7583,-95.372,4869,496,polygon,FALSE,TRUE,America/Chicago,3
6680,Middlefield,Middlefield,OH,Ohio,39055,Geauga,41.4604,-81.0734,4869,342,polygon,FALSE,TRUE,America/New_York,3
6681,Lake Barrington,Lake Barrington,IL,Illinois,17097,Lake,42.2121,-88.1684,4868,327,polygon,FALSE,TRUE,America/Chicago,3
6682,Carle Place,Carle Place,NY,New York,36059,Nassau,40.75,-73.6122,4867,2009,polygon,FALSE,FALSE,America/New_York,2
6683,Berlin,Berlin,MD,Maryland,24047,Worcester,38.3309,-75.215,4866,558,polygon,FALSE,TRUE,America/New_York,3
6684,Clarks Summit,Clarks Summit,PA,Pennsylvania,42069,Lackawanna,41.4902,-75.7065,4865,1184,polygon,FALSE,TRUE,America/New_York,3
6685,Vamo,Vamo,FL,Florida,12115,Sarasota,27.2254,-82.4944,4862,1281,polygon,FALSE,FALSE,America/New_York,3
6686,Diboll,Diboll,TX,Texas,48005,Angelina,31.1881,-94.783,4861,423,polygon,FALSE,TRUE,America/Chicago,3
6687,East Harwich,East Harwich,MA,Massachusetts,25001,Barnstable,41.7081,-70.0339,4859,233,polygon,FALSE,FALSE,America/New_York,3
6688,Schlusser,Schlusser,PA,Pennsylvania,42041,Cumberland,40.2421,-77.1778,4857,690,polygon,FALSE,FALSE,America/New_York,3
6689,West Bay Shore,West Bay Shore,NY,New York,36103,Suffolk,40.708,-73.2719,4853,856,polygon,FALSE,FALSE,America/New_York,3
6690,Chittenango,Chittenango,NY,New York,36053,Madison,43.0462,-75.8749,4852,753,polygon,FALSE,TRUE,America/New_York,3
6691,Duryea,Duryea,PA,Pennsylvania,42079,Luzerne,41.3537,-75.7758,4852,337,polygon,FALSE,TRUE,America/New_York,3
6692,Palmetto,Palmetto,GA,Georgia,13121,Fulton,33.5311,-84.6677,4851,157,polygon,FALSE,TRUE,America/New_York,3
6693,Manheim,Manheim,PA,Pennsylvania,42071,Lancaster,40.1631,-76.3963,4849,1354,polygon,FALSE,TRUE,America/New_York,3
6694,Whitehouse,Whitehouse,OH,Ohio,39095,Lucas,41.5215,-83.7957,4845,434,polygon,FALSE,TRUE,America/New_York,3
6695,Manchester,Manchester,IA,Iowa,19055,Delaware,42.4854,-91.4556,4844,396,polygon,FALSE,TRUE,America/Chicago,3
6696,Sulphur,Sulphur,OK,Oklahoma,40099,Murray,34.4977,-96.9899,4842,283,polygon,FALSE,TRUE,America/Chicago,3
6697,Highland Lakes,Highland Lakes,NJ,New Jersey,34037,Sussex,41.1716,-74.4643,4840,432,polygon,FALSE,FALSE,America/New_York,3
6698,Rutherford,Rutherford,PA,Pennsylvania,42043,Dauphin,40.2696,-76.7678,4838,1506,polygon,FALSE,FALSE,America/New_York,3
6699,Normandy,Normandy,MO,Missouri,29189,St. Louis,38.7071,-90.3009,4838,1008,polygon,FALSE,TRUE,America/Chicago,3
6700,Bluefield,Bluefield,VA,Virginia,51185,Tazewell,37.2351,-81.2751,4837,196,polygon,FALSE,TRUE,America/New_York,3
6701,Childersburg,Childersburg,AL,Alabama,1121,Talladega,33.2961,-86.3457,4837,151,polygon,FALSE,TRUE,America/Chicago,3
6702,Layhill,Layhill,MD,Maryland,24031,Montgomery,39.087,-77.0401,4836,1181,polygon,FALSE,FALSE,America/New_York,3
6703,Porter,Porter,IN,Indiana,18127,Porter,41.6257,-87.0801,4834,302,polygon,FALSE,TRUE,America/Chicago,3
6704,Green Tree,Green Tree,PA,Pennsylvania,42003,Allegheny,40.417,-80.0544,4832,898,polygon,FALSE,TRUE,America/New_York,3
6705,Arnold,Arnold,PA,Pennsylvania,42129,Westmoreland,40.5789,-79.7653,4831,2548,polygon,FALSE,TRUE,America/New_York,2
6706,Rockford,Rockford,MN,Minnesota,27171,Wright,45.092,-93.7453,4831,687,polygon,FALSE,TRUE,America/Chicago,3
6707,West Milton,West Milton,OH,Ohio,39109,Miami,39.9585,-84.3262,4828,574,polygon,FALSE,TRUE,America/New_York,3
6708,Medical Lake,Medical Lake,WA,Washington,53063,Spokane,47.5712,-117.6893,4827,568,polygon,FALSE,TRUE,America/Los_Angeles,3
6709,West Elmira,West Elmira,NY,New York,36015,Chemung,42.0879,-76.8473,4827,613,polygon,FALSE,FALSE,America/New_York,3
6710,Stone Park,Stone Park,IL,Illinois,17031,Cook,41.9033,-87.8806,4826,5423,polygon,FALSE,TRUE,America/Chicago,2
6711,Fairfield,Fairfield,IL,Illinois,17191,Wayne,38.3799,-88.3724,4826,472,polygon,FALSE,TRUE,America/Chicago,3
6712,Pascoag,Pascoag,RI,Rhode Island,44007,Providence,41.9518,-71.7041,4824,371,polygon,FALSE,FALSE,America/New_York,3
6713,Chattahoochee,Chattahoochee,FL,Florida,12039,Gadsden,30.6977,-84.8341,4823,220,polygon,FALSE,TRUE,America/New_York,3
6714,Hummelstown,Hummelstown,PA,Pennsylvania,42043,Dauphin,40.2657,-76.7126,4823,1499,polygon,FALSE,TRUE,America/New_York,3
6715,Hartsdale,Hartsdale,NY,New York,36119,Westchester,41.0153,-73.8036,4822,2080,polygon,FALSE,FALSE,America/New_York,2
6716,Hugo,Hugo,OK,Oklahoma,40023,Choctaw,34.0121,-95.5115,4822,303,polygon,FALSE,TRUE,America/Chicago,3
6717,Caro,Caro,MI,Michigan,26157,Tuscola,43.489,-83.4025,4821,525,polygon,FALSE,TRUE,America/Detroit,3
6718,Hendron,Hendron,KY,Kentucky,21145,McCracken,37.0346,-88.6437,4821,360,polygon,FALSE,FALSE,America/Chicago,3
6719,Forest Hills,Forest Hills,TN,Tennessee,47037,Davidson,36.0651,-86.8403,4820,201,polygon,FALSE,TRUE,America/Chicago,3
6720,New Burlington,New Burlington,OH,Ohio,39061,Hamilton,39.2624,-84.552,4819,601,polygon,FALSE,FALSE,America/New_York,3
6721,Whitfield,Whitfield,PA,Pennsylvania,42011,Berks,40.3358,-76.0048,4813,1773,polygon,FALSE,FALSE,America/New_York,3
6722,Windsor Heights,Windsor Heights,IA,Iowa,19153,Polk,41.6043,-93.7128,4809,1298,polygon,FALSE,TRUE,America/Chicago,3
6723,Guerneville,Guerneville,CA,California,6097,Sonoma,38.5137,-122.9894,4808,191,polygon,FALSE,FALSE,America/Los_Angeles,3
6724,DeWitt,DeWitt,MI,Michigan,26037,Clinton,42.8364,-84.575,4808,654,polygon,FALSE,TRUE,America/Detroit,3
6725,West Sayville,West Sayville,NY,New York,36103,Suffolk,40.7294,-73.105,4806,966,polygon,FALSE,FALSE,America/New_York,3
6726,North Scituate,North Scituate,MA,Massachusetts,25023,Plymouth,42.2121,-70.7652,4804,494,polygon,FALSE,FALSE,America/New_York,3
6727,Bethel,Bethel,AK,Alaska,2050,Bethel,60.7928,-161.7917,4803,57,polygon,FALSE,TRUE,America/Anchorage,3
6728,Magnolia,Magnolia,TX,Texas,48339,Montgomery,30.2117,-95.7419,4799,285,polygon,FALSE,TRUE,America/Chicago,3
6729,Dallas,Dallas,NC,North Carolina,37071,Gaston,35.3167,-81.1827,4797,640,polygon,FALSE,TRUE,America/New_York,3
6730,East Quogue,East Quogue,NY,New York,36103,Suffolk,40.8489,-72.5783,4797,210,polygon,FALSE,FALSE,America/New_York,3
6731,West Jefferson,West Jefferson,OH,Ohio,39097,Madison,39.9481,-83.2983,4797,210,polygon,FALSE,TRUE,America/New_York,3
6732,Hyde Park,Hyde Park,UT,Utah,49005,Cache,41.8008,-111.8119,4797,425,polygon,FALSE,TRUE,America/Denver,3
6733,Goddard,Goddard,KS,Kansas,20173,Sedgwick,37.6658,-97.5621,4796,377,polygon,FALSE,TRUE,America/Chicago,3
6734,Richland Center,Richland Center,WI,Wisconsin,55103,Richland,43.3403,-90.384,4795,410,polygon,FALSE,TRUE,America/Chicago,3
6735,Hickory Creek,Hickory Creek,TX,Texas,48121,Denton,33.1114,-97.0313,4795,377,polygon,FALSE,TRUE,America/Chicago,3
6736,Temple,Temple,GA,Georgia,13045,Carroll,33.7342,-85.0289,4795,271,polygon,FALSE,TRUE,America/New_York,3
6737,Dillon,Dillon,MT,Montana,30001,Beaverhead,45.2177,-112.6348,4794,936,polygon,FALSE,TRUE,America/Denver,3
6738,Tucumcari,Tucumcari,NM,New Mexico,35037,Quay,35.17,-103.7046,4793,197,polygon,FALSE,TRUE,America/Denver,3
6739,Middletown,Middletown,MD,Maryland,24021,Frederick,39.4415,-77.5348,4792,873,polygon,FALSE,TRUE,America/New_York,3
6740,Santa Venetia,Santa Venetia,CA,California,6041,Marin,38.0055,-122.5032,4790,507,polygon,FALSE,FALSE,America/Los_Angeles,3
6741,Olympia Fields,Olympia Fields,IL,Illinois,17031,Cook,41.517,-87.6924,4790,629,polygon,FALSE,TRUE,America/Chicago,3
6742,Laureles,Laureles,TX,Texas,48061,Cameron,26.1168,-97.4875,4788,385,polygon,FALSE,FALSE,America/Chicago,3
6743,Hoopeston,Hoopeston,IL,Illinois,17183,Vermilion,40.4608,-87.6635,4788,524,polygon,FALSE,TRUE,America/Chicago,3
6744,Cape May Court House,Cape May Court House,NJ,New Jersey,34009,Cape May,39.079,-74.8207,4787,211,polygon,FALSE,FALSE,America/New_York,3
6745,Flanders,Flanders,NY,New York,36103,Suffolk,40.8925,-72.6049,4787,160,polygon,FALSE,FALSE,America/New_York,3
6746,Manchester,Manchester,KY,Kentucky,21051,Clay,37.1464,-83.7635,4787,177,polygon,FALSE,TRUE,America/New_York,3
6747,Sheldon,Sheldon,IA,Iowa,19141,O'Brien,43.1796,-95.8441,4786,421,polygon,FALSE,TRUE,America/Chicago,3
6748,DeQuincy,DeQuincy,LA,Louisiana,22019,Calcasieu,30.449,-93.4456,4785,372,polygon,FALSE,TRUE,America/Chicago,3
6749,Wolverine Lake,Wolverine Lake,MI,Michigan,26125,Oakland,42.555,-83.4883,4783,1468,polygon,FALSE,TRUE,America/Detroit,3
6750,Wamego,Wamego,KS,Kansas,20149,Pottawatomie,39.2054,-96.31,4782,773,polygon,FALSE,TRUE,America/Chicago,3
6751,Black Diamond,Black Diamond,WA,Washington,53033,King,47.313,-122.0181,4781,281,polygon,FALSE,TRUE,America/Los_Angeles,3
6752,Vandercook Lake,Vandercook Lake,MI,Michigan,26075,Jackson,42.1916,-84.3854,4781,402,polygon,FALSE,FALSE,America/Detroit,3
6753,Clifton Forge,Clifton Forge,VA,Virginia,51005,Alleghany,37.8232,-79.825,4778,446,polygon,FALSE,TRUE,America/New_York,3
6754,Landrum,Landrum,SC,South Carolina,45083,Spartanburg,35.1747,-82.1849,4776,382,polygon,FALSE,TRUE,America/New_York,3
6755,Post,Post,TX,Texas,48169,Garza,33.1911,-101.3814,4774,527,polygon,FALSE,TRUE,America/Chicago,3
6756,Sheridan,Sheridan,AR,Arkansas,5053,Grant,34.2995,-92.4226,4773,160,polygon,FALSE,TRUE,America/Chicago,3
6757,Wilmer,Wilmer,TX,Texas,48113,Dallas,32.5982,-96.6816,4772,289,polygon,FALSE,TRUE,America/Chicago,3
6758,Bells,Bells,TN,Tennessee,47033,Crockett,35.7203,-89.0859,4772,397,polygon,FALSE,TRUE,America/Chicago,3
6759,Nassau Village-Ratliff,Nassau Village-Ratliff,FL,Florida,12089,Nassau,30.5109,-81.8088,4769,125,polygon,FALSE,TRUE,America/New_York,3
6760,Berlin,Berlin,WI,Wisconsin,55047,Green Lake,43.9704,-88.9505,4768,359,polygon,FALSE,TRUE,America/Chicago,3
6761,New Boston,New Boston,TX,Texas,48037,Bowie,33.4612,-94.4182,4768,444,polygon,FALSE,TRUE,America/Chicago,3
6762,Lincoln Village,Lincoln Village,CA,California,6077,San Joaquin,38.0054,-121.3339,4768,2501,polygon,FALSE,FALSE,America/Los_Angeles,2
6763,Perry,Perry,OK,Oklahoma,40103,Noble,36.2844,-97.3088,4767,275,polygon,FALSE,TRUE,America/Chicago,3
6764,Broad Brook,Broad Brook,CT,Connecticut,9003,Hartford,41.9097,-72.5426,4766,310,polygon,FALSE,FALSE,America/New_York,3
6765,Whiting,Whiting,IN,Indiana,18089,Lake,41.6731,-87.4843,4765,1022,polygon,FALSE,TRUE,America/Chicago,3
6766,Crooksville,Crooksville,OH,Ohio,39127,Perry,39.769,-82.0956,4765,590,polygon,FALSE,TRUE,America/New_York,3
6767,Potosi,Potosi,MO,Missouri,29221,Washington,37.9337,-90.775,4765,427,polygon,FALSE,TRUE,America/Chicago,3
6768,Weston,Weston,WV,West Virginia,54041,Lewis,39.0392,-80.4618,4764,766,polygon,FALSE,TRUE,America/New_York,3
6769,Dansville,Dansville,NY,New York,36051,Livingston,42.5625,-77.6968,4764,647,polygon,FALSE,TRUE,America/New_York,3
6770,Benton City,Benton City,WA,Washington,53005,Benton,46.2623,-119.4812,4763,546,polygon,FALSE,TRUE,America/Los_Angeles,3
6771,Falfurrias,Falfurrias,TX,Texas,48047,Brooks,27.2243,-98.1451,4761,649,polygon,FALSE,TRUE,America/Chicago,3
6772,West Pittston,West Pittston,PA,Pennsylvania,42079,Luzerne,41.3295,-75.7998,4761,2241,polygon,FALSE,TRUE,America/New_York,2
6773,Shelley,Shelley,ID,Idaho,16011,Bingham,43.3795,-112.1261,4761,961,polygon,FALSE,TRUE,America/Boise,3
6774,Ligonier,Ligonier,IN,Indiana,18113,Noble,41.4625,-85.5948,4760,603,polygon,FALSE,TRUE,America/Indiana/Indianapolis,3
6775,Forest,Forest,MS,Mississippi,28123,Scott,32.3595,-89.4761,4760,163,polygon,FALSE,TRUE,America/Chicago,3
6776,Dodgeville,Dodgeville,WI,Wisconsin,55049,Iowa,42.966,-90.1297,4757,446,polygon,FALSE,TRUE,America/Chicago,3
6777,Penns Grove,Penns Grove,NJ,New Jersey,34033,Salem,39.7275,-75.4691,4757,2057,polygon,FALSE,TRUE,America/New_York,2
6778,Shelbyville,Shelbyville,IL,Illinois,17173,Shelby,39.4096,-88.8005,4757,425,polygon,FALSE,TRUE,America/Chicago,3
6779,Royersford,Royersford,PA,Pennsylvania,42091,Montgomery,40.1862,-75.5382,4755,2333,polygon,FALSE,TRUE,America/New_York,2
6780,East Freehold,East Freehold,NJ,New Jersey,34025,Monmouth,40.2718,-74.2425,4749,615,polygon,FALSE,FALSE,America/New_York,3
6781,Bloomfield,Bloomfield,WI,Wisconsin,55127,Walworth,42.5488,-88.352,4746,146,polygon,FALSE,TRUE,America/Chicago,3
6782,Madisonville,Madisonville,TX,Texas,48313,Madison,30.9538,-95.9091,4746,432,polygon,FALSE,TRUE,America/Chicago,3
6783,Lincoln,Lincoln,ND,North Dakota,38015,Burleigh,46.7691,-100.6987,4745,1012,polygon,FALSE,TRUE,America/Chicago,3
6784,Spry,Spry,PA,Pennsylvania,42133,York,39.9125,-76.6863,4745,709,polygon,FALSE,FALSE,America/New_York,3
6785,Port Allen,Port Allen,LA,Louisiana,22121,West Baton Rouge,30.4456,-91.2098,4743,645,polygon,FALSE,TRUE,America/Chicago,3
6786,Evansdale,Evansdale,IA,Iowa,19013,Black Hawk,42.4635,-92.2764,4743,452,polygon,FALSE,TRUE,America/Chicago,3
6787,McLoud,McLoud,OK,Oklahoma,40125,Pottawatomie,35.407,-97.1013,4743,96,polygon,FALSE,TRUE,America/Chicago,3
6788,Nowthen,Nowthen,MN,Minnesota,27003,Anoka,45.3421,-93.4495,4741,54,polygon,FALSE,TRUE,America/Chicago,3
6789,Michigan Center,Michigan Center,MI,Michigan,26075,Jackson,42.2267,-84.323,4741,363,polygon,FALSE,FALSE,America/Detroit,3
6790,Baxter Springs,Baxter Springs,KS,Kansas,20021,Cherokee,37.0196,-94.7351,4741,484,polygon,FALSE,TRUE,America/Chicago,3
6791,Seat Pleasant,Seat Pleasant,MD,Maryland,24033,Prince George's,38.8952,-76.9016,4738,2464,polygon,FALSE,TRUE,America/New_York,2
6792,Hawaiian Beaches,Hawaiian Beaches,HI,Hawaii,15001,Hawaii,19.5423,-154.9223,4736,74,polygon,FALSE,FALSE,Pacific/Honolulu,3
6793,Palos Park,Palos Park,IL,Illinois,17031,Cook,41.6682,-87.8885,4736,288,polygon,FALSE,TRUE,America/Chicago,3
6794,Battlement Mesa,Battlement Mesa,CO,Colorado,8045,Garfield,39.4505,-108.0066,4735,158,polygon,FALSE,FALSE,America/Denver,3
6795,Manning,Manning,SC,South Carolina,45027,Clarendon,33.6933,-80.2167,4735,511,polygon,FALSE,TRUE,America/New_York,3
6796,El Cerro Mission,El Cerro Mission,NM,New Mexico,35061,Valencia,34.7687,-106.6447,4734,310,polygon,FALSE,TRUE,America/Denver,3
6797,Columbia,Columbia,KY,Kentucky,21001,Adair,37.1036,-85.3074,4734,367,polygon,FALSE,TRUE,America/Chicago,3
6798,Rusk,Rusk,TX,Texas,48073,Cherokee,31.7978,-95.1491,4733,299,polygon,FALSE,TRUE,America/Chicago,3
6799,Winnfield,Winnfield,LA,Louisiana,22127,Winn,31.924,-92.6425,4732,451,polygon,FALSE,TRUE,America/Chicago,3
6800,Mead,Mead,CO,Colorado,8123,Weld,40.2321,-104.9928,4731,149,polygon,FALSE,TRUE,America/Denver,3
6801,Harrington Park,Harrington Park,NJ,New Jersey,34003,Bergen,40.9899,-73.9803,4730,989,polygon,FALSE,TRUE,America/New_York,3
6802,Archbold,Archbold,OH,Ohio,39051,Fulton,41.5165,-84.3036,4729,346,polygon,FALSE,TRUE,America/New_York,3
6803,Town and Country,Town and Country,WA,Washington,53063,Spokane,47.7259,-117.422,4728,1520,polygon,FALSE,FALSE,America/Los_Angeles,3
6804,Silverton,Silverton,OH,Ohio,39061,Hamilton,39.1884,-84.401,4727,1627,polygon,FALSE,TRUE,America/New_York,3
6805,Hampton,Hampton,MD,Maryland,24005,Baltimore,39.4222,-76.5696,4725,318,polygon,FALSE,FALSE,America/New_York,3
6806,Madill,Madill,OK,Oklahoma,40095,Marshall,34.0867,-96.7741,4725,341,polygon,FALSE,TRUE,America/Chicago,3
6807,Edwardsville,Edwardsville,PA,Pennsylvania,42079,Luzerne,41.2614,-75.9071,4723,1574,polygon,FALSE,TRUE,America/New_York,3
6808,Luray,Luray,VA,Virginia,51139,Page,38.665,-78.4546,4723,387,polygon,FALSE,TRUE,America/New_York,3
6809,Weston Lakes,Weston Lakes,TX,Texas,48157,Fort Bend,29.6627,-95.9353,4721,582,polygon,FALSE,TRUE,America/Chicago,3
6810,Oak View,Oak View,CA,California,6111,Ventura,34.399,-119.2976,4720,928,polygon,FALSE,FALSE,America/Los_Angeles,3
6811,Smith Mills,Smith Mills,MA,Massachusetts,25005,Bristol,41.6432,-70.992,4717,390,polygon,FALSE,FALSE,America/New_York,3
6812,Penitas,Penitas,TX,Texas,48215,Hidalgo,26.2508,-98.4426,4716,460,polygon,FALSE,TRUE,America/Chicago,3
6813,Dexter,Dexter,MI,Michigan,26161,Washtenaw,42.3319,-83.8803,4715,955,polygon,FALSE,TRUE,America/Detroit,3
6814,Highlands,Highlands,NJ,New Jersey,34025,Monmouth,40.4036,-73.9899,4714,2458,polygon,FALSE,TRUE,America/New_York,2
6815,Chesterbrook,Chesterbrook,PA,Pennsylvania,42029,Chester,40.0736,-75.4582,4714,1168,polygon,FALSE,FALSE,America/New_York,3
6816,Boulder Creek,Boulder Creek,CA,California,6087,Santa Cruz,37.1341,-122.1271,4712,242,polygon,FALSE,FALSE,America/Los_Angeles,3
6817,Headland,Headland,AL,Alabama,1067,Henry,31.3501,-85.3523,4712,59,polygon,FALSE,TRUE,America/Chicago,3
6818,Oak Grove,Oak Grove,TN,Tennessee,47179,Washington,36.4223,-82.4293,4709,405,polygon,FALSE,FALSE,America/New_York,3
6819,Winchester,Winchester,IN,Indiana,18135,Randolph,40.172,-84.9766,4705,522,polygon,FALSE,TRUE,America/Indiana/Indianapolis,3
6820,Mattituck,Mattituck,NY,New York,36103,Suffolk,41.0012,-72.5419,4704,201,polygon,FALSE,FALSE,America/New_York,3
6821,Blackwood,Blackwood,NJ,New Jersey,34007,Camden,39.7982,-75.0629,4702,1488,polygon,FALSE,FALSE,America/New_York,3
6822,Forked River,Forked River,NJ,New Jersey,34029,Ocean,39.8255,-74.1822,4701,682,polygon,FALSE,FALSE,America/New_York,3
6823,Castroville,Castroville,TX,Texas,48325,Medina,29.3513,-98.8711,4701,420,polygon,FALSE,TRUE,America/Chicago,3
6824,Castle Pines Village,Castle Pines Village,CO,Colorado,8035,Douglas,39.4418,-104.897,4701,407,polygon,FALSE,FALSE,America/Denver,3
6825,Crystal City,Crystal City,MO,Missouri,29099,Jefferson,38.2226,-90.3813,4700,401,polygon,FALSE,TRUE,America/Chicago,3
6826,Fountain Hill,Fountain Hill,PA,Pennsylvania,42077,Lehigh,40.6029,-75.3961,4699,2467,polygon,FALSE,TRUE,America/New_York,2
6827,Gladstone,Gladstone,MI,Michigan,26041,Delta,45.8522,-87.0356,4698,358,polygon,FALSE,TRUE,America/Detroit,3
6828,Fetters Hot Springs-Agua Caliente,Fetters Hot Springs-Agua Caliente,CA,California,6097,Sonoma,38.3274,-122.4871,4697,1241,polygon,FALSE,TRUE,America/Los_Angeles,3
6829,Bayshore,Bayshore,NC,North Carolina,37129,New Hanover,34.2893,-77.8025,4696,769,polygon,FALSE,FALSE,America/New_York,3
6830,Adel,Adel,IA,Iowa,19049,Dallas,41.6121,-94.0129,4696,434,polygon,FALSE,TRUE,America/Chicago,3
6831,Salinas,Salinas,PR,Puerto Rico,72123,Salinas,17.9779,-66.2961,4694,2318,polygon,FALSE,FALSE,America/Puerto_Rico,2
6832,Eldon,Eldon,MO,Missouri,29131,Miller,38.3512,-92.5766,4693,511,polygon,FALSE,TRUE,America/Chicago,3
6833,Summerside,Summerside,OH,Ohio,39025,Clermont,39.1187,-84.2862,4692,877,polygon,FALSE,FALSE,America/New_York,3
6834,West Pleasant View,West Pleasant View,CO,Colorado,8059,Jefferson,39.732,-105.1785,4691,1174,polygon,FALSE,TRUE,America/Denver,3
6835,Heber,Heber,CA,California,6025,Imperial,32.7318,-115.5204,4686,1219,polygon,FALSE,FALSE,America/Los_Angeles,3
6836,Bishopville,Bishopville,SC,South Carolina,45061,Lee,34.2202,-80.2483,4686,498,polygon,FALSE,TRUE,America/New_York,3
6837,Morgan's Point Resort,Morgan's Point Resort,TX,Texas,48027,Bell,31.1518,-97.4581,4685,645,polygon,FALSE,TRUE,America/Chicago,3
6838,Briar,Briar,TX,Texas,48367,Parker,32.9884,-97.5528,4685,88,polygon,FALSE,FALSE,America/Chicago,3
6839,Westmont,Westmont,PA,Pennsylvania,42021,Cambria,40.3194,-78.9524,4685,770,polygon,FALSE,TRUE,America/New_York,3
6840,Lexington,Lexington,OH,Ohio,39139,Richland,40.68,-82.5793,4682,470,polygon,FALSE,TRUE,America/New_York,3
6841,Redwood Falls,Redwood Falls,MN,Minnesota,27127,Redwood,44.5471,-95.1031,4682,363,polygon,FALSE,TRUE,America/Chicago,3
6842,Ahoskie,Ahoskie,NC,North Carolina,37091,Hertford,36.2843,-76.9898,4680,422,polygon,FALSE,TRUE,America/New_York,3
6843,Spotsylvania Courthouse,Spotsylvania Courthouse,VA,Virginia,51177,Spotsylvania,38.1982,-77.5885,4679,172,polygon,FALSE,FALSE,America/New_York,3
6844,Lake View,Lake View,AL,Alabama,1125,Tuscaloosa,33.2802,-87.1258,4679,490,polygon,FALSE,TRUE,America/Chicago,3
6845,Sherman,Sherman,IL,Illinois,17167,Sangamon,39.8876,-89.6066,4679,576,polygon,FALSE,TRUE,America/Chicago,3
6846,Wayland,Wayland,MI,Michigan,26005,Allegan,42.6725,-85.6408,4679,550,polygon,FALSE,TRUE,America/Detroit,3
6847,Mountain Lake Park,Mountain Lake Park,MD,Maryland,24023,Garrett,39.4004,-79.3812,4678,418,polygon,FALSE,TRUE,America/New_York,3
6848,Santa Bárbara,Santa Barbara,PR,Puerto Rico,72029,Canóvanas,18.3951,-65.9176,4673,2759,polygon,FALSE,FALSE,America/Puerto_Rico,2
6849,Brisbane,Brisbane,CA,California,6081,San Mateo,37.6898,-122.402,4671,582,polygon,FALSE,TRUE,America/Los_Angeles,3
6850,Heeia,Heeia,HI,Hawaii,15003,Honolulu,21.4211,-157.8203,4669,583,polygon,FALSE,FALSE,Pacific/Honolulu,3
6851,North Braddock,North Braddock,PA,Pennsylvania,42003,Allegheny,40.4023,-79.8533,4669,1208,polygon,FALSE,TRUE,America/New_York,3
6852,South Lebanon,South Lebanon,OH,Ohio,39165,Warren,39.3672,-84.2204,4668,547,polygon,FALSE,TRUE,America/New_York,3
6853,Brielle,Brielle,NJ,New Jersey,34025,Monmouth,40.1048,-74.0636,4666,1026,polygon,FALSE,TRUE,America/New_York,3
6854,Boalsburg,Boalsburg,PA,Pennsylvania,42027,Centre,40.7783,-77.7734,4666,311,polygon,FALSE,FALSE,America/New_York,3
6855,Tuscola,Tuscola,IL,Illinois,17041,Douglas,39.7967,-88.2749,4665,585,polygon,FALSE,TRUE,America/Chicago,3
6856,Childress,Childress,TX,Texas,48075,Childress,34.4293,-100.2516,4662,282,polygon,FALSE,TRUE,America/Chicago,3
6857,Hebbronville,Hebbronville,TX,Texas,48247,Jim Hogg,27.3239,-98.686,4662,287,polygon,FALSE,FALSE,America/Chicago,3
6858,Flora,Flora,IL,Illinois,17025,Clay,38.6689,-88.4759,4662,399,polygon,FALSE,TRUE,America/Chicago,3
6859,Swartz,Swartz,LA,Louisiana,22073,Ouachita,32.5809,-91.9869,4661,221,polygon,FALSE,FALSE,America/Chicago,3
6860,Comerío,Comerio,PR,Puerto Rico,72045,Comerío,18.2203,-66.2243,4661,4030,polygon,FALSE,FALSE,America/Puerto_Rico,2
6861,Sandy Oaks,Sandy Oaks,TX,Texas,48029,Bexar,29.1821,-98.4081,4660,754,polygon,FALSE,TRUE,America/Chicago,3
6862,Granite Falls,Granite Falls,NC,North Carolina,37027,Caldwell,35.7966,-81.4233,4659,343,polygon,FALSE,TRUE,America/New_York,3
6863,Carolina Shores,Carolina Shores,NC,North Carolina,37019,Brunswick,33.9076,-78.5738,4659,672,polygon,FALSE,TRUE,America/New_York,3
6864,Tama,Tama,IA,Iowa,19171,Tama,41.9648,-92.5746,4657,358,polygon,FALSE,TRUE,America/Chicago,3
6865,Wayzata,Wayzata,MN,Minnesota,27053,Hennepin,44.9671,-93.5161,4657,580,polygon,FALSE,TRUE,America/Chicago,3
6866,Madison,Madison,GA,Georgia,13211,Morgan,33.579,-83.4758,4656,186,polygon,FALSE,TRUE,America/New_York,3
6867,Pleasant Run Farm,Pleasant Run Farm,OH,Ohio,39061,Hamilton,39.3017,-84.5493,4653,1700,polygon,FALSE,FALSE,America/New_York,3
6868,Phoenix,Phoenix,OR,Oregon,41029,Jackson,42.2748,-122.8151,4653,1252,polygon,FALSE,TRUE,America/Los_Angeles,3
6869,Danville,Danville,PA,Pennsylvania,42093,Montour,40.9615,-76.6121,4648,1153,polygon,FALSE,TRUE,America/New_York,3
6870,Bealeton,Bealeton,VA,Virginia,51061,Fauquier,38.5822,-77.7781,4646,327,polygon,FALSE,FALSE,America/New_York,3
6871,Little Falls,Little Falls,NY,New York,36043,Herkimer,43.0452,-74.8566,4645,466,polygon,FALSE,TRUE,America/New_York,3
6872,Lajas,Lajas,PR,Puerto Rico,72079,Lajas,18.0453,-67.0583,4642,1496,polygon,FALSE,FALSE,America/Puerto_Rico,3
6873,Woodruff,Woodruff,SC,South Carolina,45083,Spartanburg,34.7397,-82.0323,4642,436,polygon,FALSE,TRUE,America/New_York,3
6874,Lake Sarasota,Lake Sarasota,FL,Florida,12115,Sarasota,27.2916,-82.437,4641,1317,polygon,FALSE,FALSE,America/New_York,3
6875,Kaplan,Kaplan,LA,Louisiana,22113,Vermilion,30.006,-92.284,4639,733,polygon,FALSE,TRUE,America/Chicago,3
6876,Lemoyne,Lemoyne,PA,Pennsylvania,42041,Cumberland,40.2442,-76.8991,4634,1109,polygon,FALSE,TRUE,America/New_York,3
6877,Guayanilla,Guayanilla,PR,Puerto Rico,72059,Guayanilla,18.0222,-66.7898,4634,2525,polygon,FALSE,FALSE,America/Puerto_Rico,2
6878,East Palestine,East Palestine,OH,Ohio,39029,Columbiana,40.8392,-80.5467,4633,541,polygon,FALSE,TRUE,America/New_York,3
6879,Durand,Durand,MI,Michigan,26155,Shiawassee,42.9127,-83.989,4633,653,polygon,FALSE,TRUE,America/Detroit,3
6880,Spruce Pine,Spruce Pine,NC,North Carolina,37121,Mitchell,35.9104,-82.0731,4630,176,polygon,FALSE,TRUE,America/New_York,3
6881,Wanamassa,Wanamassa,NJ,New Jersey,34025,Monmouth,40.2365,-74.0294,4628,1604,polygon,FALSE,FALSE,America/New_York,3
6882,Marseilles,Marseilles,IL,Illinois,17099,LaSalle,41.3099,-88.685,4628,205,polygon,FALSE,TRUE,America/Chicago,3
6883,Peppermill Village,Peppermill Village,MD,Maryland,24033,Prince George's,38.894,-76.8878,4628,2384,polygon,FALSE,FALSE,America/New_York,2
6884,Bigfork,Bigfork,MT,Montana,30029,Flathead,48.0852,-114.0551,4626,57,polygon,FALSE,FALSE,America/Denver,3
6885,Daingerfield,Daingerfield,TX,Texas,48343,Morris,33.0306,-94.725,4625,374,polygon,FALSE,TRUE,America/Chicago,3
6886,Vilonia,Vilonia,AR,Arkansas,5045,Faulkner,35.0807,-92.2088,4623,223,polygon,FALSE,TRUE,America/Chicago,3
6887,Rock Hill,Rock Hill,MO,Missouri,29189,St. Louis,38.6091,-90.3673,4620,1627,polygon,FALSE,TRUE,America/Chicago,3
6888,Edgefield,Edgefield,SC,South Carolina,45037,Edgefield,33.7871,-81.9292,4619,442,polygon,FALSE,TRUE,America/New_York,3
6889,Blountstown,Blountstown,FL,Florida,12013,Calhoun,30.443,-85.0455,4617,295,polygon,FALSE,TRUE,America/Chicago,3
6890,Franklin Center,Franklin Center,NJ,New Jersey,34035,Somerset,40.5321,-74.5415,4615,270,polygon,FALSE,TRUE,America/New_York,3
6891,Preston,Preston,ID,Idaho,16041,Franklin,42.0989,-111.8799,4615,315,polygon,FALSE,TRUE,America/Boise,3
6892,Daytona Beach Shores,Daytona Beach Shores,FL,Florida,12127,Volusia,29.1723,-80.9808,4614,1960,polygon,FALSE,TRUE,America/New_York,3
6893,Old Westbury,Old Westbury,NY,New York,36059,Nassau,40.7866,-73.5975,4614,207,polygon,FALSE,TRUE,America/New_York,3
6894,Pupukea,Pupukea,HI,Hawaii,15003,Honolulu,21.6511,-158.0436,4613,518,polygon,FALSE,FALSE,Pacific/Honolulu,3
6895,Perezville,Perezville,TX,Texas,48215,Hidalgo,26.2396,-98.4023,4612,1077,polygon,FALSE,FALSE,America/Chicago,3
6896,Creedmoor,Creedmoor,NC,North Carolina,37077,Granville,36.1223,-78.6758,4612,333,polygon,FALSE,TRUE,America/New_York,3
6897,Opp,Opp,AL,Alabama,1039,Covington,31.2848,-86.257,4612,104,polygon,FALSE,TRUE,America/Chicago,3
6898,Wickenburg,Wickenburg,AZ,Arizona,4013,Maricopa,33.9837,-112.7668,4609,120,polygon,FALSE,TRUE,America/Phoenix,3
6899,Coldwater,Coldwater,OH,Ohio,39107,Mercer,40.4833,-84.6317,4609,907,polygon,FALSE,TRUE,America/New_York,3
6900,Baldwin City,Baldwin City,KS,Kansas,20045,Douglas,38.7782,-95.1879,4609,679,polygon,FALSE,TRUE,America/Chicago,3
6901,Bushnell,Bushnell,FL,Florida,12119,Sumter,28.6856,-82.116,4607,105,polygon,FALSE,TRUE,America/New_York,3
6902,Rockwell,Rockwell,AR,Arkansas,5051,Garland,34.4641,-93.1341,4607,566,polygon,FALSE,FALSE,America/Chicago,3
6903,Winnsboro,Winnsboro,SC,South Carolina,45039,Fairfield,34.3718,-81.0907,4607,380,polygon,FALSE,TRUE,America/New_York,3
6904,Ridge Manor,Ridge Manor,FL,Florida,12053,Hernando,28.4988,-82.1832,4606,206,polygon,FALSE,FALSE,America/New_York,3
6905,Haskell,Haskell,AR,Arkansas,5125,Saline,34.5095,-92.6406,4605,361,polygon,FALSE,TRUE,America/Chicago,3
6906,Harlan,Harlan,IA,Iowa,19165,Shelby,41.6496,-95.3268,4605,418,polygon,FALSE,TRUE,America/Chicago,3
6907,Village of Four Seasons,Village of Four Seasons,MO,Missouri,29029,Camden,38.1974,-92.7179,4605,190,polygon,FALSE,TRUE,America/Chicago,3
6908,Altavista,Altavista,VA,Virginia,51031,Campbell,37.1232,-79.2858,4603,260,polygon,FALSE,TRUE,America/New_York,3
6909,Golden Triangle,Golden Triangle,NJ,New Jersey,34007,Camden,39.9288,-75.0398,4602,628,polygon,FALSE,FALSE,America/New_York,3
6910,Loch Lomond,Loch Lomond,VA,Virginia,51153,Prince William,38.7812,-77.4817,4601,2472,polygon,FALSE,FALSE,America/New_York,2
6911,Cold Spring,Cold Spring,MN,Minnesota,27145,Stearns,45.4572,-94.4296,4601,622,polygon,FALSE,TRUE,America/Chicago,3
6912,Roselawn,Roselawn,IN,Indiana,18111,Newton,41.1535,-87.2881,4599,220,polygon,FALSE,FALSE,America/Chicago,3
6913,Neptune City,Neptune City,NJ,New Jersey,34025,Monmouth,40.2005,-74.0333,4596,1980,polygon,FALSE,TRUE,America/New_York,3
6914,Tulia,Tulia,TX,Texas,48437,Swisher,34.5374,-101.7742,4595,505,polygon,FALSE,TRUE,America/Chicago,3
6915,Wingate,Wingate,NC,North Carolina,37179,Union,34.9852,-80.4497,4594,938,polygon,FALSE,TRUE,America/New_York,3
6916,Emerald Lake Hills,Emerald Lake Hills,CA,California,6081,San Mateo,37.4662,-122.2675,4594,1484,polygon,FALSE,FALSE,America/Los_Angeles,3
6917,Kensington Park,Kensington Park,FL,Florida,12115,Sarasota,27.3591,-82.4931,4593,1401,polygon,FALSE,FALSE,America/New_York,3
6918,Montebello,Montebello,NY,New York,36087,Rockland,41.1317,-74.1134,4593,410,polygon,FALSE,TRUE,America/New_York,3
6919,Williamstown,Williamstown,PA,Pennsylvania,42043,Dauphin,40.5809,-76.617,4593,2064,polygon,FALSE,TRUE,America/New_York,2
6920,Hollister,Hollister,MO,Missouri,29213,Taney,36.6058,-93.2338,4592,278,polygon,FALSE,TRUE,America/Chicago,3
6921,Meadows Place,Meadows Place,TX,Texas,48157,Fort Bend,29.6513,-95.5873,4591,1891,polygon,FALSE,TRUE,America/Chicago,3
6922,Newport,Newport,NC,North Carolina,37031,Carteret,34.772,-76.8771,4591,232,polygon,FALSE,TRUE,America/New_York,3
6923,Hawkinsville,Hawkinsville,GA,Georgia,13235,Pulaski,32.2964,-83.4814,4591,378,polygon,FALSE,TRUE,America/New_York,3
6924,Edinburgh,Edinburgh,IN,Indiana,18081,Johnson,39.3509,-85.9625,4590,570,polygon,FALSE,TRUE,America/Indiana/Indianapolis,3
6925,Verdigris,Verdigris,OK,Oklahoma,40131,Rogers,36.2533,-95.6602,4590,302,polygon,FALSE,TRUE,America/Chicago,3
6926,Brookdale,Brookdale,SC,South Carolina,45075,Orangeburg,33.5183,-80.8332,4588,486,polygon,FALSE,FALSE,America/New_York,3
6927,Mount Ephraim,Mount Ephraim,NJ,New Jersey,34007,Camden,39.8806,-75.0917,4587,2003,polygon,FALSE,TRUE,America/New_York,2
6928,Mount Hood Village,Mount Hood Village,OR,Oregon,41005,Clackamas,45.3433,-121.9832,4587,67,polygon,FALSE,TRUE,America/Los_Angeles,3
6929,Coopertown,Coopertown,TN,Tennessee,47147,Robertson,36.4143,-86.9658,4586,56,polygon,FALSE,TRUE,America/Chicago,3
6930,Watseka,Watseka,IL,Illinois,17075,Iroquois,40.7751,-87.7304,4586,625,polygon,FALSE,TRUE,America/Chicago,3
6931,Zapata,Zapata,TX,Texas,48505,Zapata,26.9027,-99.2612,4585,231,polygon,FALSE,FALSE,America/Chicago,3
6932,Plain City,Plain City,OH,Ohio,39097,Madison,40.1067,-83.2693,4584,732,polygon,FALSE,TRUE,America/New_York,3
6933,Saltillo,Saltillo,MS,Mississippi,28081,Lee,34.3789,-88.6939,4584,238,polygon,FALSE,TRUE,America/Chicago,3
6934,Farrell,Farrell,PA,Pennsylvania,42085,Mercer,41.2112,-80.497,4580,781,polygon,FALSE,TRUE,America/New_York,3
6935,Flemington,Flemington,NJ,New Jersey,34019,Hunterdon,40.5087,-74.8599,4577,1640,polygon,FALSE,TRUE,America/New_York,3
6936,Lake Darby,Lake Darby,OH,Ohio,39049,Franklin,39.9604,-83.2243,4577,510,polygon,FALSE,FALSE,America/New_York,3
6937,Reiffton,Reiffton,PA,Pennsylvania,42011,Berks,40.3126,-75.8662,4576,932,polygon,FALSE,FALSE,America/New_York,3
6938,Nikiski,Nikiski,AK,Alaska,2122,Kenai Peninsula,60.7152,-151.2317,4575,25,polygon,FALSE,FALSE,America/Anchorage,3
6939,Pine Level,Pine Level,AL,Alabama,1001,Autauga,32.5797,-86.4529,4574,71,polygon,FALSE,FALSE,America/Chicago,3
6940,Fox River Grove,Fox River Grove,IL,Illinois,17111,McHenry,42.1955,-88.2147,4573,1031,polygon,FALSE,TRUE,America/Chicago,3
6941,Chester,Chester,MD,Maryland,24035,Queen Anne's,38.9677,-76.2823,4573,337,polygon,FALSE,FALSE,America/New_York,3
6942,West York,West York,PA,Pennsylvania,42133,York,39.9534,-76.761,4571,3360,polygon,FALSE,TRUE,America/New_York,2
6943,North Kansas City,North Kansas City,MO,Missouri,29047,Clay,39.1396,-94.5643,4571,400,polygon,FALSE,TRUE,America/Chicago,3
6944,Bridgeport,Bridgeport,PA,Pennsylvania,42091,Montgomery,40.1042,-75.3437,4570,2677,polygon,FALSE,TRUE,America/New_York,2
6945,Portola Valley,Portola Valley,CA,California,6081,San Mateo,37.3713,-122.2203,4568,193,polygon,FALSE,TRUE,America/Los_Angeles,3
6946,Scottsville,Scottsville,KY,Kentucky,21003,Allen,36.7521,-86.2018,4568,287,polygon,FALSE,TRUE,America/Chicago,3
6947,Bayou Vista,Bayou Vista,LA,Louisiana,22101,St. Mary,29.6912,-91.2672,4567,978,polygon,FALSE,FALSE,America/Chicago,3
6948,White City,White City,FL,Florida,12111,St. Lucie,27.3722,-80.3403,4566,351,polygon,FALSE,FALSE,America/New_York,3
6949,Breckenridge Hills,Breckenridge Hills,MO,Missouri,29189,St. Louis,38.7158,-90.3685,4566,2201,polygon,FALSE,TRUE,America/Chicago,2
6950,Gray,Gray,GA,Georgia,13169,Jones,33.002,-83.5373,4563,321,polygon,FALSE,TRUE,America/New_York,3
6951,Benton,Benton,KY,Kentucky,21157,Marshall,36.8512,-88.3594,4563,382,polygon,FALSE,TRUE,America/Chicago,3
6952,Donora,Donora,PA,Pennsylvania,42125,Washington,40.179,-79.8625,4562,927,polygon,FALSE,TRUE,America/New_York,3
6953,Campbelltown,Campbelltown,PA,Pennsylvania,42075,Lebanon,40.2761,-76.5848,4561,601,polygon,FALSE,FALSE,America/New_York,3
6954,Sullivan,Sullivan,IL,Illinois,17139,Moultrie,39.5954,-88.6085,4560,618,polygon,FALSE,TRUE,America/Chicago,3
6955,Paulden,Paulden,AZ,Arizona,4025,Yavapai,34.8899,-112.4938,4559,30,polygon,FALSE,FALSE,America/Phoenix,3
6956,Ellisville,Ellisville,MS,Mississippi,28067,Jones,31.5969,-89.2091,4559,168,polygon,FALSE,TRUE,America/Chicago,3
6957,Galeville,Galeville,NY,New York,36067,Onondaga,43.0889,-76.1815,4557,1527,polygon,FALSE,FALSE,America/New_York,3
6958,Rio Communities,Rio Communities,NM,New Mexico,35061,Valencia,34.6459,-106.7164,4552,228,polygon,FALSE,TRUE,America/Denver,3
6959,Point Pleasant Beach,Point Pleasant Beach,NJ,New Jersey,34029,Ocean,40.0929,-74.0459,4551,1235,polygon,FALSE,TRUE,America/New_York,3
6960,Brookridge,Brookridge,FL,Florida,12053,Hernando,28.5483,-82.4897,4549,693,polygon,FALSE,FALSE,America/New_York,3
6961,Searingtown,Searingtown,NY,New York,36059,Nassau,40.7705,-73.6603,4547,1889,polygon,FALSE,FALSE,America/New_York,3
6962,Union Springs,Union Springs,AL,Alabama,1011,Bullock,32.1395,-85.7141,4547,198,polygon,FALSE,TRUE,America/Chicago,3
6963,Bremen,Bremen,IN,Indiana,18099,Marshall,41.4484,-86.1506,4546,609,polygon,FALSE,TRUE,America/Indiana/Indianapolis,3
6964,Canastota,Canastota,NY,New York,36053,Madison,43.0835,-75.7559,4544,525,polygon,FALSE,TRUE,America/New_York,3
6965,Harrington,Harrington,DE,Delaware,10001,Kent,38.9244,-75.5707,4543,515,polygon,FALSE,TRUE,America/New_York,3
6966,Celada,Celada,PR,Puerto Rico,72063,Gurabo,18.2666,-65.9621,4543,2623,polygon,FALSE,FALSE,America/Puerto_Rico,2
6967,Dardanelle,Dardanelle,AR,Arkansas,5149,Yell,35.2263,-93.1649,4541,481,polygon,FALSE,TRUE,America/Chicago,3
6968,Woodmore,Woodmore,MD,Maryland,24033,Prince George's,38.9222,-76.781,4541,267,polygon,FALSE,FALSE,America/New_York,3
6969,Pea Ridge,Pea Ridge,FL,Florida,12113,Santa Rosa,30.6029,-87.1022,4540,624,polygon,FALSE,TRUE,America/Chicago,3
6970,Dilley,Dilley,TX,Texas,48163,Frio,28.6675,-99.1765,4540,743,polygon,FALSE,TRUE,America/Chicago,3
6971,Elko New Market,Elko New Market,MN,Minnesota,27139,Scott,44.5667,-93.338,4539,542,polygon,FALSE,TRUE,America/Chicago,3
6972,Avalon,Avalon,PA,Pennsylvania,42003,Allegheny,40.501,-80.068,4537,2840,polygon,FALSE,TRUE,America/New_York,2
6973,Gunnison,Gunnison,UT,Utah,49039,Sanpete,39.157,-111.8135,4536,289,polygon,FALSE,TRUE,America/Denver,3
6974,Aurora,Aurora,NE,Nebraska,31081,Hamilton,40.8642,-98.007,4534,576,polygon,FALSE,TRUE,America/Chicago,3
6975,Paxton,Paxton,IL,Illinois,17053,Ford,40.4563,-88.1021,4534,524,polygon,FALSE,TRUE,America/Chicago,3
6976,Lake Holiday,Lake Holiday,IL,Illinois,17099,LaSalle,41.6156,-88.6703,4534,546,polygon,FALSE,FALSE,America/Chicago,3
6977,Montgomery,Montgomery,GA,Georgia,13051,Chatham,31.9438,-81.1081,4533,335,polygon,FALSE,FALSE,America/New_York,3
6978,Whiteland,Whiteland,IN,Indiana,18081,Johnson,39.5507,-86.0742,4532,380,polygon,FALSE,TRUE,America/Indiana/Indianapolis,3
6979,Polk City,Polk City,IA,Iowa,19153,Polk,41.7773,-93.7132,4531,376,polygon,FALSE,TRUE,America/Chicago,3
6980,Hazlehurst,Hazlehurst,MS,Mississippi,28029,Copiah,31.8646,-90.3929,4528,325,polygon,FALSE,TRUE,America/Chicago,3
6981,DeWitt,DeWitt,IA,Iowa,19045,Clinton,41.8227,-90.5448,4525,323,polygon,FALSE,TRUE,America/Chicago,3
6982,Negaunee,Negaunee,MI,Michigan,26103,Marquette,46.497,-87.5968,4525,129,polygon,FALSE,TRUE,America/Detroit,3
6983,Surfside Beach,Surfside Beach,SC,South Carolina,45051,Horry,33.6093,-78.9772,4525,902,polygon,FALSE,TRUE,America/New_York,3
6984,Flourtown,Flourtown,PA,Pennsylvania,42091,Montgomery,40.1039,-75.2069,4524,1237,polygon,FALSE,FALSE,America/New_York,3
6985,Buhl,Buhl,ID,Idaho,16083,Twin Falls,42.5984,-114.7596,4524,926,polygon,FALSE,TRUE,America/Boise,3
6986,North Sea,North Sea,NY,New York,36103,Suffolk,40.933,-72.4047,4522,157,polygon,FALSE,FALSE,America/New_York,3
6987,Raynham Center,Raynham Center,MA,Massachusetts,25005,Bristol,41.9327,-71.0431,4522,414,polygon,FALSE,FALSE,America/New_York,3
6988,Spring Lake Heights,Spring Lake Heights,NJ,New Jersey,34025,Monmouth,40.1522,-74.043,4521,1348,polygon,FALSE,TRUE,America/New_York,3
6989,Cherry Grove,Cherry Grove,OH,Ohio,39061,Hamilton,39.0802,-84.322,4521,1541,polygon,FALSE,FALSE,America/New_York,3
6990,South Hill,South Hill,VA,Virginia,51117,Mecklenburg,36.7254,-78.1287,4520,170,polygon,FALSE,TRUE,America/New_York,3
6991,Bonneauville,Bonneauville,PA,Pennsylvania,42001,Adams,39.8105,-77.1363,4519,734,polygon,FALSE,TRUE,America/New_York,3
6992,Winfield,Winfield,AL,Alabama,1093,Marion,33.9334,-87.7962,4519,98,polygon,FALSE,TRUE,America/Chicago,3
6993,Nashville,Nashville,GA,Georgia,13019,Berrien,31.2051,-83.2486,4519,402,polygon,FALSE,TRUE,America/New_York,3
6994,Gibraltar,Gibraltar,MI,Michigan,26163,Wayne,42.096,-83.2029,4519,473,polygon,FALSE,TRUE,America/Detroit,3
6995,South Bound Brook,South Bound Brook,NJ,New Jersey,34035,Somerset,40.5535,-74.5277,4518,2705,polygon,FALSE,TRUE,America/New_York,2
6996,Reminderville,Reminderville,OH,Ohio,39153,Summit,41.3338,-81.4018,4517,798,polygon,FALSE,TRUE,America/New_York,3
6997,Oak Hill,Oak Hill,TN,Tennessee,47037,Davidson,36.0735,-86.7856,4516,222,polygon,FALSE,TRUE,America/Chicago,3
6998,North Westport,North Westport,MA,Massachusetts,25005,Bristol,41.6539,-71.0927,4515,336,polygon,FALSE,FALSE,America/New_York,3
6999,Silver Springs,Silver Springs,NV,Nevada,32019,Lyon,39.3826,-119.2149,4514,24,polygon,FALSE,FALSE,America/Los_Angeles,3
7000,Capitol Heights,Capitol Heights,MD,Maryland,24033,Prince George's,38.8766,-76.9074,4514,2232,polygon,FALSE,TRUE,America/New_York,2
7001,Rosedale,Rosedale,WA,Washington,53053,Pierce,47.3453,-122.6368,4512,383,polygon,FALSE,FALSE,America/Los_Angeles,3
7002,Huber Ridge,Huber Ridge,OH,Ohio,39049,Franklin,40.0909,-82.9174,4511,1663,polygon,FALSE,FALSE,America/New_York,3
7003,Hawthorne,Hawthorne,NY,New York,36119,Westchester,41.1035,-73.7969,4510,1585,polygon,FALSE,FALSE,America/New_York,3
7004,Westwood,Westwood,KY,Kentucky,21019,Boyd,38.4806,-82.6798,4509,465,polygon,FALSE,FALSE,America/New_York,3
7005,Mountain Grove,Mountain Grove,MO,Missouri,29229,Wright,37.1341,-92.266,4507,451,polygon,FALSE,TRUE,America/Chicago,3
7006,Watertown,Watertown,MN,Minnesota,27019,Carver,44.9603,-93.8431,4507,665,polygon,FALSE,TRUE,America/Chicago,3
7007,Hancock,Hancock,MI,Michigan,26061,Houghton,47.1355,-88.5987,4506,675,polygon,FALSE,TRUE,America/Detroit,3
7008,East Petersburg,East Petersburg,PA,Pennsylvania,42071,Lancaster,40.1006,-76.3511,4504,1439,polygon,FALSE,TRUE,America/New_York,3
7009,Chisholm,Chisholm,MN,Minnesota,27137,St. Louis,47.4877,-92.8788,4504,417,polygon,FALSE,TRUE,America/Chicago,3
7010,Ludlow,Ludlow,KY,Kentucky,21117,Kenton,39.0904,-84.5498,4504,1899,polygon,FALSE,TRUE,America/New_York,3
7011,Ardsley,Ardsley,NY,New York,36119,Westchester,41.0135,-73.8395,4502,1314,polygon,FALSE,TRUE,America/New_York,3
7012,Arabi,Arabi,LA,Louisiana,22087,St. Bernard,29.9562,-89.9986,4501,990,polygon,FALSE,FALSE,America/Chicago,3
7013,Crystal River,Crystal River,FL,Florida,12017,Citrus,28.8964,-82.5992,4498,164,polygon,FALSE,TRUE,America/New_York,3
7014,North Terre Haute,North Terre Haute,IN,Indiana,18167,Vigo,39.537,-87.3653,4498,485,polygon,FALSE,FALSE,America/Indiana/Indianapolis,3
7015,Hazlehurst,Hazlehurst,GA,Georgia,13161,Jeff Davis,31.8651,-82.5994,4497,337,polygon,FALSE,TRUE,America/New_York,3
7016,Alachua,Alachua,FL,Florida,12001,Alachua,29.7778,-82.4831,4495,105,polygon,FALSE,TRUE,America/New_York,3
7017,Gang Mills,Gang Mills,NY,New York,36101,Steuben,42.1534,-77.123,4495,396,polygon,FALSE,FALSE,America/New_York,3
7018,Edwardsville,Edwardsville,KS,Kansas,20209,Wyandotte,39.0765,-94.8166,4495,192,polygon,FALSE,TRUE,America/Chicago,3
7019,Quebradillas,Quebradillas,PR,Puerto Rico,72115,Quebradillas,18.4732,-66.936,4495,1074,polygon,FALSE,FALSE,America/Puerto_Rico,3
7020,Fremont,Fremont,MI,Michigan,26123,Newaygo,43.463,-85.9541,4494,398,polygon,FALSE,TRUE,America/Detroit,3
7021,Florence,Florence,MS,Mississippi,28121,Rankin,32.1557,-90.1225,4494,214,polygon,FALSE,TRUE,America/Chicago,3
7022,Mount Vernon,Mount Vernon,MO,Missouri,29109,Lawrence,37.105,-93.8191,4492,437,polygon,FALSE,TRUE,America/Chicago,3
7023,University,University,MS,Mississippi,28071,Lafayette,34.3656,-89.5379,4490,2461,polygon,FALSE,FALSE,America/Chicago,2
7024,Wahoo,Wahoo,NE,Nebraska,31155,Saunders,41.2166,-96.6172,4488,598,polygon,FALSE,TRUE,America/Chicago,3
7025,Ottawa Hills,Ottawa Hills,OH,Ohio,39095,Lucas,41.6682,-83.6433,4488,921,polygon,FALSE,TRUE,America/New_York,3
7026,Jamestown,Jamestown,NC,North Carolina,37081,Guilford,35.9985,-79.9347,4487,578,polygon,FALSE,TRUE,America/New_York,3
7027,Sierra View,Sierra View,PA,Pennsylvania,42089,Monroe,41.0007,-75.4476,4487,342,polygon,FALSE,FALSE,America/New_York,3
7028,Spurgeon,Spurgeon,TN,Tennessee,47163,Sullivan,36.443,-82.4621,4482,423,polygon,FALSE,FALSE,America/New_York,3
7029,Monticello,Monticello,LA,Louisiana,22033,East Baton Rouge,30.4881,-91.0449,4479,723,polygon,FALSE,FALSE,America/Chicago,3
7030,Ebensburg,Ebensburg,PA,Pennsylvania,42021,Cambria,40.4884,-78.7264,4478,711,polygon,FALSE,TRUE,America/New_York,3
7031,San Diego,San Diego,TX,Texas,48131,Duval,27.7609,-98.2389,4474,857,polygon,FALSE,TRUE,America/Chicago,3
7032,Medina,Medina,TN,Tennessee,47053,Gibson,35.8152,-88.7901,4474,412,polygon,FALSE,TRUE,America/Chicago,3
7033,Williamstown,Williamstown,KY,Kentucky,21081,Grant,38.6415,-84.5676,4473,90,polygon,FALSE,TRUE,America/New_York,3
7034,Walhalla,Walhalla,SC,South Carolina,45073,Oconee,34.7705,-83.0615,4472,444,polygon,FALSE,TRUE,America/New_York,3
7035,Newton Falls,Newton Falls,OH,Ohio,39155,Trumbull,41.1888,-80.9712,4471,754,polygon,FALSE,TRUE,America/New_York,3
7036,Castle Hills,Castle Hills,TX,Texas,48029,Bexar,29.5229,-98.5197,4470,698,polygon,FALSE,TRUE,America/Chicago,3
7037,Pinetop-Lakeside,Pinetop-Lakeside,AZ,Arizona,4017,Navajo,34.1486,-109.9658,4469,154,polygon,FALSE,TRUE,America/Phoenix,3
7038,Goodland,Goodland,KS,Kansas,20181,Sherman,39.3489,-101.7142,4469,378,polygon,FALSE,TRUE,America/Denver,3
7039,Woodville,Woodville,TX,Texas,48457,Tyler,30.774,-94.4236,4468,292,polygon,FALSE,TRUE,America/Chicago,3
7040,East Hampton North,East Hampton North,NY,New York,36103,Suffolk,40.9725,-72.1889,4468,305,polygon,FALSE,TRUE,America/New_York,3
7041,Crawfordville,Crawfordville,FL,Florida,12129,Wakulla,30.1995,-84.3634,4467,377,polygon,FALSE,FALSE,America/New_York,3
7042,Utqiagvik,Utqiagvik,AK,Alaska,2185,North Slope,71.2728,-156.7575,4467,91,polygon,FALSE,TRUE,America/Anchorage,3
7043,Millersburg,Millersburg,PA,Pennsylvania,42043,Dauphin,40.5422,-76.9554,4467,1279,polygon,FALSE,TRUE,America/New_York,3
7044,Berryville,Berryville,VA,Virginia,51043,Clarke,39.1504,-77.9824,4467,743,polygon,FALSE,TRUE,America/New_York,3
7045,Reidland,Reidland,KY,Kentucky,21145,McCracken,37.0085,-88.5261,4467,359,polygon,FALSE,FALSE,America/Chicago,3
7046,Lindale,Lindale,GA,Georgia,13115,Floyd,34.1884,-85.1808,4466,314,polygon,FALSE,FALSE,America/New_York,3
7047,Bonsall,Bonsall,CA,California,6073,San Diego,33.2761,-117.1942,4464,128,polygon,FALSE,FALSE,America/Los_Angeles,3
7048,Algood,Algood,TN,Tennessee,47141,Putnam,36.1999,-85.4467,4463,422,polygon,FALSE,TRUE,America/Chicago,3
7049,Mount Holly Springs,Mount Holly Springs,PA,Pennsylvania,42041,Cumberland,40.1126,-77.1854,4463,582,polygon,FALSE,TRUE,America/New_York,3
7050,Connerton,Connerton,FL,Florida,12101,Pasco,28.3022,-82.4624,4462,132,polygon,FALSE,TRUE,America/New_York,3
7051,Pleasant Run,Pleasant Run,OH,Ohio,39061,Hamilton,39.2927,-84.5757,4460,831,polygon,FALSE,FALSE,America/New_York,3
7052,Horse Cave,Horse Cave,KY,Kentucky,21099,Hart,37.1738,-85.9146,4460,297,polygon,FALSE,TRUE,America/Chicago,3
7053,Cramerton,Cramerton,NC,North Carolina,37071,Gaston,35.2344,-81.0734,4458,448,polygon,FALSE,TRUE,America/New_York,3
7054,Whiteville,Whiteville,TN,Tennessee,47069,Hardeman,35.318,-89.1498,4456,652,polygon,FALSE,TRUE,America/Chicago,3
7055,Minerva,Minerva,OH,Ohio,39151,Stark,40.7306,-81.1022,4456,644,polygon,FALSE,TRUE,America/New_York,3
7056,West Peoria,West Peoria,IL,Illinois,17143,Peoria,40.697,-89.6398,4455,820,polygon,FALSE,TRUE,America/Chicago,3
7057,Beaufort,Beaufort,NC,North Carolina,37031,Carteret,34.7308,-76.6487,4452,354,polygon,FALSE,TRUE,America/New_York,3
7058,Grayson,Grayson,GA,Georgia,13135,Gwinnett,33.89,-83.9574,4452,697,polygon,FALSE,TRUE,America/New_York,3
7059,Beattystown,Beattystown,NJ,New Jersey,34041,Warren,40.8222,-74.8502,4451,567,polygon,FALSE,FALSE,America/New_York,3
7060,Sunnyside,Sunnyside,CA,California,6019,Fresno,36.7294,-119.6945,4451,898,polygon,FALSE,FALSE,America/Los_Angeles,3
7061,Singac,Singac,NJ,New Jersey,34031,Passaic,40.8849,-74.243,4447,3737,polygon,FALSE,FALSE,America/New_York,2
7062,North Alamo,North Alamo,TX,Texas,48215,Hidalgo,26.216,-98.1264,4447,1209,polygon,FALSE,FALSE,America/Chicago,3
7063,Mount Repose,Mount Repose,OH,Ohio,39025,Clermont,39.1908,-84.2197,4446,836,polygon,FALSE,FALSE,America/New_York,3
7064,La Verkin,La Verkin,UT,Utah,49053,Washington,37.2308,-113.2523,4446,134,polygon,FALSE,TRUE,America/Denver,3
7065,Glennville,Glennville,GA,Georgia,13267,Tattnall,31.9382,-81.9305,4445,274,polygon,FALSE,TRUE,America/New_York,3
7066,Reedsport,Reedsport,OR,Oregon,41019,Douglas,43.6983,-124.1122,4442,776,polygon,FALSE,TRUE,America/Los_Angeles,3
7067,Placitas,Placitas,NM,New Mexico,35043,Sandoval,35.3226,-106.4436,4441,57,polygon,FALSE,FALSE,America/Denver,3
7068,Higginsville,Higginsville,MO,Missouri,29107,Lafayette,39.0653,-93.727,4440,472,polygon,FALSE,TRUE,America/Chicago,3
7069,Coquille,Coquille,OR,Oregon,41011,Coos,43.1802,-124.1841,4439,549,polygon,FALSE,TRUE,America/Los_Angeles,3
7070,Boiling Springs,Boiling Springs,NC,North Carolina,37045,Cleveland,35.2521,-81.6636,4438,390,polygon,FALSE,TRUE,America/New_York,3
7071,Sauk Centre,Sauk Centre,MN,Minnesota,27145,Stearns,45.736,-94.9523,4437,417,polygon,FALSE,TRUE,America/Chicago,3
7072,Cortez,Cortez,FL,Florida,12081,Manatee,27.4668,-82.6687,4436,767,polygon,FALSE,FALSE,America/New_York,3
7073,Smithville,Smithville,TX,Texas,48021,Bastrop,30.008,-97.1511,4436,438,polygon,FALSE,TRUE,America/Chicago,3
7074,Belfair,Belfair,WA,Washington,53045,Mason,47.4495,-122.8487,4435,232,polygon,FALSE,FALSE,America/Los_Angeles,3
7075,Mary Esther,Mary Esther,FL,Florida,12091,Okaloosa,30.4127,-86.6588,4434,1161,polygon,FALSE,TRUE,America/Chicago,3
7076,Saukville,Saukville,WI,Wisconsin,55089,Ozaukee,43.3847,-87.9439,4433,486,polygon,FALSE,TRUE,America/Chicago,3
7077,Unalaska,Unalaska,AK,Alaska,2016,Aleutians West,53.8984,-166.568,4432,16,polygon,FALSE,TRUE,America/Nome,3
7078,Tazewell,Tazewell,VA,Virginia,51185,Tazewell,37.1268,-81.5134,4430,232,polygon,FALSE,TRUE,America/New_York,3
7079,Fulton,Fulton,MD,Maryland,24027,Howard,39.1516,-76.9163,4429,451,polygon,FALSE,FALSE,America/New_York,3
7080,Crestline,Crestline,OH,Ohio,39033,Crawford,40.7836,-82.7458,4425,542,polygon,FALSE,TRUE,America/New_York,3
7081,Fox Farm-College,Fox Farm-College,WY,Wyoming,56021,Laramie,41.1103,-104.7872,4424,566,polygon,FALSE,TRUE,America/Denver,3
7082,Dilworth,Dilworth,MN,Minnesota,27027,Clay,46.8795,-96.6986,4422,531,polygon,FALSE,TRUE,America/Chicago,3
7083,Lochmoor Waterway Estates,Lochmoor Waterway Estates,FL,Florida,12071,Lee,26.6437,-81.9098,4420,773,polygon,FALSE,FALSE,America/New_York,3
7084,Valdese,Valdese,NC,North Carolina,37023,Burke,35.7566,-81.5634,4420,217,polygon,FALSE,TRUE,America/New_York,3
7085,Jenkintown,Jenkintown,PA,Pennsylvania,42091,Montgomery,40.0962,-75.1296,4420,2949,polygon,FALSE,TRUE,America/New_York,2
7086,Berwick,Berwick,LA,Louisiana,22101,St. Mary,29.7013,-91.2377,4419,289,polygon,FALSE,TRUE,America/Chicago,3
7087,Perryville,Perryville,MD,Maryland,24015,Cecil,39.5738,-76.0669,4419,575,polygon,FALSE,TRUE,America/New_York,3
7088,Planada,Planada,CA,California,6047,Merced,37.2892,-120.3207,4418,1081,polygon,FALSE,FALSE,America/Los_Angeles,3
7089,Edenton,Edenton,NC,North Carolina,37041,Chowan,36.058,-76.6008,4417,331,polygon,FALSE,TRUE,America/New_York,3
7090,Towanda,Towanda,PA,Pennsylvania,42015,Bradford,41.7707,-76.4472,4417,953,polygon,FALSE,TRUE,America/New_York,3
7091,Dundee,Dundee,MI,Michigan,26115,Monroe,41.9643,-83.6636,4417,338,polygon,FALSE,TRUE,America/Detroit,3
7092,Glendora,Glendora,NJ,New Jersey,34007,Camden,39.8405,-75.0678,4416,1638,polygon,FALSE,FALSE,America/New_York,3
7093,McMurray,McMurray,PA,Pennsylvania,42125,Washington,40.2815,-80.0874,4414,555,polygon,FALSE,FALSE,America/New_York,3
7094,Palacios,Palacios,TX,Texas,48321,Matagorda,28.7198,-96.235,4412,354,polygon,FALSE,TRUE,America/Chicago,3
7095,Senoia,Senoia,GA,Georgia,13077,Coweta,33.3082,-84.5546,4412,277,polygon,FALSE,TRUE,America/New_York,3
7096,Luverne,Luverne,MN,Minnesota,27133,Rock,43.6533,-96.2146,4411,485,polygon,FALSE,TRUE,America/Chicago,3
7097,Okauchee Lake,Okauchee Lake,WI,Wisconsin,55133,Waukesha,43.1248,-88.4408,4409,492,polygon,FALSE,FALSE,America/Chicago,3
7098,Mather,Mather,CA,California,6067,Sacramento,38.5489,-121.2832,4408,169,polygon,FALSE,TRUE,America/Los_Angeles,3
7099,Cortland,Cortland,IL,Illinois,17037,DeKalb,41.9255,-88.6794,4408,466,polygon,FALSE,TRUE,America/Chicago,3
7100,King City,King City,OR,Oregon,41067,Washington,45.4011,-122.8071,4408,2079,polygon,FALSE,TRUE,America/Los_Angeles,2
7101,Jourdanton,Jourdanton,TX,Texas,48013,Atascosa,28.9138,-98.5411,4405,486,polygon,FALSE,TRUE,America/Chicago,3
7102,Stock Island,Stock Island,FL,Florida,12087,Monroe,24.5658,-81.7351,4404,2032,polygon,FALSE,FALSE,America/New_York,2
7103,Seven Lakes,Seven Lakes,NC,North Carolina,37125,Moore,35.2647,-79.5865,4404,202,polygon,FALSE,FALSE,America/New_York,3
7104,Kingsville,Kingsville,MD,Maryland,24005,Baltimore,39.4496,-76.4204,4404,169,polygon,FALSE,FALSE,America/New_York,3
7105,Forestdale,Forestdale,MA,Massachusetts,25001,Barnstable,41.6846,-70.5082,4403,445,polygon,FALSE,FALSE,America/New_York,3
7106,Sheffield,Sheffield,OH,Ohio,39093,Lorain,41.4559,-82.0912,4402,158,polygon,FALSE,TRUE,America/New_York,3
7107,Santa Ynez,Santa Ynez,CA,California,6083,Santa Barbara,34.6151,-120.0944,4401,330,polygon,FALSE,FALSE,America/Los_Angeles,3
7108,Jessup,Jessup,PA,Pennsylvania,42069,Lackawanna,41.4622,-75.5478,4400,252,polygon,FALSE,TRUE,America/New_York,3
7109,Woodbridge,Woodbridge,VA,Virginia,51153,Prince William,38.6569,-77.2403,4400,1061,polygon,FALSE,FALSE,America/New_York,3
7110,Walworth,Walworth,WI,Wisconsin,55127,Walworth,42.5305,-88.5941,4399,628,polygon,FALSE,TRUE,America/Chicago,3
7111,Montoursville,Montoursville,PA,Pennsylvania,42081,Lycoming,41.2472,-76.9184,4399,470,polygon,FALSE,TRUE,America/New_York,3
7112,Farley,Farley,KY,Kentucky,21145,McCracken,37.0405,-88.5734,4398,285,polygon,FALSE,TRUE,America/Chicago,3
7113,Carlisle,Carlisle,IA,Iowa,19181,Warren,41.5116,-93.4949,4396,299,polygon,FALSE,TRUE,America/Chicago,3
7114,Stanford,Stanford,KY,Kentucky,21137,Lincoln,37.535,-84.6605,4393,343,polygon,FALSE,TRUE,America/New_York,3
7115,Hallsville,Hallsville,TX,Texas,48203,Harrison,32.5027,-94.57,4392,454,polygon,FALSE,TRUE,America/Chicago,3
7116,Ely,Ely,NV,Nevada,32033,White Pine,39.2649,-114.8709,4392,202,polygon,FALSE,TRUE,America/Los_Angeles,3
7117,Maeser,Maeser,UT,Utah,49047,Uintah,40.4719,-109.5786,4392,262,polygon,FALSE,FALSE,America/Denver,3
7118,Clarkdale,Clarkdale,AZ,Arizona,4025,Yavapai,34.7503,-112.055,4391,163,polygon,FALSE,TRUE,America/Phoenix,3
7119,Holts Summit,Holts Summit,MO,Missouri,29027,Callaway,38.6474,-92.1142,4391,457,polygon,FALSE,TRUE,America/Chicago,3
7120,Fort Pierce South,Fort Pierce South,FL,Florida,12111,St. Lucie,27.4096,-80.3539,4389,625,polygon,FALSE,TRUE,America/New_York,3
7121,Goldstream,Goldstream,AK,Alaska,2090,Fairbanks North Star,64.9339,-148.0083,4389,19,polygon,FALSE,TRUE,America/Anchorage,3
7122,Kingfisher,Kingfisher,OK,Oklahoma,40073,Kingfisher,35.8439,-97.9381,4389,468,polygon,FALSE,TRUE,America/Chicago,3
7123,Church Point,Church Point,LA,Louisiana,22001,Acadia,30.4037,-92.2145,4388,581,polygon,FALSE,TRUE,America/Chicago,3
7124,Brookville,Brookville,PA,Pennsylvania,42065,Jefferson,41.1615,-79.0827,4388,466,polygon,FALSE,TRUE,America/New_York,3
7125,Hurstbourne,Hurstbourne,KY,Kentucky,21111,Jefferson,38.238,-85.5891,4388,940,polygon,FALSE,TRUE,America/New_York,3
7126,Larksville,Larksville,PA,Pennsylvania,42079,Luzerne,41.2639,-75.9326,4385,360,polygon,FALSE,TRUE,America/New_York,3
7127,Argyle,Argyle,TX,Texas,48121,Denton,33.1105,-97.1864,4381,148,polygon,FALSE,TRUE,America/Chicago,3
7128,Armonk,Armonk,NY,New York,36119,Westchester,41.132,-73.7137,4381,283,polygon,FALSE,FALSE,America/New_York,3
7129,St. James,St. James,MN,Minnesota,27165,Watonwan,43.9832,-94.6249,4381,729,polygon,FALSE,TRUE,America/Chicago,3
7130,Piney,Piney,AR,Arkansas,5051,Garland,34.5024,-93.142,4380,260,polygon,FALSE,FALSE,America/Chicago,3
7131,Van Alstyne,Van Alstyne,TX,Texas,48181,Grayson,33.4203,-96.5834,4378,333,polygon,FALSE,TRUE,America/Chicago,3
7132,Cornwall,Cornwall,PA,Pennsylvania,42075,Lebanon,40.2659,-76.4077,4376,174,polygon,FALSE,TRUE,America/New_York,3
7133,Albion,Albion,PA,Pennsylvania,42049,Erie,41.8904,-80.3641,4372,518,polygon,FALSE,TRUE,America/New_York,3
7134,Pendleton,Pendleton,IN,Indiana,18095,Madison,40.0067,-85.7712,4371,126,polygon,FALSE,TRUE,America/Indiana/Indianapolis,3
7135,Wonder Lake,Wonder Lake,IL,Illinois,17111,McHenry,42.3792,-88.3496,4370,310,polygon,FALSE,TRUE,America/Chicago,3
7136,Fort Branch,Fort Branch,IN,Indiana,18051,Gibson,38.2461,-87.5734,4370,979,polygon,FALSE,TRUE,America/Chicago,3
7137,Smithville,Smithville,TN,Tennessee,47041,DeKalb,35.9584,-85.8211,4367,322,polygon,FALSE,TRUE,America/Chicago,3
7138,Marienville,Marienville,PA,Pennsylvania,42053,Forest,41.4687,-79.1181,4367,278,polygon,FALSE,FALSE,America/New_York,3
7139,Grottoes,Grottoes,VA,Virginia,51165,Rockingham,38.2692,-78.8252,4367,541,polygon,FALSE,TRUE,America/New_York,3
7140,Euharlee,Euharlee,GA,Georgia,13015,Bartow,34.1441,-84.9327,4367,312,polygon,FALSE,TRUE,America/New_York,3
7141,Tarentum,Tarentum,PA,Pennsylvania,42003,Allegheny,40.6041,-79.7601,4366,1376,polygon,FALSE,TRUE,America/New_York,3
7142,Ford City,Ford City,CA,California,6029,Kern,35.1647,-119.4584,4365,1098,polygon,FALSE,FALSE,America/Los_Angeles,3
7143,Camanche,Camanche,IA,Iowa,19045,Clinton,41.7928,-90.2766,4365,194,polygon,FALSE,TRUE,America/Chicago,3
7144,Lake Providence,Lake Providence,LA,Louisiana,22035,East Carroll,32.8133,-91.1826,4361,368,polygon,FALSE,TRUE,America/Chicago,3
7145,French Island,French Island,WI,Wisconsin,55063,La Crosse,43.8593,-91.2614,4360,832,polygon,FALSE,FALSE,America/Chicago,3
7146,Isle of Palms,Isle of Palms,SC,South Carolina,45019,Charleston,32.8043,-79.7552,4360,379,polygon,FALSE,TRUE,America/New_York,3
7147,Buffalo,Buffalo,WY,Wyoming,56019,Johnson,44.3426,-106.7139,4358,394,polygon,FALSE,TRUE,America/Denver,3
7148,Tontitown,Tontitown,AR,Arkansas,5143,Washington,36.1642,-94.2457,4358,93,polygon,FALSE,TRUE,America/Chicago,3
7149,Laurel,Laurel,DE,Delaware,10005,Sussex,38.5692,-75.5689,4356,606,polygon,FALSE,TRUE,America/New_York,3
7150,Leisure Village,Leisure Village,NJ,New Jersey,34029,Ocean,40.0445,-74.1852,4355,1289,polygon,FALSE,FALSE,America/New_York,3
7151,Hamburg,Hamburg,PA,Pennsylvania,42011,Berks,40.5561,-75.9825,4355,890,polygon,FALSE,TRUE,America/New_York,3
7152,West Hazleton,West Hazleton,PA,Pennsylvania,42079,Luzerne,40.9699,-76.013,4355,1121,polygon,FALSE,TRUE,America/New_York,3
7153,Pacheco,Pacheco,CA,California,6013,Contra Costa,37.9878,-122.07,4355,2269,polygon,FALSE,FALSE,America/Los_Angeles,2
7154,Garwood,Garwood,NJ,New Jersey,34039,Union,40.6513,-74.3231,4352,2583,polygon,FALSE,TRUE,America/New_York,2
7155,Atlantic Highlands,Atlantic Highlands,NJ,New Jersey,34025,Monmouth,40.4112,-74.0296,4351,1328,polygon,FALSE,TRUE,America/New_York,3
7156,Shallotte,Shallotte,NC,North Carolina,37019,Brunswick,33.9759,-78.3807,4351,182,polygon,FALSE,TRUE,America/New_York,3
7157,Sullivan,Sullivan,IN,Indiana,18153,Sullivan,39.0973,-87.4074,4351,842,polygon,FALSE,TRUE,America/Indiana/Indianapolis,3
7158,Millis-Clicquot,Millis-Clicquot,MA,Massachusetts,25021,Norfolk,42.1648,-71.3544,4350,536,polygon,FALSE,TRUE,America/New_York,3
7159,Venersborg,Venersborg,WA,Washington,53011,Clark,45.786,-122.4721,4349,155,polygon,FALSE,FALSE,America/Los_Angeles,3
7160,Cheboygan,Cheboygan,MI,Michigan,26031,Cheboygan,45.6415,-84.4685,4349,266,polygon,FALSE,TRUE,America/Detroit,3
7161,Harrogate,Harrogate,TN,Tennessee,47025,Claiborne,36.5752,-83.6462,4348,231,polygon,FALSE,TRUE,America/New_York,3
7162,Argo,Argo,AL,Alabama,1073,Jefferson,33.6961,-86.5066,4348,156,polygon,FALSE,TRUE,America/Chicago,3
7163,Canton,Canton,NC,North Carolina,37087,Haywood,35.5515,-82.8406,4347,451,polygon,FALSE,TRUE,America/New_York,3
7164,The Meadows,The Meadows,FL,Florida,12115,Sarasota,27.3653,-82.4724,4346,777,polygon,FALSE,FALSE,America/New_York,3
7165,South Greeley,South Greeley,WY,Wyoming,56021,Laramie,41.0928,-104.8066,4345,1005,polygon,FALSE,FALSE,America/Denver,3
7166,American Falls,American Falls,ID,Idaho,16077,Power,42.7828,-112.8541,4345,1032,polygon,FALSE,TRUE,America/Boise,3
7167,Lake Tansi,Lake Tansi,TN,Tennessee,47035,Cumberland,35.8706,-85.0617,4343,196,polygon,FALSE,FALSE,America/Chicago,3
7168,Cedarville,Cedarville,OH,Ohio,39057,Greene,39.7471,-83.8109,4343,1274,polygon,FALSE,TRUE,America/New_York,3
7169,Moon Lake,Moon Lake,FL,Florida,12101,Pasco,28.2993,-82.6049,4341,295,polygon,FALSE,TRUE,America/New_York,3
7170,Greendale,Greendale,IN,Indiana,18029,Dearborn,39.1317,-84.851,4341,295,polygon,FALSE,TRUE,America/New_York,3
7171,Kahaluu,Kahaluu,HI,Hawaii,15003,Honolulu,21.4576,-157.8453,4339,481,polygon,FALSE,FALSE,Pacific/Honolulu,3
7172,East Troy,East Troy,WI,Wisconsin,55127,Walworth,42.7848,-88.3973,4338,371,polygon,FALSE,TRUE,America/Chicago,3
7173,Lake Wisconsin,Lake Wisconsin,WI,Wisconsin,55021,Columbia,43.3782,-89.5762,4336,136,polygon,FALSE,FALSE,America/Chicago,3
7174,Narberth,Narberth,PA,Pennsylvania,42091,Montgomery,40.0077,-75.2635,4336,3329,polygon,FALSE,TRUE,America/New_York,2
7175,Eldorado,Eldorado,IL,Illinois,17165,Saline,37.8113,-88.4415,4336,602,polygon,FALSE,TRUE,America/Chicago,3
7176,St. Bernard,St. Bernard,OH,Ohio,39061,Hamilton,39.1711,-84.4956,4336,1074,polygon,FALSE,TRUE,America/New_York,3
7177,Four Corners,Four Corners,MT,Montana,30031,Gallatin,45.6704,-111.178,4336,156,polygon,FALSE,FALSE,America/Denver,3
7178,Hayfield,Hayfield,VA,Virginia,51059,Fairfax,38.7536,-77.1321,4335,1305,polygon,FALSE,FALSE,America/New_York,3
7179,Elk Ridge,Elk Ridge,UT,Utah,49049,Utah,40.0099,-111.6775,4335,592,polygon,FALSE,TRUE,America/Denver,3
7180,Ste. Genevieve,Ste. Genevieve,MO,Missouri,29186,Ste. Genevieve,37.9747,-90.0481,4335,415,polygon,FALSE,TRUE,America/Chicago,3
7181,Bayside,Bayside,WI,Wisconsin,55079,Milwaukee,43.1827,-87.9017,4334,701,polygon,FALSE,TRUE,America/Chicago,3
7182,Mauston,Mauston,WI,Wisconsin,55057,Juneau,43.7995,-90.0775,4332,376,polygon,FALSE,TRUE,America/Chicago,3
7183,Barclay,Barclay,NJ,New Jersey,34007,Camden,39.9013,-75.0009,4330,1007,polygon,FALSE,TRUE,America/New_York,3
7184,Holiday City South,Holiday City South,NJ,New Jersey,34029,Ocean,39.9533,-74.2366,4329,889,polygon,FALSE,TRUE,America/New_York,3
7185,Aberdeen,Aberdeen,MS,Mississippi,28095,Monroe,33.8287,-88.5539,4328,166,polygon,FALSE,TRUE,America/Chicago,3
7186,Forks,Forks,WA,Washington,53009,Clallam,47.9528,-124.3904,4327,364,polygon,FALSE,TRUE,America/Los_Angeles,3
7187,Noyack,Noyack,NY,New York,36103,Suffolk,40.9827,-72.335,4327,198,polygon,FALSE,FALSE,America/New_York,3
7188,Wallace,Wallace,NC,North Carolina,37061,Duplin,34.7379,-77.9909,4326,486,polygon,FALSE,TRUE,America/New_York,3
7189,Cokato,Cokato,MN,Minnesota,27171,Wright,45.0771,-94.1879,4326,688,polygon,FALSE,TRUE,America/Chicago,3
7190,West Bradenton,West Bradenton,FL,Florida,12081,Manatee,27.5016,-82.6146,4324,1287,polygon,FALSE,FALSE,America/New_York,3
7191,Wauna,Wauna,WA,Washington,53053,Pierce,47.386,-122.6694,4323,263,polygon,FALSE,FALSE,America/Los_Angeles,3
7192,Pennside,Pennside,PA,Pennsylvania,42011,Berks,40.3384,-75.8781,4323,1787,polygon,FALSE,FALSE,America/New_York,3
7193,Lexington,Lexington,MO,Missouri,29107,Lafayette,39.1798,-93.8694,4323,334,polygon,FALSE,TRUE,America/Chicago,3
7194,Garden City South,Garden City South,NY,New York,36059,Nassau,40.7121,-73.6605,4322,4123,polygon,FALSE,FALSE,America/New_York,2
7195,National Harbor,National Harbor,MD,Maryland,24033,Prince George's,38.7883,-77.0106,4322,1144,polygon,FALSE,TRUE,America/New_York,3
7196,Beavercreek,Beavercreek,OR,Oregon,41005,Clackamas,45.2756,-122.5136,4322,83,polygon,FALSE,TRUE,America/Los_Angeles,3
7197,Cherokee,Cherokee,IA,Iowa,19035,Cherokee,42.7501,-95.5528,4321,279,polygon,FALSE,TRUE,America/Chicago,3
7198,Taylor,Taylor,AZ,Arizona,4017,Navajo,34.4393,-110.1018,4321,51,polygon,FALSE,TRUE,America/Phoenix,3
7199,Spring Valley Village,Spring Valley Village,TX,Texas,48201,Harris,29.7898,-95.5041,4319,1371,polygon,FALSE,TRUE,America/Chicago,3
7200,Del Mar,Del Mar,CA,California,6073,San Diego,32.9633,-117.2627,4319,968,polygon,FALSE,TRUE,America/Los_Angeles,3
7201,Dumas,Dumas,AR,Arkansas,5041,Desha,33.8849,-91.4861,4319,486,polygon,FALSE,TRUE,America/Chicago,3
7202,West Ocean City,West Ocean City,MD,Maryland,24047,Worcester,38.3476,-75.1115,4319,441,polygon,FALSE,FALSE,America/New_York,3
7203,Clearwater,Clearwater,SC,South Carolina,45003,Aiken,33.5038,-81.91,4319,397,polygon,FALSE,FALSE,America/New_York,3
7204,Montgomery,Montgomery,WV,West Virginia,54039,Kanawha,38.1741,-81.3241,4317,371,polygon,FALSE,TRUE,America/New_York,3
7205,Clintonville,Clintonville,WI,Wisconsin,55135,Waupaca,44.6222,-88.7513,4316,381,polygon,FALSE,TRUE,America/Chicago,3
7206,California,California,MO,Missouri,29135,Moniteau,38.6304,-92.5667,4316,454,polygon,FALSE,TRUE,America/Chicago,3
7207,Glassport,Glassport,PA,Pennsylvania,42003,Allegheny,40.3262,-79.8861,4315,1053,polygon,FALSE,TRUE,America/New_York,3
7208,Three Oaks,Three Oaks,FL,Florida,12071,Lee,26.4738,-81.796,4314,1022,polygon,FALSE,FALSE,America/New_York,3
7209,Suncoast Estates,Suncoast Estates,FL,Florida,12071,Lee,26.7122,-81.8684,4314,612,polygon,FALSE,FALSE,America/New_York,3
7210,Larned,Larned,KS,Kansas,20145,Pawnee,38.1834,-99.1014,4313,588,polygon,FALSE,TRUE,America/Chicago,3
7211,Indian River Shores,Indian River Shores,FL,Florida,12061,Indian River,27.7084,-80.3851,4311,324,polygon,FALSE,TRUE,America/New_York,3
7212,Suquamish,Suquamish,WA,Washington,53035,Kitsap,47.7237,-122.583,4310,243,polygon,FALSE,FALSE,America/Los_Angeles,3
7213,West DeLand,West DeLand,FL,Florida,12127,Volusia,29.0162,-81.3343,4310,773,polygon,FALSE,FALSE,America/New_York,3
7214,Pleasant View,Pleasant View,TN,Tennessee,47021,Cheatham,36.3893,-87.0455,4310,147,polygon,FALSE,TRUE,America/Chicago,3
7215,Enon,Enon,VA,Virginia,51041,Chesterfield,37.3273,-77.3194,4310,385,polygon,FALSE,FALSE,America/New_York,3
7216,Samoset,Samoset,FL,Florida,12081,Manatee,27.4752,-82.543,4309,1282,polygon,FALSE,FALSE,America/New_York,3
7217,Slatington,Slatington,PA,Pennsylvania,42077,Lehigh,40.7544,-75.6114,4307,1258,polygon,FALSE,TRUE,America/New_York,3
7218,Aumsville,Aumsville,OR,Oregon,41047,Marion,44.8462,-122.8698,4306,1430,polygon,FALSE,TRUE,America/Los_Angeles,3
7219,Holmes Beach,Holmes Beach,FL,Florida,12081,Manatee,27.5108,-82.7153,4305,991,polygon,FALSE,TRUE,America/New_York,3
7220,Oconto,Oconto,WI,Wisconsin,55083,Oconto,44.8918,-87.8692,4302,258,polygon,FALSE,TRUE,America/Chicago,3
7221,Madeira Beach,Madeira Beach,FL,Florida,12103,Pinellas,27.7985,-82.7887,4301,1691,polygon,FALSE,TRUE,America/New_York,3
7222,Whitesboro,Whitesboro,TX,Texas,48181,Grayson,33.6612,-96.9022,4300,476,polygon,FALSE,TRUE,America/Chicago,3
7223,Copperopolis,Copperopolis,CA,California,6009,Calaveras,37.9365,-120.6277,4299,79,polygon,FALSE,FALSE,America/Los_Angeles,3
7224,Goulding,Goulding,FL,Florida,12033,Escambia,30.4397,-87.2299,4297,1399,polygon,FALSE,FALSE,America/Chicago,3
7225,West Reading,West Reading,PA,Pennsylvania,42011,Berks,40.3337,-75.947,4296,2790,polygon,FALSE,TRUE,America/New_York,2
7226,Running Springs,Running Springs,CA,California,6071,San Bernardino,34.2104,-117.1147,4296,394,polygon,FALSE,FALSE,America/Los_Angeles,3
7227,Slaughterville,Slaughterville,OK,Oklahoma,40027,Cleveland,35.091,-97.2879,4296,43,polygon,FALSE,TRUE,America/Chicago,3
7228,Auburn,Auburn,IL,Illinois,17167,Sangamon,39.5762,-89.7441,4295,431,polygon,FALSE,TRUE,America/Chicago,3
7229,La Joya,La Joya,TX,Texas,48215,Hidalgo,26.2518,-98.4699,4293,394,polygon,FALSE,TRUE,America/Chicago,3
7230,Carmel Valley Village,Carmel Valley Village,CA,California,6053,Monterey,36.4824,-121.7198,4293,87,polygon,FALSE,FALSE,America/Los_Angeles,3
7231,Sparta,Sparta,MI,Michigan,26081,Kent,43.1575,-85.7091,4293,687,polygon,FALSE,TRUE,America/Detroit,3
7232,Middlebury,Middlebury,IN,Indiana,18039,Elkhart,41.6696,-85.7075,4292,321,polygon,FALSE,TRUE,America/Indiana/Indianapolis,3
7233,West Laurel,West Laurel,MD,Maryland,24033,Prince George's,39.1133,-76.8924,4292,732,polygon,FALSE,FALSE,America/New_York,3
7234,Priceville,Priceville,AL,Alabama,1103,Morgan,34.5247,-86.8855,4291,251,polygon,FALSE,TRUE,America/Chicago,3
7235,Crane,Crane,TX,Texas,48103,Crane,31.3919,-102.3503,4290,1374,polygon,FALSE,TRUE,America/Chicago,3
7236,Chatsworth,Chatsworth,GA,Georgia,13213,Murray,34.7808,-84.7835,4290,311,polygon,FALSE,TRUE,America/New_York,3
7237,Swannanoa,Swannanoa,NC,North Carolina,37021,Buncombe,35.6008,-82.3917,4288,259,polygon,FALSE,FALSE,America/New_York,3
7238,Crittenden,Crittenden,KY,Kentucky,21081,Grant,38.7754,-84.6137,4288,439,polygon,FALSE,TRUE,America/New_York,3
7239,Nelson,Nelson,GA,Georgia,13227,Pickens,34.379,-84.3707,4287,348,polygon,FALSE,TRUE,America/New_York,3
7240,Cross Plains,Cross Plains,WI,Wisconsin,55025,Dane,43.1145,-89.648,4286,916,polygon,FALSE,TRUE,America/Chicago,3
7241,Grant-Valkaria,Grant-Valkaria,FL,Florida,12009,Brevard,27.9322,-80.5655,4286,60,polygon,FALSE,TRUE,America/New_York,3
7242,Todd Creek,Todd Creek,CO,Colorado,8001,Adams,39.9795,-104.8726,4286,170,polygon,FALSE,FALSE,America/Denver,3
7243,Indian Rocks Beach,Indian Rocks Beach,FL,Florida,12103,Pinellas,27.8961,-82.8444,4285,1958,polygon,FALSE,TRUE,America/New_York,3
7244,Buena,Buena,NJ,New Jersey,34001,Atlantic,39.5282,-74.9448,4284,218,polygon,FALSE,TRUE,America/New_York,3
7245,Sellersville,Sellersville,PA,Pennsylvania,42017,Bucks,40.36,-75.3083,4283,1445,polygon,FALSE,TRUE,America/New_York,3
7246,Wrightwood,Wrightwood,CA,California,6071,San Bernardino,34.3495,-117.6299,4283,279,polygon,FALSE,FALSE,America/Los_Angeles,3
7247,Phoenix Lake,Phoenix Lake,CA,California,6109,Tuolumne,38.0075,-120.3089,4283,150,polygon,FALSE,FALSE,America/Los_Angeles,3
7248,Mifflinburg,Mifflinburg,PA,Pennsylvania,42119,Union,40.9202,-77.0465,4282,743,polygon,FALSE,TRUE,America/New_York,3
7249,June Park,June Park,FL,Florida,12009,Brevard,28.0718,-80.6874,4281,553,polygon,FALSE,FALSE,America/New_York,3
7250,Adamsville,Adamsville,AL,Alabama,1073,Jefferson,33.6063,-86.9745,4281,65,polygon,FALSE,TRUE,America/Chicago,3
7251,Imbéry,Imbery,PR,Puerto Rico,72017,Barceloneta,18.4371,-66.5566,4280,2565,polygon,FALSE,FALSE,America/Puerto_Rico,2
7252,Imperial,Imperial,MO,Missouri,29099,Jefferson,38.3672,-90.3706,4279,315,polygon,FALSE,FALSE,America/Chicago,3
7253,Caldwell,Caldwell,TX,Texas,48051,Burleson,30.5307,-96.7007,4275,433,polygon,FALSE,TRUE,America/Chicago,3
7254,Lytle,Lytle,TX,Texas,48013,Atascosa,29.2342,-98.795,4275,248,polygon,FALSE,TRUE,America/Chicago,3
7255,India Hook,India Hook,SC,South Carolina,45091,York,35.0142,-81.0377,4275,626,polygon,FALSE,FALSE,America/New_York,3
7256,Welcome,Welcome,NC,North Carolina,37057,Davidson,35.9066,-80.2548,4274,177,polygon,FALSE,FALSE,America/New_York,3
7257,Florida,Florida,PR,Puerto Rico,72054,Florida,18.3643,-66.5611,4274,1092,polygon,FALSE,FALSE,America/Puerto_Rico,3
7258,Magnolia,Magnolia,NJ,New Jersey,34007,Camden,39.8562,-75.0365,4273,1686,polygon,FALSE,TRUE,America/New_York,3
7259,Shady Hollow,Shady Hollow,TX,Texas,48453,Travis,30.1646,-97.8629,4272,761,polygon,FALSE,FALSE,America/Chicago,3
7260,Orangetree,Orangetree,FL,Florida,12021,Collier,26.2929,-81.5786,4271,453,polygon,FALSE,FALSE,America/New_York,3
7261,Chalfont,Chalfont,PA,Pennsylvania,42017,Bucks,40.2894,-75.2096,4269,1018,polygon,FALSE,TRUE,America/New_York,3
7262,Humboldt Hill,Humboldt Hill,CA,California,6023,Humboldt,40.7219,-124.1987,4268,396,polygon,FALSE,FALSE,America/Los_Angeles,3
7263,Oneida,Oneida,TN,Tennessee,47151,Scott,36.5172,-84.5104,4267,153,polygon,FALSE,TRUE,America/New_York,3
7264,Port Aransas,Port Aransas,TX,Texas,48355,Nueces,27.8102,-97.0875,4266,184,polygon,FALSE,TRUE,America/Chicago,3
7265,Beaver,Beaver,PA,Pennsylvania,42007,Beaver,40.6936,-80.3074,4266,1798,polygon,FALSE,TRUE,America/New_York,3
7266,Lafayette,Lafayette,OR,Oregon,41071,Yamhill,45.2463,-123.1116,4265,1904,polygon,FALSE,TRUE,America/Los_Angeles,3
7267,Kewaskum,Kewaskum,WI,Wisconsin,55131,Washington,43.5177,-88.2306,4264,699,polygon,FALSE,TRUE,America/Chicago,3
7268,Rising Sun-Lebanon,Rising Sun-Lebanon,DE,Delaware,10001,Kent,39.0999,-75.5047,4263,460,polygon,FALSE,TRUE,America/New_York,3
7269,Buchanan,Buchanan,MI,Michigan,26021,Berrien,41.8283,-86.3657,4263,652,polygon,FALSE,TRUE,America/Detroit,3
7270,Benton Heights,Benton Heights,MI,Michigan,26021,Berrien,42.1211,-86.4137,4263,426,polygon,FALSE,FALSE,America/Detroit,3
7271,Belleair,Belleair,FL,Florida,12103,Pinellas,27.9365,-82.8114,4260,950,polygon,FALSE,TRUE,America/New_York,3
7272,Mountain View Acres,Mountain View Acres,CA,California,6071,San Bernardino,34.4976,-117.3472,4260,1035,polygon,FALSE,FALSE,America/Los_Angeles,3
7273,Williamston,Williamston,SC,South Carolina,45007,Anderson,34.6194,-82.4794,4260,445,polygon,FALSE,TRUE,America/New_York,3
7274,Barboursville,Barboursville,WV,West Virginia,54011,Cabell,38.4061,-82.297,4258,401,polygon,FALSE,TRUE,America/New_York,3
7275,Larch Way,Larch Way,WA,Washington,53061,Snohomish,47.8429,-122.2528,4257,1476,polygon,FALSE,TRUE,America/Los_Angeles,3
7276,Mulberry,Mulberry,FL,Florida,12105,Polk,27.9058,-81.9872,4257,266,polygon,FALSE,TRUE,America/New_York,3
7277,Hokes Bluff,Hokes Bluff,AL,Alabama,1055,Etowah,33.9902,-85.8639,4257,137,polygon,FALSE,TRUE,America/Chicago,3
7278,Prairie Heights,Prairie Heights,WA,Washington,53053,Pierce,47.1529,-122.1048,4256,439,polygon,FALSE,TRUE,America/Los_Angeles,3
7279,Becker,Becker,MN,Minnesota,27141,Sherburne,45.3815,-93.8737,4255,181,polygon,FALSE,TRUE,America/Chicago,3
7280,Whitmore Village,Whitmore Village,HI,Hawaii,15003,Honolulu,21.512,-158.0273,4254,1818,polygon,FALSE,FALSE,Pacific/Honolulu,3
7281,Mifflintown,Mifflintown,PA,Pennsylvania,42067,Juniata,40.5711,-77.3951,4254,2510,polygon,FALSE,TRUE,America/New_York,2
7282,Meadow Lake,Meadow Lake,NM,New Mexico,35061,Valencia,34.8024,-106.5701,4253,142,polygon,FALSE,FALSE,America/Denver,3
7283,Nashville,Nashville,AR,Arkansas,5061,Howard,33.9418,-93.8516,4253,309,polygon,FALSE,TRUE,America/Chicago,3
7284,Edgewood,Edgewood,OH,Ohio,39007,Ashtabula,41.8783,-80.7461,4251,240,polygon,FALSE,FALSE,America/New_York,3
7285,Parker,Parker,FL,Florida,12005,Bay,30.1289,-85.6008,4249,858,polygon,FALSE,TRUE,America/Chicago,3
7286,San Carlos,San Carlos,AZ,Arizona,4007,Gila,33.35,-110.4654,4247,191,polygon,FALSE,FALSE,America/Phoenix,3
7287,Olivarez,Olivarez,TX,Texas,48215,Hidalgo,26.2285,-97.9931,4246,444,polygon,FALSE,FALSE,America/Chicago,3
7288,Hearne,Hearne,TX,Texas,48395,Robertson,30.877,-96.5956,4243,408,polygon,FALSE,TRUE,America/Chicago,3
7289,Redland,Redland,AL,Alabama,1051,Elmore,32.4754,-86.1375,4242,67,polygon,FALSE,TRUE,America/Chicago,3
7290,Freeburg,Freeburg,IL,Illinois,17163,St. Clair,38.4398,-89.917,4242,240,polygon,FALSE,TRUE,America/Chicago,3
7291,Raymond,Raymond,WA,Washington,53049,Pacific,46.6839,-123.738,4241,282,polygon,FALSE,TRUE,America/Los_Angeles,3
7292,Cotulla,Cotulla,TX,Texas,48283,La Salle,28.4364,-99.2367,4241,794,polygon,FALSE,TRUE,America/Chicago,3
7293,Monroeville,Monroeville,AL,Alabama,1099,Monroe,31.5162,-87.3279,4240,165,polygon,FALSE,TRUE,America/Chicago,3
7294,Spackenkill,Spackenkill,NY,New York,36027,Dutchess,41.6549,-73.9102,4239,921,polygon,FALSE,FALSE,America/New_York,3
7295,East Tawas,East Tawas,MI,Michigan,26069,Iosco,44.2884,-83.4849,4239,373,polygon,FALSE,TRUE,America/Detroit,3
7296,Lebanon,Lebanon,IL,Illinois,17163,St. Clair,38.6004,-89.8116,4238,615,polygon,FALSE,TRUE,America/Chicago,3
7297,Lake Belvedere Estates,Lake Belvedere Estates,FL,Florida,12099,Palm Beach,26.6888,-80.1371,4237,3020,polygon,FALSE,FALSE,America/New_York,2
7298,Waverly,Waverly,OH,Ohio,39131,Pike,39.1256,-82.9836,4236,392,polygon,FALSE,TRUE,America/New_York,3
7299,Lamar,Lamar,MO,Missouri,29011,Barton,37.4945,-94.2791,4235,317,polygon,FALSE,TRUE,America/Chicago,3
7300,Hatillo,Hatillo,PR,Puerto Rico,72065,Hatillo,18.4811,-66.8221,4235,1511,polygon,FALSE,FALSE,America/Puerto_Rico,3
7301,North Richmond,North Richmond,CA,California,6013,Contra Costa,37.9642,-122.3711,4233,1176,polygon,FALSE,FALSE,America/Los_Angeles,3
7302,Lyons,Lyons,GA,Georgia,13279,Toombs,32.2062,-82.3215,4233,204,polygon,FALSE,TRUE,America/New_York,3
7303,Mojave,Mojave,CA,California,6029,Kern,35.0139,-118.1895,4230,28,polygon,FALSE,FALSE,America/Los_Angeles,3
7304,Pittsfield,Pittsfield,IL,Illinois,17149,Pike,39.6202,-90.7934,4230,344,polygon,FALSE,TRUE,America/Chicago,3
7305,Pocomoke City,Pocomoke City,MD,Maryland,24047,Worcester,38.0635,-75.5553,4230,420,polygon,FALSE,TRUE,America/New_York,3
7306,Dorneyville,Dorneyville,PA,Pennsylvania,42077,Lehigh,40.5755,-75.5188,4226,814,polygon,FALSE,FALSE,America/New_York,3
7307,Deer Park,Deer Park,IL,Illinois,17097,Lake,42.1656,-88.0868,4225,449,polygon,FALSE,TRUE,America/Chicago,3
7308,Mountain Lakes,Mountain Lakes,NJ,New Jersey,34027,Morris,40.8907,-74.4406,4223,617,polygon,FALSE,TRUE,America/New_York,3
7309,Harbison Canyon,Harbison Canyon,CA,California,6073,San Diego,32.8273,-116.8381,4223,161,polygon,FALSE,FALSE,America/Los_Angeles,3
7310,Hiram,Hiram,GA,Georgia,13223,Paulding,33.8771,-84.771,4223,410,polygon,FALSE,TRUE,America/New_York,3
7311,Adjuntas,Adjuntas,PR,Puerto Rico,72001,Adjuntas,18.1638,-66.7235,4222,2173,polygon,FALSE,FALSE,America/Puerto_Rico,2
7312,Mount Pleasant,Mount Pleasant,PA,Pennsylvania,42129,Westmoreland,40.151,-79.5435,4221,1627,polygon,FALSE,TRUE,America/New_York,3
7313,Mystic,Mystic,CT,Connecticut,9011,New London,41.3573,-71.9548,4221,486,polygon,FALSE,FALSE,America/New_York,3
7314,China Grove,China Grove,NC,North Carolina,37159,Rowan,35.5718,-80.5788,4220,460,polygon,FALSE,TRUE,America/New_York,3
7315,Valley Green,Valley Green,PA,Pennsylvania,42133,York,40.1567,-76.7947,4220,1165,polygon,FALSE,FALSE,America/New_York,3
7316,Masontown,Masontown,PA,Pennsylvania,42051,Fayette,39.8488,-79.9081,4220,837,polygon,FALSE,TRUE,America/New_York,3
7317,Carthage,Carthage,MS,Mississippi,28079,Leake,32.7431,-89.5337,4219,198,polygon,FALSE,TRUE,America/Chicago,3
7318,Lower Grand Lagoon,Lower Grand Lagoon,FL,Florida,12005,Bay,30.1444,-85.7526,4217,775,polygon,FALSE,FALSE,America/Chicago,3
7319,Byram,Byram,CT,Connecticut,9001,Fairfield,41.0011,-73.6528,4216,2040,polygon,FALSE,FALSE,America/New_York,2
7320,Broken Bow,Broken Bow,OK,Oklahoma,40089,McCurtain,34.0277,-94.7419,4216,257,polygon,FALSE,TRUE,America/Chicago,3
7321,Fredericktown,Fredericktown,MO,Missouri,29123,Madison,37.5643,-90.2987,4215,355,polygon,FALSE,TRUE,America/Chicago,3
7322,Esperance,Esperance,WA,Washington,53061,Snohomish,47.7937,-122.3469,4213,2246,polygon,FALSE,FALSE,America/Los_Angeles,2
7323,Beecher,Beecher,IL,Illinois,17197,Will,41.3501,-87.6174,4212,615,polygon,FALSE,TRUE,America/Chicago,3
7324,Mayodan,Mayodan,NC,North Carolina,37157,Rockingham,36.421,-79.9676,4211,319,polygon,FALSE,TRUE,America/New_York,3
7325,Silver Summit,Silver Summit,UT,Utah,49043,Summit,40.7434,-111.4905,4210,95,polygon,FALSE,TRUE,America/Denver,3
7326,Fort Defiance,Fort Defiance,AZ,Arizona,4001,Apache,35.7469,-109.0685,4209,267,polygon,FALSE,FALSE,America/Denver,3
7327,Libby,Libby,MT,Montana,30053,Lincoln,48.3872,-115.556,4206,582,polygon,FALSE,TRUE,America/Denver,3
7328,Osawatomie,Osawatomie,KS,Kansas,20121,Miami,38.5064,-94.9483,4205,314,polygon,FALSE,TRUE,America/Chicago,3
7329,Pearl River,Pearl River,MS,Mississippi,28099,Neshoba,32.7889,-89.2384,4205,52,polygon,FALSE,FALSE,America/Chicago,3
7330,Greenville,Greenville,KY,Kentucky,21177,Muhlenberg,37.2121,-87.1779,4204,316,polygon,FALSE,TRUE,America/Chicago,3
7331,Kenmar,Kenmar,PA,Pennsylvania,42081,Lycoming,41.2547,-76.955,4203,792,polygon,FALSE,FALSE,America/New_York,3
7332,Blanchester,Blanchester,OH,Ohio,39027,Clinton,39.2934,-83.9797,4203,396,polygon,FALSE,TRUE,America/New_York,3
7333,Spindale,Spindale,NC,North Carolina,37161,Rutherford,35.3599,-81.9232,4202,302,polygon,FALSE,TRUE,America/New_York,3
7334,University Gardens,University Gardens,NY,New York,36059,Nassau,40.7751,-73.7279,4202,3084,polygon,FALSE,FALSE,America/New_York,2
7335,Woodstock,Woodstock,AL,Alabama,1007,Bibb,33.2193,-87.1489,4202,89,polygon,FALSE,TRUE,America/Chicago,3
7336,Lancaster,Lancaster,KY,Kentucky,21079,Garrard,37.6152,-84.5817,4201,681,polygon,FALSE,TRUE,America/New_York,3
7337,Pilot Point,Pilot Point,TX,Texas,48121,Denton,33.3955,-96.9501,4200,433,polygon,FALSE,TRUE,America/Chicago,3
7338,Ogallala,Ogallala,NE,Nebraska,31101,Keith,41.1292,-101.721,4200,350,polygon,FALSE,TRUE,America/Denver,3
7339,Orangeburg,Orangeburg,NY,New York,36087,Rockland,41.0488,-73.9407,4200,528,polygon,FALSE,FALSE,America/New_York,3
7340,Ivanhoe,Ivanhoe,CA,California,6107,Tulare,36.3886,-119.2202,4198,804,polygon,FALSE,FALSE,America/Los_Angeles,3
7341,Central Gardens,Central Gardens,TX,Texas,48245,Jefferson,29.9893,-94.0217,4197,647,polygon,FALSE,FALSE,America/Chicago,3
7342,Del Monte Forest,Del Monte Forest,CA,California,6053,Monterey,36.5857,-121.9439,4197,201,polygon,FALSE,FALSE,America/Los_Angeles,3
7343,Newport,Newport,SC,South Carolina,45091,York,34.9832,-81.0992,4194,201,polygon,FALSE,FALSE,America/New_York,3
7344,Lake Land'Or,Lake Land'Or,VA,Virginia,51033,Caroline,38.017,-77.5593,4193,357,polygon,FALSE,TRUE,America/New_York,3
7345,Long Hill,Long Hill,CT,Connecticut,9011,New London,41.3536,-72.0517,4191,1052,polygon,FALSE,FALSE,America/New_York,3
7346,Barrington Hills,Barrington Hills,IL,Illinois,17031,Cook,42.1399,-88.2035,4190,59,polygon,FALSE,TRUE,America/Chicago,3
7347,Taylor Creek,Taylor Creek,FL,Florida,12093,Okeechobee,27.2172,-80.7927,4189,535,polygon,FALSE,FALSE,America/New_York,3
7348,Lisbon Falls,Lisbon Falls,ME,Maine,23001,Androscoggin,44.0086,-70.057,4189,440,polygon,FALSE,FALSE,America/New_York,3
7349,Prescott,Prescott,WI,Wisconsin,55093,Pierce,44.7523,-92.7883,4188,638,polygon,FALSE,TRUE,America/Chicago,3
7350,Sebring,Sebring,OH,Ohio,39099,Mahoning,40.9207,-81.0231,4186,647,polygon,FALSE,TRUE,America/New_York,3
7351,Whiteriver,Whiteriver,AZ,Arizona,4017,Navajo,33.8358,-109.9616,4185,103,polygon,FALSE,FALSE,America/Phoenix,3
7352,Malden,Malden,MO,Missouri,29069,Dunklin,36.585,-89.9808,4185,180,polygon,FALSE,TRUE,America/Chicago,3
7353,Monte Vista,Monte Vista,CO,Colorado,8105,Rio Grande,37.5789,-106.1499,4179,606,polygon,FALSE,TRUE,America/Denver,3
7354,Hometown,Hometown,IL,Illinois,17031,Cook,41.7312,-87.7311,4177,3367,polygon,FALSE,TRUE,America/Chicago,2
7355,Heritage Hills,Heritage Hills,NY,New York,36119,Westchester,41.3398,-73.7016,4176,865,polygon,FALSE,FALSE,America/New_York,3
7356,Scandia,Scandia,MN,Minnesota,27163,Washington,45.254,-92.8278,4176,46,polygon,FALSE,TRUE,America/Chicago,3
7357,Carlyle,Carlyle,IL,Illinois,17027,Clinton,38.6217,-89.3735,4175,359,polygon,FALSE,TRUE,America/Chicago,3
7358,Westover,Westover,WV,West Virginia,54061,Monongalia,39.6324,-79.9773,4173,1072,polygon,FALSE,TRUE,America/New_York,3
7359,Louisville,Louisville,MS,Mississippi,28159,Winston,33.1224,-89.0553,4171,153,polygon,FALSE,TRUE,America/Chicago,3
7360,Bluffton,Bluffton,OH,Ohio,39003,Allen,40.8912,-83.8887,4170,432,polygon,FALSE,TRUE,America/New_York,3
7361,Ovilla,Ovilla,TX,Texas,48139,Ellis,32.5352,-96.8895,4167,277,polygon,FALSE,TRUE,America/Chicago,3
7362,El Jebel,El Jebel,CO,Colorado,8037,Eagle,39.4051,-107.092,4167,303,polygon,FALSE,FALSE,America/Denver,3
7363,Country Lake Estates,Country Lake Estates,NJ,New Jersey,34005,Burlington,39.9488,-74.5411,4166,1467,polygon,FALSE,FALSE,America/New_York,3
7364,Columbus,Columbus,TX,Texas,48089,Colorado,29.7055,-96.5563,4165,490,polygon,FALSE,TRUE,America/Chicago,3
7365,Helena Valley Northwest,Helena Valley Northwest,MT,Montana,30049,Lewis and Clark,46.729,-112.0627,4163,98,polygon,FALSE,TRUE,America/Denver,3
7366,Roanoke,Roanoke,AL,Alabama,1111,Randolph,33.1454,-85.3694,4162,121,polygon,FALSE,TRUE,America/Chicago,3
7367,Fortville,Fortville,IN,Indiana,18059,Hancock,39.9247,-85.8465,4162,506,polygon,FALSE,TRUE,America/Indiana/Indianapolis,3
7368,Windom,Windom,MN,Minnesota,27033,Cottonwood,43.8736,-95.1201,4162,418,polygon,FALSE,TRUE,America/Chicago,3
7369,Aldan,Aldan,PA,Pennsylvania,42045,Delaware,39.9224,-75.2881,4160,2691,polygon,FALSE,TRUE,America/New_York,2
7370,Ketchum,Ketchum,ID,Idaho,16013,Blaine,43.6868,-114.3731,4160,343,polygon,FALSE,TRUE,America/Boise,3
7371,Otisville,Otisville,NY,New York,36071,Orange,41.4714,-74.5397,4159,533,polygon,FALSE,TRUE,America/New_York,3
7372,Holt,Holt,AL,Alabama,1125,Tuscaloosa,33.2302,-87.4827,4159,507,polygon,FALSE,FALSE,America/Chicago,3
7373,Indian Mountain Lake,Indian Mountain Lake,PA,Pennsylvania,42089,Monroe,41.0003,-75.5058,4158,252,polygon,FALSE,FALSE,America/New_York,3
7374,Minersville,Minersville,PA,Pennsylvania,42107,Schuylkill,40.6908,-76.2594,4157,2443,polygon,FALSE,TRUE,America/New_York,2
7375,Tiffin,Tiffin,IA,Iowa,19103,Johnson,41.7067,-91.6582,4157,391,polygon,FALSE,TRUE,America/Chicago,3
7376,Oakwood,Oakwood,GA,Georgia,13139,Hall,34.2237,-83.8849,4156,285,polygon,FALSE,TRUE,America/New_York,3
7377,Louisburg,Louisburg,KS,Kansas,20121,Miami,38.6203,-94.677,4155,361,polygon,FALSE,TRUE,America/Chicago,3
7378,Cockrell Hill,Cockrell Hill,TX,Texas,48113,Dallas,32.7382,-96.8886,4154,2755,polygon,FALSE,TRUE,America/Chicago,2
7379,High Ridge,High Ridge,MO,Missouri,29099,Jefferson,38.4608,-90.5339,4151,425,polygon,FALSE,FALSE,America/Chicago,3
7380,Blythewood,Blythewood,SC,South Carolina,45079,Richland,34.2121,-80.9921,4150,150,polygon,FALSE,TRUE,America/New_York,3
7381,East Merrimack,East Merrimack,NH,New Hampshire,33011,Hillsborough,42.867,-71.484,4148,533,polygon,FALSE,FALSE,America/New_York,3
7382,Bradley Beach,Bradley Beach,NJ,New Jersey,34025,Monmouth,40.2018,-74.0128,4148,2623,polygon,FALSE,TRUE,America/New_York,2
7383,Virden,Virden,IL,Illinois,17117,Macoupin,39.5058,-89.7711,4148,686,polygon,FALSE,TRUE,America/Chicago,3
7384,Barnesville,Barnesville,OH,Ohio,39013,Belmont,39.9888,-81.1728,4148,794,polygon,FALSE,TRUE,America/New_York,3
7385,Westville,Westville,NJ,New Jersey,34015,Gloucester,39.8704,-75.1301,4144,1562,polygon,FALSE,TRUE,America/New_York,3
7386,Heritage Village,Heritage Village,CT,Connecticut,9009,New Haven,41.4845,-73.2351,4143,651,polygon,FALSE,FALSE,America/New_York,3
7387,Sayre,Sayre,OK,Oklahoma,40009,Beckham,35.2973,-99.6284,4143,309,polygon,FALSE,TRUE,America/Chicago,3
7388,Constantine,Constantine,MI,Michigan,26149,St. Joseph,41.8378,-85.665,4143,504,polygon,FALSE,TRUE,America/Detroit,3
7389,Louisville,Louisville,TN,Tennessee,47009,Blount,35.8246,-84.0552,4141,107,polygon,FALSE,TRUE,America/New_York,3
7390,Ridge Wood Heights,Ridge Wood Heights,FL,Florida,12115,Sarasota,27.2874,-82.5137,4140,1131,polygon,FALSE,FALSE,America/New_York,3
7391,Taft,Taft,TX,Texas,48409,San Patricio,27.98,-97.3929,4140,663,polygon,FALSE,TRUE,America/Chicago,3
7392,Port Reading,Port Reading,NJ,New Jersey,34023,Middlesex,40.5669,-74.2475,4139,710,polygon,FALSE,FALSE,America/New_York,3
7393,Rice Lake,Rice Lake,MN,Minnesota,27137,St. Louis,46.8977,-92.1137,4139,49,polygon,FALSE,TRUE,America/Chicago,3
7394,Herculaneum,Herculaneum,MO,Missouri,29099,Jefferson,38.2579,-90.3949,4138,384,polygon,FALSE,TRUE,America/Chicago,3
7395,Deer Park,Deer Park,WA,Washington,53063,Spokane,47.9642,-117.4398,4137,244,polygon,FALSE,TRUE,America/Los_Angeles,3
7396,Mount Hermon,Mount Hermon,VA,Virginia,51143,Pittsylvania,36.6716,-79.4196,4137,298,polygon,FALSE,FALSE,America/New_York,3
7397,Lake of the Pines,Lake of the Pines,CA,California,6057,Nevada,39.0378,-121.0642,4137,1068,polygon,FALSE,FALSE,America/Los_Angeles,3
7398,McSwain,McSwain,CA,California,6047,Merced,37.3146,-120.5867,4137,264,polygon,FALSE,TRUE,America/Los_Angeles,3
7399,Dewey-Humboldt,Dewey-Humboldt,AZ,Arizona,4025,Yavapai,34.5175,-112.2498,4137,85,polygon,FALSE,TRUE,America/Phoenix,3
7400,Charlevoix,Charlevoix,MI,Michigan,26029,Charlevoix,45.3138,-85.2557,4137,469,polygon,FALSE,TRUE,America/Detroit,3
7401,Riverdale,Riverdale,NJ,New Jersey,34027,Morris,40.9921,-74.3125,4135,787,polygon,FALSE,TRUE,America/New_York,3
7402,Peotone,Peotone,IL,Illinois,17197,Will,41.3312,-87.7937,4135,848,polygon,FALSE,TRUE,America/Chicago,3
7403,Viroqua,Viroqua,WI,Wisconsin,55123,Vernon,43.5582,-90.8863,4134,432,polygon,FALSE,TRUE,America/Chicago,3
7404,Etowah,Etowah,TN,Tennessee,47107,McMinn,35.3381,-84.5282,4133,477,polygon,FALSE,TRUE,America/New_York,3
7405,Holtville,Holtville,AL,Alabama,1051,Elmore,32.6314,-86.3268,4133,73,polygon,FALSE,FALSE,America/Chicago,3
7406,Garden Ridge,Garden Ridge,TX,Texas,48091,Comal,29.6379,-98.2927,4130,223,polygon,FALSE,TRUE,America/Chicago,3
7407,Columbus,Columbus,MN,Minnesota,27003,Anoka,45.2685,-93.081,4130,35,polygon,FALSE,TRUE,America/Chicago,3
7408,Moses Lake North,Moses Lake North,WA,Washington,53025,Grant,47.195,-119.3185,4124,286,polygon,FALSE,TRUE,America/Los_Angeles,3
7409,Rockville,Rockville,IN,Indiana,18121,Parke,39.7665,-87.2295,4124,641,polygon,FALSE,TRUE,America/Indiana/Indianapolis,3
7410,New Carlisle,New Carlisle,IN,Indiana,18141,St. Joseph,41.7018,-86.4916,4122,398,polygon,FALSE,TRUE,America/Indiana/Indianapolis,3
7411,Pocola,Pocola,OK,Oklahoma,40079,Le Flore,35.2456,-94.4774,4121,52,polygon,FALSE,TRUE,America/Chicago,3
7412,Bellville,Bellville,TX,Texas,48015,Austin,29.9472,-96.2598,4120,613,polygon,FALSE,TRUE,America/Chicago,3
7413,Westport,Westport,NC,North Carolina,37109,Lincoln,35.5103,-80.9783,4119,433,polygon,FALSE,FALSE,America/New_York,3
7414,Stanton,Stanton,KY,Kentucky,21197,Powell,37.8465,-83.8563,4119,466,polygon,FALSE,TRUE,America/New_York,3
7415,Skyline View,Skyline View,PA,Pennsylvania,42043,Dauphin,40.3376,-76.7256,4118,594,polygon,FALSE,FALSE,America/New_York,3
7416,Christopher,Christopher,IL,Illinois,17055,Franklin,37.9708,-89.0531,4118,646,polygon,FALSE,TRUE,America/Chicago,3
7417,Austin,Austin,IN,Indiana,18143,Scott,38.7418,-85.8112,4118,587,polygon,FALSE,TRUE,America/Indiana/Indianapolis,3
7418,Laguna Beach,Laguna Beach,FL,Florida,12005,Bay,30.2549,-85.951,4117,632,polygon,FALSE,FALSE,America/Chicago,3
7419,New Tazewell,New Tazewell,TN,Tennessee,47025,Claiborne,36.4381,-83.6053,4116,207,polygon,FALSE,TRUE,America/New_York,3
7420,West Menlo Park,West Menlo Park,CA,California,6081,San Mateo,37.4338,-122.2034,4116,3264,polygon,FALSE,FALSE,America/Los_Angeles,2
7421,Grant,Grant,MN,Minnesota,27163,Washington,45.0825,-92.909,4116,63,polygon,FALSE,TRUE,America/Chicago,3
7422,Malmstrom AFB,Malmstrom AFB,MT,Montana,30013,Cascade,47.5059,-111.1825,4116,310,polygon,TRUE,TRUE,America/Denver,3
7423,Randleman,Randleman,NC,North Carolina,37151,Randolph,35.8165,-79.8066,4115,391,polygon,FALSE,TRUE,America/New_York,3
7424,Waverly,Waverly,NY,New York,36107,Tioga,42.0119,-76.5406,4115,696,polygon,FALSE,TRUE,America/New_York,3
7425,Walthourville,Walthourville,GA,Georgia,13179,Liberty,31.7716,-81.6216,4115,413,polygon,FALSE,TRUE,America/New_York,3
7426,Pemberwick,Pemberwick,CT,Connecticut,9001,Fairfield,41.0224,-73.6564,4114,2340,polygon,FALSE,FALSE,America/New_York,2
7427,Cassville,Cassville,MO,Missouri,29009,Barry,36.6786,-93.8682,4114,371,polygon,FALSE,TRUE,America/Chicago,3
7428,Woodstown,Woodstown,NJ,New Jersey,34033,Salem,39.6503,-75.3251,4112,842,polygon,FALSE,TRUE,America/New_York,3
7429,Jacksboro,Jacksboro,TX,Texas,48237,Jack,33.2256,-98.1594,4112,235,polygon,FALSE,TRUE,America/Chicago,3
7430,Burns,Burns,OR,Oregon,41025,Harney,43.5883,-119.0613,4112,303,polygon,FALSE,TRUE,America/Los_Angeles,3
7431,St. Marys,St. Marys,WV,West Virginia,54073,Pleasants,39.4023,-81.195,4111,668,polygon,FALSE,TRUE,America/New_York,3
7432,Bethel Manor,Bethel Manor,VA,Virginia,51199,York,37.0973,-76.4244,4110,3142,polygon,TRUE,TRUE,America/New_York,2
7433,Caseyville,Caseyville,IL,Illinois,17163,St. Clair,38.6302,-90.0339,4110,218,polygon,FALSE,TRUE,America/Chicago,3
7434,Goodview,Goodview,MN,Minnesota,27169,Winona,44.0693,-91.7167,4109,719,polygon,FALSE,TRUE,America/Chicago,3
7435,Sinking Spring,Sinking Spring,PA,Pennsylvania,42011,Berks,40.3241,-76.0236,4106,1277,polygon,FALSE,TRUE,America/New_York,3
7436,Niwot,Niwot,CO,Colorado,8013,Boulder,40.098,-105.1552,4106,396,polygon,FALSE,FALSE,America/Denver,3
7437,Moxee,Moxee,WA,Washington,53077,Yakima,46.564,-120.3966,4104,669,polygon,FALSE,TRUE,America/Los_Angeles,3
7438,Fleetwood,Fleetwood,PA,Pennsylvania,42011,Berks,40.4565,-75.8209,4104,1517,polygon,FALSE,TRUE,America/New_York,3
7439,Thornwood,Thornwood,NY,New York,36119,Westchester,41.1185,-73.7796,4103,1417,polygon,FALSE,FALSE,America/New_York,3
7440,Monongahela,Monongahela,PA,Pennsylvania,42125,Washington,40.1956,-79.9221,4102,827,polygon,FALSE,TRUE,America/New_York,3
7441,Perry,Perry,MI,Michigan,26155,Shiawassee,42.8195,-84.232,4102,289,polygon,FALSE,TRUE,America/Detroit,3
7442,Rosewood Heights,Rosewood Heights,IL,Illinois,17119,Madison,38.8885,-90.0722,4101,933,polygon,FALSE,FALSE,America/Chicago,3
7443,Turners Falls,Turners Falls,MA,Massachusetts,25011,Franklin,42.5976,-72.5572,4100,832,polygon,FALSE,FALSE,America/New_York,3
7444,Bystrom,Bystrom,CA,California,6099,Stanislaus,37.6199,-120.9827,4099,2243,polygon,FALSE,FALSE,America/Los_Angeles,2
7445,West Milwaukee,West Milwaukee,WI,Wisconsin,55079,Milwaukee,43.0124,-87.971,4096,1413,polygon,FALSE,TRUE,America/Chicago,3
7446,Presidio,Presidio,TX,Texas,48377,Presidio,29.5603,-104.3653,4095,583,polygon,FALSE,TRUE,America/Ojinaga,3
7447,Mitchell,Mitchell,IN,Indiana,18093,Lawrence,38.7368,-86.4755,4095,456,polygon,FALSE,TRUE,America/Indiana/Indianapolis,3
7448,Bonifay,Bonifay,FL,Florida,12059,Holmes,30.7826,-85.6845,4094,257,polygon,FALSE,TRUE,America/Chicago,3
7449,Grafton,Grafton,ND,North Dakota,38099,Walsh,48.4142,-97.4055,4094,485,polygon,FALSE,TRUE,America/Chicago,3
7450,Scottdale,Scottdale,PA,Pennsylvania,42129,Westmoreland,40.1034,-79.5899,4094,1365,polygon,FALSE,TRUE,America/New_York,3
7451,Whiteman AFB,Whiteman AFB,MO,Missouri,29101,Johnson,38.7302,-93.559,4093,236,polygon,TRUE,TRUE,America/Chicago,3
7452,Wood Village,Wood Village,OR,Oregon,41051,Multnomah,45.5358,-122.4205,4093,1677,polygon,FALSE,TRUE,America/Los_Angeles,3
7453,Lathrup Village,Lathrup Village,MI,Michigan,26125,Oakland,42.4921,-83.2273,4091,1048,polygon,FALSE,TRUE,America/Detroit,3
7454,Grand Bay,Grand Bay,AL,Alabama,1097,Mobile,30.4717,-88.345,4090,182,polygon,FALSE,FALSE,America/Chicago,3
7455,Tri-City,Tri-City,OR,Oregon,41019,Douglas,42.9893,-123.3,4090,218,polygon,FALSE,FALSE,America/Los_Angeles,3
7456,Burnham,Burnham,IL,Illinois,17031,Cook,41.6376,-87.5447,4088,850,polygon,FALSE,TRUE,America/Chicago,3
7457,Bristow,Bristow,OK,Oklahoma,40037,Creek,35.8338,-96.3941,4088,459,polygon,FALSE,TRUE,America/Chicago,3
7458,Rutherfordton,Rutherfordton,NC,North Carolina,37161,Rutherford,35.3642,-81.9613,4087,383,polygon,FALSE,TRUE,America/New_York,3
7459,Park Layne,Park Layne,OH,Ohio,39023,Clark,39.8881,-84.0394,4082,1076,polygon,FALSE,FALSE,America/New_York,3
7460,Dimmitt,Dimmitt,TX,Texas,48069,Castro,34.5324,-102.3111,4079,502,polygon,FALSE,TRUE,America/Chicago,3
7461,Austin,Austin,AR,Arkansas,5085,Lonoke,35.0061,-91.9895,4079,517,polygon,FALSE,TRUE,America/Chicago,3
7462,Whispering Pines,Whispering Pines,NC,North Carolina,37125,Moore,35.2536,-79.3755,4078,354,polygon,FALSE,TRUE,America/New_York,3
7463,Brices Creek,Brices Creek,NC,North Carolina,37049,Craven,35.0505,-77.0844,4078,200,polygon,FALSE,FALSE,America/New_York,3
7464,Charlotte Harbor,Charlotte Harbor,FL,Florida,12015,Charlotte,26.9629,-82.0571,4077,678,polygon,FALSE,FALSE,America/New_York,3
7465,Newcomerstown,Newcomerstown,OH,Ohio,39157,Tuscarawas,40.2762,-81.5949,4076,507,polygon,FALSE,TRUE,America/New_York,3
7466,Morgan,Morgan,UT,Utah,49029,Morgan,41.0414,-111.6802,4076,556,polygon,FALSE,TRUE,America/Denver,3
7467,Northwoods,Northwoods,MO,Missouri,29189,St. Louis,38.7035,-90.2824,4076,2252,polygon,FALSE,TRUE,America/Chicago,2
7468,Herricks,Herricks,NY,New York,36059,Nassau,40.7567,-73.6635,4074,2745,polygon,FALSE,FALSE,America/New_York,2
7469,Sharpsville,Sharpsville,PA,Pennsylvania,42085,Mercer,41.2595,-80.4813,4074,1130,polygon,FALSE,TRUE,America/New_York,3
7470,Ripley,Ripley,WV,West Virginia,54035,Jackson,38.8201,-81.7091,4073,383,polygon,FALSE,TRUE,America/New_York,3
7471,Mississippi State,Mississippi State,MS,Mississippi,28105,Oktibbeha,33.4515,-88.7913,4073,672,polygon,FALSE,TRUE,America/Chicago,3
7472,Arcadia,Arcadia,SC,South Carolina,45083,Spartanburg,34.9609,-81.9929,4073,802,polygon,FALSE,FALSE,America/New_York,3
7473,Mosinee,Mosinee,WI,Wisconsin,55073,Marathon,44.7874,-89.6839,4072,200,polygon,FALSE,TRUE,America/Chicago,3
7474,Boyertown,Boyertown,PA,Pennsylvania,42011,Berks,40.3323,-75.6375,4071,2032,polygon,FALSE,TRUE,America/New_York,2
7475,Narrows,Narrows,VA,Virginia,51071,Giles,37.3315,-80.8083,4069,595,polygon,FALSE,TRUE,America/New_York,3
7476,Morada,Morada,CA,California,6077,San Joaquin,38.0386,-121.2456,4068,526,polygon,FALSE,FALSE,America/Los_Angeles,3
7477,New Lebanon,New Lebanon,OH,Ohio,39113,Montgomery,39.744,-84.3943,4067,752,polygon,FALSE,TRUE,America/New_York,3
7478,Rosemont,Rosemont,IL,Illinois,17031,Cook,41.989,-87.8717,4066,875,polygon,FALSE,TRUE,America/Chicago,3
7479,Ho-Ho-Kus,Ho-Ho-Kus,NJ,New Jersey,34003,Bergen,41.0001,-74.0972,4065,902,polygon,FALSE,TRUE,America/New_York,3
7480,University Center,University Center,VA,Virginia,51107,Loudoun,39.0601,-77.4445,4060,1699,polygon,FALSE,FALSE,America/New_York,3
7481,Dawson,Dawson,GA,Georgia,13273,Terrell,31.7721,-84.4437,4058,424,polygon,FALSE,TRUE,America/New_York,3
7482,Wright City,Wright City,MO,Missouri,29219,Warren,38.8341,-91.0399,4058,277,polygon,FALSE,TRUE,America/Chicago,3
7483,Marine City,Marine City,MI,Michigan,26147,St. Clair,42.7138,-82.5012,4058,726,polygon,FALSE,TRUE,America/Detroit,3
7484,Crescent Springs,Crescent Springs,KY,Kentucky,21117,Kenton,39.0553,-84.5788,4058,1048,polygon,FALSE,TRUE,America/New_York,3
7485,Walton,Walton,KY,Kentucky,21015,Boone,38.8646,-84.6122,4058,330,polygon,FALSE,TRUE,America/New_York,3
7486,Ridgway,Ridgway,PA,Pennsylvania,42047,Elk,41.427,-78.7297,4056,554,polygon,FALSE,TRUE,America/New_York,3
7487,Rio Dell,Rio Dell,CA,California,6023,Humboldt,40.5022,-124.1103,4056,566,polygon,FALSE,TRUE,America/Los_Angeles,3
7488,Coopersville,Coopersville,MI,Michigan,26139,Ottawa,43.0658,-85.9341,4055,352,polygon,FALSE,TRUE,America/Detroit,3
7489,Kimberly,Kimberly,ID,Idaho,16083,Twin Falls,42.5345,-114.3695,4054,876,polygon,FALSE,TRUE,America/Boise,3
7490,Shrewsbury,Shrewsbury,NJ,New Jersey,34025,Monmouth,40.3249,-74.06,4053,724,polygon,FALSE,TRUE,America/New_York,3
7491,Egg Harbor City,Egg Harbor City,NJ,New Jersey,34001,Atlantic,39.564,-74.5961,4052,144,polygon,FALSE,TRUE,America/New_York,3
7492,Bethlehem,Bethlehem,NC,North Carolina,37003,Alexander,35.8162,-81.2962,4052,205,polygon,FALSE,FALSE,America/New_York,3
7493,Crooked River Ranch,Crooked River Ranch,OR,Oregon,41031,Jefferson,44.4242,-121.2757,4051,75,polygon,FALSE,FALSE,America/Los_Angeles,3
7494,Hampton,Hampton,SC,South Carolina,45049,Hampton,32.8676,-81.1092,4049,214,polygon,FALSE,TRUE,America/New_York,3
7495,Ellisburg,Ellisburg,NJ,New Jersey,34007,Camden,39.9199,-75.0093,4048,1727,polygon,FALSE,FALSE,America/New_York,3
7496,Camdenton,Camdenton,MO,Missouri,29029,Camden,38.0121,-92.75,4048,291,polygon,FALSE,TRUE,America/Chicago,3
7497,Buckingham,Buckingham,FL,Florida,12071,Lee,26.6615,-81.7399,4047,85,polygon,FALSE,FALSE,America/New_York,3
7498,Fayetteville,Fayetteville,NY,New York,36067,Onondaga,43.0308,-75.9985,4044,894,polygon,FALSE,TRUE,America/New_York,3
7499,Centralia,Centralia,MO,Missouri,29019,Boone,39.2105,-92.1341,4044,576,polygon,FALSE,TRUE,America/Chicago,3
7500,Forty Fort,Forty Fort,PA,Pennsylvania,42079,Luzerne,41.2843,-75.8689,4041,1188,polygon,FALSE,TRUE,America/New_York,3
7501,Haleiwa,Haleiwa,HI,Hawaii,15003,Honolulu,21.5871,-158.1074,4040,683,polygon,FALSE,FALSE,Pacific/Honolulu,3
7502,Jamestown,Jamestown,OH,Ohio,39057,Greene,39.6599,-83.7424,4038,707,polygon,FALSE,TRUE,America/New_York,3
7503,Sunset Beach,Sunset Beach,NC,North Carolina,37019,Brunswick,33.892,-78.5104,4037,230,polygon,FALSE,TRUE,America/New_York,3
7504,Lorane,Lorane,PA,Pennsylvania,42011,Berks,40.2921,-75.8486,4037,876,polygon,FALSE,FALSE,America/New_York,3
7505,Woodson Terrace,Woodson Terrace,MO,Missouri,29189,St. Louis,38.7286,-90.36,4037,2015,polygon,FALSE,TRUE,America/Chicago,2
7506,Algonac,Algonac,MI,Michigan,26147,St. Clair,42.6208,-82.534,4037,1098,polygon,FALSE,TRUE,America/Detroit,3
7507,Eatonton,Eatonton,GA,Georgia,13237,Putnam,33.3258,-83.3886,4036,126,polygon,FALSE,TRUE,America/New_York,3
7508,Northwest Harwich,Northwest Harwich,MA,Massachusetts,25001,Barnstable,41.6917,-70.1027,4033,195,polygon,FALSE,TRUE,America/New_York,3
7509,Peaceful Valley,Peaceful Valley,WA,Washington,53073,Whatcom,48.9477,-122.1406,4032,91,polygon,FALSE,FALSE,America/Los_Angeles,3
7510,Russell,Russell,KS,Kansas,20167,Russell,38.8878,-98.8513,4032,354,polygon,FALSE,TRUE,America/Chicago,3
7511,Red Springs,Red Springs,NC,North Carolina,37155,Robeson,34.8046,-79.1822,4031,364,polygon,FALSE,TRUE,America/New_York,3
7512,Breñas,Brenas,PR,Puerto Rico,72143,Vega Alta,18.4734,-66.3346,4030,1577,polygon,FALSE,FALSE,America/Puerto_Rico,3
7513,Belzoni,Belzoni,MS,Mississippi,28053,Humphreys,33.1804,-90.4863,4029,725,polygon,FALSE,TRUE,America/Chicago,3
7514,North El Monte,North El Monte,CA,California,6037,Los Angeles,34.103,-118.0238,4028,3673,polygon,FALSE,FALSE,America/Los_Angeles,2
7515,Weaverville,Weaverville,NC,North Carolina,37021,Buncombe,35.6963,-82.5584,4027,404,polygon,FALSE,TRUE,America/New_York,3
7516,Riva,Riva,MD,Maryland,24003,Anne Arundel,38.9449,-76.5876,4027,632,polygon,FALSE,FALSE,America/New_York,3
7517,Fussels Corner,Fussels Corner,FL,Florida,12105,Polk,28.0574,-81.861,4026,289,polygon,FALSE,FALSE,America/New_York,3
7518,Fenton,Fenton,MO,Missouri,29189,St. Louis,38.5279,-90.4489,4026,250,polygon,FALSE,TRUE,America/Chicago,3
7519,Waynesboro,Waynesboro,MS,Mississippi,28153,Wayne,31.6773,-88.6353,4025,146,polygon,FALSE,TRUE,America/Chicago,3
7520,Gentry,Gentry,AR,Arkansas,5007,Benton,36.257,-94.4907,4023,303,polygon,FALSE,TRUE,America/Chicago,3
7521,Trent Woods,Trent Woods,NC,North Carolina,37049,Craven,35.081,-77.0945,4021,522,polygon,FALSE,TRUE,America/New_York,3
7522,Mount Olive,Mount Olive,AL,Alabama,1073,Jefferson,33.6778,-86.8726,4021,168,polygon,FALSE,FALSE,America/Chicago,3
7523,Sparta,Sparta,IL,Illinois,17157,Randolph,38.1514,-89.7185,4019,147,polygon,FALSE,TRUE,America/Chicago,3
7524,Crandall,Crandall,TX,Texas,48257,Kaufman,32.6279,-96.4535,4017,493,polygon,FALSE,TRUE,America/Chicago,3
7525,Akron,Akron,PA,Pennsylvania,42071,Lancaster,40.158,-76.2031,4015,1263,polygon,FALSE,TRUE,America/New_York,3
7526,Bellaire,Bellaire,OH,Ohio,39013,Belmont,40.0176,-80.7469,4013,937,polygon,FALSE,TRUE,America/New_York,3
7527,Southgate,Southgate,KY,Kentucky,21037,Campbell,39.063,-84.4715,4013,1064,polygon,FALSE,TRUE,America/New_York,3
7528,Kildeer,Kildeer,IL,Illinois,17097,Lake,42.183,-88.0488,4012,366,polygon,FALSE,TRUE,America/Chicago,3
7529,Danielson,Danielson,CT,Connecticut,9015,Windham,41.8086,-71.8854,4012,1416,polygon,FALSE,TRUE,America/New_York,3
7530,Louisa,Louisa,KY,Kentucky,21127,Lawrence,38.1079,-82.6132,4012,400,polygon,FALSE,TRUE,America/New_York,3
7531,Rayville,Rayville,LA,Louisiana,22083,Richland,32.4707,-91.7576,4011,580,polygon,FALSE,TRUE,America/Chicago,3
7532,Churchville,Churchville,PA,Pennsylvania,42017,Bucks,40.1994,-74.9986,4011,766,polygon,FALSE,FALSE,America/New_York,3
7533,Rocky Ford,Rocky Ford,CO,Colorado,8089,Otero,38.05,-103.7226,4011,886,polygon,FALSE,TRUE,America/Denver,3
7534,Marlow,Marlow,OK,Oklahoma,40137,Stephens,34.6296,-97.9579,4010,244,polygon,FALSE,TRUE,America/Chicago,3
7535,Rossville,Rossville,GA,Georgia,13295,Walker,34.9747,-85.2898,4009,857,polygon,FALSE,TRUE,America/New_York,3
7536,Woodbourne,Woodbourne,PA,Pennsylvania,42017,Bucks,40.2016,-74.8872,4006,1254,polygon,FALSE,FALSE,America/New_York,3
7537,Medford,Medford,WI,Wisconsin,55119,Taylor,45.1365,-90.3436,4005,370,polygon,FALSE,TRUE,America/Chicago,3
7538,Ashburn,Ashburn,GA,Georgia,13287,Turner,31.7095,-83.6528,4005,301,polygon,FALSE,TRUE,America/New_York,3
7539,Lonoke,Lonoke,AR,Arkansas,5085,Lonoke,34.7908,-91.9069,4003,331,polygon,FALSE,TRUE,America/Chicago,3
7540,South Chicago Heights,South Chicago Heights,IL,Illinois,17031,Cook,41.4831,-87.637,4003,977,polygon,FALSE,TRUE,America/Chicago,3
7541,Kahaluu-Keauhou,Kahaluu-Keauhou,HI,Hawaii,15001,Hawaii,19.5726,-155.958,4002,276,polygon,FALSE,TRUE,Pacific/Honolulu,3
7542,San Joaquin,San Joaquin,CA,California,6019,Fresno,36.6057,-120.1897,4002,1296,polygon,FALSE,TRUE,America/Los_Angeles,3
7543,Hampton,Hampton,IA,Iowa,19069,Franklin,42.742,-93.205,4002,366,polygon,FALSE,TRUE,America/Chicago,3
7544,Centerville,Centerville,MN,Minnesota,27003,Anoka,45.164,-93.054,4002,727,polygon,FALSE,TRUE,America/Chicago,3
7545,Lakewood,Lakewood,IL,Illinois,17111,McHenry,42.2278,-88.393,4001,336,polygon,FALSE,TRUE,America/Chicago,3
7546,Alexandria,Alexandria,AL,Alabama,1015,Calhoun,33.7675,-85.8792,4000,138,polygon,FALSE,FALSE,America/Chicago,3
7547,Silver Lake,Silver Lake,NJ,New Jersey,34013,Essex,40.7804,-74.1829,3998,4730,polygon,FALSE,TRUE,America/New_York,2
7548,Bloomfield Hills,Bloomfield Hills,MI,Michigan,26125,Oakland,42.578,-83.2456,3997,311,polygon,FALSE,TRUE,America/Detroit,3
7549,Gamewell,Gamewell,NC,North Carolina,37027,Caldwell,35.8637,-81.5979,3996,190,polygon,FALSE,TRUE,America/New_York,3
7550,Mabank,Mabank,TX,Texas,48257,Kaufman,32.3681,-96.114,3995,214,polygon,FALSE,TRUE,America/Chicago,3
7551,Parkesburg,Parkesburg,PA,Pennsylvania,42029,Chester,39.9593,-75.9177,3993,1214,polygon,FALSE,TRUE,America/New_York,3
7552,Jena,Jena,LA,Louisiana,22059,LaSalle,31.6914,-92.1298,3990,238,polygon,FALSE,TRUE,America/Chicago,3
7553,Shannon Hills,Shannon Hills,AR,Arkansas,5125,Saline,34.6157,-92.4217,3990,583,polygon,FALSE,TRUE,America/Chicago,3
7554,Southside,Southside,AR,Arkansas,5063,Independence,35.7149,-91.6329,3989,156,polygon,FALSE,TRUE,America/Chicago,3
7555,Richwood,Richwood,TX,Texas,48039,Brazoria,29.0723,-95.4045,3988,344,polygon,FALSE,TRUE,America/Chicago,3
7556,Captain Cook,Captain Cook,HI,Hawaii,15001,Hawaii,19.4995,-155.8937,3987,119,polygon,FALSE,FALSE,Pacific/Honolulu,3
7557,Greencastle,Greencastle,PA,Pennsylvania,42055,Franklin,39.7907,-77.7267,3986,969,polygon,FALSE,TRUE,America/New_York,3
7558,Lawnton,Lawnton,PA,Pennsylvania,42043,Dauphin,40.2638,-76.7978,3986,1328,polygon,FALSE,FALSE,America/New_York,3
7559,Lares,Lares,PR,Puerto Rico,72081,Lares,18.2951,-66.8821,3983,1125,polygon,FALSE,FALSE,America/Puerto_Rico,3
7560,Louisburg,Louisburg,NC,North Carolina,37069,Franklin,36.0979,-78.301,3980,503,polygon,FALSE,TRUE,America/New_York,3
7561,Mills,Mills,WY,Wyoming,56025,Natrona,42.8473,-106.383,3979,518,polygon,FALSE,TRUE,America/Denver,3
7562,Shavano Park,Shavano Park,TX,Texas,48029,Bexar,29.5861,-98.5563,3979,466,polygon,FALSE,TRUE,America/Chicago,3
7563,Madison,Madison,WV,West Virginia,54005,Boone,38.0631,-81.8046,3978,147,polygon,FALSE,TRUE,America/New_York,3
7564,Pittsboro,Pittsboro,NC,North Carolina,37037,Chatham,35.7256,-79.1714,3978,347,polygon,FALSE,TRUE,America/New_York,3
7565,Osage Beach,Osage Beach,MO,Missouri,29029,Camden,38.1353,-92.6479,3974,183,polygon,FALSE,TRUE,America/Chicago,3
7566,Nassau Bay,Nassau Bay,TX,Texas,48201,Harris,29.5448,-95.0865,3972,1256,polygon,FALSE,TRUE,America/Chicago,3
7567,Harrisburg,Harrisburg,OR,Oregon,41043,Linn,44.2718,-123.1656,3972,1078,polygon,FALSE,TRUE,America/Los_Angeles,3
7568,Tiptonville,Tiptonville,TN,Tennessee,47095,Lake,36.387,-89.4677,3971,753,polygon,FALSE,TRUE,America/Chicago,3
7569,Brookfield,Brookfield,MO,Missouri,29115,Linn,39.7853,-93.0772,3971,380,polygon,FALSE,TRUE,America/Chicago,3
7570,Park Hill,Park Hill,OK,Oklahoma,40021,Cherokee,35.8546,-94.9559,3969,44,polygon,FALSE,FALSE,America/Chicago,3
7571,Lonsdale,Lonsdale,MN,Minnesota,27131,Rice,44.4776,-93.422,3969,615,polygon,FALSE,TRUE,America/Chicago,3
7572,Spencer,Spencer,OK,Oklahoma,40109,Oklahoma,35.5108,-97.3715,3968,285,polygon,FALSE,TRUE,America/Chicago,3
7573,Dunlap,Dunlap,TN,Tennessee,47153,Sequatchie,35.3675,-85.3899,3967,184,polygon,FALSE,TRUE,America/Chicago,3
7574,Southport,Southport,NC,North Carolina,37019,Brunswick,33.9412,-78.0205,3966,387,polygon,FALSE,TRUE,America/New_York,3
7575,Blackshear,Blackshear,GA,Georgia,13229,Pierce,31.2954,-82.2453,3965,268,polygon,FALSE,TRUE,America/New_York,3
7576,Le Claire,Le Claire,IA,Iowa,19163,Scott,41.5963,-90.3687,3965,327,polygon,FALSE,TRUE,America/Chicago,3
7577,Verona,Verona,VA,Virginia,51015,Augusta,38.1939,-79.0087,3964,203,polygon,FALSE,FALSE,America/New_York,3
7578,Fairway,Fairway,KS,Kansas,20091,Johnson,39.0245,-94.6287,3960,1354,polygon,FALSE,TRUE,America/Chicago,3
7579,Sykesville,Sykesville,MD,Maryland,24013,Carroll,39.3714,-76.9716,3958,969,polygon,FALSE,TRUE,America/New_York,3
7580,Fort Gibson,Fort Gibson,OK,Oklahoma,40101,Muskogee,35.7766,-95.2599,3958,113,polygon,FALSE,TRUE,America/Chicago,3
7581,Clay Center,Clay Center,KS,Kansas,20027,Clay,39.3812,-97.1278,3958,483,polygon,FALSE,TRUE,America/Chicago,3
7582,Brazoria,Brazoria,TX,Texas,48039,Brazoria,29.0455,-95.5673,3956,436,polygon,FALSE,TRUE,America/Chicago,3
7583,Thorndale,Thorndale,PA,Pennsylvania,42029,Chester,39.9991,-75.7517,3956,820,polygon,FALSE,FALSE,America/New_York,3
7584,Crewe,Crewe,VA,Virginia,51135,Nottoway,37.1812,-78.1307,3956,408,polygon,FALSE,TRUE,America/New_York,3
7585,Marshall,Marshall,WI,Wisconsin,55025,Dane,43.1726,-89.0614,3955,723,polygon,FALSE,TRUE,America/Chicago,3
7586,Oaklyn,Oaklyn,NJ,New Jersey,34007,Camden,39.9023,-75.0813,3955,2434,polygon,FALSE,TRUE,America/New_York,2
7587,Holloman AFB,Holloman AFB,NM,New Mexico,35035,Otero,32.8483,-106.0998,3955,121,polygon,TRUE,TRUE,America/Denver,3
7588,Emerald Lakes,Emerald Lakes,PA,Pennsylvania,42089,Monroe,41.0845,-75.4154,3954,515,polygon,FALSE,FALSE,America/New_York,3
7589,Kalama,Kalama,WA,Washington,53015,Cowlitz,46.0164,-122.8402,3951,302,polygon,FALSE,TRUE,America/Los_Angeles,3
7590,Warminster Heights,Warminster Heights,PA,Pennsylvania,42017,Bucks,40.1884,-75.0841,3948,2418,polygon,FALSE,FALSE,America/New_York,2
7591,Elverson,Elverson,PA,Pennsylvania,42029,Chester,40.1559,-75.8304,3946,507,polygon,FALSE,TRUE,America/New_York,3
7592,St. James,St. James,MO,Missouri,29161,Phelps,38.0013,-91.6153,3945,364,polygon,FALSE,TRUE,America/Chicago,3
7593,South Brooksville,South Brooksville,FL,Florida,12053,Hernando,28.5243,-82.4158,3944,85,polygon,FALSE,FALSE,America/New_York,3
7594,Mahanoy City,Mahanoy City,PA,Pennsylvania,42107,Schuylkill,40.8126,-76.1382,3944,2987,polygon,FALSE,TRUE,America/New_York,2
7595,Hephzibah,Hephzibah,GA,Georgia,13245,Richmond,33.2906,-82.0994,3944,78,polygon,FALSE,TRUE,America/New_York,3
7596,Moosup,Moosup,CT,Connecticut,9015,Windham,41.717,-71.875,3943,659,polygon,FALSE,FALSE,America/New_York,3
7597,Wadena,Wadena,MN,Minnesota,27159,Wadena,46.4452,-95.1281,3943,293,polygon,FALSE,TRUE,America/Chicago,3
7598,Carroll Valley,Carroll Valley,PA,Pennsylvania,42001,Adams,39.7499,-77.3805,3942,283,polygon,FALSE,TRUE,America/New_York,3
7599,Chagrin Falls,Chagrin Falls,OH,Ohio,39035,Cuyahoga,41.4321,-81.3887,3941,733,polygon,FALSE,TRUE,America/New_York,3
7600,Wellsville,Wellsville,UT,Utah,49005,Cache,41.6223,-111.943,3941,209,polygon,FALSE,TRUE,America/Denver,3
7601,Morrison,Morrison,IL,Illinois,17195,Whiteside,41.8076,-89.9616,3940,611,polygon,FALSE,TRUE,America/Chicago,3
7602,Level Green,Level Green,PA,Pennsylvania,42129,Westmoreland,40.3902,-79.7215,3939,400,polygon,FALSE,FALSE,America/New_York,3
7603,Linden,Linden,MI,Michigan,26049,Genesee,42.8194,-83.7811,3939,645,polygon,FALSE,TRUE,America/Detroit,3
7604,Nichols Hills,Nichols Hills,OK,Oklahoma,40109,Oklahoma,35.5468,-97.5444,3938,772,polygon,FALSE,TRUE,America/Chicago,3
7605,Justin,Justin,TX,Texas,48121,Denton,33.0862,-97.3009,3936,695,polygon,FALSE,TRUE,America/Chicago,3
7606,Sparks,Sparks,TX,Texas,48141,El Paso,31.6727,-106.2399,3935,1074,polygon,FALSE,FALSE,America/Denver,3
7607,Bunker Hill Village,Bunker Hill Village,TX,Texas,48201,Harris,29.7647,-95.5317,3935,1053,polygon,FALSE,TRUE,America/Chicago,3
7608,Ball,Ball,LA,Louisiana,22079,Rapides,31.4188,-92.4084,3935,190,polygon,FALSE,TRUE,America/Chicago,3
7609,Falls City,Falls City,NE,Nebraska,31147,Richardson,40.0623,-95.599,3934,475,polygon,FALSE,TRUE,America/Chicago,3
7610,North Great River,North Great River,NY,New York,36103,Suffolk,40.7599,-73.1678,3934,652,polygon,FALSE,FALSE,America/New_York,3
7611,Clearlake Riviera,Clearlake Riviera,CA,California,6033,Lake,38.9512,-122.7207,3933,290,polygon,FALSE,TRUE,America/Los_Angeles,3
7612,Clearview,Clearview,WA,Washington,53061,Snohomish,47.8292,-122.1452,3932,327,polygon,FALSE,FALSE,America/Los_Angeles,3
7613,Brewerton,Brewerton,NY,New York,36067,Onondaga,43.2344,-76.1411,3931,478,polygon,FALSE,FALSE,America/New_York,3
7614,Fruit Hill,Fruit Hill,OH,Ohio,39061,Hamilton,39.0699,-84.367,3931,1191,polygon,FALSE,FALSE,America/New_York,3
7615,Mount Angel,Mount Angel,OR,Oregon,41047,Marion,45.0694,-122.797,3930,1259,polygon,FALSE,TRUE,America/Los_Angeles,3
7616,Vineyards,Vineyards,FL,Florida,12021,Collier,26.2279,-81.728,3929,775,polygon,FALSE,FALSE,America/New_York,3
7617,Bayard,Bayard,NM,New Mexico,35017,Grant,32.7579,-108.1338,3929,862,polygon,FALSE,TRUE,America/Denver,3
7618,Butte,Butte,AK,Alaska,2170,Matanuska-Susitna,61.5539,-149.0035,3929,44,polygon,FALSE,FALSE,America/Anchorage,3
7619,Jefferson,Jefferson,NC,North Carolina,37009,Ashe,36.4209,-81.4686,3928,284,polygon,FALSE,TRUE,America/New_York,3
7620,Deephaven,Deephaven,MN,Minnesota,27053,Hennepin,44.9318,-93.5293,3928,652,polygon,FALSE,TRUE,America/Chicago,3
7621,Aguilita,Aguilita,PR,Puerto Rico,72075,Juana Díaz,18.0284,-66.5331,3928,1690,polygon,FALSE,FALSE,America/Puerto_Rico,3
7622,Carefree,Carefree,AZ,Arizona,4013,Maricopa,33.8234,-111.9161,3927,172,polygon,FALSE,TRUE,America/Phoenix,3
7623,Chula Vista,Chula Vista,TX,Texas,48323,Maverick,28.6573,-100.422,3922,457,polygon,FALSE,TRUE,America/Chicago,3
7624,Oracle,Oracle,AZ,Arizona,4021,Pinal,32.6085,-110.7826,3920,95,polygon,FALSE,FALSE,America/Phoenix,3
7625,San Castle,San Castle,FL,Florida,12099,Palm Beach,26.5651,-80.0611,3917,3597,polygon,FALSE,TRUE,America/New_York,2
7626,Highland Beach,Highland Beach,FL,Florida,12099,Palm Beach,26.4088,-80.0661,3916,2817,polygon,FALSE,TRUE,America/New_York,2
7627,Pageland,Pageland,SC,South Carolina,45025,Chesterfield,34.772,-80.3897,3915,235,polygon,FALSE,TRUE,America/New_York,3
7628,Medford Lakes,Medford Lakes,NJ,New Jersey,34005,Burlington,39.8582,-74.8054,3914,1325,polygon,FALSE,TRUE,America/New_York,3
7629,Boardman,Boardman,OR,Oregon,41049,Morrow,45.8372,-119.6957,3913,383,polygon,FALSE,TRUE,America/Los_Angeles,3
7630,Coleman,Coleman,TX,Texas,48083,Coleman,31.8317,-99.4223,3912,268,polygon,FALSE,TRUE,America/Chicago,3
7631,Puhi,Puhi,HI,Hawaii,15007,Kauai,21.9622,-159.3918,3911,1698,polygon,FALSE,FALSE,Pacific/Honolulu,3
7632,Roland,Roland,OK,Oklahoma,40135,Sequoyah,35.4147,-94.5137,3911,505,polygon,FALSE,TRUE,America/Chicago,3
7633,Glenwood Landing,Glenwood Landing,NY,New York,36059,Nassau,40.8295,-73.6378,3910,1552,polygon,FALSE,FALSE,America/New_York,3
7634,Lake Park,Lake Park,NC,North Carolina,37179,Union,35.0848,-80.6348,3909,2053,polygon,FALSE,TRUE,America/New_York,2
7635,Laureldale,Laureldale,PA,Pennsylvania,42011,Berks,40.3897,-75.9135,3909,1864,polygon,FALSE,TRUE,America/New_York,3
7636,Hardin,Hardin,MT,Montana,30003,Big Horn,45.7422,-107.6083,3905,491,polygon,FALSE,TRUE,America/Denver,3
7637,Tyro,Tyro,NC,North Carolina,37057,Davidson,35.7997,-80.3765,3903,117,polygon,FALSE,FALSE,America/New_York,3
7638,Mount Gilead,Mount Gilead,OH,Ohio,39117,Morrow,40.5532,-82.8279,3903,419,polygon,FALSE,TRUE,America/New_York,3
7639,Grantley,Grantley,PA,Pennsylvania,42133,York,39.9406,-76.7287,3901,903,polygon,FALSE,FALSE,America/New_York,3
7640,Charleroi,Charleroi,PA,Pennsylvania,42125,Washington,40.1384,-79.9002,3901,1976,polygon,FALSE,TRUE,America/New_York,3
7641,Ravenswood,Ravenswood,WV,West Virginia,54035,Jackson,38.956,-81.7619,3900,773,polygon,FALSE,TRUE,America/New_York,3
7642,Fairview,Fairview,NC,North Carolina,37179,Union,35.1545,-80.5345,3900,50,polygon,FALSE,TRUE,America/New_York,3
7643,Andrews,Andrews,SC,South Carolina,45089,Williamsburg,33.4494,-79.566,3900,500,polygon,FALSE,TRUE,America/New_York,3
7644,Cannon Falls,Cannon Falls,MN,Minnesota,27049,Goodhue,44.5122,-92.9034,3898,348,polygon,FALSE,TRUE,America/Chicago,3
7645,Green Oaks,Green Oaks,IL,Illinois,17097,Lake,42.2954,-87.9116,3897,379,polygon,FALSE,TRUE,America/Chicago,3
7646,Wiggins,Wiggins,MS,Mississippi,28131,Stone,30.8557,-89.1385,3897,163,polygon,FALSE,TRUE,America/Chicago,3
7647,Waverly,Waverly,NE,Nebraska,31109,Lancaster,40.9111,-96.534,3896,660,polygon,FALSE,TRUE,America/Chicago,3
7648,Throop,Throop,PA,Pennsylvania,42069,Lackawanna,41.4382,-75.5926,3896,302,polygon,FALSE,TRUE,America/New_York,3
7649,Stilwell,Stilwell,OK,Oklahoma,40001,Adair,35.8151,-94.6312,3896,483,polygon,FALSE,TRUE,America/Chicago,3
7650,Belleville,Belleville,MI,Michigan,26163,Wayne,42.2021,-83.4838,3896,1328,polygon,FALSE,TRUE,America/Detroit,3
7651,Ingenio,Ingenio,PR,Puerto Rico,72137,Toa Baja,18.4454,-66.2259,3896,1968,polygon,FALSE,FALSE,America/Puerto_Rico,3
7652,Apalachicola,Apalachicola,FL,Florida,12037,Franklin,29.7282,-84.994,3893,472,polygon,FALSE,TRUE,America/New_York,3
7653,Elkton,Elkton,VA,Virginia,51165,Rockingham,38.4106,-78.616,3893,354,polygon,FALSE,TRUE,America/New_York,3
7654,Haleyville,Haleyville,AL,Alabama,1133,Winston,34.2331,-87.6175,3893,190,polygon,FALSE,TRUE,America/Chicago,3
7655,Odenville,Odenville,AL,Alabama,1115,St. Clair,33.6987,-86.4225,3893,105,polygon,FALSE,TRUE,America/Chicago,3
7656,Springville,Springville,NY,New York,36029,Erie,42.5084,-78.6696,3890,449,polygon,FALSE,TRUE,America/New_York,3
7657,Bosque Farms,Bosque Farms,NM,New Mexico,35061,Valencia,34.8538,-106.7011,3888,381,polygon,FALSE,TRUE,America/Denver,3
7658,Vine Hill,Vine Hill,CA,California,6013,Contra Costa,38.0071,-122.0873,3887,997,polygon,FALSE,FALSE,America/Los_Angeles,3
7659,Lenwood,Lenwood,CA,California,6071,San Bernardino,34.8861,-117.1078,3884,720,polygon,FALSE,FALSE,America/Los_Angeles,3
7660,Baden,Baden,PA,Pennsylvania,42007,Beaver,40.6396,-80.2228,3880,662,polygon,FALSE,TRUE,America/New_York,3
7661,Groesbeck,Groesbeck,TX,Texas,48293,Limestone,31.5259,-96.5284,3879,378,polygon,FALSE,TRUE,America/Chicago,3
7662,Clyde,Clyde,TX,Texas,48059,Callahan,32.4056,-99.5039,3879,449,polygon,FALSE,TRUE,America/Chicago,3
7663,Park Rapids,Park Rapids,MN,Minnesota,27057,Hubbard,46.917,-95.0577,3879,220,polygon,FALSE,TRUE,America/Chicago,3
7664,Dupo,Dupo,IL,Illinois,17163,St. Clair,38.5146,-90.2168,3877,234,polygon,FALSE,TRUE,America/Chicago,3
7665,West Nyack,West Nyack,NY,New York,36087,Rockland,41.0907,-73.9714,3876,511,polygon,FALSE,FALSE,America/New_York,3
7666,Magee,Magee,MS,Mississippi,28127,Simpson,31.8731,-89.734,3875,300,polygon,FALSE,TRUE,America/Chicago,3
7667,Bunk Foss,Bunk Foss,WA,Washington,53061,Snohomish,47.9617,-122.0944,3872,385,polygon,FALSE,TRUE,America/Los_Angeles,3
7668,Wolf Lake,Wolf Lake,MI,Michigan,26121,Muskegon,43.2451,-86.1073,3871,420,polygon,FALSE,FALSE,America/Detroit,3
7669,Angels,Angels,CA,California,6009,Calaveras,38.0707,-120.5501,3868,420,polygon,FALSE,TRUE,America/Los_Angeles,3
7670,Rochester,Rochester,WI,Wisconsin,55101,Racine,42.7338,-88.2489,3867,85,polygon,FALSE,TRUE,America/Chicago,3
7671,Spring House,Spring House,PA,Pennsylvania,42091,Montgomery,40.1847,-75.2267,3865,570,polygon,FALSE,FALSE,America/New_York,3
7672,Shingle Springs,Shingle Springs,CA,California,6017,El Dorado,38.6665,-120.937,3865,182,polygon,FALSE,FALSE,America/Los_Angeles,3
7673,Woodbridge,Woodbridge,CA,California,6077,San Joaquin,38.1692,-121.3113,3865,494,polygon,FALSE,FALSE,America/Los_Angeles,3
7674,Washington Park,Washington Park,IL,Illinois,17163,St. Clair,38.6285,-90.0928,3865,592,polygon,FALSE,TRUE,America/Chicago,3
7675,Menands,Menands,NY,New York,36001,Albany,42.691,-73.7271,3864,487,polygon,FALSE,TRUE,America/New_York,3
7676,Bridgeville,Bridgeville,DE,Delaware,10005,Sussex,38.7251,-75.6029,3862,189,polygon,FALSE,TRUE,America/New_York,3
7677,Ashdown,Ashdown,AR,Arkansas,5081,Little River,33.6746,-94.1264,3862,238,polygon,FALSE,TRUE,America/Chicago,3
7678,Dyersville,Dyersville,IA,Iowa,19061,Dubuque,42.4817,-91.1176,3862,247,polygon,FALSE,TRUE,America/Chicago,3
7679,Umatilla,Umatilla,FL,Florida,12069,Lake,28.9273,-81.6651,3861,417,polygon,FALSE,TRUE,America/New_York,3
7680,Citronelle,Citronelle,AL,Alabama,1097,Mobile,31.0952,-88.2468,3861,57,polygon,FALSE,TRUE,America/Chicago,3
7681,Beach Haven West,Beach Haven West,NJ,New Jersey,34029,Ocean,39.6702,-74.2338,3860,918,polygon,FALSE,FALSE,America/New_York,3
7682,Comanche,Comanche,TX,Texas,48093,Comanche,31.9005,-98.6044,3860,355,polygon,FALSE,TRUE,America/Chicago,3
7683,Gatlinburg,Gatlinburg,TN,Tennessee,47155,Sevier,35.725,-83.4938,3860,143,polygon,FALSE,TRUE,America/New_York,3
7684,Leo-Cedarville,Leo-Cedarville,IN,Indiana,18003,Allen,41.2199,-85.0192,3858,402,polygon,FALSE,TRUE,America/Indiana/Indianapolis,3
7685,Benson,Benson,AZ,Arizona,4003,Cochise,31.9157,-110.3257,3858,45,polygon,FALSE,TRUE,America/Phoenix,3
7686,Swanton,Swanton,OH,Ohio,39051,Fulton,41.584,-83.8881,3858,441,polygon,FALSE,TRUE,America/New_York,3
7687,Brownsville,Brownsville,LA,Louisiana,22073,Ouachita,32.4883,-92.1619,3857,428,polygon,FALSE,FALSE,America/Chicago,3
7688,Dallastown,Dallastown,PA,Pennsylvania,42133,York,39.8996,-76.641,3857,1912,polygon,FALSE,TRUE,America/New_York,3
7689,French Camp,French Camp,CA,California,6077,San Joaquin,37.8802,-121.2803,3857,481,polygon,FALSE,FALSE,America/Los_Angeles,3
7690,Lyncourt,Lyncourt,NY,New York,36067,Onondaga,43.0821,-76.1264,3856,1197,polygon,FALSE,FALSE,America/New_York,3
7691,Valdez,Valdez,AK,Alaska,2261,Valdez-Cordova,61.0963,-146.2596,3855,6,polygon,FALSE,TRUE,America/Anchorage,3
7692,Pennsburg,Pennsburg,PA,Pennsylvania,42091,Montgomery,40.3936,-75.4965,3855,1860,polygon,FALSE,TRUE,America/New_York,3
7693,Shrewsbury,Shrewsbury,PA,Pennsylvania,42133,York,39.7714,-76.6799,3855,823,polygon,FALSE,TRUE,America/New_York,3
7694,Wurtsboro,Wurtsboro,NY,New York,36105,Sullivan,41.5761,-74.4856,3854,355,polygon,FALSE,TRUE,America/New_York,3
7695,Mount Sterling,Mount Sterling,IL,Illinois,17009,Brown,39.9854,-90.7641,3853,665,polygon,FALSE,TRUE,America/Chicago,3
7696,Yellow Springs,Yellow Springs,OH,Ohio,39057,Greene,39.7986,-83.8905,3852,535,polygon,FALSE,TRUE,America/New_York,3
7697,Cle Elum,Cle Elum,WA,Washington,53037,Kittitas,47.1943,-120.9539,3851,175,polygon,FALSE,TRUE,America/Los_Angeles,3
7698,Mullica Hill,Mullica Hill,NJ,New Jersey,34015,Gloucester,39.7266,-75.2191,3851,416,polygon,FALSE,FALSE,America/New_York,3
7699,Mountain Home,Mountain Home,NC,North Carolina,37089,Henderson,35.3708,-82.5021,3851,394,polygon,FALSE,FALSE,America/New_York,3
7700,Denver,Denver,PA,Pennsylvania,42071,Lancaster,40.2325,-76.1393,3851,1162,polygon,FALSE,TRUE,America/New_York,3
7701,Barceloneta,Barceloneta,PR,Puerto Rico,72017,Barceloneta,18.4529,-66.5381,3851,1533,polygon,FALSE,FALSE,America/Puerto_Rico,3
7702,Chipley,Chipley,FL,Florida,12133,Washington,30.7752,-85.5406,3849,328,polygon,FALSE,TRUE,America/Chicago,3
7703,Wheatland,Wheatland,CA,California,6115,Yuba,39.0287,-121.39,3848,184,polygon,FALSE,TRUE,America/Los_Angeles,3
7704,Forest City,Forest City,IA,Iowa,19189,Winnebago,43.257,-93.6365,3846,335,polygon,FALSE,TRUE,America/Chicago,3
7705,Smithton,Smithton,IL,Illinois,17163,St. Clair,38.4159,-89.9903,3844,332,polygon,FALSE,TRUE,America/Chicago,3
7706,Manchester,Manchester,GA,Georgia,13199,Meriwether,32.8566,-84.6329,3844,191,polygon,FALSE,TRUE,America/New_York,3
7707,Lake Goodwin,Lake Goodwin,WA,Washington,53061,Snohomish,48.1387,-122.2804,3842,370,polygon,FALSE,FALSE,America/Los_Angeles,3
7708,Canton,Canton,TX,Texas,48467,Van Zandt,32.5543,-95.864,3841,249,polygon,FALSE,TRUE,America/Chicago,3
7709,Calcium,Calcium,NY,New York,36045,Jefferson,44.0401,-75.8468,3841,265,polygon,FALSE,FALSE,America/New_York,3
7710,Pipestone,Pipestone,MN,Minnesota,27117,Pipestone,43.9958,-96.3117,3841,376,polygon,FALSE,TRUE,America/Chicago,3
7711,Bardonia,Bardonia,NY,New York,36087,Rockland,41.1129,-73.9823,3839,578,polygon,FALSE,FALSE,America/New_York,3
7712,South Point,South Point,OH,Ohio,39087,Lawrence,38.4214,-82.5784,3839,504,polygon,FALSE,TRUE,America/New_York,3
7713,Huntingdon,Huntingdon,TN,Tennessee,47017,Carroll,36.0052,-88.4181,3835,125,polygon,FALSE,TRUE,America/Chicago,3
7714,St. Augusta,St. Augusta,MN,Minnesota,27145,Stearns,45.4497,-94.1996,3835,49,polygon,FALSE,TRUE,America/Chicago,3
7715,Camuy,Camuy,PR,Puerto Rico,72027,Camuy,18.4825,-66.8501,3834,1486,polygon,FALSE,FALSE,America/Puerto_Rico,3
7716,Abbotsford,Abbotsford,WI,Wisconsin,55019,Clark,44.9432,-90.3169,3833,285,polygon,FALSE,TRUE,America/Chicago,3
7717,Highland Falls,Highland Falls,NY,New York,36071,Orange,41.3643,-73.9683,3829,1351,polygon,FALSE,TRUE,America/New_York,3
7718,Leesburg,Leesburg,GA,Georgia,13177,Lee,31.7325,-84.1687,3829,238,polygon,FALSE,TRUE,America/New_York,3
7719,Toa Alta,Toa Alta,PR,Puerto Rico,72135,Toa Alta,18.3883,-66.2503,3829,2358,polygon,FALSE,FALSE,America/Puerto_Rico,2
7720,Nash,Nash,TX,Texas,48037,Bowie,33.4422,-94.1283,3827,437,polygon,FALSE,TRUE,America/Chicago,3
7721,Waimanalo Beach,Waimanalo Beach,HI,Hawaii,15003,Honolulu,21.3288,-157.6975,3826,750,polygon,FALSE,FALSE,Pacific/Honolulu,3
7722,LaGrange,LaGrange,OH,Ohio,39093,Lorain,41.2401,-82.1181,3826,476,polygon,FALSE,TRUE,America/New_York,3
7723,Key Center,Key Center,WA,Washington,53053,Pierce,47.3376,-122.7505,3823,100,polygon,FALSE,FALSE,America/Los_Angeles,3
7724,Holbrook,Holbrook,AZ,Arizona,4017,Navajo,34.9044,-110.1672,3823,113,polygon,FALSE,TRUE,America/Phoenix,3
7725,Montura,Montura,FL,Florida,12051,Hendry,26.6429,-81.0938,3821,66,polygon,FALSE,TRUE,America/New_York,3
7726,Mogadore,Mogadore,OH,Ohio,39153,Summit,41.0523,-81.3993,3821,685,polygon,FALSE,TRUE,America/New_York,3
7727,Ellenton,Ellenton,FL,Florida,12081,Manatee,27.5266,-82.5261,3820,441,polygon,FALSE,FALSE,America/New_York,3
7728,Houtzdale,Houtzdale,PA,Pennsylvania,42033,Clearfield,40.8251,-78.351,3819,752,polygon,FALSE,TRUE,America/New_York,3
7729,Roebling,Roebling,NJ,New Jersey,34005,Burlington,40.1167,-74.7776,3817,1464,polygon,FALSE,FALSE,America/New_York,3
7730,Windber,Windber,PA,Pennsylvania,42111,Somerset,40.2355,-78.8247,3816,745,polygon,FALSE,TRUE,America/New_York,3
7731,Ossian,Ossian,IN,Indiana,18179,Wells,40.877,-85.1682,3816,783,polygon,FALSE,TRUE,America/Indiana/Indianapolis,3
7732,Sunnyslope,Sunnyslope,WA,Washington,53007,Chelan,47.4913,-120.3492,3815,184,polygon,FALSE,FALSE,America/Los_Angeles,3
7733,Vidalia,Vidalia,LA,Louisiana,22029,Concordia,31.5668,-91.4405,3815,567,polygon,FALSE,TRUE,America/Chicago,3
7734,Maytown,Maytown,PA,Pennsylvania,42071,Lancaster,40.0791,-76.5791,3815,400,polygon,FALSE,FALSE,America/New_York,3
7735,Leland,Leland,MS,Mississippi,28151,Washington,33.4051,-90.891,3815,405,polygon,FALSE,TRUE,America/Chicago,3
7736,North Hudson,North Hudson,WI,Wisconsin,55109,St. Croix,44.9976,-92.7559,3811,950,polygon,FALSE,TRUE,America/Chicago,3
7737,Carmel-by-the-Sea,Carmel-by-the-Sea,CA,California,6053,Monterey,36.5528,-121.9222,3811,1379,polygon,FALSE,TRUE,America/Los_Angeles,3
7738,Elba,Elba,AL,Alabama,1031,Coffee,31.4172,-86.0759,3811,95,polygon,FALSE,TRUE,America/Chicago,3
7739,Village Green,Village Green,NY,New York,36067,Onondaga,43.1324,-76.3108,3810,1274,polygon,FALSE,FALSE,America/New_York,3
7740,Felton,Felton,CA,California,6087,Santa Cruz,37.0392,-122.0804,3810,323,polygon,FALSE,FALSE,America/Los_Angeles,3
7741,Melody Hill,Melody Hill,IN,Indiana,18163,Vanderburgh,38.024,-87.512,3809,1074,polygon,FALSE,FALSE,America/Chicago,3
7742,Winneconne,Winneconne,WI,Wisconsin,55139,Winnebago,44.1112,-88.7114,3808,657,polygon,FALSE,TRUE,America/Chicago,3
7743,Shenandoah Farms,Shenandoah Farms,VA,Virginia,51187,Warren,38.9793,-78.0469,3807,130,polygon,FALSE,FALSE,America/New_York,3
7744,Burney,Burney,CA,California,6089,Shasta,40.8846,-121.6691,3807,273,polygon,FALSE,FALSE,America/Los_Angeles,3
7745,Midland,Midland,NC,North Carolina,37025,Cabarrus,35.245,-80.5212,3805,139,polygon,FALSE,TRUE,America/New_York,3
7746,Elmira Heights,Elmira Heights,NY,New York,36015,Chemung,42.1267,-76.8255,3805,1281,polygon,FALSE,TRUE,America/New_York,3
7747,Lansford,Lansford,PA,Pennsylvania,42025,Carbon,40.8331,-75.8848,3803,955,polygon,FALSE,TRUE,America/New_York,3
7748,Independence,Independence,MN,Minnesota,27053,Hennepin,45.0219,-93.7077,3803,45,polygon,FALSE,TRUE,America/Chicago,3
7749,Indian Head,Indian Head,MD,Maryland,24017,Charles,38.5987,-77.1556,3802,1191,polygon,FALSE,TRUE,America/New_York,3
7750,Fowlerville,Fowlerville,MI,Michigan,26093,Livingston,42.6596,-84.0743,3802,483,polygon,FALSE,TRUE,America/Detroit,3
7751,Lambertville,Lambertville,NJ,New Jersey,34019,Hunterdon,40.3687,-74.943,3801,1353,polygon,FALSE,TRUE,America/New_York,3
7752,Moss Beach,Moss Beach,CA,California,6081,San Mateo,37.5184,-122.5036,3799,653,polygon,FALSE,FALSE,America/Los_Angeles,3
7753,Longbranch,Longbranch,WA,Washington,53053,Pierce,47.2257,-122.7739,3798,73,polygon,FALSE,FALSE,America/Los_Angeles,3
7754,Cross Mountain,Cross Mountain,TX,Texas,48029,Bexar,29.6535,-98.6564,3798,218,polygon,FALSE,FALSE,America/Chicago,3
7755,Camino Tassajara,Camino Tassajara,CA,California,6013,Contra Costa,37.7909,-121.885,3798,1150,polygon,FALSE,FALSE,America/Los_Angeles,3
7756,Lillington,Lillington,NC,North Carolina,37085,Harnett,35.4001,-78.8139,3797,306,polygon,FALSE,TRUE,America/New_York,3
7757,Village Shires,Village Shires,PA,Pennsylvania,42017,Bucks,40.2016,-74.9706,3796,1205,polygon,FALSE,FALSE,America/New_York,3
7758,Pixley,Pixley,CA,California,6107,Tulare,35.9769,-119.2889,3796,470,polygon,FALSE,FALSE,America/Los_Angeles,3
7759,Mission Hills,Mission Hills,CA,California,6083,Santa Barbara,34.6861,-120.4404,3796,1212,polygon,FALSE,FALSE,America/Los_Angeles,3
7760,Roosevelt Park,Roosevelt Park,MI,Michigan,26121,Muskegon,43.1981,-86.2733,3796,1426,polygon,FALSE,TRUE,America/Detroit,3
7761,Armona,Armona,CA,California,6031,Kings,36.3179,-119.7054,3795,770,polygon,FALSE,FALSE,America/Los_Angeles,3
7762,Dalzell,Dalzell,SC,South Carolina,45085,Sumter,34.0189,-80.4299,3795,248,polygon,FALSE,FALSE,America/New_York,3
7763,North Muskegon,North Muskegon,MI,Michigan,26121,Muskegon,43.2518,-86.2714,3793,818,polygon,FALSE,TRUE,America/Detroit,3
7764,Northlake,Northlake,SC,South Carolina,45007,Anderson,34.5691,-82.6837,3793,357,polygon,FALSE,FALSE,America/New_York,3
7765,Friona,Friona,TX,Texas,48369,Parmer,34.6394,-102.7232,3791,1050,polygon,FALSE,TRUE,America/Chicago,3
7766,Grayling,Grayling,MI,Michigan,26039,Crawford,44.6566,-84.7091,3790,348,polygon,FALSE,TRUE,America/Detroit,3
7767,Bethel,Bethel,WA,Washington,53035,Kitsap,47.4874,-122.6175,3787,462,polygon,FALSE,FALSE,America/Los_Angeles,3
7768,North Plymouth,North Plymouth,MA,Massachusetts,25023,Plymouth,41.9728,-70.6882,3787,1173,polygon,FALSE,FALSE,America/New_York,3
7769,Stafford Courthouse,Stafford Courthouse,VA,Virginia,51179,Stafford,38.417,-77.4207,3786,341,polygon,FALSE,TRUE,America/New_York,3
7770,Carter Lake,Carter Lake,IA,Iowa,19155,Pottawattamie,41.2884,-95.9171,3785,793,polygon,FALSE,TRUE,America/Chicago,3
7771,Montpelier,Montpelier,OH,Ohio,39171,Williams,41.5817,-84.5968,3785,523,polygon,FALSE,TRUE,America/New_York,3
7772,Cedar Springs,Cedar Springs,MI,Michigan,26081,Kent,43.2202,-85.5535,3785,730,polygon,FALSE,TRUE,America/Detroit,3
7773,Bunkie,Bunkie,LA,Louisiana,22009,Avoyelles,30.954,-92.1883,3783,492,polygon,FALSE,TRUE,America/Chicago,3
7774,Esparto,Esparto,CA,California,6113,Yolo,38.6934,-122.0241,3783,317,polygon,FALSE,FALSE,America/Los_Angeles,3
7775,Lolo,Lolo,MT,Montana,30063,Missoula,46.7756,-114.1018,3780,154,polygon,FALSE,FALSE,America/Denver,3
7776,Grifton,Grifton,NC,North Carolina,37147,Pitt,35.3804,-77.4333,3779,503,polygon,FALSE,TRUE,America/New_York,3
7777,Vandalia,Vandalia,MO,Missouri,29007,Audrain,39.308,-91.4892,3778,693,polygon,FALSE,TRUE,America/Chicago,3
7778,Plainwell,Plainwell,MI,Michigan,26005,Allegan,42.4457,-85.6435,3777,732,polygon,FALSE,TRUE,America/Detroit,3
7779,Hugoton,Hugoton,KS,Kansas,20189,Stevens,37.1745,-101.3447,3776,694,polygon,FALSE,TRUE,America/Chicago,3
7780,Trenton,Trenton,TN,Tennessee,47053,Gibson,35.9689,-88.9449,3775,200,polygon,FALSE,TRUE,America/Chicago,3
7781,Red Rock,Red Rock,AZ,Arizona,4021,Pinal,32.561,-111.3745,3775,30,polygon,FALSE,FALSE,America/Phoenix,3
7782,Ashland,Ashland,MO,Missouri,29019,Boone,38.7929,-92.2477,3775,261,polygon,FALSE,TRUE,America/Chicago,3
7783,Colonial Beach,Colonial Beach,VA,Virginia,51193,Westmoreland,38.2565,-76.9784,3773,547,polygon,FALSE,TRUE,America/New_York,3
7784,Tallassee,Tallassee,AL,Alabama,1051,Elmore,32.5314,-85.8902,3773,157,polygon,FALSE,TRUE,America/Chicago,3
7785,Mulberry,Mulberry,OH,Ohio,39025,Clermont,39.1975,-84.2511,3772,908,polygon,FALSE,FALSE,America/New_York,3
7786,Level Park-Oak Park,Level Park-Oak Park,MI,Michigan,26025,Calhoun,42.3642,-85.2665,3769,280,polygon,FALSE,TRUE,America/Detroit,3
7787,Graceville,Graceville,FL,Florida,12063,Jackson,30.9609,-85.5123,3766,189,polygon,FALSE,TRUE,America/Chicago,3
7788,Genesee,Genesee,CO,Colorado,8059,Jefferson,39.6873,-105.2719,3766,218,polygon,FALSE,FALSE,America/Denver,3
7789,Waldport,Waldport,OR,Oregon,41041,Lincoln,44.4173,-124.0664,3766,316,polygon,FALSE,TRUE,America/Los_Angeles,3
7790,Toledo,Toledo,OR,Oregon,41041,Lincoln,44.6198,-123.9341,3766,649,polygon,FALSE,TRUE,America/Los_Angeles,3
7791,Eagle Lake,Eagle Lake,TX,Texas,48089,Colorado,29.5879,-96.3282,3765,497,polygon,FALSE,TRUE,America/Chicago,3
7792,Mount Pleasant,Mount Pleasant,TN,Tennessee,47119,Maury,35.5484,-87.1872,3765,150,polygon,FALSE,TRUE,America/Chicago,3
7793,Meridian,Meridian,PA,Pennsylvania,42019,Butler,40.8531,-79.9555,3765,516,polygon,FALSE,FALSE,America/New_York,3
7794,Pleasant Hills,Pleasant Hills,MD,Maryland,24025,Harford,39.4861,-76.3908,3765,333,polygon,FALSE,FALSE,America/New_York,3
7795,Bayport,Bayport,MN,Minnesota,27163,Washington,45.0152,-92.7789,3765,825,polygon,FALSE,TRUE,America/Chicago,3
7796,Port St. Joe,Port St. Joe,FL,Florida,12045,Gulf,29.8267,-85.3069,3763,147,polygon,FALSE,TRUE,America/New_York,3
7797,Merton,Merton,WI,Wisconsin,55133,Waukesha,43.1423,-88.3088,3762,465,polygon,FALSE,TRUE,America/Chicago,3
7798,Stanley,Stanley,NC,North Carolina,37071,Gaston,35.3552,-81.0937,3762,538,polygon,FALSE,TRUE,America/New_York,3
7799,Eastover,Eastover,NC,North Carolina,37051,Cumberland,35.0958,-78.7862,3762,128,polygon,FALSE,TRUE,America/New_York,3
7800,Centre,Centre,AL,Alabama,1019,Cherokee,34.1551,-85.6699,3762,121,polygon,FALSE,TRUE,America/Chicago,3
7801,Le Sueur,Le Sueur,MN,Minnesota,27079,Le Sueur,44.4704,-93.9025,3762,302,polygon,FALSE,TRUE,America/Chicago,3
7802,Fulton,Fulton,KY,Kentucky,21075,Fulton,36.5145,-88.8819,3762,282,polygon,FALSE,TRUE,America/Chicago,3
7803,Imlay City,Imlay City,MI,Michigan,26087,Lapeer,43.017,-83.0765,3761,583,polygon,FALSE,TRUE,America/Detroit,3
7804,North Wildwood,North Wildwood,NJ,New Jersey,34009,Cape May,39.0047,-74.799,3760,841,polygon,FALSE,TRUE,America/New_York,3
7805,New Hope,New Hope,MS,Mississippi,28087,Lowndes,33.4521,-88.3399,3759,288,polygon,FALSE,FALSE,America/Chicago,3
7806,Madison,Madison,IL,Illinois,17119,Madison,38.7001,-90.1425,3758,119,polygon,FALSE,TRUE,America/Chicago,3
7807,Saw Creek,Saw Creek,PA,Pennsylvania,42103,Pike,41.1197,-75.0465,3757,455,polygon,FALSE,FALSE,America/New_York,3
7808,Las Lomas,Las Lomas,CA,California,6053,Monterey,36.8689,-121.7317,3755,1398,polygon,FALSE,FALSE,America/Los_Angeles,3
7809,Manti,Manti,UT,Utah,49039,Sanpete,39.2669,-111.6351,3754,457,polygon,FALSE,TRUE,America/Denver,3
7810,San Manuel,San Manuel,AZ,Arizona,4021,Pinal,32.6091,-110.6415,3753,69,polygon,FALSE,FALSE,America/Phoenix,3
7811,Georgetown,Georgetown,OH,Ohio,39015,Brown,38.8683,-83.8993,3751,395,polygon,FALSE,TRUE,America/New_York,3
7812,Lincoln,Lincoln,ID,Idaho,16019,Bonneville,43.5178,-111.9685,3748,995,polygon,FALSE,FALSE,America/Boise,3
7813,Leisure Village East,Leisure Village East,NJ,New Jersey,34029,Ocean,40.0384,-74.1678,3747,933,polygon,FALSE,FALSE,America/New_York,3
7814,Selmer,Selmer,TN,Tennessee,47109,McNairy,35.1708,-88.5955,3747,173,polygon,FALSE,TRUE,America/Chicago,3
7815,SUNY Oswego,SUNY Oswego,NY,New York,36075,Oswego,43.4515,-76.5439,3746,4289,polygon,FALSE,TRUE,America/New_York,2
7816,Balm,Balm,FL,Florida,12057,Hillsborough,27.7541,-82.2882,3745,143,polygon,FALSE,FALSE,America/New_York,3
7817,Mamou,Mamou,LA,Louisiana,22039,Evangeline,30.6349,-92.4179,3745,854,polygon,FALSE,TRUE,America/Chicago,3
7818,Irwin,Irwin,PA,Pennsylvania,42129,Westmoreland,40.3249,-79.6997,3744,1727,polygon,FALSE,TRUE,America/New_York,3
7819,South Russell,South Russell,OH,Ohio,39055,Geauga,41.4318,-81.3351,3744,381,polygon,FALSE,TRUE,America/New_York,3
7820,Johnson,Johnson,AR,Arkansas,5143,Washington,36.1328,-94.1757,3742,399,polygon,FALSE,TRUE,America/Chicago,3
7821,Sumiton,Sumiton,AL,Alabama,1127,Walker,33.7503,-87.0483,3741,172,polygon,FALSE,TRUE,America/Chicago,3
7822,White Hall,White Hall,IL,Illinois,17061,Greene,39.4388,-90.4019,3741,348,polygon,FALSE,TRUE,America/Chicago,3
7823,Lake Erie Beach,Lake Erie Beach,NY,New York,36029,Erie,42.6242,-79.0786,3740,377,polygon,FALSE,FALSE,America/New_York,3
7824,Bryn Mawr,Bryn Mawr,PA,Pennsylvania,42091,Montgomery,40.0227,-75.3156,3740,2277,polygon,FALSE,FALSE,America/New_York,2
7825,Cross City,Cross City,FL,Florida,12029,Dixie,29.6386,-83.1248,3739,358,polygon,FALSE,TRUE,America/New_York,3
7826,Farmerville,Farmerville,LA,Louisiana,22111,Union,32.7752,-92.4013,3739,248,polygon,FALSE,TRUE,America/Chicago,3
7827,West Point,West Point,GA,Georgia,13285,Troup,32.8937,-85.1453,3737,123,polygon,FALSE,TRUE,America/New_York,3
7828,Gibbstown,Gibbstown,NJ,New Jersey,34015,Gloucester,39.8233,-75.2783,3735,877,polygon,FALSE,FALSE,America/New_York,3
7829,Madison,Madison,FL,Florida,12079,Madison,30.4716,-83.413,3734,404,polygon,FALSE,TRUE,America/New_York,3
7830,North Webster,North Webster,IN,Indiana,18085,Kosciusko,41.324,-85.6979,3732,557,polygon,FALSE,TRUE,America/Indiana/Indianapolis,3
7831,Mountain Green,Mountain Green,UT,Utah,49029,Morgan,41.1475,-111.7901,3732,266,polygon,FALSE,FALSE,America/Denver,3
7832,South Alamo,South Alamo,TX,Texas,48215,Hidalgo,26.1518,-98.1079,3731,706,polygon,FALSE,FALSE,America/Chicago,3
7833,Chariton,Chariton,IA,Iowa,19117,Lucas,41.0176,-93.3095,3731,418,polygon,FALSE,TRUE,America/Chicago,3
7834,Jackson,Jackson,LA,Louisiana,22037,East Feliciana,30.8346,-91.208,3728,322,polygon,FALSE,TRUE,America/Chicago,3
7835,Agua Dulce,Agua Dulce,CA,California,6037,Los Angeles,34.5044,-118.316,3728,62,polygon,FALSE,FALSE,America/Los_Angeles,3
7836,Bullard,Bullard,TX,Texas,48423,Smith,32.1451,-95.3195,3727,430,polygon,FALSE,TRUE,America/Chicago,3
7837,Chattanooga Valley,Chattanooga Valley,GA,Georgia,13295,Walker,34.9241,-85.3431,3727,193,polygon,FALSE,FALSE,America/New_York,3
7838,Itta Bena,Itta Bena,MS,Mississippi,28083,Leflore,33.5003,-90.3256,3727,495,polygon,FALSE,TRUE,America/Chicago,3
7839,Honea Path,Honea Path,SC,South Carolina,45007,Anderson,34.4476,-82.395,3727,420,polygon,FALSE,TRUE,America/New_York,3
7840,Trappe,Trappe,PA,Pennsylvania,42091,Montgomery,40.1991,-75.4753,3725,697,polygon,FALSE,TRUE,America/New_York,3
7841,Narragansett Pier,Narragansett Pier,RI,Rhode Island,44009,Washington,41.428,-71.467,3725,403,polygon,FALSE,FALSE,America/New_York,3
7842,Lavon,Lavon,TX,Texas,48085,Collin,33.0245,-96.4397,3724,568,polygon,FALSE,TRUE,America/Chicago,3
7843,Southern Gateway,Southern Gateway,VA,Virginia,51179,Stafford,38.3489,-77.5036,3724,447,polygon,FALSE,TRUE,America/New_York,3
7844,Boulevard Park,Boulevard Park,WA,Washington,53033,King,47.5136,-122.316,3723,1212,polygon,FALSE,FALSE,America/Los_Angeles,3
7845,Coal Valley,Coal Valley,IL,Illinois,17161,Rock Island,41.4416,-90.4463,3723,461,polygon,FALSE,TRUE,America/Chicago,3
7846,West Liberty,West Liberty,IA,Iowa,19139,Muscatine,41.5727,-91.2622,3720,822,polygon,FALSE,TRUE,America/Chicago,3
7847,Kaunakakai,Kaunakakai,HI,Hawaii,15009,Maui,21.0905,-156.9981,3719,111,polygon,FALSE,FALSE,Pacific/Honolulu,3
7848,Elroy,Elroy,NC,North Carolina,37191,Wayne,35.3308,-77.9226,3719,219,polygon,FALSE,FALSE,America/New_York,3
7849,Freedom,Freedom,CA,California,6087,Santa Cruz,36.9402,-121.7953,3719,1264,polygon,FALSE,FALSE,America/Los_Angeles,3
7850,Indian Head Park,Indian Head Park,IL,Illinois,17031,Cook,41.769,-87.8977,3719,1543,polygon,FALSE,TRUE,America/Chicago,3
7851,Lyman,Lyman,SC,South Carolina,45083,Spartanburg,34.9661,-82.1231,3718,225,polygon,FALSE,TRUE,America/New_York,3
7852,Mirrormont,Mirrormont,WA,Washington,53033,King,47.4616,-121.9936,3717,138,polygon,FALSE,FALSE,America/Los_Angeles,3
7853,Moyock,Moyock,NC,North Carolina,37053,Currituck,36.5166,-76.1728,3717,137,polygon,FALSE,FALSE,America/New_York,3
7854,Maiden,Maiden,NC,North Carolina,37035,Catawba,35.5853,-81.2201,3716,240,polygon,FALSE,TRUE,America/New_York,3
7855,Lowell,Lowell,NC,North Carolina,37071,Gaston,35.2689,-81.1013,3716,527,polygon,FALSE,TRUE,America/New_York,3
7856,Trevose,Trevose,PA,Pennsylvania,42017,Bucks,40.1509,-74.982,3716,2031,polygon,FALSE,FALSE,America/New_York,2
7857,Mountain View,Mountain View,NC,North Carolina,37035,Catawba,35.6828,-81.3683,3715,306,polygon,FALSE,FALSE,America/New_York,3
7858,Newport,Newport,VT,Vermont,50019,Orleans,44.9375,-72.2088,3714,282,polygon,FALSE,TRUE,America/New_York,3
7859,Metamora,Metamora,IL,Illinois,17203,Woodford,40.7959,-89.3689,3713,697,polygon,FALSE,TRUE,America/Chicago,3
7860,St. Anthony,St. Anthony,ID,Idaho,16043,Fremont,43.9649,-111.6841,3713,887,polygon,FALSE,TRUE,America/Boise,3
7861,Pine Ridge,Pine Ridge,SD,South Dakota,46102,Oglala Lakota,43.027,-102.5525,3711,505,polygon,FALSE,FALSE,America/Denver,3
7862,St. Pauls,St. Pauls,NC,North Carolina,37155,Robeson,34.8085,-78.9747,3710,585,polygon,FALSE,TRUE,America/New_York,3
7863,Saxon,Saxon,SC,South Carolina,45083,Spartanburg,34.9616,-81.9713,3710,599,polygon,FALSE,FALSE,America/New_York,3
7864,Hudson,Hudson,NC,North Carolina,37027,Caldwell,35.8474,-81.4864,3709,383,polygon,FALSE,TRUE,America/New_York,3
7865,Brooktrails,Brooktrails,CA,California,6045,Mendocino,39.4429,-123.3963,3709,196,polygon,FALSE,FALSE,America/Los_Angeles,3
7866,Rochester,Rochester,IL,Illinois,17167,Sangamon,39.7493,-89.5455,3709,607,polygon,FALSE,TRUE,America/Chicago,3
7867,Marietta-Alderwood,Marietta-Alderwood,WA,Washington,53073,Whatcom,48.7932,-122.5566,3708,243,polygon,FALSE,TRUE,America/Los_Angeles,3
7868,Avenue B and C,Avenue B and C,AZ,Arizona,4027,Yuma,32.7192,-114.6599,3708,1948,polygon,FALSE,TRUE,America/Phoenix,3
7869,Belvidere,Belvidere,NJ,New Jersey,34041,Warren,40.8294,-75.0728,3707,682,polygon,FALSE,TRUE,America/New_York,3
7870,High Point,High Point,FL,Florida,12053,Hernando,28.5474,-82.5206,3704,287,polygon,FALSE,FALSE,America/New_York,3
7871,Burgaw,Burgaw,NC,North Carolina,37141,Pender,34.5507,-77.9224,3702,341,polygon,FALSE,TRUE,America/New_York,3
7872,Livonia,Livonia,LA,Louisiana,22077,Pointe Coupee,30.5623,-91.5502,3701,285,polygon,FALSE,TRUE,America/Chicago,3
7873,Ellijay,Ellijay,GA,Georgia,13123,Gilmer,34.6913,-84.484,3701,186,polygon,FALSE,TRUE,America/New_York,3
7874,Norwood Young America,Norwood Young America,MN,Minnesota,27019,Carver,44.7721,-93.9192,3701,609,polygon,FALSE,TRUE,America/Chicago,3
7875,Merchantville,Merchantville,NJ,New Jersey,34007,Camden,39.9502,-75.0504,3700,2407,polygon,FALSE,TRUE,America/New_York,2
7876,Palmer Heights,Palmer Heights,PA,Pennsylvania,42095,Northampton,40.6907,-75.2671,3700,1232,polygon,FALSE,FALSE,America/New_York,3
7877,Plymouth,Plymouth,NC,North Carolina,37187,Washington,35.8588,-76.7487,3696,322,polygon,FALSE,TRUE,America/New_York,3
7878,Emerald Isle,Emerald Isle,NC,North Carolina,37031,Carteret,34.6649,-77.0291,3695,289,polygon,FALSE,TRUE,America/New_York,3
7879,Fox Island,Fox Island,WA,Washington,53053,Pierce,47.2475,-122.6255,3692,274,polygon,FALSE,FALSE,America/Los_Angeles,3
7880,Barrett,Barrett,TX,Texas,48201,Harris,29.8671,-95.0537,3691,222,polygon,FALSE,FALSE,America/Chicago,3
7881,Wareham Center,Wareham Center,MA,Massachusetts,25023,Plymouth,41.751,-70.7198,3690,986,polygon,FALSE,FALSE,America/New_York,3
7882,Mount Union,Mount Union,PA,Pennsylvania,42061,Huntingdon,40.3845,-77.8824,3689,778,polygon,FALSE,TRUE,America/New_York,3
7883,Horseshoe Bay,Horseshoe Bay,TX,Texas,48299,Llano,30.5403,-98.3804,3688,108,polygon,FALSE,TRUE,America/Chicago,3
7884,Jefferson,Jefferson,IA,Iowa,19073,Greene,42.0173,-94.3798,3688,265,polygon,FALSE,TRUE,America/Chicago,3
7885,Wolf Point,Wolf Point,MT,Montana,30085,Roosevelt,48.0933,-105.6413,3687,1227,polygon,FALSE,TRUE,America/Denver,3
7886,Kutztown University,Kutztown University,PA,Pennsylvania,42011,Berks,40.5103,-75.785,3686,3242,polygon,FALSE,TRUE,America/New_York,2
7887,South Toms River,South Toms River,NJ,New Jersey,34029,Ocean,39.9417,-74.2087,3685,1229,polygon,FALSE,TRUE,America/New_York,3
7888,Forestville,Forestville,CA,California,6097,Sonoma,38.4825,-122.8899,3685,270,polygon,FALSE,FALSE,America/Los_Angeles,3
7889,South Dennis,South Dennis,MA,Massachusetts,25001,Barnstable,41.7051,-70.1537,3684,312,polygon,FALSE,FALSE,America/New_York,3
7890,Rose Hill,Rose Hill,KS,Kansas,20015,Butler,37.5702,-97.1361,3684,679,polygon,FALSE,TRUE,America/Chicago,3
7891,Forest Oaks,Forest Oaks,NC,North Carolina,37081,Guilford,35.9889,-79.7079,3683,296,polygon,FALSE,FALSE,America/New_York,3
7892,Maybrook,Maybrook,NY,New York,36071,Orange,41.4881,-74.2131,3683,1049,polygon,FALSE,TRUE,America/New_York,3
7893,Maple Heights-Lake Desire,Maple Heights-Lake Desire,WA,Washington,53033,King,47.4441,-122.0973,3682,348,polygon,FALSE,TRUE,America/Los_Angeles,3
7894,Ocilla,Ocilla,GA,Georgia,13155,Irwin,31.5987,-83.2499,3680,566,polygon,FALSE,TRUE,America/New_York,3
7895,Benson,Benson,NC,North Carolina,37101,Johnston,35.386,-78.5436,3679,540,polygon,FALSE,TRUE,America/New_York,3
7896,Hohenwald,Hohenwald,TN,Tennessee,47101,Lewis,35.5515,-87.5539,3679,279,polygon,FALSE,TRUE,America/Chicago,3
7897,Northchase,Northchase,NC,North Carolina,37129,New Hanover,34.3049,-77.8754,3678,825,polygon,FALSE,TRUE,America/New_York,3
7898,Aurora,Aurora,IN,Indiana,18029,Dearborn,39.0677,-84.9046,3676,431,polygon,FALSE,TRUE,America/New_York,3
7899,Pretty Bayou,Pretty Bayou,FL,Florida,12005,Bay,30.1976,-85.6975,3674,864,polygon,FALSE,FALSE,America/Chicago,3
7900,Brookland,Brookland,AR,Arkansas,5031,Craighead,35.8991,-90.5767,3674,181,polygon,FALSE,TRUE,America/Chicago,3
7901,Alturas,Alturas,FL,Florida,12105,Polk,27.8419,-81.6952,3673,26,polygon,FALSE,FALSE,America/New_York,3
7902,Sagamore,Sagamore,MA,Massachusetts,25001,Barnstable,41.7842,-70.5332,3673,426,polygon,FALSE,FALSE,America/New_York,3
7903,Kanab,Kanab,UT,Utah,49025,Kane,37.0262,-112.5219,3673,131,polygon,FALSE,TRUE,America/Denver,3
7904,Butler,Butler,MO,Missouri,29013,Bates,38.2598,-94.3393,3672,379,polygon,FALSE,TRUE,America/Chicago,3
7905,Society Hill,Society Hill,NJ,New Jersey,34023,Middlesex,40.5344,-74.4577,3671,1025,polygon,FALSE,FALSE,America/New_York,3
7906,Lake of the Woods,Lake of the Woods,AZ,Arizona,4017,Navajo,34.1547,-109.9936,3671,357,polygon,FALSE,FALSE,America/Phoenix,3
7907,Milan,Milan,NM,New Mexico,35006,Cibola,35.195,-107.8947,3669,326,polygon,FALSE,TRUE,America/Denver,3
7908,Wintersville,Wintersville,OH,Ohio,39081,Jefferson,40.3791,-80.7095,3669,453,polygon,FALSE,TRUE,America/New_York,3
7909,Ranlo,Ranlo,NC,North Carolina,37071,Gaston,35.2889,-81.1292,3668,780,polygon,FALSE,TRUE,America/New_York,3
7910,Muttontown,Muttontown,NY,New York,36059,Nassau,40.8254,-73.5363,3668,233,polygon,FALSE,TRUE,America/New_York,3
7911,Gordon Heights,Gordon Heights,NY,New York,36103,Suffolk,40.8645,-72.9678,3667,830,polygon,FALSE,FALSE,America/New_York,3
7912,Empire,Empire,CA,California,6099,Stanislaus,37.6432,-120.9045,3667,885,polygon,FALSE,FALSE,America/Los_Angeles,3
7913,Southern Shops,Southern Shops,SC,South Carolina,45083,Spartanburg,34.9846,-81.9934,3667,397,polygon,FALSE,FALSE,America/New_York,3
7914,Kennedy,Kennedy,CA,California,6077,San Joaquin,37.929,-121.2457,3665,1167,polygon,FALSE,FALSE,America/Los_Angeles,3
7915,North River Shores,North River Shores,FL,Florida,12085,Martin,27.2223,-80.2738,3663,1115,polygon,FALSE,FALSE,America/New_York,3
7916,Northfield,Northfield,OH,Ohio,39153,Summit,41.3427,-81.5286,3663,1346,polygon,FALSE,TRUE,America/New_York,3
7917,Millvale,Millvale,PA,Pennsylvania,42003,Allegheny,40.4818,-79.9736,3662,2288,polygon,FALSE,TRUE,America/New_York,2
7918,San Carlos,San Carlos,TX,Texas,48215,Hidalgo,26.2957,-98.063,3659,781,polygon,FALSE,FALSE,America/Chicago,3
7919,Fritch,Fritch,TX,Texas,48233,Hutchinson,35.6431,-101.5964,3658,464,polygon,FALSE,TRUE,America/Chicago,3
7920,Lloyd Harbor,Lloyd Harbor,NY,New York,36103,Suffolk,40.9139,-73.4618,3658,150,polygon,FALSE,TRUE,America/New_York,3
7921,Spencerport,Spencerport,NY,New York,36055,Monroe,43.1882,-77.8069,3657,1021,polygon,FALSE,TRUE,America/New_York,3
7922,Marshall,Marshall,IL,Illinois,17023,Clark,39.3984,-87.6899,3657,406,polygon,FALSE,TRUE,America/Chicago,3
7923,Brittany Farms-The Highlands,Brittany Farms-The Highlands,PA,Pennsylvania,42017,Bucks,40.269,-75.214,3656,1184,polygon,FALSE,TRUE,America/New_York,3
7924,Melwood,Melwood,MD,Maryland,24033,Prince George's,38.8022,-76.8419,3656,505,polygon,FALSE,TRUE,America/New_York,3
7925,Juno Beach,Juno Beach,FL,Florida,12099,Palm Beach,26.8755,-80.0589,3655,691,polygon,FALSE,TRUE,America/New_York,3
7926,Troy,Troy,NC,North Carolina,37123,Montgomery,35.3648,-79.8919,3655,343,polygon,FALSE,TRUE,America/New_York,3
7927,Montauk,Montauk,NY,New York,36103,Suffolk,41.0471,-71.9449,3655,80,polygon,FALSE,FALSE,America/New_York,3
7928,Boonsboro,Boonsboro,MD,Maryland,24043,Washington,39.5079,-77.6586,3655,462,polygon,FALSE,TRUE,America/New_York,3
7929,White Bluff,White Bluff,TN,Tennessee,47043,Dickson,36.1002,-87.2113,3653,232,polygon,FALSE,TRUE,America/Chicago,3
7930,Mora,Mora,MN,Minnesota,27065,Kanabec,45.8768,-93.2914,3653,265,polygon,FALSE,TRUE,America/Chicago,3
7931,Port Vue,Port Vue,PA,Pennsylvania,42003,Allegheny,40.3371,-79.872,3651,1240,polygon,FALSE,TRUE,America/New_York,3
7932,Wadsworth,Wadsworth,IL,Illinois,17097,Lake,42.4441,-87.9198,3651,146,polygon,FALSE,TRUE,America/Chicago,3
7933,Fairbury,Fairbury,IL,Illinois,17105,Livingston,40.746,-88.5161,3647,781,polygon,FALSE,TRUE,America/Chicago,3
7934,Feather Sound,Feather Sound,FL,Florida,12103,Pinellas,27.9061,-82.6814,3646,496,polygon,FALSE,FALSE,America/New_York,3
7935,Highland Acres,Highland Acres,DE,Delaware,10001,Kent,39.1162,-75.5216,3645,943,polygon,FALSE,FALSE,America/New_York,3
7936,Old River-Winfree,Old River-Winfree,TX,Texas,48071,Chambers,29.8745,-94.8268,3645,361,polygon,FALSE,TRUE,America/Chicago,3
7937,Richfield,Richfield,OH,Ohio,39153,Summit,41.2353,-81.6421,3644,152,polygon,FALSE,TRUE,America/New_York,3
7938,Colonial Heights,Colonial Heights,TN,Tennessee,47163,Sullivan,36.4852,-82.507,3642,369,polygon,FALSE,FALSE,America/New_York,3
7939,North East,North East,MD,Maryland,24015,Cecil,39.6077,-75.9414,3642,695,polygon,FALSE,TRUE,America/New_York,3
7940,Shady Cove,Shady Cove,OR,Oregon,41029,Jackson,42.6115,-122.8178,3641,631,polygon,FALSE,TRUE,America/Los_Angeles,3
7941,Newtown Grant,Newtown Grant,PA,Pennsylvania,42017,Bucks,40.2599,-74.9561,3636,1813,polygon,FALSE,FALSE,America/New_York,3
7942,Arbuckle,Arbuckle,CA,California,6011,Colusa,39.0141,-122.061,3636,798,polygon,FALSE,FALSE,America/Los_Angeles,3
7943,Heavener,Heavener,OK,Oklahoma,40079,Le Flore,34.8919,-94.6075,3636,258,polygon,FALSE,TRUE,America/Chicago,3
7944,South Glens Falls,South Glens Falls,NY,New York,36091,Saratoga,43.2951,-73.6351,3634,1032,polygon,FALSE,TRUE,America/New_York,3
7945,Brookmont,Brookmont,MD,Maryland,24031,Montgomery,38.9546,-77.1292,3633,1069,polygon,FALSE,FALSE,America/New_York,3
7946,Ringgold,Ringgold,GA,Georgia,13047,Catoosa,34.9137,-85.1216,3630,285,polygon,FALSE,TRUE,America/New_York,3
7947,Cozad,Cozad,NE,Nebraska,31047,Dawson,40.8613,-99.9863,3628,551,polygon,FALSE,TRUE,America/Chicago,3
7948,Lake Clarke Shores,Lake Clarke Shores,FL,Florida,12099,Palm Beach,26.646,-80.0752,3627,1517,polygon,FALSE,TRUE,America/New_York,3
7949,Bolivar,Bolivar,OH,Ohio,39157,Tuscarawas,40.6506,-81.4555,3626,546,polygon,FALSE,TRUE,America/New_York,3
7950,Duncan,Duncan,SC,South Carolina,45083,Spartanburg,34.9351,-82.144,3626,260,polygon,FALSE,TRUE,America/New_York,3
7951,Riverdale,Riverdale,CA,California,6019,Fresno,36.4304,-119.8671,3625,356,polygon,FALSE,FALSE,America/Los_Angeles,3
7952,Stallion Springs,Stallion Springs,CA,California,6029,Kern,35.0935,-118.6477,3625,85,polygon,FALSE,FALSE,America/Los_Angeles,3
7953,Oakwood,Oakwood,OH,Ohio,39035,Cuyahoga,41.3668,-81.5036,3624,408,polygon,FALSE,TRUE,America/New_York,3
7954,Panther Valley,Panther Valley,NJ,New Jersey,34041,Warren,40.9078,-74.8412,3623,468,polygon,FALSE,TRUE,America/New_York,3
7955,Las Animas,Las Animas,CO,Colorado,8011,Bent,38.0695,-103.2237,3622,513,polygon,FALSE,TRUE,America/Denver,3
7956,Longview Heights,Longview Heights,WA,Washington,53015,Cowlitz,46.1797,-122.9578,3619,332,polygon,FALSE,FALSE,America/Los_Angeles,3
7957,Rockfish,Rockfish,NC,North Carolina,37093,Hoke,34.9902,-79.0694,3619,282,polygon,FALSE,FALSE,America/New_York,3
7958,New London,New London,MN,Minnesota,27067,Kandiyohi,45.2975,-94.9476,3619,435,polygon,FALSE,TRUE,America/Chicago,3
7959,Rogersville,Rogersville,MO,Missouri,29225,Webster,37.1147,-93.0742,3618,403,polygon,FALSE,TRUE,America/Chicago,3
7960,Ponderosa Park,Ponderosa Park,CO,Colorado,8039,Elbert,39.3986,-104.6355,3617,95,polygon,FALSE,FALSE,America/Denver,3
7961,Cedaredge,Cedaredge,CO,Colorado,8029,Delta,38.8941,-107.9255,3616,451,polygon,FALSE,TRUE,America/Denver,3
7962,Sweeny,Sweeny,TX,Texas,48039,Brazoria,29.0464,-95.6986,3615,715,polygon,FALSE,TRUE,America/Chicago,3
7963,Meridian,Meridian,CO,Colorado,8035,Douglas,39.5389,-104.8476,3615,1591,polygon,FALSE,FALSE,America/Denver,3
7964,Pittsboro,Pittsboro,IN,Indiana,18063,Hendricks,39.8705,-86.4654,3614,375,polygon,FALSE,TRUE,America/Indiana/Indianapolis,3
7965,Clayton,Clayton,GA,Georgia,13241,Rabun,34.8775,-83.4027,3613,249,polygon,FALSE,TRUE,America/New_York,3
7966,South Duxbury,South Duxbury,MA,Massachusetts,25023,Plymouth,42.0203,-70.6913,3613,475,polygon,FALSE,FALSE,America/New_York,3
7967,Whitesboro,Whitesboro,NY,New York,36065,Oneida,43.124,-75.2966,3612,1328,polygon,FALSE,TRUE,America/New_York,3
7968,Frackville,Frackville,PA,Pennsylvania,42107,Schuylkill,40.7833,-76.2329,3611,2344,polygon,FALSE,TRUE,America/New_York,2
7969,Century,Century,FL,Florida,12033,Escambia,30.9766,-87.2629,3610,221,polygon,FALSE,TRUE,America/Chicago,3
7970,Elgin,Elgin,SC,South Carolina,45057,Lancaster,34.6724,-80.7215,3610,286,polygon,FALSE,FALSE,America/New_York,3
7971,Shark River Hills,Shark River Hills,NJ,New Jersey,34025,Monmouth,40.1923,-74.0463,3609,1626,polygon,FALSE,FALSE,America/New_York,3
7972,Huntingtown,Huntingtown,MD,Maryland,24009,Calvert,38.6117,-76.6187,3609,172,polygon,FALSE,FALSE,America/New_York,3
7973,Eastland,Eastland,TX,Texas,48133,Eastland,32.4024,-98.8176,3608,340,polygon,FALSE,TRUE,America/Chicago,3
7974,Mercer,Mercer,PA,Pennsylvania,42085,Mercer,41.2266,-80.2361,3608,628,polygon,FALSE,TRUE,America/New_York,3
7975,Northumberland,Northumberland,PA,Pennsylvania,42097,Northumberland,40.896,-76.7937,3607,924,polygon,FALSE,TRUE,America/New_York,3
7976,Avalon,Avalon,CA,California,6037,Los Angeles,33.3342,-118.3315,3606,492,polygon,FALSE,TRUE,America/Los_Angeles,3
7977,Romeo,Romeo,MI,Michigan,26099,Macomb,42.8049,-83.0041,3606,687,polygon,FALSE,TRUE,America/Detroit,3
7978,Brookville,Brookville,NY,New York,36059,Nassau,40.8123,-73.5696,3605,352,polygon,FALSE,TRUE,America/New_York,3
7979,Paw Paw Lake,Paw Paw Lake,MI,Michigan,26021,Berrien,42.2113,-86.2759,3605,271,polygon,FALSE,FALSE,America/Detroit,3
7980,Dunean,Dunean,SC,South Carolina,45045,Greenville,34.8203,-82.4225,3605,885,polygon,FALSE,FALSE,America/New_York,3
7981,Cayuga Heights,Cayuga Heights,NY,New York,36109,Tompkins,42.468,-76.4876,3604,787,polygon,FALSE,TRUE,America/New_York,3
7982,Zelienople,Zelienople,PA,Pennsylvania,42019,Butler,40.7886,-80.1428,3603,679,polygon,FALSE,TRUE,America/New_York,3
7983,Camden,Camden,TN,Tennessee,47005,Benton,36.0663,-88.1046,3602,246,polygon,FALSE,TRUE,America/Chicago,3
7984,Gooding,Gooding,ID,Idaho,16047,Gooding,42.9373,-114.7134,3600,876,polygon,FALSE,TRUE,America/Boise,3
7985,Fairbury,Fairbury,NE,Nebraska,31095,Jefferson,40.1449,-97.1764,3597,554,polygon,FALSE,TRUE,America/Chicago,3
7986,McCall,McCall,ID,Idaho,16085,Valley,44.9076,-116.1124,3597,153,polygon,FALSE,TRUE,America/Boise,3
7987,Granger,Granger,WA,Washington,53077,Yakima,46.3455,-120.1926,3596,854,polygon,FALSE,TRUE,America/Los_Angeles,3
7988,Turnersville,Turnersville,NJ,New Jersey,34015,Gloucester,39.7666,-75.0614,3596,933,polygon,FALSE,FALSE,America/New_York,3
7989,Unicoi,Unicoi,TN,Tennessee,47171,Unicoi,36.2217,-82.3293,3594,85,polygon,FALSE,TRUE,America/New_York,3
7990,Manhasset Hills,Manhasset Hills,NY,New York,36059,Nassau,40.7592,-73.681,3594,2346,polygon,FALSE,FALSE,America/New_York,2
7991,Mattapoisett Center,Mattapoisett Center,MA,Massachusetts,25023,Plymouth,41.6667,-70.8054,3594,281,polygon,FALSE,TRUE,America/New_York,3
7992,Combined Locks,Combined Locks,WI,Wisconsin,55087,Outagamie,44.2642,-88.3064,3593,808,polygon,FALSE,TRUE,America/Chicago,3
7993,Loxahatchee Groves,Loxahatchee Groves,FL,Florida,12099,Palm Beach,26.7106,-80.2763,3593,110,polygon,FALSE,TRUE,America/New_York,3
7994,Kimberly,Kimberly,AL,Alabama,1073,Jefferson,33.776,-86.7968,3593,231,polygon,FALSE,TRUE,America/Chicago,3
7995,Pine Lawn,Pine Lawn,MO,Missouri,29189,St. Louis,38.6953,-90.2756,3593,2255,polygon,FALSE,TRUE,America/Chicago,2
7996,Three Rivers,Three Rivers,OR,Oregon,41017,Deschutes,43.8366,-121.4646,3593,184,polygon,FALSE,FALSE,America/Los_Angeles,3
7997,North Baltimore,North Baltimore,OH,Ohio,39173,Wood,41.1798,-83.6702,3588,554,polygon,FALSE,TRUE,America/New_York,3
7998,Newport,Newport,MN,Minnesota,27163,Washington,44.8744,-92.9975,3588,382,polygon,FALSE,TRUE,America/Chicago,3
7999,Waialua,Waialua,HI,Hawaii,15003,Honolulu,21.566,-158.1198,3587,632,polygon,FALSE,FALSE,Pacific/Honolulu,3
8000,Dana,Dana,NC,North Carolina,37089,Henderson,35.3239,-82.3722,3585,155,polygon,FALSE,FALSE,America/New_York,3
8001,Peralta,Peralta,NM,New Mexico,35061,Valencia,34.8283,-106.686,3584,311,polygon,FALSE,TRUE,America/Denver,3
8002,Ballinger,Ballinger,TX,Texas,48399,Runnels,31.7395,-99.9559,3582,401,polygon,FALSE,TRUE,America/Chicago,3
8003,Scott City,Scott City,KS,Kansas,20171,Scott,38.479,-100.9032,3582,544,polygon,FALSE,TRUE,America/Chicago,3
8004,Darien,Darien,GA,Georgia,13191,McIntosh,31.3568,-81.4315,3580,35,polygon,FALSE,TRUE,America/New_York,3
8005,Palmyra,Palmyra,MO,Missouri,29127,Marion,39.7985,-91.5272,3580,475,polygon,FALSE,TRUE,America/Chicago,3
8006,Harbour Heights,Harbour Heights,FL,Florida,12015,Charlotte,26.9928,-82.0072,3578,637,polygon,FALSE,FALSE,America/New_York,3
8007,West Wyomissing,West Wyomissing,PA,Pennsylvania,42011,Berks,40.3221,-75.9953,3578,1708,polygon,FALSE,FALSE,America/New_York,3
8008,Dell Rapids,Dell Rapids,SD,South Dakota,46099,Minnehaha,43.8239,-96.7138,3578,658,polygon,FALSE,TRUE,America/Chicago,3
8009,Perham,Perham,MN,Minnesota,27111,Otter Tail,46.6,-95.5773,3577,396,polygon,FALSE,TRUE,America/Chicago,3
8010,Osceola,Osceola,WI,Wisconsin,55095,Polk,45.3193,-92.6936,3576,242,polygon,FALSE,TRUE,America/Chicago,3
8011,Orofino,Orofino,ID,Idaho,16035,Clearwater,46.4866,-116.2568,3576,485,polygon,FALSE,TRUE,America/Los_Angeles,3
8012,Reliez Valley,Reliez Valley,CA,California,6013,Contra Costa,37.9399,-122.1027,3575,584,polygon,FALSE,TRUE,America/Los_Angeles,3
8013,Golf Manor,Golf Manor,OH,Ohio,39061,Hamilton,39.1878,-84.4469,3575,2395,polygon,FALSE,TRUE,America/New_York,2
8014,Port Hadlock-Irondale,Port Hadlock-Irondale,WA,Washington,53031,Jefferson,48.0316,-122.789,3574,206,polygon,FALSE,TRUE,America/Los_Angeles,3
8015,Quitman,Quitman,GA,Georgia,13027,Brooks,30.7849,-83.5603,3574,341,polygon,FALSE,TRUE,America/New_York,3
8016,Hoopa,Hoopa,CA,California,6023,Humboldt,41.0802,-123.6972,3573,67,polygon,FALSE,FALSE,America/Los_Angeles,3
8017,Taylor Lake Village,Taylor Lake Village,TX,Texas,48201,Harris,29.5764,-95.0562,3571,1226,polygon,FALSE,TRUE,America/Chicago,3
8018,Kitty Hawk,Kitty Hawk,NC,North Carolina,37055,Dare,36.0717,-75.7184,3571,169,polygon,FALSE,TRUE,America/New_York,3
8019,Valley Grande,Valley Grande,AL,Alabama,1047,Dallas,32.4862,-87.0305,3570,41,polygon,FALSE,TRUE,America/Chicago,3
8020,Hubbard,Hubbard,OR,Oregon,41047,Marion,45.1818,-122.8073,3570,1919,polygon,FALSE,TRUE,America/Los_Angeles,3
8021,Pantops,Pantops,VA,Virginia,51003,Albemarle,38.0308,-78.4444,3569,644,polygon,FALSE,FALSE,America/New_York,3
8022,Eveleth,Eveleth,MN,Minnesota,27137,St. Louis,47.4637,-92.5443,3569,218,polygon,FALSE,TRUE,America/Chicago,3
8023,Greenhills,Greenhills,OH,Ohio,39061,Hamilton,39.267,-84.5194,3567,1106,polygon,FALSE,TRUE,America/New_York,3
8024,Saluda,Saluda,SC,South Carolina,45081,Saluda,34.0009,-81.7713,3567,428,polygon,FALSE,TRUE,America/New_York,3
8025,Barnwell,Barnwell,SC,South Carolina,45011,Barnwell,33.2419,-81.3659,3566,211,polygon,FALSE,TRUE,America/New_York,3
8026,South Vacherie,South Vacherie,LA,Louisiana,22093,St. James,29.9406,-90.6891,3565,268,polygon,FALSE,FALSE,America/Chicago,3
8027,Marlboro,Marlboro,NY,New York,36111,Ulster,41.6028,-73.9774,3565,308,polygon,FALSE,FALSE,America/New_York,3
8028,Scissors,Scissors,TX,Texas,48215,Hidalgo,26.1333,-98.0476,3564,863,polygon,FALSE,FALSE,America/Chicago,3
8029,Dixmoor,Dixmoor,IL,Illinois,17031,Cook,41.633,-87.6672,3563,1101,polygon,FALSE,TRUE,America/Chicago,3
8030,Riverwoods,Riverwoods,IL,Illinois,17097,Lake,42.1723,-87.895,3562,346,polygon,FALSE,TRUE,America/Chicago,3
8031,Pajaro,Pajaro,CA,California,6053,Monterey,36.9016,-121.7417,3561,1483,polygon,FALSE,FALSE,America/Los_Angeles,3
8032,Three Lakes,Three Lakes,WA,Washington,53061,Snohomish,47.942,-121.9924,3560,117,polygon,FALSE,FALSE,America/Los_Angeles,3
8033,Cambridge City,Cambridge City,IN,Indiana,18177,Wayne,39.8124,-85.1703,3560,669,polygon,FALSE,TRUE,America/Indiana/Indianapolis,3
8034,Oglesby,Oglesby,IL,Illinois,17099,LaSalle,41.296,-89.0693,3559,338,polygon,FALSE,TRUE,America/Chicago,3
8035,Tierra Verde,Tierra Verde,FL,Florida,12103,Pinellas,27.6685,-82.7304,3557,1104,polygon,FALSE,FALSE,America/New_York,3
8036,Hainesville,Hainesville,IL,Illinois,17097,Lake,42.3414,-88.0686,3557,743,polygon,FALSE,TRUE,America/Chicago,3
8037,O'Neill,O'Neill,NE,Nebraska,31089,Holt,42.461,-98.6465,3556,579,polygon,FALSE,TRUE,America/Chicago,3
8038,Arlington,Arlington,NY,New York,36027,Dutchess,41.6958,-73.8988,3556,2037,polygon,FALSE,FALSE,America/New_York,2
8039,Pen Argyl,Pen Argyl,PA,Pennsylvania,42095,Northampton,40.8675,-75.2535,3556,1022,polygon,FALSE,TRUE,America/New_York,3
8040,Grasonville,Grasonville,MD,Maryland,24035,Queen Anne's,38.9559,-76.1948,3556,248,polygon,FALSE,FALSE,America/New_York,3
8041,Gallipolis,Gallipolis,OH,Ohio,39053,Gallia,38.8186,-82.1934,3556,381,polygon,FALSE,TRUE,America/New_York,3
8042,Oxford,Oxford,MI,Michigan,26125,Oakland,42.8217,-83.2563,3556,1090,polygon,FALSE,TRUE,America/Detroit,3
8043,Oregon,Oregon,IL,Illinois,17141,Ogle,42.0131,-89.3354,3555,695,polygon,FALSE,TRUE,America/Chicago,3
8044,Annandale,Annandale,MN,Minnesota,27171,Wright,45.2598,-94.1205,3554,448,polygon,FALSE,TRUE,America/Chicago,3
8045,Westway,Westway,TX,Texas,48141,El Paso,31.9603,-106.576,3552,1194,polygon,FALSE,FALSE,America/Denver,3
8046,Ashland City,Ashland City,TN,Tennessee,47021,Cheatham,36.2607,-87.0412,3552,172,polygon,FALSE,TRUE,America/Chicago,3
8047,Camden,Camden,DE,Delaware,10001,Kent,39.0991,-75.557,3551,364,polygon,FALSE,TRUE,America/New_York,3
8048,Valhalla,Valhalla,NY,New York,36119,Westchester,41.0775,-73.778,3551,1666,polygon,FALSE,FALSE,America/New_York,3
8049,Iroquois Point,Iroquois Point,HI,Hawaii,15003,Honolulu,21.3232,-157.9775,3550,2590,polygon,TRUE,TRUE,Pacific/Honolulu,2
8050,Cisco,Cisco,TX,Texas,48133,Eastland,32.3848,-98.9805,3550,294,polygon,FALSE,TRUE,America/Chicago,3
8051,Hauula,Hauula,HI,Hawaii,15003,Honolulu,21.6111,-157.9118,3549,1186,polygon,FALSE,FALSE,Pacific/Honolulu,3
8052,Social Circle,Social Circle,GA,Georgia,13297,Walton,33.6505,-83.7116,3548,120,polygon,FALSE,TRUE,America/New_York,3
8053,Baltimore,Baltimore,OH,Ohio,39045,Fairfield,39.846,-82.6047,3548,521,polygon,FALSE,TRUE,America/New_York,3
8054,Shadyside,Shadyside,OH,Ohio,39013,Belmont,39.9716,-80.7511,3547,1355,polygon,FALSE,TRUE,America/New_York,3
8055,Mission Hills,Mission Hills,KS,Kansas,20091,Johnson,39.0141,-94.6172,3547,672,polygon,FALSE,TRUE,America/Chicago,3
8056,Lawrenceville,Lawrenceville,NJ,New Jersey,34021,Mercer,40.3018,-74.7378,3546,1314,polygon,FALSE,FALSE,America/New_York,3
8057,Stanley,Stanley,WI,Wisconsin,55017,Chippewa,44.9597,-90.9423,3544,335,polygon,FALSE,TRUE,America/Chicago,3
8058,Windermere,Windermere,FL,Florida,12095,Orange,28.5035,-81.541,3544,714,polygon,FALSE,TRUE,America/New_York,3
8059,Houghton Lake,Houghton Lake,MI,Michigan,26143,Roscommon,44.3124,-84.7625,3544,233,polygon,FALSE,FALSE,America/Detroit,3
8060,Nanty-Glo,Nanty-Glo,PA,Pennsylvania,42021,Cambria,40.4708,-78.8339,3543,515,polygon,FALSE,TRUE,America/New_York,3
8061,Amberley,Amberley,OH,Ohio,39061,Hamilton,39.2035,-84.4283,3543,392,polygon,FALSE,TRUE,America/New_York,3
8062,Frontenac,Frontenac,MO,Missouri,29189,St. Louis,38.6301,-90.419,3543,475,polygon,FALSE,TRUE,America/Chicago,3
8063,Sloan,Sloan,NY,New York,36029,Erie,42.8921,-78.7918,3541,1752,polygon,FALSE,TRUE,America/New_York,3
8064,Centerville,Centerville,TN,Tennessee,47081,Hickman,35.8042,-87.4577,3540,127,polygon,FALSE,TRUE,America/Chicago,3
8065,South Beach,South Beach,FL,Florida,12061,Indian River,27.5883,-80.3435,3538,502,polygon,FALSE,FALSE,America/New_York,3
8066,Calcutta,Calcutta,OH,Ohio,39029,Columbiana,40.6847,-80.5624,3538,115,polygon,FALSE,FALSE,America/New_York,3
8067,Robins,Robins,IA,Iowa,19113,Linn,42.0799,-91.6762,3537,227,polygon,FALSE,TRUE,America/Chicago,3
8068,Indianola,Indianola,WA,Washington,53035,Kitsap,47.7566,-122.5142,3536,259,polygon,FALSE,FALSE,America/Los_Angeles,3
8069,Pulaski,Pulaski,WI,Wisconsin,55009,Brown,44.6684,-88.2351,3536,506,polygon,FALSE,TRUE,America/Chicago,3
8070,Lead,Lead,SD,South Dakota,46081,Lawrence,44.3528,-103.7671,3532,552,polygon,FALSE,TRUE,America/Denver,3
8071,Doolittle,Doolittle,TX,Texas,48215,Hidalgo,26.3598,-98.1168,3531,318,polygon,FALSE,FALSE,America/Chicago,3
8072,Momence,Momence,IL,Illinois,17091,Kankakee,41.164,-87.663,3530,761,polygon,FALSE,TRUE,America/Chicago,3
8073,Lancaster,Lancaster,WI,Wisconsin,55043,Grant,42.8473,-90.7065,3529,474,polygon,FALSE,TRUE,America/Chicago,3
8074,La Cienega,La Cienega,NM,New Mexico,35049,Santa Fe,35.5801,-106.1127,3526,119,polygon,FALSE,FALSE,America/Denver,3
8075,Ross,Ross,OH,Ohio,39017,Butler,39.3146,-84.6599,3526,435,polygon,FALSE,FALSE,America/New_York,3
8076,Brimfield,Brimfield,OH,Ohio,39133,Portage,41.0941,-81.3483,3526,342,polygon,FALSE,FALSE,America/New_York,3
8077,Beechwood,Beechwood,MS,Mississippi,28149,Warren,32.3303,-90.819,3523,217,polygon,FALSE,FALSE,America/Chicago,3
8078,Bedford Hills,Bedford Hills,NY,New York,36119,Westchester,41.2362,-73.6959,3522,1350,polygon,FALSE,FALSE,America/New_York,3
8079,Chilton,Chilton,WI,Wisconsin,55015,Calumet,44.0293,-88.1625,3521,374,polygon,FALSE,TRUE,America/Chicago,3
8080,Canyon Creek,Canyon Creek,WA,Washington,53061,Snohomish,48.1157,-121.9831,3520,222,polygon,FALSE,TRUE,America/Los_Angeles,3
8081,West Liberty,West Liberty,KY,Kentucky,21175,Morgan,37.9161,-83.2668,3520,277,polygon,FALSE,TRUE,America/New_York,3
8082,Putnam Lake,Putnam Lake,NY,New York,36079,Putnam,41.4747,-73.5483,3519,353,polygon,FALSE,FALSE,America/New_York,3
8083,Harrison,Harrison,MI,Michigan,26035,Clare,44.0168,-84.808,3519,215,polygon,FALSE,TRUE,America/Detroit,3
8084,Mariemont,Mariemont,OH,Ohio,39061,Hamilton,39.1429,-84.3784,3518,1519,polygon,FALSE,TRUE,America/New_York,3
8085,Gravette,Gravette,AR,Arkansas,5007,Benton,36.4291,-94.3714,3516,88,polygon,FALSE,TRUE,America/Chicago,3
8086,Silver Creek,Silver Creek,NY,New York,36013,Chautauqua,42.5426,-79.1677,3514,817,polygon,FALSE,TRUE,America/New_York,3
8087,Collinsville,Collinsville,CT,Connecticut,9003,Hartford,41.819,-72.922,3514,432,polygon,FALSE,FALSE,America/New_York,3
8088,Old Mystic,Old Mystic,CT,Connecticut,9011,New London,41.3854,-71.985,3513,318,polygon,FALSE,FALSE,America/New_York,3
8089,La Conner,La Conner,WA,Washington,53057,Skagit,48.3927,-122.4944,3512,919,polygon,FALSE,TRUE,America/Los_Angeles,3
8090,Blanding,Blanding,UT,Utah,49037,San Juan,37.6213,-109.5072,3512,106,polygon,FALSE,TRUE,America/Denver,3
8091,Lake Cassidy,Lake Cassidy,WA,Washington,53061,Snohomish,48.0639,-122.092,3511,128,polygon,FALSE,TRUE,America/Los_Angeles,3
8092,Ripley,Ripley,MS,Mississippi,28139,Tippah,34.7321,-88.9444,3510,178,polygon,FALSE,TRUE,America/Chicago,3
8093,Clayton,Clayton,DE,Delaware,10001,Kent,39.2846,-75.6364,3508,709,polygon,FALSE,TRUE,America/New_York,3
8094,Lely,Lely,FL,Florida,12021,Collier,26.1032,-81.7297,3508,987,polygon,FALSE,FALSE,America/New_York,3
8095,Travis Ranch,Travis Ranch,TX,Texas,48257,Kaufman,32.8038,-96.4759,3508,1405,polygon,FALSE,TRUE,America/Chicago,3
8096,Meiners Oaks,Meiners Oaks,CA,California,6111,Ventura,34.4505,-119.2731,3508,961,polygon,FALSE,FALSE,America/Los_Angeles,3
8097,Frederick,Frederick,OK,Oklahoma,40141,Tillman,34.3709,-99.001,3508,277,polygon,FALSE,TRUE,America/Chicago,3
8098,Watertown,Watertown,FL,Florida,12023,Columbia,30.1855,-82.6026,3507,558,polygon,FALSE,FALSE,America/New_York,3
8099,Rock Valley,Rock Valley,IA,Iowa,19167,Sioux,43.2028,-96.2902,3507,341,polygon,FALSE,TRUE,America/Chicago,3
8100,Hanover,Hanover,MN,Minnesota,27171,Wright,45.158,-93.6631,3507,248,polygon,FALSE,TRUE,America/Chicago,3
8101,Riverside,Riverside,MO,Missouri,29165,Platte,39.1703,-94.6305,3505,245,polygon,FALSE,TRUE,America/Chicago,3
8102,Whitfield,Whitfield,FL,Florida,12081,Manatee,27.4115,-82.5659,3504,980,polygon,FALSE,FALSE,America/New_York,3
8103,La Paloma,La Paloma,TX,Texas,48061,Cameron,26.0518,-97.6552,3504,628,polygon,FALSE,FALSE,America/Chicago,3
8104,Mono Vista,Mono Vista,CA,California,6109,Tuolumne,38.0124,-120.2697,3504,477,polygon,FALSE,FALSE,America/Los_Angeles,3
8105,Seymour,Seymour,WI,Wisconsin,55087,Outagamie,44.5142,-88.3271,3503,495,polygon,FALSE,TRUE,America/Chicago,3
8106,Laurel Lake,Laurel Lake,NJ,New Jersey,34011,Cumberland,39.3265,-75.0306,3503,778,polygon,FALSE,FALSE,America/New_York,3
8107,Northwest Harbor,Northwest Harbor,NY,New York,36103,Suffolk,41.0053,-72.222,3503,93,polygon,FALSE,FALSE,America/New_York,3
8108,Hanover,Hanover,IN,Indiana,18077,Jefferson,38.7133,-85.4726,3502,608,polygon,FALSE,TRUE,America/Indiana/Indianapolis,3
8109,Cloverdale,Cloverdale,VA,Virginia,51023,Botetourt,37.3566,-79.9055,3501,436,polygon,FALSE,FALSE,America/New_York,3
8110,Vassar,Vassar,MI,Michigan,26157,Tuscola,43.3719,-83.577,3500,456,polygon,FALSE,TRUE,America/Detroit,3
8111,Auburn Lake Trails,Auburn Lake Trails,CA,California,6017,El Dorado,38.8917,-120.9849,3499,106,polygon,FALSE,FALSE,America/Los_Angeles,3
8112,Moscow Mills,Moscow Mills,MO,Missouri,29113,Lincoln,38.94,-90.9254,3496,427,polygon,FALSE,TRUE,America/Chicago,3
8113,Boyne City,Boyne City,MI,Michigan,26029,Charlevoix,45.2135,-85.0131,3495,360,polygon,FALSE,TRUE,America/Detroit,3
8114,Holden Heights,Holden Heights,FL,Florida,12095,Orange,28.5013,-81.3878,3494,1315,polygon,FALSE,FALSE,America/New_York,3
8115,Saylorville,Saylorville,IA,Iowa,19153,Polk,41.6809,-93.6279,3492,196,polygon,FALSE,FALSE,America/Chicago,3
8116,Albia,Albia,IA,Iowa,19135,Monroe,41.0272,-92.8039,3492,446,polygon,FALSE,TRUE,America/Chicago,3
8117,East Prairie,East Prairie,MO,Missouri,29133,Mississippi,36.7788,-89.3837,3490,908,polygon,FALSE,TRUE,America/Chicago,3
8118,High Springs,High Springs,FL,Florida,12001,Alachua,29.808,-82.5949,3489,107,polygon,FALSE,TRUE,America/New_York,3
8119,Cienegas Terrace,Cienegas Terrace,TX,Texas,48465,Val Verde,29.3687,-100.9432,3489,421,polygon,FALSE,FALSE,America/Chicago,3
8120,Newaygo,Newaygo,MI,Michigan,26123,Newaygo,43.4162,-85.8031,3489,211,polygon,FALSE,TRUE,America/Detroit,3
8121,Waller,Waller,TX,Texas,48473,Waller,30.0629,-95.9221,3488,612,polygon,FALSE,TRUE,America/Chicago,3
8122,Loyalhanna,Loyalhanna,PA,Pennsylvania,42129,Westmoreland,40.3144,-79.356,3487,571,polygon,FALSE,FALSE,America/New_York,3
8123,Elkins,Elkins,AR,Arkansas,5143,Washington,36.0163,-94.025,3487,332,polygon,FALSE,TRUE,America/Chicago,3
8124,Marlboro Meadows,Marlboro Meadows,MD,Maryland,24033,Prince George's,38.8374,-76.7144,3487,220,polygon,FALSE,FALSE,America/New_York,3
8125,Moca,Moca,PR,Puerto Rico,72099,Moca,18.3971,-67.1155,3486,1337,polygon,FALSE,FALSE,America/Puerto_Rico,3
8126,Sauk City,Sauk City,WI,Wisconsin,55111,Sauk,43.2722,-89.7312,3485,873,polygon,FALSE,TRUE,America/Chicago,3
8127,Shady Spring,Shady Spring,WV,West Virginia,54081,Raleigh,37.7032,-81.0912,3485,221,polygon,FALSE,FALSE,America/New_York,3
8128,Royal Palm Estates,Royal Palm Estates,FL,Florida,12099,Palm Beach,26.6815,-80.1265,3485,1615,polygon,FALSE,FALSE,America/New_York,3
8129,Flagler Estates,Flagler Estates,FL,Florida,12109,St. Johns,29.6442,-81.4571,3484,113,polygon,FALSE,TRUE,America/New_York,3
8130,Hebron,Hebron,IN,Indiana,18127,Porter,41.3246,-87.2017,3484,746,polygon,FALSE,TRUE,America/Chicago,3
8131,Horicon,Horicon,WI,Wisconsin,55027,Dodge,43.4453,-88.6403,3483,403,polygon,FALSE,TRUE,America/Chicago,3
8132,Waikapu,Waikapu,HI,Hawaii,15009,Maui,20.8391,-156.5221,3483,122,polygon,FALSE,FALSE,Pacific/Honolulu,3
8133,Kane,Kane,PA,Pennsylvania,42083,McKean,41.663,-78.8096,3483,848,polygon,FALSE,TRUE,America/New_York,3
8134,Vicksburg,Vicksburg,MI,Michigan,26077,Kalamazoo,42.1186,-85.5413,3483,458,polygon,FALSE,TRUE,America/Detroit,3
8135,Myrtle Creek,Myrtle Creek,OR,Oregon,41019,Douglas,43.0226,-123.2812,3483,537,polygon,FALSE,TRUE,America/Los_Angeles,3
8136,Winnie,Winnie,TX,Texas,48071,Chambers,29.8167,-94.3807,3482,339,polygon,FALSE,FALSE,America/Chicago,3
8137,Campo,Campo,CA,California,6073,San Diego,32.6394,-116.4745,3482,57,polygon,FALSE,FALSE,America/Los_Angeles,3
8138,Watkins Glen,Watkins Glen,NY,New York,36097,Schuyler,42.3801,-76.8673,3480,463,polygon,FALSE,TRUE,America/New_York,3
8139,Forsyth,Forsyth,IL,Illinois,17115,Macon,39.9259,-88.964,3479,432,polygon,FALSE,TRUE,America/Chicago,3
8140,Yuma,Yuma,CO,Colorado,8125,Yuma,40.124,-102.7161,3478,433,polygon,FALSE,TRUE,America/Denver,3
8141,East Sandwich,East Sandwich,MA,Massachusetts,25001,Barnstable,41.7365,-70.4341,3478,178,polygon,FALSE,FALSE,America/New_York,3
8142,Livingston,Livingston,TN,Tennessee,47133,Overton,36.3875,-85.3265,3477,240,polygon,FALSE,TRUE,America/Chicago,3
8143,Mineral Ridge,Mineral Ridge,OH,Ohio,39155,Trumbull,41.1379,-80.7653,3477,435,polygon,FALSE,FALSE,America/New_York,3
8144,Metzger,Metzger,OR,Oregon,41067,Washington,45.4492,-122.7623,3477,1822,polygon,FALSE,FALSE,America/Los_Angeles,3
8145,Red Bud,Red Bud,IL,Illinois,17157,Randolph,38.2096,-89.9997,3476,544,polygon,FALSE,TRUE,America/Chicago,3
8146,Raymond,Raymond,MS,Mississippi,28049,Hinds,32.2609,-90.4083,3476,272,polygon,FALSE,TRUE,America/Chicago,3
8147,Bagdad,Bagdad,FL,Florida,12113,Santa Rosa,30.5824,-87.0447,3474,211,polygon,FALSE,FALSE,America/Chicago,3
8148,Broken Bow,Broken Bow,NE,Nebraska,31041,Custer,41.4052,-99.6401,3474,691,polygon,FALSE,TRUE,America/Chicago,3
8149,Mount Pleasant,Mount Pleasant,UT,Utah,49039,Sanpete,39.5408,-111.4558,3473,465,polygon,FALSE,TRUE,America/Denver,3
8150,Osage,Osage,IA,Iowa,19131,Mitchell,43.2826,-92.8114,3472,603,polygon,FALSE,TRUE,America/Chicago,3
8151,Rosita,Rosita,TX,Texas,48323,Maverick,28.6244,-100.4287,3471,170,polygon,FALSE,TRUE,America/Chicago,3
8152,Waukon,Waukon,IA,Iowa,19005,Allamakee,43.2684,-91.4782,3471,470,polygon,FALSE,TRUE,America/Chicago,3
8153,Brentwood,Brentwood,MD,Maryland,24033,Prince George's,38.9439,-76.9571,3471,3483,polygon,FALSE,TRUE,America/New_York,2
8154,El Dorado Springs,El Dorado Springs,MO,Missouri,29039,Cedar,37.8694,-94.0196,3471,452,polygon,FALSE,TRUE,America/Chicago,3
8155,Cottondale,Cottondale,AL,Alabama,1125,Tuscaloosa,33.1922,-87.4544,3469,387,polygon,FALSE,FALSE,America/Chicago,3
8156,Red Oak,Red Oak,NC,North Carolina,37127,Nash,36.0415,-77.9065,3468,68,polygon,FALSE,TRUE,America/New_York,3
8157,Dover Base Housing,Dover Base Housing,DE,Delaware,10001,Kent,39.1179,-75.4838,3467,1826,polygon,TRUE,TRUE,America/New_York,3
8158,Metter,Metter,GA,Georgia,13043,Candler,32.3958,-82.0621,3467,202,polygon,FALSE,TRUE,America/New_York,3
8159,Nome,Nome,AK,Alaska,2180,Nome,64.5213,-165.4053,3466,116,polygon,FALSE,TRUE,America/Nome,3
8160,Johnston City,Johnston City,IL,Illinois,17199,Williamson,37.8214,-88.929,3464,618,polygon,FALSE,TRUE,America/Chicago,3
8161,Hicksville,Hicksville,OH,Ohio,39039,Defiance,41.2944,-84.7648,3464,520,polygon,FALSE,TRUE,America/New_York,3
8162,Point Baker,Point Baker,FL,Florida,12113,Santa Rosa,30.6855,-87.0521,3460,201,polygon,FALSE,FALSE,America/Chicago,3
8163,Meadow Vista,Meadow Vista,CA,California,6061,Placer,39.003,-121.0304,3460,252,polygon,FALSE,FALSE,America/Los_Angeles,3
8164,Hodgenville,Hodgenville,KY,Kentucky,21123,Larue,37.5668,-85.7353,3459,593,polygon,FALSE,TRUE,America/New_York,3
8165,Nowata,Nowata,OK,Oklahoma,40105,Nowata,36.699,-95.6379,3458,408,polygon,FALSE,TRUE,America/Chicago,3
8166,Carey,Carey,OH,Ohio,39175,Wyandot,40.9499,-83.3826,3458,652,polygon,FALSE,TRUE,America/New_York,3
8167,Brodhead,Brodhead,WI,Wisconsin,55045,Green,42.6168,-89.3756,3457,699,polygon,FALSE,TRUE,America/Chicago,3
8168,Culloden,Culloden,WV,West Virginia,54011,Cabell,38.4159,-82.0722,3457,321,polygon,FALSE,FALSE,America/New_York,3
8169,Sunset,Sunset,LA,Louisiana,22097,St. Landry,30.4083,-92.0641,3457,355,polygon,FALSE,TRUE,America/Chicago,3
8170,Alexander,Alexander,AR,Arkansas,5119,Pulaski,34.6185,-92.4512,3457,592,polygon,FALSE,TRUE,America/Chicago,3
8171,McLendon-Chisholm,McLendon-Chisholm,TX,Texas,48397,Rockwall,32.8512,-96.3924,3455,140,polygon,FALSE,TRUE,America/Chicago,3
8172,Malvern,Malvern,PA,Pennsylvania,42029,Chester,40.0329,-75.5146,3455,1058,polygon,FALSE,TRUE,America/New_York,3
8173,Lake Isabella,Lake Isabella,CA,California,6029,Kern,35.6378,-118.4819,3454,61,polygon,FALSE,FALSE,America/Los_Angeles,3
8174,Carlton,Carlton,OR,Oregon,41071,Yamhill,45.2945,-123.1753,3454,957,polygon,FALSE,TRUE,America/Los_Angeles,3
8175,Wilkesboro,Wilkesboro,NC,North Carolina,37193,Wilkes,36.142,-81.173,3453,212,polygon,FALSE,TRUE,America/New_York,3
8176,Candelaria Arenas,Candelaria Arenas,PR,Puerto Rico,72137,Toa Baja,18.4175,-66.2203,3453,1337,polygon,FALSE,FALSE,America/Puerto_Rico,3
8177,Hazel Green,Hazel Green,AL,Alabama,1089,Madison,34.9237,-86.5671,3452,132,polygon,FALSE,FALSE,America/Chicago,3
8178,Pawhuska,Pawhuska,OK,Oklahoma,40113,Osage,36.6687,-96.3312,3452,362,polygon,FALSE,TRUE,America/Chicago,3
8179,Oakhurst,Oakhurst,NJ,New Jersey,34025,Monmouth,40.2607,-74.0263,3451,827,polygon,FALSE,FALSE,America/New_York,3
8180,Willcox,Willcox,AZ,Arizona,4003,Cochise,32.2514,-109.8359,3451,221,polygon,FALSE,TRUE,America/Phoenix,3
8181,Farmersville,Farmersville,TX,Texas,48085,Collin,33.1609,-96.3608,3450,345,polygon,FALSE,TRUE,America/Chicago,3
8182,Beechwood,Beechwood,MI,Michigan,26139,Ottawa,42.7982,-86.123,3450,735,polygon,FALSE,FALSE,America/Detroit,3
8183,Squaw Valley,Squaw Valley,CA,California,6019,Fresno,36.6944,-119.2,3449,23,polygon,FALSE,FALSE,America/Los_Angeles,3
8184,Jasper,Jasper,TN,Tennessee,47115,Marion,35.0664,-85.6228,3448,135,polygon,FALSE,TRUE,America/Chicago,3
8185,Sherwood,Sherwood,OH,Ohio,39061,Hamilton,39.0853,-84.3608,3448,1245,polygon,FALSE,FALSE,America/New_York,3
8186,Winona,Winona,MS,Mississippi,28097,Montgomery,33.4899,-89.728,3448,113,polygon,FALSE,TRUE,America/Chicago,3
8187,Heyburn,Heyburn,ID,Idaho,16067,Minidoka,42.5599,-113.7623,3447,509,polygon,FALSE,TRUE,America/Boise,3
8188,Moore Haven,Moore Haven,FL,Florida,12043,Glades,26.8338,-81.0984,3446,654,polygon,FALSE,TRUE,America/New_York,3
8189,Monte Grande,Monte Grande,PR,Puerto Rico,72023,Cabo Rojo,18.0895,-67.1201,3446,931,polygon,FALSE,FALSE,America/Puerto_Rico,3
8190,Aledo,Aledo,IL,Illinois,17131,Mercer,41.1984,-90.7459,3445,588,polygon,FALSE,TRUE,America/Chicago,3
8191,Millstadt,Millstadt,IL,Illinois,17163,St. Clair,38.458,-90.0833,3445,427,polygon,FALSE,TRUE,America/Chicago,3
8192,Piney Point Village,Piney Point Village,TX,Texas,48201,Harris,29.7588,-95.5156,3444,624,polygon,FALSE,TRUE,America/Chicago,3
8193,Dublin,Dublin,TX,Texas,48143,Erath,32.0875,-98.3391,3444,382,polygon,FALSE,TRUE,America/Chicago,3
8194,Ladonia,Ladonia,AL,Alabama,1113,Russell,32.4609,-85.0877,3444,424,polygon,FALSE,FALSE,America/Chicago,3
8195,Port Ewen,Port Ewen,NY,New York,36111,Ulster,41.9048,-73.9776,3442,673,polygon,FALSE,FALSE,America/New_York,3
8196,Dillonvale,Dillonvale,OH,Ohio,39061,Hamilton,39.2173,-84.403,3441,1489,polygon,FALSE,FALSE,America/New_York,3
8197,Lockland,Lockland,OH,Ohio,39061,Hamilton,39.2278,-84.4565,3441,1089,polygon,FALSE,TRUE,America/New_York,3
8198,Wills Point,Wills Point,TX,Texas,48467,Van Zandt,32.7093,-96.0052,3440,384,polygon,FALSE,TRUE,America/Chicago,3
8199,Poteet,Poteet,TX,Texas,48013,Atascosa,29.0372,-98.5728,3440,781,polygon,FALSE,TRUE,America/Chicago,3
8200,Rochester,Rochester,PA,Pennsylvania,42007,Beaver,40.7025,-80.2838,3440,2258,polygon,FALSE,TRUE,America/New_York,2
8201,Day Valley,Day Valley,CA,California,6087,Santa Cruz,37.0255,-121.8559,3439,71,polygon,FALSE,FALSE,America/Los_Angeles,3
8202,Cottonport,Cottonport,LA,Louisiana,22009,Avoyelles,30.9892,-92.0509,3438,365,polygon,FALSE,TRUE,America/Chicago,3
8203,Reamstown,Reamstown,PA,Pennsylvania,42071,Lancaster,40.2113,-76.118,3438,588,polygon,FALSE,FALSE,America/New_York,3
8204,St. James City,St. James City,FL,Florida,12071,Lee,26.5507,-82.098,3437,90,polygon,FALSE,FALSE,America/New_York,3
8205,Cherokee Village,Cherokee Village,AR,Arkansas,5135,Sharp,36.2959,-91.5696,3435,88,polygon,FALSE,TRUE,America/Chicago,3
8206,Mobridge,Mobridge,SD,South Dakota,46129,Walworth,45.541,-100.4349,3435,678,polygon,FALSE,TRUE,America/Chicago,3
8207,Iowa,Iowa,LA,Louisiana,22019,Calcasieu,30.2393,-93.0129,3434,382,polygon,FALSE,TRUE,America/Chicago,3
8208,Riverton,Riverton,IL,Illinois,17167,Sangamon,39.8456,-89.5394,3434,574,polygon,FALSE,TRUE,America/Chicago,3
8209,Hoosick Falls,Hoosick Falls,NY,New York,36083,Rensselaer,42.9009,-73.35,3433,808,polygon,FALSE,TRUE,America/New_York,3
8210,Yadkinville,Yadkinville,NC,North Carolina,37197,Yadkin,36.131,-80.6588,3431,390,polygon,FALSE,TRUE,America/New_York,3
8211,Hardwick,Hardwick,GA,Georgia,13009,Baldwin,33.0523,-83.244,3431,272,polygon,FALSE,FALSE,America/New_York,3
8212,Buzzards Bay,Buzzards Bay,MA,Massachusetts,25001,Barnstable,41.7551,-70.6129,3431,691,polygon,FALSE,FALSE,America/New_York,3
8213,Hahnville,Hahnville,LA,Louisiana,22089,St. Charles,29.9641,-90.4141,3430,238,polygon,FALSE,FALSE,America/Chicago,3
8214,Redwood,Redwood,TX,Texas,48187,Guadalupe,29.81,-97.9103,3429,205,polygon,FALSE,FALSE,America/Chicago,3
8215,Gibson City,Gibson City,IL,Illinois,17053,Ford,40.4665,-88.3788,3429,537,polygon,FALSE,TRUE,America/Chicago,3
8216,Valley Springs,Valley Springs,CA,California,6009,Calaveras,38.1837,-120.815,3428,134,polygon,FALSE,FALSE,America/Los_Angeles,3
8217,Richwood,Richwood,NJ,New Jersey,34015,Gloucester,39.714,-75.1734,3427,148,polygon,FALSE,FALSE,America/New_York,3
8218,Monte Sereno,Monte Sereno,CA,California,6085,Santa Clara,37.2404,-121.9882,3427,806,polygon,FALSE,TRUE,America/Los_Angeles,3
8219,Skidway Lake,Skidway Lake,MI,Michigan,26129,Ogemaw,44.1919,-84.0467,3426,117,polygon,FALSE,FALSE,America/Detroit,3
8220,Goldendale,Goldendale,WA,Washington,53039,Klickitat,45.8191,-120.8233,3424,457,polygon,FALSE,TRUE,America/Los_Angeles,3
8221,Clifton,Clifton,TX,Texas,48035,Bosque,31.7822,-97.5824,3424,650,polygon,FALSE,TRUE,America/Chicago,3
8222,Freeland,Freeland,PA,Pennsylvania,42079,Luzerne,41.0212,-75.8963,3424,1965,polygon,FALSE,TRUE,America/New_York,3
8223,Angwin,Angwin,CA,California,6055,Napa,38.5776,-122.4513,3424,273,polygon,FALSE,FALSE,America/Los_Angeles,3
8224,El Verano,El Verano,CA,California,6097,Sonoma,38.2975,-122.4915,3424,1155,polygon,FALSE,FALSE,America/Los_Angeles,3
8225,Oakhurst,Oakhurst,CA,California,6039,Madera,37.3342,-119.6483,3424,220,polygon,FALSE,FALSE,America/Los_Angeles,3
8226,Emmetsburg,Emmetsburg,IA,Iowa,19147,Palo Alto,43.1146,-94.6799,3424,373,polygon,FALSE,TRUE,America/Chicago,3
8227,Germantown Hills,Germantown Hills,IL,Illinois,17203,Woodford,40.7712,-89.467,3423,807,polygon,FALSE,TRUE,America/Chicago,3
8228,Cape May,Cape May,NJ,New Jersey,34009,Cape May,38.9409,-74.9042,3422,534,polygon,FALSE,TRUE,America/New_York,3
8229,Hanceville,Hanceville,AL,Alabama,1043,Cullman,34.0634,-86.7651,3422,296,polygon,FALSE,TRUE,America/Chicago,3
8230,Cresco,Cresco,IA,Iowa,19089,Howard,43.3718,-92.1164,3422,431,polygon,FALSE,TRUE,America/Chicago,3
8231,Lyons,Lyons,KS,Kansas,20159,Rice,38.3462,-98.2045,3422,523,polygon,FALSE,TRUE,America/Chicago,3
8232,Omro,Omro,WI,Wisconsin,55139,Winnebago,44.0391,-88.7378,3421,567,polygon,FALSE,TRUE,America/Chicago,3
8233,Wheatland,Wheatland,WY,Wyoming,56031,Platte,42.0516,-104.9595,3421,326,polygon,FALSE,TRUE,America/Denver,3
8234,Bonanza,Bonanza,GA,Georgia,13063,Clayton,33.4589,-84.3379,3421,1259,polygon,FALSE,FALSE,America/New_York,3
8235,La Vale,La Vale,MD,Maryland,24001,Allegany,39.6518,-78.8162,3421,495,polygon,FALSE,FALSE,America/New_York,3
8236,Harlem,Harlem,GA,Georgia,13073,Columbia,33.4262,-82.3129,3420,206,polygon,FALSE,TRUE,America/New_York,3
8237,Quartzsite,Quartzsite,AZ,Arizona,4012,La Paz,33.6675,-114.217,3420,40,polygon,FALSE,TRUE,America/Phoenix,3
8238,Cabán,Caban,PR,Puerto Rico,72005,Aguadilla,18.4448,-67.1357,3419,2618,polygon,FALSE,FALSE,America/Puerto_Rico,2
8239,Claxton,Claxton,GA,Georgia,13109,Evans,32.1613,-81.9094,3418,489,polygon,FALSE,TRUE,America/New_York,3
8240,Ahtanum,Ahtanum,WA,Washington,53077,Yakima,46.5583,-120.611,3416,190,polygon,FALSE,FALSE,America/Los_Angeles,3
8241,Tutwiler,Tutwiler,MS,Mississippi,28135,Tallahatchie,34.0172,-90.4333,3416,476,polygon,FALSE,TRUE,America/Chicago,3
8242,Minoa,Minoa,NY,New York,36067,Onondaga,43.0742,-76.0085,3415,971,polygon,FALSE,TRUE,America/New_York,3
8243,Long Lake,Long Lake,IL,Illinois,17097,Lake,42.3765,-88.1266,3415,1306,polygon,FALSE,FALSE,America/Chicago,3
8244,Lake Lakengren,Lake Lakengren,OH,Ohio,39135,Preble,39.6894,-84.69,3415,461,polygon,FALSE,FALSE,America/New_York,3
8245,Delta,Delta,UT,Utah,49027,Millard,39.3623,-112.5467,3415,163,polygon,FALSE,TRUE,America/Denver,3
8246,Graniteville,Graniteville,SC,South Carolina,45003,Aiken,33.5646,-81.8079,3415,398,polygon,FALSE,FALSE,America/New_York,3
8247,Oliver Springs,Oliver Springs,TN,Tennessee,47145,Roane,36.0398,-84.3284,3414,228,polygon,FALSE,TRUE,America/New_York,3
8248,Baldwin,Baldwin,GA,Georgia,13137,Habersham,34.4864,-83.5494,3414,269,polygon,FALSE,TRUE,America/New_York,3
8249,Lake Pocotopaug,Lake Pocotopaug,CT,Connecticut,9007,Middlesex,41.5961,-72.5124,3413,415,polygon,FALSE,FALSE,America/New_York,3
8250,Thompsonville,Thompsonville,PA,Pennsylvania,42125,Washington,40.2802,-80.1204,3412,636,polygon,FALSE,FALSE,America/New_York,3
8251,Bajadero,Bajadero,PR,Puerto Rico,72013,Arecibo,18.4235,-66.677,3411,702,polygon,FALSE,FALSE,America/Puerto_Rico,3
8252,High Bridge,High Bridge,NJ,New Jersey,34019,Hunterdon,40.6684,-74.894,3410,550,polygon,FALSE,TRUE,America/New_York,3
8253,Heflin,Heflin,AL,Alabama,1029,Cleburne,33.6471,-85.5698,3409,81,polygon,FALSE,TRUE,America/Chicago,3
8254,Piedmont,Piedmont,AL,Alabama,1015,Calhoun,33.9268,-85.6148,3408,178,polygon,FALSE,TRUE,America/Chicago,3
8255,Shannondale,Shannondale,WV,West Virginia,54037,Jefferson,39.2123,-77.8105,3404,155,polygon,FALSE,FALSE,America/New_York,3
8256,Franklinton,Franklinton,LA,Louisiana,22117,Washington,30.8479,-90.1459,3403,330,polygon,FALSE,TRUE,America/Chicago,3
8257,McGehee,McGehee,AR,Arkansas,5041,Desha,33.628,-91.3953,3403,213,polygon,FALSE,TRUE,America/Chicago,3
8258,Zumbrota,Zumbrota,MN,Minnesota,27049,Goodhue,44.295,-92.6734,3403,494,polygon,FALSE,TRUE,America/Chicago,3
8259,Hansville,Hansville,WA,Washington,53035,Kitsap,47.8978,-122.5579,3402,123,polygon,FALSE,FALSE,America/Los_Angeles,3
8260,Dunkirk,Dunkirk,IN,Indiana,18075,Jay,40.3741,-85.2076,3402,740,polygon,FALSE,TRUE,America/Indiana/Indianapolis,3
8261,Littleton Common,Littleton Common,MA,Massachusetts,25017,Middlesex,42.5352,-71.4727,3402,371,polygon,FALSE,FALSE,America/New_York,3
8262,Fort Hall,Fort Hall,ID,Idaho,16005,Bannock,43.0145,-112.4573,3402,37,polygon,FALSE,FALSE,America/Boise,3
8263,Woodlawn,Woodlawn,OH,Ohio,39061,Hamilton,39.2556,-84.471,3402,514,polygon,FALSE,TRUE,America/New_York,3
8264,Ridgecrest,Ridgecrest,FL,Florida,12103,Pinellas,27.8953,-82.8063,3401,2306,polygon,FALSE,FALSE,America/New_York,2
8265,Wildwood Lake,Wildwood Lake,TN,Tennessee,47011,Bradley,35.0893,-84.8513,3400,109,polygon,FALSE,FALSE,America/New_York,3
8266,Richwood,Richwood,LA,Louisiana,22073,Ouachita,32.4486,-92.0774,3399,520,polygon,FALSE,TRUE,America/Chicago,3
8267,Tierras Nuevas Poniente,Tierras Nuevas Poniente,PR,Puerto Rico,72091,Manatí,18.4614,-66.4891,3397,1431,polygon,FALSE,FALSE,America/Puerto_Rico,3
8268,Kekaha,Kekaha,HI,Hawaii,15007,Kauai,21.9684,-159.7141,3394,1306,polygon,FALSE,FALSE,Pacific/Honolulu,3
8269,Haworth,Haworth,NJ,New Jersey,34003,Bergen,40.9622,-73.9976,3393,676,polygon,FALSE,TRUE,America/New_York,3
8270,Trinity,Trinity,TX,Texas,48455,Trinity,30.9445,-95.3736,3393,280,polygon,FALSE,TRUE,America/Chicago,3
8271,Tolono,Tolono,IL,Illinois,17019,Champaign,39.9912,-88.2625,3392,635,polygon,FALSE,TRUE,America/Chicago,3
8272,Gothenburg,Gothenburg,NE,Nebraska,31047,Dawson,40.9241,-100.154,3391,371,polygon,FALSE,TRUE,America/Chicago,3
8273,Lockeford,Lockeford,CA,California,6077,San Joaquin,38.1509,-121.1554,3390,156,polygon,FALSE,FALSE,America/Los_Angeles,3
8274,Tarpey Village,Tarpey Village,CA,California,6019,Fresno,36.7941,-119.7012,3390,1646,polygon,FALSE,FALSE,America/Los_Angeles,3
8275,Leavenworth,Leavenworth,WA,Washington,53007,Chelan,47.5948,-120.6628,3389,557,polygon,FALSE,TRUE,America/Los_Angeles,3
8276,Tuckerton,Tuckerton,NJ,New Jersey,34029,Ocean,39.5974,-74.3306,3388,389,polygon,FALSE,TRUE,America/New_York,3
8277,Frontenac,Frontenac,KS,Kansas,20037,Crawford,37.4583,-94.7018,3388,263,polygon,FALSE,TRUE,America/Chicago,3
8278,Hemlock Farms,Hemlock Farms,PA,Pennsylvania,42103,Pike,41.3157,-75.0515,3387,169,polygon,FALSE,FALSE,America/New_York,3
8279,Eastlawn Gardens,Eastlawn Gardens,PA,Pennsylvania,42095,Northampton,40.748,-75.2913,3387,752,polygon,FALSE,FALSE,America/New_York,3
8280,Four Bridges,Four Bridges,OH,Ohio,39017,Butler,39.3828,-84.3542,3387,595,polygon,FALSE,TRUE,America/New_York,3
8281,Middleville,Middleville,MI,Michigan,26015,Barry,42.7137,-85.4692,3387,582,polygon,FALSE,TRUE,America/Detroit,3
8282,Nyssa,Nyssa,OR,Oregon,41045,Malheur,43.8776,-116.9951,3387,793,polygon,FALSE,TRUE,America/Boise,3
8283,Clyde Hill,Clyde Hill,WA,Washington,53033,King,47.6303,-122.218,3386,1238,polygon,FALSE,TRUE,America/Los_Angeles,3
8284,Hidden Meadows,Hidden Meadows,CA,California,6073,San Diego,33.2236,-117.1198,3386,198,polygon,FALSE,FALSE,America/Los_Angeles,3
8285,Crisfield,Crisfield,MD,Maryland,24039,Somerset,37.9827,-75.8516,3385,570,polygon,FALSE,TRUE,America/New_York,3
8286,Crosby,Crosby,MN,Minnesota,27035,Crow Wing,46.4892,-93.9573,3385,303,polygon,FALSE,TRUE,America/Chicago,3
8287,Dewey,Dewey,OK,Oklahoma,40147,Washington,36.7915,-95.9328,3384,457,polygon,FALSE,TRUE,America/Chicago,3
8288,Flat Rock,Flat Rock,NC,North Carolina,37089,Henderson,35.2677,-82.4526,3383,161,polygon,FALSE,TRUE,America/New_York,3
8289,Sylvan Beach,Sylvan Beach,NY,New York,36065,Oneida,43.2061,-75.7234,3382,494,polygon,FALSE,TRUE,America/New_York,3
8290,Two Harbors,Two Harbors,MN,Minnesota,27075,Lake,47.03,-91.675,3381,416,polygon,FALSE,TRUE,America/Chicago,3
8291,Keego Harbor,Keego Harbor,MI,Michigan,26125,Oakland,42.6088,-83.3443,3381,2634,polygon,FALSE,TRUE,America/Detroit,2
8292,Blakely,Blakely,GA,Georgia,13099,Early,31.3827,-84.9228,3380,100,polygon,FALSE,TRUE,America/New_York,3
8293,Vandenberg AFB,Vandenberg AFB,CA,California,6083,Santa Barbara,34.7483,-120.5182,3379,59,polygon,TRUE,TRUE,America/Los_Angeles,3
8294,Oakridge,Oakridge,OR,Oregon,41039,Lane,43.745,-122.4637,3379,601,polygon,FALSE,TRUE,America/Los_Angeles,3
8295,Concordia,Concordia,NJ,New Jersey,34023,Middlesex,40.3117,-74.4477,3377,1259,polygon,FALSE,FALSE,America/New_York,3
8296,Elim,Elim,PA,Pennsylvania,42021,Cambria,40.2989,-78.943,3376,653,polygon,FALSE,FALSE,America/New_York,3
8297,Cleves,Cleves,OH,Ohio,39061,Hamilton,39.1635,-84.7469,3375,842,polygon,FALSE,TRUE,America/New_York,3
8298,Tyndall AFB,Tyndall AFB,FL,Florida,12005,Bay,30.0856,-85.6075,3374,90,polygon,TRUE,TRUE,America/Chicago,3
8299,Glasgow,Glasgow,MT,Montana,30105,Valley,48.199,-106.6321,3374,913,polygon,FALSE,TRUE,America/Denver,3
8300,County Center,County Center,VA,Virginia,51153,Prince William,38.6917,-77.3507,3373,643,polygon,FALSE,TRUE,America/New_York,3
8301,Dennis Port,Dennis Port,MA,Massachusetts,25001,Barnstable,41.6677,-70.1358,3373,428,polygon,FALSE,FALSE,America/New_York,3
8302,Churchville,Churchville,NY,New York,36055,Monroe,43.1036,-77.8824,3372,684,polygon,FALSE,TRUE,America/New_York,3
8303,Hannahs Mill,Hannahs Mill,GA,Georgia,13293,Upson,32.9369,-84.3405,3372,300,polygon,FALSE,FALSE,America/New_York,3
8304,Georgetown,Georgetown,IN,Indiana,18043,Floyd,38.2958,-85.9628,3371,634,polygon,FALSE,TRUE,America/Kentucky/Louisville,3
8305,Paulding,Paulding,OH,Ohio,39125,Paulding,41.1424,-84.5824,3371,559,polygon,FALSE,TRUE,America/New_York,3
8306,Cabazon,Cabazon,CA,California,6065,Riverside,33.9127,-116.7828,3367,265,polygon,FALSE,FALSE,America/Los_Angeles,3
8307,Sandia Heights,Sandia Heights,NM,New Mexico,35001,Bernalillo,35.1746,-106.4884,3366,689,polygon,FALSE,FALSE,America/Denver,3
8308,Casa Conejo,Casa Conejo,CA,California,6111,Ventura,34.1847,-118.9445,3366,2755,polygon,FALSE,FALSE,America/Los_Angeles,2
8309,Inwood,Inwood,WV,West Virginia,54003,Berkeley,39.3538,-78.0552,3364,455,polygon,FALSE,FALSE,America/New_York,3
8310,Loyola,Loyola,CA,California,6085,Santa Clara,37.3502,-122.098,3364,911,polygon,FALSE,FALSE,America/Los_Angeles,3
8311,Belfast,Belfast,ME,Maine,23027,Waldo,44.428,-69.0325,3364,75,polygon,FALSE,TRUE,America/New_York,3
8312,Jefferson,Jefferson,OR,Oregon,41047,Marion,44.7171,-123.0069,3364,1516,polygon,FALSE,TRUE,America/Los_Angeles,3
8313,Cuthbert,Cuthbert,GA,Georgia,13243,Randolph,31.7713,-84.794,3362,433,polygon,FALSE,TRUE,America/New_York,3
8314,Cactus,Cactus,TX,Texas,48341,Moore,36.0444,-102.008,3359,587,polygon,FALSE,TRUE,America/Chicago,3
8315,Bethel,Bethel,OH,Ohio,39025,Clermont,38.9627,-84.0846,3358,760,polygon,FALSE,TRUE,America/New_York,3
8316,Cedar Grove,Cedar Grove,FL,Florida,12005,Bay,30.1812,-85.6268,3357,492,polygon,FALSE,FALSE,America/Chicago,3
8317,Oak Valley,Oak Valley,NJ,New Jersey,34015,Gloucester,39.8055,-75.1589,3357,1858,polygon,FALSE,FALSE,America/New_York,3
8318,Treasure Lake,Treasure Lake,PA,Pennsylvania,42033,Clearfield,41.1713,-78.7173,3357,121,polygon,FALSE,FALSE,America/New_York,3
8319,Island Walk,Island Walk,FL,Florida,12021,Collier,26.2511,-81.711,3356,1269,polygon,FALSE,TRUE,America/New_York,3
8320,La Center,La Center,WA,Washington,53011,Clark,45.8595,-122.6757,3354,533,polygon,FALSE,TRUE,America/Los_Angeles,3
8321,Delmar,Delmar,MD,Maryland,24045,Wicomico,38.4451,-75.5662,3354,766,polygon,FALSE,TRUE,America/New_York,3
8322,Ely,Ely,MN,Minnesota,27137,St. Louis,47.9054,-91.8517,3354,443,polygon,FALSE,TRUE,America/Chicago,3
8323,Hartford,Hartford,SD,South Dakota,46099,Minnehaha,43.621,-96.9424,3354,487,polygon,FALSE,TRUE,America/Chicago,2
8324,Desoto Lakes,Desoto Lakes,FL,Florida,12115,Sarasota,27.373,-82.4968,3353,1051,polygon,FALSE,FALSE,America/New_York,3
8325,Karnes City,Karnes City,TX,Texas,48255,Karnes,28.8857,-97.9001,3353,571,polygon,FALSE,TRUE,America/Chicago,3
8326,River Road,River Road,NC,North Carolina,37013,Beaufort,35.5107,-76.9898,3352,182,polygon,FALSE,FALSE,America/New_York,3
8327,Elma,Elma,WA,Washington,53027,Grays Harbor,47.0055,-123.4112,3351,507,polygon,FALSE,TRUE,America/Los_Angeles,3
8328,Comfort,Comfort,TX,Texas,48259,Kendall,29.9714,-98.904,3350,400,polygon,FALSE,FALSE,America/Chicago,3
8329,Leisuretowne,Leisuretowne,NJ,New Jersey,34005,Burlington,39.8987,-74.7052,3349,672,polygon,FALSE,FALSE,America/New_York,3
8330,Lincoln Heights,Lincoln Heights,OH,Ohio,39061,Hamilton,39.2434,-84.457,3349,1739,polygon,FALSE,TRUE,America/New_York,3
8331,Hot Springs,Hot Springs,SD,South Dakota,46047,Fall River,43.4196,-103.4658,3349,311,polygon,FALSE,TRUE,America/Denver,3
8332,Big Lake,Big Lake,TX,Texas,48383,Reagan,31.1941,-101.4534,3348,544,polygon,FALSE,TRUE,America/Chicago,3
8333,Northlake,Northlake,TX,Texas,48121,Denton,33.0802,-97.2545,3348,76,polygon,FALSE,TRUE,America/Chicago,3
8334,Kings Bay Base,Kings Bay Base,GA,Georgia,13039,Camden,30.7985,-81.5628,3348,471,polygon,TRUE,TRUE,America/New_York,3
8335,Lake Placid,Lake Placid,NY,New York,36031,Essex,44.2838,-73.9855,3347,663,polygon,FALSE,TRUE,America/New_York,3
8336,Shallowater,Shallowater,TX,Texas,48303,Lubbock,33.6901,-101.9893,3346,687,polygon,FALSE,TRUE,America/Chicago,3
8337,Reno,Reno,TX,Texas,48277,Lamar,33.6659,-95.4768,3346,314,polygon,FALSE,TRUE,America/Chicago,3
8338,Howe,Howe,TX,Texas,48181,Grayson,33.5066,-96.6155,3346,253,polygon,FALSE,TRUE,America/Chicago,3
8339,West End-Cobb Town,West End-Cobb Town,AL,Alabama,1015,Calhoun,33.6526,-85.8742,3346,313,polygon,FALSE,TRUE,America/Chicago,3
8340,Manor,Manor,PA,Pennsylvania,42129,Westmoreland,40.3459,-79.6693,3344,674,polygon,FALSE,TRUE,America/New_York,3
8341,East Oakdale,East Oakdale,CA,California,6099,Stanislaus,37.7854,-120.8007,3344,240,polygon,FALSE,FALSE,America/Los_Angeles,3
8342,Corunna,Corunna,MI,Michigan,26155,Shiawassee,42.9838,-84.1163,3344,406,polygon,FALSE,TRUE,America/Detroit,3
8343,Desert Edge,Desert Edge,CA,California,6065,Riverside,33.9223,-116.4401,3343,569,polygon,FALSE,FALSE,America/Los_Angeles,3
8344,Loíza,Loiza,PR,Puerto Rico,72087,Loíza,18.431,-65.88,3343,2500,polygon,FALSE,FALSE,America/Puerto_Rico,2
8345,Crestview Hills,Crestview Hills,KY,Kentucky,21117,Kenton,39.0249,-84.5695,3343,679,polygon,FALSE,TRUE,America/New_York,3
8346,Ainaloa,Ainaloa,HI,Hawaii,15001,Hawaii,19.5214,-154.9944,3342,653,polygon,FALSE,FALSE,Pacific/Honolulu,3
8347,Hollywood Park,Hollywood Park,TX,Texas,48029,Bexar,29.5994,-98.4841,3342,892,polygon,FALSE,TRUE,America/Chicago,3
8348,Nellis AFB,Nellis AFB,NV,Nevada,32003,Clark,36.2473,-115.0574,3342,448,polygon,TRUE,TRUE,America/Los_Angeles,3
8349,Mansfield,Mansfield,PA,Pennsylvania,42117,Tioga,41.8062,-77.0787,3341,597,polygon,FALSE,TRUE,America/New_York,3
8350,Kinsey,Kinsey,AL,Alabama,1069,Houston,31.2926,-85.3353,3341,72,polygon,FALSE,TRUE,America/Chicago,3
8351,Paloma Creek,Paloma Creek,TX,Texas,48121,Denton,33.2253,-96.9371,3340,2804,polygon,FALSE,TRUE,America/Chicago,2
8352,West Monroe,West Monroe,MI,Michigan,26115,Monroe,41.9143,-83.4317,3339,1040,polygon,FALSE,FALSE,America/Detroit,3
8353,Auburn,Auburn,NE,Nebraska,31127,Nemaha,40.3894,-95.8436,3337,588,polygon,FALSE,TRUE,America/Chicago,3
8354,Mayfield,Mayfield,OH,Ohio,39035,Cuyahoga,41.5501,-81.4369,3337,325,polygon,FALSE,TRUE,America/New_York,3
8355,Taylor Creek,Taylor Creek,OH,Ohio,39061,Hamilton,39.2364,-84.6796,3336,152,polygon,FALSE,TRUE,America/New_York,3
8356,Mackinaw,Mackinaw,IL,Illinois,17179,Tazewell,40.5342,-89.3551,3335,613,polygon,FALSE,TRUE,America/Chicago,3
8357,Hesston,Hesston,KS,Kansas,20079,Harvey,38.1403,-97.4272,3335,399,polygon,FALSE,TRUE,America/Chicago,3
8358,Golden Grove,Golden Grove,SC,South Carolina,45045,Greenville,34.7324,-82.4408,3335,222,polygon,FALSE,FALSE,America/New_York,3
8359,Pelham,Pelham,GA,Georgia,13205,Mitchell,31.1267,-84.1514,3334,328,polygon,FALSE,TRUE,America/New_York,3
8360,Burbank,Burbank,WA,Washington,53071,Walla Walla,46.1991,-118.9728,3333,97,polygon,FALSE,FALSE,America/Los_Angeles,3
8361,Nicholls,Nicholls,GA,Georgia,13069,Coffee,31.5191,-82.6386,3333,696,polygon,FALSE,TRUE,America/New_York,3
8362,Nokomis,Nokomis,FL,Florida,12115,Sarasota,27.1227,-82.437,3332,790,polygon,FALSE,FALSE,America/New_York,3
8363,Kelseyville,Kelseyville,CA,California,6033,Lake,38.9704,-122.8327,3332,445,polygon,FALSE,FALSE,America/Los_Angeles,3
8364,Kingwood,Kingwood,WV,West Virginia,54077,Preston,39.4719,-79.6822,3330,485,polygon,FALSE,TRUE,America/New_York,3
8365,Port Angeles East,Port Angeles East,WA,Washington,53009,Clallam,48.1041,-123.3695,3328,340,polygon,FALSE,TRUE,America/Los_Angeles,3
8366,Wynantskill,Wynantskill,NY,New York,36083,Rensselaer,42.6881,-73.6467,3328,525,polygon,FALSE,FALSE,America/New_York,3
8367,Carthage,Carthage,TN,Tennessee,47159,Smith,36.2566,-85.943,3327,311,polygon,FALSE,TRUE,America/Chicago,3
8368,Pottsville,Pottsville,AR,Arkansas,5115,Pope,35.2314,-93.0652,3327,93,polygon,FALSE,TRUE,America/Chicago,3
8369,Upland,Upland,PA,Pennsylvania,42045,Delaware,39.8562,-75.3795,3326,1978,polygon,FALSE,TRUE,America/New_York,3
8370,Tipton,Tipton,MO,Missouri,29135,Moniteau,38.6549,-92.7803,3326,625,polygon,FALSE,TRUE,America/Chicago,3
8371,South Eliot,South Eliot,ME,Maine,23031,York,43.1287,-70.7952,3325,178,polygon,FALSE,FALSE,America/New_York,3
8372,Kamas,Kamas,UT,Utah,49043,Summit,40.6499,-111.2723,3324,238,polygon,FALSE,TRUE,America/Denver,3
8373,Alma,Alma,GA,Georgia,13005,Bacon,31.5432,-82.4745,3322,214,polygon,FALSE,TRUE,America/New_York,3
8374,Teague,Teague,TX,Texas,48161,Freestone,31.6295,-96.2801,3320,268,polygon,FALSE,TRUE,America/Chicago,3
8375,Hominy,Hominy,OK,Oklahoma,40113,Osage,36.422,-96.3929,3320,656,polygon,FALSE,TRUE,America/Chicago,3
8376,Blennerhassett,Blennerhassett,WV,West Virginia,54107,Wood,39.2562,-81.6316,3319,257,polygon,FALSE,FALSE,America/New_York,3
8377,Sharpsburg,Sharpsburg,PA,Pennsylvania,42003,Allegheny,40.494,-79.9251,3318,2676,polygon,FALSE,TRUE,America/New_York,2
8378,Chattahoochee Hills,Chattahoochee Hills,GA,Georgia,13121,Fulton,33.5695,-84.7441,3318,22,polygon,FALSE,TRUE,America/New_York,3
8379,Chandler,Chandler,IN,Indiana,18173,Warrick,38.0368,-87.3747,3318,472,polygon,FALSE,TRUE,America/Chicago,3
8380,Battle Mountain,Battle Mountain,NV,Nevada,32015,Lander,40.6379,-116.9485,3317,359,polygon,FALSE,FALSE,America/Los_Angeles,3
8381,Alamo,Alamo,GA,Georgia,13309,Wheeler,32.1469,-82.7798,3317,653,polygon,FALSE,TRUE,America/New_York,3
8382,Bloomer,Bloomer,WI,Wisconsin,55017,Chippewa,45.103,-91.4913,3316,464,polygon,FALSE,TRUE,America/Chicago,3
8383,South Nyack,South Nyack,NY,New York,36087,Rockland,41.0798,-73.9127,3316,2121,polygon,FALSE,TRUE,America/New_York,2
8384,Goshen,Goshen,CA,California,6107,Tulare,36.3518,-119.421,3316,720,polygon,FALSE,FALSE,America/Los_Angeles,3
8385,Fulton,Fulton,IL,Illinois,17195,Whiteside,41.865,-90.1593,3315,547,polygon,FALSE,TRUE,America/Chicago,3
8386,Windsor,Windsor,NC,North Carolina,37015,Bertie,35.9927,-76.9399,3314,462,polygon,FALSE,TRUE,America/New_York,3
8387,Pocono Woodland Lakes,Pocono Woodland Lakes,PA,Pennsylvania,42103,Pike,41.3225,-74.8902,3314,205,polygon,FALSE,TRUE,America/New_York,3
8388,New Baden,New Baden,IL,Illinois,17027,Clinton,38.5368,-89.7071,3314,685,polygon,FALSE,TRUE,America/Chicago,3
8389,Washington,Washington,GA,Georgia,13317,Wilkes,33.7355,-82.7427,3314,198,polygon,FALSE,TRUE,America/New_York,3
8390,Edcouch,Edcouch,TX,Texas,48215,Hidalgo,26.2937,-97.9631,3313,1236,polygon,FALSE,TRUE,America/Chicago,3
8391,Fordyce,Fordyce,AR,Arkansas,5039,Dallas,33.8181,-92.4174,3311,209,polygon,FALSE,TRUE,America/Chicago,3
8392,Warm Springs,Warm Springs,OR,Oregon,41031,Jefferson,44.7669,-121.2899,3311,30,polygon,FALSE,FALSE,America/Los_Angeles,3
8393,Chesnee,Chesnee,SC,South Carolina,45083,Spartanburg,35.1459,-81.8627,3310,325,polygon,FALSE,TRUE,America/New_York,3
8394,Islandia,Islandia,NY,New York,36103,Suffolk,40.8068,-73.1711,3309,577,polygon,FALSE,TRUE,America/New_York,3
8395,Ponce Inlet,Ponce Inlet,FL,Florida,12127,Volusia,29.0927,-80.9473,3308,284,polygon,FALSE,TRUE,America/New_York,3
8396,Etna,Etna,PA,Pennsylvania,42003,Allegheny,40.4975,-79.9476,3308,1748,polygon,FALSE,TRUE,America/New_York,3
8397,Lake Panasoffkee,Lake Panasoffkee,FL,Florida,12119,Sumter,28.7878,-82.1318,3306,321,polygon,FALSE,FALSE,America/New_York,3
8398,Stanhope,Stanhope,NJ,New Jersey,34037,Sussex,40.9141,-74.7027,3306,694,polygon,FALSE,TRUE,America/New_York,3
8399,Wellsville,Wellsville,OH,Ohio,39029,Columbiana,40.6042,-80.655,3306,708,polygon,FALSE,TRUE,America/New_York,3
8400,Hobart,Hobart,OK,Oklahoma,40075,Kiowa,35.0246,-99.0875,3305,407,polygon,FALSE,TRUE,America/Chicago,3
8401,Terra Bella,Terra Bella,CA,California,6107,Tulare,35.9567,-119.0328,3304,468,polygon,FALSE,FALSE,America/Los_Angeles,3
8402,Spring City,Spring City,PA,Pennsylvania,42029,Chester,40.1768,-75.5466,3303,1661,polygon,FALSE,TRUE,America/New_York,3
8403,Moreland Hills,Moreland Hills,OH,Ohio,39035,Cuyahoga,41.4422,-81.4294,3303,178,polygon,FALSE,TRUE,America/New_York,3
8404,Manistique,Manistique,MI,Michigan,26153,Schoolcraft,45.9591,-86.2507,3303,353,polygon,FALSE,TRUE,America/Detroit,3
8405,Monmouth Junction,Monmouth Junction,NJ,New Jersey,34023,Middlesex,40.3811,-74.5435,3302,853,polygon,FALSE,FALSE,America/New_York,3
8406,Melbourne Beach,Melbourne Beach,FL,Florida,12009,Brevard,28.0668,-80.561,3298,1289,polygon,FALSE,TRUE,America/New_York,3
8407,Richville,Richville,OH,Ohio,39151,Stark,40.7529,-81.4684,3298,412,polygon,FALSE,FALSE,America/New_York,3
8408,Beechwood Trails,Beechwood Trails,OH,Ohio,39089,Licking,40.0252,-82.6463,3297,357,polygon,FALSE,FALSE,America/New_York,3
8409,Balcones Heights,Balcones Heights,TX,Texas,48029,Bexar,29.49,-98.5503,3296,1958,polygon,FALSE,TRUE,America/Chicago,3
8410,Haughton,Haughton,LA,Louisiana,22015,Bossier,32.5271,-93.5042,3296,221,polygon,FALSE,TRUE,America/Chicago,3
8411,Newbern,Newbern,TN,Tennessee,47045,Dyer,36.1169,-89.2713,3292,280,polygon,FALSE,TRUE,America/Chicago,3
8412,Swift Trail Junction,Swift Trail Junction,AZ,Arizona,4009,Graham,32.7305,-109.7147,3292,346,polygon,FALSE,FALSE,America/Phoenix,3
8413,Patillas,Patillas,PR,Puerto Rico,72109,Patillas,18.0069,-66.0134,3292,1116,polygon,FALSE,FALSE,America/Puerto_Rico,3
8414,Pagedale,Pagedale,MO,Missouri,29189,St. Louis,38.6802,-90.308,3291,1055,polygon,FALSE,TRUE,America/Chicago,3
8415,Mar-Mac,Mar-Mac,NC,North Carolina,37191,Wayne,35.3345,-78.0545,3290,279,polygon,FALSE,FALSE,America/New_York,3
8416,Lincoln Park,Lincoln Park,CO,Colorado,8043,Fremont,38.4255,-105.2132,3290,335,polygon,FALSE,FALSE,America/Denver,3
8417,Orange,Orange,OH,Ohio,39035,Cuyahoga,41.4415,-81.4743,3290,333,polygon,FALSE,TRUE,America/New_York,3
8418,East Rockingham,East Rockingham,NC,North Carolina,37153,Richmond,34.9116,-79.766,3289,371,polygon,FALSE,FALSE,America/New_York,3
8419,Carthage,Carthage,NY,New York,36045,Jefferson,43.9837,-75.6021,3289,523,polygon,FALSE,TRUE,America/New_York,3
8420,Cottonwood,Cottonwood,CA,California,6089,Shasta,40.3904,-122.2861,3289,546,polygon,FALSE,FALSE,America/Los_Angeles,3
8421,Medina,Medina,WA,Washington,53033,King,47.6273,-122.2427,3288,884,polygon,FALSE,TRUE,America/Los_Angeles,3
8422,Springdale,Springdale,PA,Pennsylvania,42003,Allegheny,40.5409,-79.782,3288,1359,polygon,FALSE,TRUE,America/New_York,3
8423,Peshtigo,Peshtigo,WI,Wisconsin,55075,Marinette,45.0556,-87.7476,3287,428,polygon,FALSE,TRUE,America/Chicago,3
8424,Plainview,Plainview,MN,Minnesota,27157,Wabasha,44.1648,-92.1697,3287,594,polygon,FALSE,TRUE,America/Chicago,3
8425,West Lake Hills,West Lake Hills,TX,Texas,48453,Travis,30.292,-97.8083,3286,353,polygon,FALSE,TRUE,America/Chicago,3
8426,Smithville-Sanders,Smithville-Sanders,IN,Indiana,18105,Monroe,39.0597,-86.5108,3285,118,polygon,FALSE,TRUE,America/Indiana/Indianapolis,3
8427,Pendleton,Pendleton,SC,South Carolina,45007,Anderson,34.6454,-82.7821,3285,275,polygon,FALSE,TRUE,America/New_York,3
8428,Ohioville,Ohioville,PA,Pennsylvania,42007,Beaver,40.6872,-80.4783,3284,54,polygon,FALSE,TRUE,America/New_York,3
8429,Santo Domingo,Santo Domingo,PR,Puerto Rico,72111,Peñuelas,18.0722,-66.7458,3284,592,polygon,FALSE,FALSE,America/Puerto_Rico,3
8430,Mount Oliver,Mount Oliver,PA,Pennsylvania,42003,Allegheny,40.4113,-79.9856,3281,3731,polygon,FALSE,TRUE,America/New_York,2
8431,Lake California,Lake California,CA,California,6103,Tehama,40.3608,-122.2102,3281,201,polygon,FALSE,TRUE,America/Los_Angeles,3
8432,Alderton,Alderton,WA,Washington,53053,Pierce,47.1718,-122.2192,3280,238,polygon,FALSE,FALSE,America/Los_Angeles,3
8433,Cleveland,Cleveland,FL,Florida,12015,Charlotte,26.9529,-81.9925,3280,241,polygon,FALSE,FALSE,America/New_York,3
8434,Landmark,Landmark,AR,Arkansas,5119,Pulaski,34.607,-92.3206,3279,137,polygon,FALSE,FALSE,America/Chicago,3
8435,Tybee Island,Tybee Island,GA,Georgia,13051,Chatham,32.01,-80.8527,3279,405,polygon,FALSE,TRUE,America/New_York,3
8436,Ajo,Ajo,AZ,Arizona,4019,Pima,32.3923,-112.8839,3279,37,polygon,FALSE,FALSE,America/Phoenix,3
8437,Essexville,Essexville,MI,Michigan,26017,Bay,43.6123,-83.8423,3278,977,polygon,FALSE,TRUE,America/Detroit,3
8438,Waverly,Waverly,TN,Tennessee,47085,Humphreys,36.0939,-87.7846,3277,183,polygon,FALSE,TRUE,America/Chicago,3
8439,Moriches,Moriches,NY,New York,36103,Suffolk,40.807,-72.8235,3277,609,polygon,FALSE,FALSE,America/New_York,3
8440,Pine Grove,Pine Grove,PA,Pennsylvania,42107,Schuylkill,40.5534,-76.386,3277,750,polygon,FALSE,TRUE,America/New_York,3
8441,Lagrange,Lagrange,IN,Indiana,18087,LaGrange,41.6481,-85.4181,3277,597,polygon,FALSE,TRUE,America/Indiana/Indianapolis,3
8442,Salem Heights,Salem Heights,OH,Ohio,39061,Hamilton,39.0658,-84.384,3277,778,polygon,FALSE,FALSE,America/New_York,3
8443,Delshire,Delshire,OH,Ohio,39061,Hamilton,39.0884,-84.595,3277,1793,polygon,FALSE,TRUE,America/New_York,3
8444,Citrus City,Citrus City,TX,Texas,48215,Hidalgo,26.3281,-98.3923,3275,618,polygon,FALSE,FALSE,America/Chicago,3
8445,Dundee,Dundee,OR,Oregon,41071,Yamhill,45.2759,-123.0072,3274,949,polygon,FALSE,TRUE,America/Los_Angeles,3
8446,Grand Saline,Grand Saline,TX,Texas,48467,Van Zandt,32.6776,-95.7114,3273,584,polygon,FALSE,TRUE,America/Chicago,3
8447,Howards Grove,Howards Grove,WI,Wisconsin,55117,Sheboygan,43.8261,-87.8232,3272,567,polygon,FALSE,TRUE,America/Chicago,3
8448,Jones Creek,Jones Creek,TX,Texas,48039,Brazoria,28.9752,-95.4714,3271,318,polygon,FALSE,TRUE,America/Chicago,3
8449,Mountain View,Mountain View,HI,Hawaii,15001,Hawaii,19.5358,-155.1596,3269,22,polygon,FALSE,FALSE,Pacific/Honolulu,3
8450,White Pine,White Pine,TN,Tennessee,47089,Jefferson,36.1087,-83.297,3269,329,polygon,FALSE,TRUE,America/New_York,3
8451,Winnsboro,Winnsboro,TX,Texas,48499,Wood,32.9557,-95.2909,3268,340,polygon,FALSE,TRUE,America/Chicago,3
8452,Pottsgrove,Pottsgrove,PA,Pennsylvania,42091,Montgomery,40.2644,-75.6093,3268,456,polygon,FALSE,FALSE,America/New_York,3
8453,Berwyn,Berwyn,PA,Pennsylvania,42029,Chester,40.0396,-75.4439,3268,677,polygon,FALSE,FALSE,America/New_York,3
8454,Baldwyn,Baldwyn,MS,Mississippi,28081,Lee,34.5071,-88.6416,3268,108,polygon,FALSE,TRUE,America/Chicago,3
8455,Linwood,Linwood,PA,Pennsylvania,42045,Delaware,39.8244,-75.4244,3267,2464,polygon,FALSE,FALSE,America/New_York,2
8456,McChord AFB,McChord AFB,WA,Washington,53053,Pierce,47.1328,-122.4924,3265,211,polygon,TRUE,TRUE,America/Los_Angeles,3
8457,North Wales,North Wales,PA,Pennsylvania,42091,Montgomery,40.2111,-75.2744,3265,2146,polygon,FALSE,TRUE,America/New_York,2
8458,Carrollton,Carrollton,OH,Ohio,39019,Carroll,40.5788,-81.0907,3265,424,polygon,FALSE,TRUE,America/New_York,3
8459,Rural Hall,Rural Hall,NC,North Carolina,37067,Forsyth,36.2251,-80.2973,3264,442,polygon,FALSE,TRUE,America/New_York,3
8460,Somerville,Somerville,TN,Tennessee,47047,Fayette,35.2352,-89.3869,3264,92,polygon,FALSE,TRUE,America/Chicago,3
8461,Hilliard,Hilliard,FL,Florida,12089,Nassau,30.6865,-81.9212,3263,228,polygon,FALSE,TRUE,America/New_York,3
8462,North Shore,North Shore,VA,Virginia,51067,Franklin,37.0778,-79.6518,3263,92,polygon,FALSE,FALSE,America/New_York,3
8463,Pomona,Pomona,NY,New York,36087,Rockland,41.1892,-74.0543,3262,525,polygon,FALSE,TRUE,America/New_York,3
8464,Morongo Valley,Morongo Valley,CA,California,6071,San Bernardino,34.0724,-116.5627,3262,49,polygon,FALSE,FALSE,America/Los_Angeles,3
8465,Daleville,Daleville,VA,Virginia,51023,Botetourt,37.415,-79.9132,3261,293,polygon,FALSE,FALSE,America/New_York,3
8466,Leisure Village West,Leisure Village West,NJ,New Jersey,34029,Ocean,40.0104,-74.2806,3260,1040,polygon,FALSE,FALSE,America/New_York,3
8467,Livingston,Livingston,AL,Alabama,1119,Sumter,32.5982,-88.1891,3260,176,polygon,FALSE,TRUE,America/Chicago,3
8468,Sugar Creek,Sugar Creek,MO,Missouri,29095,Jackson,39.1421,-94.4018,3260,119,polygon,FALSE,TRUE,America/Chicago,3
8469,Braddock Heights,Braddock Heights,MD,Maryland,24021,Frederick,39.4114,-77.5009,3258,268,polygon,FALSE,FALSE,America/New_York,3
8470,Lordstown,Lordstown,OH,Ohio,39155,Trumbull,41.1684,-80.859,3258,54,polygon,FALSE,TRUE,America/New_York,3
8471,Spencer,Spencer,NC,North Carolina,37159,Rowan,35.6989,-80.4248,3257,409,polygon,FALSE,TRUE,America/New_York,3
8472,Chickamauga,Chickamauga,GA,Georgia,13295,Walker,34.8753,-85.2886,3256,444,polygon,FALSE,TRUE,America/New_York,3
8473,North Pembroke,North Pembroke,MA,Massachusetts,25023,Plymouth,42.0989,-70.7823,3255,280,polygon,FALSE,FALSE,America/New_York,3
8474,Berwyn Heights,Berwyn Heights,MD,Maryland,24033,Prince George's,38.9929,-76.9131,3255,1810,polygon,FALSE,TRUE,America/New_York,3
8475,Lake Holm,Lake Holm,WA,Washington,53033,King,47.2986,-122.1335,3254,150,polygon,FALSE,TRUE,America/Los_Angeles,3
8476,Le Roy,Le Roy,IL,Illinois,17113,McLean,40.3395,-88.7628,3254,561,polygon,FALSE,TRUE,America/Chicago,3
8477,Pistakee Highlands,Pistakee Highlands,IL,Illinois,17111,McHenry,42.4023,-88.2115,3253,970,polygon,FALSE,FALSE,America/Chicago,3
8478,Newburgh,Newburgh,IN,Indiana,18173,Warrick,37.9494,-87.4053,3252,845,polygon,FALSE,TRUE,America/Chicago,3
8479,Myerstown,Myerstown,PA,Pennsylvania,42075,Lebanon,40.3722,-76.3055,3251,1465,polygon,FALSE,TRUE,America/New_York,3
8480,Schnecksville,Schnecksville,PA,Pennsylvania,42077,Lehigh,40.6693,-75.6116,3250,466,polygon,FALSE,FALSE,America/New_York,3
8481,Nesquehoning,Nesquehoning,PA,Pennsylvania,42025,Carbon,40.8659,-75.8322,3250,59,polygon,FALSE,TRUE,America/New_York,3
8482,Uniontown,Uniontown,OH,Ohio,39151,Stark,40.9736,-81.4045,3250,502,polygon,FALSE,FALSE,America/New_York,3
8483,Monticello,Monticello,IA,Iowa,19105,Jones,42.2298,-91.1861,3249,269,polygon,FALSE,TRUE,America/Chicago,3
8484,Bad Axe,Bad Axe,MI,Michigan,26063,Huron,43.8036,-82.9981,3249,507,polygon,FALSE,TRUE,America/Detroit,3
8485,Annetta,Annetta,TX,Texas,48367,Parker,32.6938,-97.6581,3248,334,polygon,FALSE,TRUE,America/Chicago,3
8486,Haviland,Haviland,NY,New York,36027,Dutchess,41.7682,-73.9007,3246,325,polygon,FALSE,FALSE,America/New_York,3
8487,Dawsonville,Dawsonville,GA,Georgia,13085,Dawson,34.4362,-84.125,3246,145,polygon,FALSE,TRUE,America/New_York,3
8488,Franklin,Franklin,MI,Michigan,26125,Oakland,42.5187,-83.303,3246,470,polygon,FALSE,TRUE,America/Detroit,3
8489,Kotzebue,Kotzebue,AK,Alaska,2188,Northwest Arctic,66.8766,-162.5231,3245,50,polygon,FALSE,TRUE,America/Nome,3
8490,Grangeville,Grangeville,ID,Idaho,16049,Idaho,45.926,-116.1225,3245,834,polygon,FALSE,TRUE,America/Los_Angeles,3
8491,Sleepy Hollow,Sleepy Hollow,IL,Illinois,17089,Kane,42.0913,-88.3137,3244,625,polygon,FALSE,TRUE,America/Chicago,3
8492,Northwest Harwinton,Northwest Harwinton,CT,Connecticut,9005,Litchfield,41.7769,-73.0794,3244,144,polygon,FALSE,TRUE,America/New_York,3
8493,Sleepy Eye,Sleepy Eye,MN,Minnesota,27015,Brown,44.2988,-94.7235,3244,705,polygon,FALSE,TRUE,America/Chicago,3
8494,Weaverville,Weaverville,CA,California,6105,Trinity,40.7488,-122.9274,3240,120,polygon,FALSE,FALSE,America/Los_Angeles,3
8495,Upland,Upland,IN,Indiana,18053,Grant,40.4639,-85.5008,3240,458,polygon,FALSE,TRUE,America/Indiana/Indianapolis,3
8496,Greentown,Greentown,OH,Ohio,39151,Stark,40.9274,-81.402,3240,456,polygon,FALSE,FALSE,America/New_York,3
8497,Lindsborg,Lindsborg,KS,Kansas,20113,McPherson,38.5773,-97.6738,3240,698,polygon,FALSE,TRUE,America/Chicago,3
8498,Monmouth Beach,Monmouth Beach,NJ,New Jersey,34025,Monmouth,40.3364,-73.9863,3239,1200,polygon,FALSE,TRUE,America/New_York,3
8499,Minden,Minden,NV,Nevada,32005,Douglas,38.9609,-119.7688,3239,295,polygon,FALSE,FALSE,America/Los_Angeles,3
8500,Spearman,Spearman,TX,Texas,48195,Hansford,36.1983,-101.1944,3238,597,polygon,FALSE,TRUE,America/Chicago,3
8501,Christiana,Christiana,TN,Tennessee,47149,Rutherford,35.7204,-86.4109,3237,157,polygon,FALSE,FALSE,America/Chicago,3
8502,Blue Ridge,Blue Ridge,VA,Virginia,51023,Botetourt,37.3783,-79.8206,3237,205,polygon,FALSE,FALSE,America/New_York,3
8503,Paoli,Paoli,IN,Indiana,18117,Orange,38.5572,-86.4699,3237,374,polygon,FALSE,TRUE,America/Indiana/Indianapolis,3
8504,Kemmerer,Kemmerer,WY,Wyoming,56023,Lincoln,41.7761,-110.5555,3235,136,polygon,FALSE,TRUE,America/Denver,3
8505,Iowa Colony,Iowa Colony,TX,Texas,48039,Brazoria,29.4405,-95.4168,3233,172,polygon,FALSE,TRUE,America/Chicago,3
8506,Rochester,Rochester,WA,Washington,53067,Thurston,46.8288,-123.0722,3232,535,polygon,FALSE,FALSE,America/Los_Angeles,3
8507,Wimberley,Wimberley,TX,Texas,48209,Hays,29.9849,-98.0906,3232,139,polygon,FALSE,TRUE,America/Chicago,3
8508,Locust,Locust,NC,North Carolina,37167,Stanly,35.2687,-80.4368,3232,153,polygon,FALSE,TRUE,America/New_York,3
8509,Verona,Verona,MS,Mississippi,28081,Lee,34.1907,-88.7203,3232,339,polygon,FALSE,TRUE,America/Chicago,3
8510,Fulton,Fulton,MS,Mississippi,28057,Itawamba,34.2616,-88.4021,3232,180,polygon,FALSE,TRUE,America/Chicago,3
8511,Russell,Russell,KY,Kentucky,21089,Greenup,38.5116,-82.6996,3231,365,polygon,FALSE,TRUE,America/New_York,3
8512,North Middletown,North Middletown,NJ,New Jersey,34025,Monmouth,40.439,-74.1187,3230,2875,polygon,FALSE,FALSE,America/New_York,2
8513,Norris,Norris,TN,Tennessee,47001,Anderson,36.2136,-84.0629,3229,74,polygon,FALSE,TRUE,America/New_York,3
8514,Blissfield,Blissfield,MI,Michigan,26091,Lenawee,41.8311,-83.8635,3229,568,polygon,FALSE,TRUE,America/Detroit,3
8515,Silt,Silt,CO,Colorado,8045,Garfield,39.5483,-107.6532,3228,744,polygon,FALSE,TRUE,America/Denver,3
8516,Wellsboro,Wellsboro,PA,Pennsylvania,42117,Tioga,41.7459,-77.3031,3227,254,polygon,FALSE,TRUE,America/New_York,3
8517,Port Monmouth,Port Monmouth,NJ,New Jersey,34025,Monmouth,40.4337,-74.101,3225,957,polygon,FALSE,FALSE,America/New_York,3
8518,West Orange,West Orange,TX,Texas,48361,Orange,30.0791,-93.7598,3223,365,polygon,FALSE,TRUE,America/Chicago,3
8519,Mount Morris,Mount Morris,IL,Illinois,17141,Ogle,42.0484,-89.4293,3222,691,polygon,FALSE,TRUE,America/Chicago,3
8520,Hinton,Hinton,OK,Oklahoma,40015,Caddo,35.4793,-98.359,3219,396,polygon,FALSE,TRUE,America/Chicago,3
8521,Volcano,Volcano,HI,Hawaii,15001,Hawaii,19.48,-155.2487,3218,22,polygon,FALSE,FALSE,Pacific/Honolulu,3
8522,Tipton,Tipton,CA,California,6107,Tulare,36.0585,-119.313,3218,1230,polygon,FALSE,FALSE,America/Los_Angeles,3
8523,East Dundee,East Dundee,IL,Illinois,17089,Kane,42.0969,-88.2545,3216,447,polygon,FALSE,TRUE,America/Chicago,3
8524,Fairfield,Fairfield,TX,Texas,48161,Freestone,31.7184,-96.1697,3214,204,polygon,FALSE,TRUE,America/Chicago,3
8525,Coplay,Coplay,PA,Pennsylvania,42077,Lehigh,40.671,-75.4961,3214,2033,polygon,FALSE,TRUE,America/New_York,2
8526,East Richmond Heights,East Richmond Heights,CA,California,6013,Contra Costa,37.945,-122.314,3214,2138,polygon,FALSE,FALSE,America/Los_Angeles,2
8527,Lopezville,Lopezville,TX,Texas,48215,Hidalgo,26.2453,-98.1537,3212,1603,polygon,FALSE,FALSE,America/Chicago,3
8528,New York Mills,New York Mills,NY,New York,36065,Oneida,43.1007,-75.2932,3212,1050,polygon,FALSE,TRUE,America/New_York,3
8529,Orchard City,Orchard City,CO,Colorado,8029,Delta,38.8144,-107.9705,3212,107,polygon,FALSE,TRUE,America/Denver,3
8530,Cuba,Cuba,MO,Missouri,29055,Crawford,38.0671,-91.4057,3211,398,polygon,FALSE,TRUE,America/Chicago,3
8531,Warrior,Warrior,AL,Alabama,1073,Jefferson,33.8153,-86.8153,3210,127,polygon,FALSE,TRUE,America/Chicago,3
8532,Algona,Algona,WA,Washington,53033,King,47.2819,-122.2504,3208,958,polygon,FALSE,TRUE,America/Los_Angeles,3
8533,Steeleville,Steeleville,IL,Illinois,17157,Randolph,38.0084,-89.6624,3206,487,polygon,FALSE,TRUE,America/Chicago,3
8534,Williston,Williston,FL,Florida,12075,Levy,29.3734,-82.4578,3205,158,polygon,FALSE,TRUE,America/New_York,3
8535,Colfax,Colfax,CA,California,6061,Placer,39.0938,-120.9533,3205,549,polygon,FALSE,TRUE,America/Los_Angeles,3
8536,Mingo Junction,Mingo Junction,OH,Ohio,39081,Jefferson,40.3244,-80.6174,3205,460,polygon,FALSE,TRUE,America/New_York,3
8537,Story City,Story City,IA,Iowa,19169,Story,42.1866,-93.5864,3204,464,polygon,FALSE,TRUE,America/Chicago,3
8538,Long Prairie,Long Prairie,MN,Minnesota,27153,Todd,45.9775,-94.8629,3204,465,polygon,FALSE,TRUE,America/Chicago,3
8539,Cumberland,Cumberland,KY,Kentucky,21095,Harlan,36.9824,-82.9919,3203,239,polygon,FALSE,TRUE,America/New_York,3
8540,Bay Pines,Bay Pines,FL,Florida,12103,Pinellas,27.8139,-82.7747,3202,951,polygon,FALSE,FALSE,America/New_York,3
8541,Red Oaks Mill,Red Oaks Mill,NY,New York,36027,Dutchess,41.6522,-73.8746,3202,543,polygon,FALSE,FALSE,America/New_York,3
8542,Dahlgren,Dahlgren,VA,Virginia,51099,King George,38.3444,-77.0624,3202,461,polygon,FALSE,FALSE,America/New_York,3
8543,Cherryvale,Cherryvale,SC,South Carolina,45085,Sumter,33.9543,-80.4609,3202,683,polygon,FALSE,FALSE,America/New_York,3
8544,Bandon,Bandon,OR,Oregon,41011,Coos,43.1141,-124.4157,3202,438,polygon,FALSE,TRUE,America/Los_Angeles,3
8545,North Yelm,North Yelm,WA,Washington,53067,Thurston,46.9648,-122.603,3201,370,polygon,FALSE,FALSE,America/Los_Angeles,3
8546,Seacliff,Seacliff,CA,California,6087,Santa Cruz,36.977,-121.9176,3201,1693,polygon,FALSE,FALSE,America/Los_Angeles,3
8547,Helena Valley Northeast,Helena Valley Northeast,MT,Montana,30049,Lewis and Clark,46.6993,-111.9516,3201,26,polygon,FALSE,TRUE,America/Denver,3
8548,Emerald Mountain,Emerald Mountain,AL,Alabama,1051,Elmore,32.4396,-86.0857,3200,76,polygon,FALSE,TRUE,America/Chicago,3
8549,Ingalls Park,Ingalls Park,IL,Illinois,17197,Will,41.5203,-88.0346,3200,1091,polygon,FALSE,FALSE,America/Chicago,3
8550,Port Washington North,Port Washington North,NY,New York,36059,Nassau,40.8434,-73.7014,3199,2562,polygon,FALSE,TRUE,America/New_York,2
8551,Ingram,Ingram,PA,Pennsylvania,42003,Allegheny,40.4449,-80.0684,3198,2850,polygon,FALSE,TRUE,America/New_York,2
8552,Orchidlands Estates,Orchidlands Estates,HI,Hawaii,15001,Hawaii,19.557,-155.0142,3197,127,polygon,FALSE,FALSE,Pacific/Honolulu,3
8553,Underwood-Petersville,Underwood-Petersville,AL,Alabama,1077,Lauderdale,34.877,-87.6975,3196,212,polygon,FALSE,TRUE,America/Chicago,3
8554,Heron Bay,Heron Bay,GA,Georgia,13151,Henry,33.3393,-84.1922,3195,273,polygon,FALSE,TRUE,America/New_York,3
8555,Barron,Barron,WI,Wisconsin,55005,Barron,45.4015,-91.8476,3194,439,polygon,FALSE,TRUE,America/Chicago,3
8556,Bethel Acres,Bethel Acres,OK,Oklahoma,40125,Pottawatomie,35.3048,-97.037,3193,43,polygon,FALSE,TRUE,America/Chicago,3
8557,Walkerton,Walkerton,IN,Indiana,18141,St. Joseph,41.4656,-86.4825,3192,458,polygon,FALSE,TRUE,America/Indiana/Indianapolis,3
8558,Cornville,Cornville,AZ,Arizona,4025,Yavapai,34.7389,-111.9086,3192,93,polygon,FALSE,FALSE,America/Phoenix,3
8559,Luis Lloréns Torres,Luis Llorens Torres,PR,Puerto Rico,72075,Juana Díaz,18.0566,-66.5267,3192,2676,polygon,FALSE,FALSE,America/Puerto_Rico,2
8560,Grand Mound,Grand Mound,WA,Washington,53067,Thurston,46.8053,-123.0119,3189,313,polygon,FALSE,FALSE,America/Los_Angeles,3
8561,Athens,Athens,PA,Pennsylvania,42015,Bradford,41.9515,-76.5186,3189,685,polygon,FALSE,TRUE,America/New_York,3
8562,Prince Frederick,Prince Frederick,MD,Maryland,24009,Calvert,38.544,-76.5879,3189,336,polygon,FALSE,FALSE,America/New_York,3
8563,Lake Orion,Lake Orion,MI,Michigan,26125,Oakland,42.7827,-83.2455,3189,1524,polygon,FALSE,TRUE,America/Detroit,3
8564,Montrose,Montrose,NY,New York,36119,Westchester,41.2455,-73.9376,3187,762,polygon,FALSE,FALSE,America/New_York,3
8565,Burgettstown,Burgettstown,PA,Pennsylvania,42125,Washington,40.3813,-80.3926,3187,813,polygon,FALSE,TRUE,America/New_York,3
8566,Coquí,Coqui,PR,Puerto Rico,72123,Salinas,17.9793,-66.2255,3187,1327,polygon,FALSE,FALSE,America/Puerto_Rico,3
8567,Glenville,Glenville,WV,West Virginia,54021,Gilmer,38.9379,-80.8339,3186,555,polygon,FALSE,TRUE,America/New_York,3
8568,Malabar,Malabar,FL,Florida,12009,Brevard,27.9885,-80.5781,3185,114,polygon,FALSE,TRUE,America/New_York,3
8569,Georgetown,Georgetown,IL,Illinois,17183,Vermilion,39.9774,-87.6354,3185,761,polygon,FALSE,TRUE,America/Chicago,3
8570,Tallapoosa,Tallapoosa,GA,Georgia,13143,Haralson,33.7335,-85.2859,3185,122,polygon,FALSE,TRUE,America/New_York,3
8571,Superior,Superior,AZ,Arizona,4021,Pinal,33.2851,-111.1109,3185,625,polygon,FALSE,TRUE,America/Phoenix,3
8572,North Crossett,North Crossett,AR,Arkansas,5003,Ashley,33.171,-91.9367,3184,119,polygon,FALSE,FALSE,America/Chicago,3
8573,Lutcher,Lutcher,LA,Louisiana,22093,St. James,30.0646,-90.7124,3183,364,polygon,FALSE,TRUE,America/Chicago,3
8574,Elgin,Elgin,OK,Oklahoma,40031,Comanche,34.7848,-98.301,3183,320,polygon,FALSE,TRUE,America/Chicago,3
8575,South Oroville,South Oroville,CA,California,6007,Butte,39.4767,-121.5439,3181,462,polygon,FALSE,FALSE,America/Los_Angeles,3
8576,Sparta,Sparta,GA,Georgia,13141,Hancock,33.2767,-82.9704,3181,261,polygon,FALSE,TRUE,America/New_York,3
8577,Waynesville,Waynesville,OH,Ohio,39165,Warren,39.5329,-84.0903,3181,516,polygon,FALSE,TRUE,America/New_York,3
8578,Chandler,Chandler,TX,Texas,48213,Henderson,32.3065,-95.4781,3180,202,polygon,FALSE,TRUE,America/Chicago,3
8579,Laguna Vista,Laguna Vista,TX,Texas,48061,Cameron,26.1075,-97.2967,3180,254,polygon,FALSE,TRUE,America/Chicago,3
8580,Santa Rosa Valley,Santa Rosa Valley,CA,California,6111,Ventura,34.2453,-118.9023,3180,177,polygon,FALSE,TRUE,America/Los_Angeles,3
8581,Kenvil,Kenvil,NJ,New Jersey,34027,Morris,40.8747,-74.6274,3179,917,polygon,FALSE,FALSE,America/New_York,3
8582,Cutchogue,Cutchogue,NY,New York,36103,Suffolk,41.0167,-72.4872,3178,126,polygon,FALSE,FALSE,America/New_York,3
8583,Macungie,Macungie,PA,Pennsylvania,42077,Lehigh,40.5165,-75.5545,3178,1240,polygon,FALSE,TRUE,America/New_York,3
8584,Hideaway,Hideaway,TX,Texas,48423,Smith,32.489,-95.4578,3174,593,polygon,FALSE,TRUE,America/Chicago,3
8585,Union City,Union City,PA,Pennsylvania,42049,Erie,41.897,-79.8437,3174,657,polygon,FALSE,TRUE,America/New_York,3
8586,Frisco,Frisco,CO,Colorado,8117,Summit,39.5792,-106.0916,3174,728,polygon,FALSE,TRUE,America/Denver,3
8587,Saddle River,Saddle River,NJ,New Jersey,34003,Bergen,41.0273,-74.0956,3173,249,polygon,FALSE,TRUE,America/New_York,3
8588,San Saba,San Saba,TX,Texas,48411,San Saba,31.1965,-98.7244,3173,535,polygon,FALSE,TRUE,America/Chicago,3
8589,Locust Valley,Locust Valley,NY,New York,36059,Nassau,40.8782,-73.5884,3173,1349,polygon,FALSE,FALSE,America/New_York,3
8590,Marin City,Marin City,CA,California,6041,Marin,37.8711,-122.5137,3173,2282,polygon,FALSE,FALSE,America/Los_Angeles,2
8591,Black Canyon City,Black Canyon City,AZ,Arizona,4025,Yavapai,34.0709,-112.122,3172,50,polygon,FALSE,FALSE,America/Phoenix,3
8592,Breckenridge,Breckenridge,MN,Minnesota,27167,Wilkin,46.2662,-96.585,3172,484,polygon,FALSE,TRUE,America/Chicago,3
8593,Denver,Denver,NC,North Carolina,37109,Lincoln,35.5344,-81.034,3171,206,polygon,FALSE,FALSE,America/New_York,3
8594,Melrose,Melrose,MN,Minnesota,27145,Stearns,45.6757,-94.8128,3171,444,polygon,FALSE,TRUE,America/Chicago,3
8595,Pickens,Pickens,SC,South Carolina,45077,Pickens,34.8857,-82.7103,3170,432,polygon,FALSE,TRUE,America/New_York,3
8596,Jones,Jones,OK,Oklahoma,40109,Oklahoma,35.5662,-97.2901,3169,89,polygon,FALSE,TRUE,America/Chicago,3
8597,Cold Spring,Cold Spring,NY,New York,36079,Putnam,41.4191,-73.9545,3168,1266,polygon,FALSE,TRUE,America/New_York,3
8598,Tunkhannock,Tunkhannock,PA,Pennsylvania,42131,Wyoming,41.5413,-75.9483,3167,737,polygon,FALSE,TRUE,America/New_York,3
8599,Knox,Knox,IN,Indiana,18149,Starke,41.291,-86.621,3167,349,polygon,FALSE,TRUE,America/Indiana/Knox,3
8600,Navy Yard City,Navy Yard City,WA,Washington,53035,Kitsap,47.5508,-122.6655,3166,1982,polygon,FALSE,FALSE,America/Los_Angeles,3
8601,Fiskdale,Fiskdale,MA,Massachusetts,25027,Worcester,42.1227,-72.1087,3166,390,polygon,FALSE,FALSE,America/New_York,3
8602,Madison,Madison,OH,Ohio,39085,Lake,41.7722,-81.053,3166,240,polygon,FALSE,TRUE,America/New_York,3
8603,Booneville,Booneville,AR,Arkansas,5083,Logan,35.1393,-93.9179,3164,370,polygon,FALSE,TRUE,America/Chicago,3
8604,Greentown,Greentown,IN,Indiana,18067,Howard,40.4766,-85.9623,3164,654,polygon,FALSE,TRUE,America/Indiana/Indianapolis,3
8605,Unadilla,Unadilla,GA,Georgia,13093,Dooly,32.2583,-83.7356,3162,225,polygon,FALSE,TRUE,America/New_York,3
8606,North Brooksville,North Brooksville,FL,Florida,12053,Hernando,28.5731,-82.3745,3161,187,polygon,FALSE,FALSE,America/New_York,3
8607,El Cenizo,El Cenizo,TX,Texas,48479,Webb,27.3318,-99.5028,3161,2368,polygon,FALSE,TRUE,America/Matamoros,2
8608,Oak Ridge North,Oak Ridge North,TX,Texas,48339,Montgomery,30.157,-95.4421,3161,855,polygon,FALSE,TRUE,America/Chicago,3
8609,Early,Early,TX,Texas,48049,Brown,31.745,-98.9375,3160,412,polygon,FALSE,TRUE,America/Chicago,3
8610,Garnett,Garnett,KS,Kansas,20003,Anderson,38.2845,-95.2408,3160,405,polygon,FALSE,TRUE,America/Chicago,3
8611,Pitcairn,Pitcairn,PA,Pennsylvania,42003,Allegheny,40.4079,-79.7765,3158,2413,polygon,FALSE,TRUE,America/New_York,2
8612,Rockwood,Rockwood,MI,Michigan,26163,Wayne,42.0705,-83.243,3158,483,polygon,FALSE,TRUE,America/Detroit,3
8613,Ladysmith,Ladysmith,WI,Wisconsin,55107,Rusk,45.4606,-91.0972,3157,285,polygon,FALSE,TRUE,America/Chicago,3
8614,Boscobel,Boscobel,WI,Wisconsin,55043,Grant,43.1435,-90.6951,3156,377,polygon,FALSE,TRUE,America/Chicago,3
8615,Tilton Northfield,Tilton Northfield,NH,New Hampshire,33001,Belknap,43.443,-71.5937,3156,429,polygon,FALSE,TRUE,America/New_York,3
8616,Laguna Heights,Laguna Heights,TX,Texas,48061,Cameron,26.081,-97.2592,3155,7587,polygon,FALSE,FALSE,America/Chicago,2
8617,South Blooming Grove,South Blooming Grove,NY,New York,36071,Orange,41.3735,-74.179,3155,260,polygon,FALSE,TRUE,America/New_York,3
8618,Fayette,Fayette,AL,Alabama,1057,Fayette,33.6943,-87.8307,3154,193,polygon,FALSE,TRUE,America/Chicago,3
8619,Delta,Delta,OH,Ohio,39051,Fulton,41.5753,-84.0084,3154,400,polygon,FALSE,TRUE,America/New_York,3
8620,Liberty,Liberty,SC,South Carolina,45077,Pickens,34.7904,-82.6962,3154,273,polygon,FALSE,TRUE,America/New_York,3
8621,Walbridge,Walbridge,OH,Ohio,39173,Wood,41.5864,-83.4929,3153,556,polygon,FALSE,TRUE,America/New_York,3
8622,Meadowdale,Meadowdale,WA,Washington,53061,Snohomish,47.8583,-122.3159,3152,1145,polygon,FALSE,FALSE,America/Los_Angeles,3
8623,Newcastle,Newcastle,WY,Wyoming,56045,Weston,43.851,-104.2123,3152,512,polygon,FALSE,TRUE,America/Denver,3
8624,Heritage Lake,Heritage Lake,IN,Indiana,18133,Putnam,39.7288,-86.7123,3152,403,polygon,FALSE,FALSE,America/Indiana/Indianapolis,3
8625,Riverside,Riverside,NY,New York,36103,Suffolk,40.9093,-72.6699,3151,448,polygon,FALSE,FALSE,America/New_York,3
8626,Anza,Anza,CA,California,6065,Riverside,33.5679,-116.6967,3151,44,polygon,FALSE,FALSE,America/Los_Angeles,3
8627,Moose Lake,Moose Lake,MN,Minnesota,27017,Carlton,46.4445,-92.7634,3151,353,polygon,FALSE,TRUE,America/Chicago,3
8628,Piggott,Piggott,AR,Arkansas,5021,Clay,36.3858,-90.2017,3150,254,polygon,FALSE,TRUE,America/Chicago,3
8629,Mountain Home AFB,Mountain Home AFB,ID,Idaho,16039,Elmore,43.0489,-115.866,3150,130,polygon,TRUE,TRUE,America/Boise,3
8630,Homestead,Homestead,PA,Pennsylvania,42003,Allegheny,40.4074,-79.9097,3149,2112,polygon,FALSE,TRUE,America/New_York,2
8631,Springtown,Springtown,TX,Texas,48367,Parker,32.9693,-97.6803,3148,405,polygon,FALSE,TRUE,America/Chicago,3
8632,Nevada City,Nevada City,CA,California,6057,Nevada,39.2607,-121.0231,3148,556,polygon,FALSE,TRUE,America/Los_Angeles,3
8633,Blackhawk,Blackhawk,SD,South Dakota,46093,Meade,44.1514,-103.334,3148,256,polygon,FALSE,FALSE,America/Denver,3
8634,Pine Hills,Pine Hills,CA,California,6023,Humboldt,40.7313,-124.1551,3146,120,polygon,FALSE,FALSE,America/Los_Angeles,3
8635,Marianna,Marianna,AR,Arkansas,5077,Lee,34.7736,-90.7674,3145,363,polygon,FALSE,TRUE,America/Chicago,3
8636,Lake Success,Lake Success,NY,New York,36059,Nassau,40.768,-73.7089,3144,658,polygon,FALSE,TRUE,America/New_York,3
8637,Boiling Springs,Boiling Springs,PA,Pennsylvania,42041,Cumberland,40.1592,-77.139,3144,491,polygon,FALSE,FALSE,America/New_York,3
8638,Oaklawn-Sunview,Oaklawn-Sunview,KS,Kansas,20173,Sedgwick,37.6084,-97.2984,3144,2261,polygon,FALSE,TRUE,America/Chicago,2
8639,Pleasant Valley,Pleasant Valley,WV,West Virginia,54049,Marion,39.4505,-80.1552,3141,375,polygon,FALSE,TRUE,America/New_York,3
8640,North Lakeport,North Lakeport,CA,California,6033,Lake,39.0883,-122.9054,3141,314,polygon,FALSE,TRUE,America/Los_Angeles,3
8641,Zillah,Zillah,WA,Washington,53077,Yakima,46.4084,-120.2725,3140,667,polygon,FALSE,TRUE,America/Los_Angeles,3
8642,Granville,Granville,WV,West Virginia,54061,Monongalia,39.6471,-79.9974,3140,934,polygon,FALSE,TRUE,America/New_York,3
8643,Blanchard,Blanchard,LA,Louisiana,22017,Caddo,32.609,-93.8842,3140,302,polygon,FALSE,TRUE,America/Chicago,3
8644,New Hampton,New Hampton,IA,Iowa,19037,Chickasaw,43.0563,-92.3153,3140,392,polygon,FALSE,TRUE,America/Chicago,3
8645,Centerville,Centerville,PA,Pennsylvania,42125,Washington,40.03,-79.9632,3139,91,polygon,FALSE,TRUE,America/New_York,3
8646,Nokomis,Nokomis,IL,Illinois,17135,Montgomery,39.3001,-89.2854,3139,642,polygon,FALSE,TRUE,America/Chicago,3
8647,Sheridan,Sheridan,IN,Indiana,18057,Hamilton,40.132,-86.2197,3139,568,polygon,FALSE,TRUE,America/Indiana/Indianapolis,3
8648,Salmon,Salmon,ID,Idaho,16059,Lemhi,45.1743,-113.8948,3139,488,polygon,FALSE,TRUE,America/Boise,3
8649,Millersburg,Millersburg,OH,Ohio,39075,Holmes,40.5534,-81.9171,3139,488,polygon,FALSE,TRUE,America/New_York,3
8650,Versailles,Versailles,OH,Ohio,39037,Darke,40.2225,-84.4832,3139,529,polygon,FALSE,TRUE,America/New_York,3
8651,Landis,Landis,NC,North Carolina,37159,Rowan,35.5484,-80.6116,3138,347,polygon,FALSE,TRUE,America/New_York,3
8652,Coronita,Coronita,CA,California,6065,Riverside,33.876,-117.6109,3138,2024,polygon,FALSE,TRUE,America/Los_Angeles,2
8653,Manila,Manila,AR,Arkansas,5093,Mississippi,35.8848,-90.1653,3138,347,polygon,FALSE,TRUE,America/Chicago,3
8654,Acushnet Center,Acushnet Center,MA,Massachusetts,25005,Bristol,41.685,-70.9065,3136,855,polygon,FALSE,TRUE,America/New_York,3
8655,Pine Island,Pine Island,MN,Minnesota,27049,Goodhue,44.197,-92.6165,3136,230,polygon,FALSE,TRUE,America/Chicago,3
8656,Brackenridge,Brackenridge,PA,Pennsylvania,42003,Allegheny,40.6079,-79.7411,3135,2366,polygon,FALSE,TRUE,America/New_York,2
8657,Denmark,Denmark,SC,South Carolina,45009,Bamberg,33.3152,-81.1366,3135,295,polygon,FALSE,TRUE,America/New_York,3
8658,Bicknell,Bicknell,IN,Indiana,18083,Knox,38.7743,-87.3078,3134,812,polygon,FALSE,TRUE,America/Indiana/Vincennes,3
8659,Ocean Grove,Ocean Grove,NJ,New Jersey,34025,Monmouth,40.2119,-74.0083,3133,3253,polygon,FALSE,FALSE,America/New_York,2
8660,Burlington,Burlington,CO,Colorado,8063,Kit Carson,39.3041,-102.2714,3132,563,polygon,FALSE,TRUE,America/Denver,3
8661,Wrightstown,Wrightstown,WI,Wisconsin,55009,Brown,44.3262,-88.1756,3131,313,polygon,FALSE,TRUE,America/Chicago,3
8662,Netcong,Netcong,NJ,New Jersey,34027,Morris,40.8985,-74.7019,3131,1451,polygon,FALSE,TRUE,America/New_York,3
8663,Hamburg,Hamburg,NJ,New Jersey,34037,Sussex,41.1485,-74.5736,3131,1056,polygon,FALSE,TRUE,America/New_York,3
8664,Yorkville,Yorkville,WI,Wisconsin,55101,Racine,42.7155,-88.0097,3130,36,polygon,FALSE,TRUE,America/Chicago,3
8665,Avondale Estates,Avondale Estates,GA,Georgia,13089,DeKalb,33.7699,-84.2648,3129,986,polygon,FALSE,TRUE,America/New_York,3
8666,Greenwood,Greenwood,LA,Louisiana,22017,Caddo,32.436,-93.9635,3128,134,polygon,FALSE,TRUE,America/Chicago,3
8667,Hogansville,Hogansville,GA,Georgia,13285,Troup,33.1674,-84.9027,3128,165,polygon,FALSE,TRUE,America/New_York,3
8668,Holton,Holton,KS,Kansas,20085,Jackson,39.4699,-95.7319,3127,462,polygon,FALSE,TRUE,America/Chicago,3
8669,Thiensville,Thiensville,WI,Wisconsin,55089,Ozaukee,43.236,-87.9785,3125,1162,polygon,FALSE,TRUE,America/Chicago,3
8670,Needville,Needville,TX,Texas,48157,Fort Bend,29.3957,-95.8387,3125,596,polygon,FALSE,TRUE,America/Chicago,3
8671,Clarence Center,Clarence Center,NY,New York,36029,Erie,43.0085,-78.6308,3125,534,polygon,FALSE,FALSE,America/New_York,3
8672,Oakland,Oakland,FL,Florida,12095,Orange,28.5535,-81.6357,3123,526,polygon,FALSE,TRUE,America/New_York,3
8673,South Hempstead,South Hempstead,NY,New York,36059,Nassau,40.6814,-73.6233,3123,2085,polygon,FALSE,FALSE,America/New_York,2
8674,Marion,Marion,AL,Alabama,1105,Perry,32.6318,-87.3172,3123,114,polygon,FALSE,TRUE,America/Chicago,3
8675,Tiger Point,Tiger Point,FL,Florida,12113,Santa Rosa,30.3775,-87.0578,3122,857,polygon,FALSE,FALSE,America/Chicago,3
8676,Vails Gate,Vails Gate,NY,New York,36071,Orange,41.4587,-74.0533,3122,1168,polygon,FALSE,FALSE,America/New_York,3
8677,Fayetteville,Fayetteville,PA,Pennsylvania,42055,Franklin,39.9114,-77.5651,3122,369,polygon,FALSE,FALSE,America/New_York,3
8678,Maugansville,Maugansville,MD,Maryland,24043,Washington,39.6936,-77.7472,3122,492,polygon,FALSE,FALSE,America/New_York,3
8679,University Park,University Park,NM,New Mexico,35013,Doña Ana,32.2767,-106.7462,3121,785,polygon,FALSE,FALSE,America/Denver,3
8680,Mauriceville,Mauriceville,TX,Texas,48361,Orange,30.2187,-93.8758,3121,143,polygon,FALSE,FALSE,America/Chicago,3
8681,Mount Penn,Mount Penn,PA,Pennsylvania,42011,Berks,40.3287,-75.8897,3121,2935,polygon,FALSE,TRUE,America/New_York,2
8682,Hillsboro,Hillsboro,MO,Missouri,29099,Jefferson,38.233,-90.5671,3120,330,polygon,FALSE,TRUE,America/Chicago,3
8683,Canton,Canton,SD,South Dakota,46083,Lincoln,43.3032,-96.5848,3120,418,polygon,FALSE,TRUE,America/Chicago,3
8684,Fairchild AFB,Fairchild AFB,WA,Washington,53063,Spokane,47.6186,-117.6484,3118,181,polygon,TRUE,TRUE,America/Los_Angeles,3
8685,Wesleyville,Wesleyville,PA,Pennsylvania,42049,Erie,42.1369,-80.0123,3117,2271,polygon,FALSE,TRUE,America/New_York,2
8686,Paddock Lake,Paddock Lake,WI,Wisconsin,55059,Kenosha,42.5707,-88.1044,3116,414,polygon,FALSE,TRUE,America/Chicago,3
8687,Gosnell,Gosnell,AR,Arkansas,5093,Mississippi,35.9645,-89.9721,3116,720,polygon,FALSE,TRUE,America/Chicago,3
8688,Abingdon,Abingdon,IL,Illinois,17095,Knox,40.8039,-90.401,3115,826,polygon,FALSE,TRUE,America/Chicago,3
8689,Beloit,Beloit,KS,Kansas,20123,Mitchell,39.4645,-98.1083,3114,357,polygon,FALSE,TRUE,America/Chicago,3
8690,Bean Station,Bean Station,TN,Tennessee,47057,Grainger,36.3322,-83.2852,3113,200,polygon,FALSE,TRUE,America/New_York,3
8691,Kellogg,Kellogg,ID,Idaho,16079,Shoshone,47.5371,-116.142,3113,207,polygon,FALSE,TRUE,America/Los_Angeles,3
8692,Mineral Springs,Mineral Springs,NC,North Carolina,37179,Union,34.9411,-80.6846,3111,146,polygon,FALSE,TRUE,America/New_York,3
8693,Arcadia,Arcadia,WI,Wisconsin,55121,Trempealeau,44.2486,-91.4915,3110,358,polygon,FALSE,TRUE,America/Chicago,3
8694,Rollingwood,Rollingwood,CA,California,6013,Contra Costa,37.9655,-122.3305,3110,7077,polygon,FALSE,FALSE,America/Los_Angeles,2
8695,Wallburg,Wallburg,NC,North Carolina,37057,Davidson,36.0088,-80.1453,3107,214,polygon,FALSE,TRUE,America/New_York,3
8696,Petersburg,Petersburg,AK,Alaska,2195,Petersburg Borough,56.7566,-132.8727,3106,27,polygon,FALSE,FALSE,America/Sitka,3
8697,Waldron,Waldron,AR,Arkansas,5127,Scott,34.902,-94.0953,3104,228,polygon,FALSE,TRUE,America/Chicago,3
8698,New Holstein,New Holstein,WI,Wisconsin,55015,Calumet,43.9491,-88.0942,3102,477,polygon,FALSE,TRUE,America/Chicago,3
8699,West Point,West Point,NE,Nebraska,31039,Cuming,41.8378,-96.7062,3102,458,polygon,FALSE,TRUE,America/Chicago,3
8700,South Jacksonville,South Jacksonville,IL,Illinois,17137,Morgan,39.7024,-90.2292,3102,527,polygon,FALSE,TRUE,America/Chicago,3
8701,Lebanon,Lebanon,VA,Virginia,51167,Russell,36.8993,-82.0777,3101,258,polygon,FALSE,TRUE,America/New_York,3
8702,Vienna,Vienna,GA,Georgia,13093,Dooly,32.0925,-83.7864,3101,250,polygon,FALSE,TRUE,America/New_York,3
8703,Mannford,Mannford,OK,Oklahoma,40037,Creek,36.1298,-96.3348,3101,180,polygon,FALSE,TRUE,America/Chicago,3
8704,Salunga,Salunga,PA,Pennsylvania,42071,Lancaster,40.0929,-76.4279,3100,665,polygon,FALSE,FALSE,America/New_York,3
8705,St. James,St. James,MD,Maryland,24043,Washington,39.5738,-77.7482,3100,197,polygon,FALSE,FALSE,America/New_York,3
8706,Federalsburg,Federalsburg,MD,Maryland,24011,Caroline,38.6928,-75.7727,3098,532,polygon,FALSE,TRUE,America/New_York,3
8707,Big Sky,Big Sky,MT,Montana,30031,Gallatin,45.2592,-111.3426,3098,9,polygon,FALSE,FALSE,America/Denver,3
8708,Galateo,Galateo,PR,Puerto Rico,72135,Toa Alta,18.3639,-66.259,3097,1859,polygon,FALSE,FALSE,America/Puerto_Rico,3
8709,Olney,Olney,TX,Texas,48503,Young,33.3643,-98.7584,3096,591,polygon,FALSE,TRUE,America/Chicago,3
8710,Vieques,Vieques,PR,Puerto Rico,72147,Vieques,18.1463,-65.4429,3096,2059,polygon,FALSE,FALSE,America/Puerto_Rico,2
8711,Sloatsburg,Sloatsburg,NY,New York,36087,Rockland,41.162,-74.1902,3095,483,polygon,FALSE,TRUE,America/New_York,3
8712,Yerington,Yerington,NV,Nevada,32019,Lyon,38.9554,-119.1101,3095,42,polygon,FALSE,TRUE,America/Los_Angeles,3
8713,Amity Gardens,Amity Gardens,PA,Pennsylvania,42011,Berks,40.2719,-75.7321,3094,1006,polygon,FALSE,FALSE,America/New_York,3
8714,Crockett,Crockett,CA,California,6013,Contra Costa,38.0519,-122.2201,3094,1124,polygon,FALSE,FALSE,America/Los_Angeles,3
8715,Cambrian Park,Cambrian Park,CA,California,6085,Santa Clara,37.2563,-121.9287,3094,1957,polygon,FALSE,FALSE,America/Los_Angeles,3
8716,K. I. Sawyer,K. I. Sawyer,MI,Michigan,26103,Marquette,46.3298,-87.3673,3094,697,polygon,FALSE,FALSE,America/Detroit,3
8717,Balmville,Balmville,NY,New York,36071,Orange,41.5281,-74.0234,3093,563,polygon,FALSE,FALSE,America/New_York,3
8718,McSherrystown,McSherrystown,PA,Pennsylvania,42001,Adams,39.8035,-77.0199,3090,2331,polygon,FALSE,TRUE,America/New_York,2
8719,Hiawatha,Hiawatha,KS,Kansas,20013,Brown,39.8517,-95.5381,3090,463,polygon,FALSE,TRUE,America/Chicago,3
8720,Cadiz,Cadiz,KY,Kentucky,21221,Trigg,36.8695,-87.8048,3090,347,polygon,FALSE,TRUE,America/Chicago,3
8721,Brownstown,Brownstown,IN,Indiana,18071,Jackson,38.8789,-86.0479,3089,667,polygon,FALSE,TRUE,America/Indiana/Indianapolis,3
8722,Greenwood Lake,Greenwood Lake,NY,New York,36071,Orange,41.2215,-74.2891,3088,589,polygon,FALSE,TRUE,America/New_York,3
8723,Loma Rica,Loma Rica,CA,California,6115,Yuba,39.3204,-121.4038,3088,64,polygon,FALSE,FALSE,America/Los_Angeles,3
8724,Summersville,Summersville,WV,West Virginia,54067,Nicholas,38.2865,-80.841,3087,281,polygon,FALSE,TRUE,America/New_York,3
8725,Eagle Lake,Eagle Lake,MN,Minnesota,27013,Blue Earth,44.1616,-93.8846,3087,771,polygon,FALSE,TRUE,America/Chicago,3
8726,Bamberg,Bamberg,SC,South Carolina,45009,Bamberg,33.2995,-81.0323,3086,344,polygon,FALSE,TRUE,America/New_York,3
8727,San Andreas,San Andreas,CA,California,6009,Calaveras,38.1911,-120.6763,3085,142,polygon,FALSE,FALSE,America/Los_Angeles,3
8728,Red Bay,Red Bay,AL,Alabama,1059,Franklin,34.4358,-88.1362,3085,122,polygon,FALSE,TRUE,America/Chicago,3
8729,Sonora,Sonora,TX,Texas,48435,Sutton,30.5706,-100.642,3084,484,polygon,FALSE,TRUE,America/Chicago,3
8730,Filer,Filer,ID,Idaho,16083,Twin Falls,42.5679,-114.6115,3083,1107,polygon,FALSE,TRUE,America/Boise,3
8731,Shackle Island,Shackle Island,TN,Tennessee,47165,Sumner,36.3775,-86.6168,3082,214,polygon,FALSE,FALSE,America/Chicago,3
8732,Tishomingo,Tishomingo,OK,Oklahoma,40069,Johnston,34.2387,-96.6805,3082,272,polygon,FALSE,TRUE,America/Chicago,3
8733,Zellwood,Zellwood,FL,Florida,12095,Orange,28.7301,-81.5915,3079,338,polygon,FALSE,FALSE,America/New_York,3
8734,Warsaw,Warsaw,NC,North Carolina,37061,Duplin,34.9987,-78.0926,3079,380,polygon,FALSE,TRUE,America/New_York,3
8735,Hartville,Hartville,OH,Ohio,39151,Stark,40.9618,-81.3347,3079,440,polygon,FALSE,TRUE,America/New_York,3
8736,Rio Grande,Rio Grande,NJ,New Jersey,34009,Cape May,39.0196,-74.8762,3078,475,polygon,FALSE,FALSE,America/New_York,3
8737,High Bridge,High Bridge,WA,Washington,53061,Snohomish,47.7968,-122.0281,3076,170,polygon,FALSE,TRUE,America/Los_Angeles,3
8738,Ozark,Ozark,AR,Arkansas,5047,Franklin,35.4995,-93.8431,3076,178,polygon,FALSE,TRUE,America/Chicago,3
8739,Licking,Licking,MO,Missouri,29215,Texas,37.4993,-91.8618,3075,557,polygon,FALSE,TRUE,America/Chicago,3
8740,Eatonville,Eatonville,WA,Washington,53053,Pierce,46.8681,-122.2697,3073,639,polygon,FALSE,TRUE,America/Los_Angeles,3
8741,Central Park,Central Park,WA,Washington,53027,Grays Harbor,46.9705,-123.7018,3072,337,polygon,FALSE,FALSE,America/Los_Angeles,3
8742,Lakemore,Lakemore,OH,Ohio,39153,Summit,41.0215,-81.4264,3072,817,polygon,FALSE,TRUE,America/New_York,3
8743,Jefferson,Jefferson,OH,Ohio,39007,Ashtabula,41.7384,-80.7689,3071,455,polygon,FALSE,TRUE,America/New_York,3
8744,Savanna,Savanna,IL,Illinois,17015,Carroll,42.0904,-90.1396,3070,412,polygon,FALSE,TRUE,America/Chicago,3
8745,Cut Bank,Cut Bank,MT,Montana,30035,Glacier,48.6345,-112.3304,3070,1021,polygon,FALSE,TRUE,America/Denver,3
8746,Tipton,Tipton,IA,Iowa,19031,Cedar,41.7701,-91.1283,3069,615,polygon,FALSE,TRUE,America/Chicago,3
8747,Pocasset,Pocasset,MA,Massachusetts,25001,Barnstable,41.6877,-70.6202,3069,321,polygon,FALSE,FALSE,America/New_York,3
8748,Double Oak,Double Oak,TX,Texas,48121,Denton,33.0633,-97.1117,3068,484,polygon,FALSE,TRUE,America/Chicago,3
8749,Country Squire Lakes,Country Squire Lakes,IN,Indiana,18079,Jennings,39.038,-85.6849,3067,462,polygon,FALSE,FALSE,America/Indiana/Indianapolis,3
8750,Doylestown,Doylestown,OH,Ohio,39169,Wayne,40.97,-81.6954,3067,636,polygon,FALSE,TRUE,America/New_York,3
8751,Fairport Harbor,Fairport Harbor,OH,Ohio,39085,Lake,41.7477,-81.2731,3067,1152,polygon,FALSE,TRUE,America/New_York,3
8752,Dakota Dunes,Dakota Dunes,SD,South Dakota,46127,Union,42.4919,-96.4867,3067,478,polygon,FALSE,FALSE,America/Chicago,3
8753,Biscayne Park,Biscayne Park,FL,Florida,12086,Miami-Dade,25.8817,-80.1813,3065,1909,polygon,FALSE,TRUE,America/New_York,3
8754,Llano,Llano,TX,Texas,48299,Llano,30.7508,-98.6763,3064,256,polygon,FALSE,TRUE,America/Chicago,3
8755,Emigsville,Emigsville,PA,Pennsylvania,42133,York,40.0085,-76.731,3063,986,polygon,FALSE,FALSE,America/New_York,3
8756,Okemah,Okemah,OK,Oklahoma,40107,Okfuskee,35.4297,-96.3005,3063,478,polygon,FALSE,TRUE,America/Chicago,3
8757,Dyer,Dyer,TN,Tennessee,47053,Gibson,36.071,-88.9921,3062,371,polygon,FALSE,TRUE,America/Chicago,3
8758,Ridgemark,Ridgemark,CA,California,6069,San Benito,36.8082,-121.3623,3062,460,polygon,FALSE,FALSE,America/Los_Angeles,3
8759,Agua Dulce,Agua Dulce,TX,Texas,48141,El Paso,31.6549,-106.1369,3061,151,polygon,FALSE,FALSE,America/Denver,3
8760,Monterey,Monterey,TN,Tennessee,47141,Putnam,36.1446,-85.2643,3061,369,polygon,FALSE,TRUE,America/Chicago,3
8761,Weaver,Weaver,AL,Alabama,1015,Calhoun,33.7602,-85.8117,3061,339,polygon,FALSE,TRUE,America/Chicago,3
8762,North Cape May,North Cape May,NJ,New Jersey,34009,Cape May,38.9766,-74.9516,3060,846,polygon,FALSE,FALSE,America/New_York,3
8763,Brightwaters,Brightwaters,NY,New York,36103,Suffolk,40.7193,-73.2642,3059,1223,polygon,FALSE,TRUE,America/New_York,3
8764,Waterloo,Waterloo,WI,Wisconsin,55055,Jefferson,43.1835,-88.9898,3058,337,polygon,FALSE,TRUE,America/Chicago,3
8765,Lake Junaluska,Lake Junaluska,NC,North Carolina,37087,Haywood,35.5305,-82.9749,3057,221,polygon,FALSE,FALSE,America/New_York,3
8766,Lodi,Lodi,WI,Wisconsin,55021,Columbia,43.3154,-89.5366,3056,690,polygon,FALSE,TRUE,America/Chicago,3
8767,West Union,West Union,OH,Ohio,39001,Adams,38.7917,-83.5441,3056,431,polygon,FALSE,TRUE,America/New_York,3
8768,Wilder,Wilder,KY,Kentucky,21037,Campbell,39.04,-84.4816,3056,325,polygon,FALSE,TRUE,America/New_York,3
8769,Wormleysburg,Wormleysburg,PA,Pennsylvania,42041,Cumberland,40.2604,-76.9094,3054,1518,polygon,FALSE,TRUE,America/New_York,3
8770,Dadeville,Dadeville,AL,Alabama,1123,Tallapoosa,32.8326,-85.7675,3053,73,polygon,FALSE,TRUE,America/Chicago,3
8771,Jackson,Jackson,MN,Minnesota,27063,Jackson,43.6288,-94.9886,3053,258,polygon,FALSE,TRUE,America/Chicago,3
8772,Pine City,Pine City,MN,Minnesota,27115,Pine,45.8367,-92.9683,3053,315,polygon,FALSE,TRUE,America/Chicago,3
8773,Fobes Hill,Fobes Hill,WA,Washington,53061,Snohomish,47.9392,-122.1341,3052,253,polygon,FALSE,FALSE,America/Los_Angeles,3
8774,Carrizales,Carrizales,PR,Puerto Rico,72065,Hatillo,18.4811,-66.7878,3052,2105,polygon,FALSE,FALSE,America/Puerto_Rico,2
8775,Sharpes,Sharpes,FL,Florida,12009,Brevard,28.4368,-80.7555,3049,405,polygon,FALSE,FALSE,America/New_York,3
8776,Loxley,Loxley,AL,Alabama,1003,Baldwin,30.6813,-87.7418,3049,36,polygon,FALSE,TRUE,America/Chicago,3
8777,Wildwood Crest,Wildwood Crest,NJ,New Jersey,34009,Cape May,38.9718,-74.8376,3048,906,polygon,FALSE,TRUE,America/New_York,3
8778,Sherwood,Sherwood,WI,Wisconsin,55015,Calumet,44.1764,-88.2756,3047,339,polygon,FALSE,TRUE,America/Chicago,3
8779,Wellton,Wellton,AZ,Arizona,4027,Yuma,32.64,-114.214,3044,40,polygon,FALSE,TRUE,America/Phoenix,3
8780,Elma Center,Elma Center,NY,New York,36029,Erie,42.8282,-78.6342,3043,187,polygon,FALSE,FALSE,America/New_York,3
8781,Heyworth,Heyworth,IL,Illinois,17113,McLean,40.3138,-88.9928,3043,365,polygon,FALSE,TRUE,America/Chicago,3
8782,DeCordova,DeCordova,TX,Texas,48221,Hood,32.428,-97.6911,3040,833,polygon,FALSE,TRUE,America/Chicago,3
8783,McDonald,McDonald,OH,Ohio,39155,Trumbull,41.1634,-80.723,3040,689,polygon,FALSE,TRUE,America/New_York,3
8784,Kimberling City,Kimberling City,MO,Missouri,29209,Stone,36.6441,-93.4239,3040,253,polygon,FALSE,TRUE,America/Chicago,3
8785,Trafford,Trafford,PA,Pennsylvania,42129,Westmoreland,40.3847,-79.7575,3039,809,polygon,FALSE,TRUE,America/New_York,3
8786,Genoa,Genoa,OH,Ohio,39123,Ottawa,41.5204,-83.3619,3039,583,polygon,FALSE,TRUE,America/New_York,3
8787,Bishop,Bishop,TX,Texas,48355,Nueces,27.5851,-97.7977,3038,498,polygon,FALSE,TRUE,America/Chicago,3
8788,Buffalo,Buffalo,MO,Missouri,29059,Dallas,37.6444,-93.0969,3038,415,polygon,FALSE,TRUE,America/Chicago,3
8789,Greenfield,Greenfield,MN,Minnesota,27053,Hennepin,45.0997,-93.6884,3038,57,polygon,FALSE,TRUE,America/Chicago,3
8790,Capitanejo,Capitanejo,PR,Puerto Rico,72075,Juana Díaz,18.0132,-66.5359,3038,1243,polygon,FALSE,FALSE,America/Puerto_Rico,3
8791,Milbank,Milbank,SD,South Dakota,46051,Grant,45.2194,-96.634,3038,424,polygon,FALSE,TRUE,America/Chicago,3
8792,Atkins,Atkins,AR,Arkansas,5115,Pope,35.2414,-92.9465,3037,191,polygon,FALSE,TRUE,America/Chicago,3
8793,Mazomanie,Mazomanie,WI,Wisconsin,55025,Dane,43.1731,-89.7955,3034,372,polygon,FALSE,TRUE,America/Chicago,3
8794,Lowesville,Lowesville,NC,North Carolina,37109,Lincoln,35.4193,-80.9999,3034,172,polygon,FALSE,FALSE,America/New_York,3
8795,San Antonio Heights,San Antonio Heights,CA,California,6071,San Bernardino,34.1571,-117.6592,3034,497,polygon,FALSE,FALSE,America/Los_Angeles,3
8796,Morton,Morton,MS,Mississippi,28123,Scott,32.3455,-89.6572,3034,153,polygon,FALSE,TRUE,America/Chicago,3
8797,Meadowbrook,Meadowbrook,CA,California,6065,Riverside,33.7253,-117.2851,3033,174,polygon,FALSE,TRUE,America/Los_Angeles,3
8798,Dade City North,Dade City North,FL,Florida,12101,Pasco,28.3838,-82.1943,3030,711,polygon,FALSE,TRUE,America/New_York,3
8799,Thermopolis,Thermopolis,WY,Wyoming,56017,Hot Springs,43.6479,-108.2139,3029,447,polygon,FALSE,TRUE,America/Denver,3
8800,Cutten,Cutten,CA,California,6023,Humboldt,40.7657,-124.1446,3029,903,polygon,FALSE,FALSE,America/Los_Angeles,3
8801,Hahira,Hahira,GA,Georgia,13185,Lowndes,30.9941,-83.3787,3029,434,polygon,FALSE,TRUE,America/New_York,3
8802,Glen Raven,Glen Raven,NC,North Carolina,37001,Alamance,36.1247,-79.4649,3028,333,polygon,FALSE,FALSE,America/New_York,3
8803,Carrollton,Carrollton,MO,Missouri,29033,Carroll,39.3636,-93.4955,3028,321,polygon,FALSE,TRUE,America/Chicago,3
8804,Afton,Afton,MN,Minnesota,27163,Washington,44.9042,-92.8174,3028,46,polygon,FALSE,TRUE,America/Chicago,3
8805,Proctor,Proctor,MN,Minnesota,27137,St. Louis,46.7416,-92.2276,3028,357,polygon,FALSE,TRUE,America/Chicago,3
8806,Ferrysburg,Ferrysburg,MI,Michigan,26139,Ottawa,43.085,-86.2221,3028,390,polygon,FALSE,TRUE,America/Detroit,3
8807,Villalba,Villalba,PR,Puerto Rico,72149,Villalba,18.1279,-66.4814,3028,978,polygon,FALSE,FALSE,America/Puerto_Rico,3
8808,Edgecliff Village,Edgecliff Village,TX,Texas,48439,Tarrant,32.6561,-97.3406,3026,980,polygon,FALSE,TRUE,America/Chicago,3
8809,River Bend,River Bend,NC,North Carolina,37049,Craven,35.0717,-77.1504,3026,464,polygon,FALSE,TRUE,America/New_York,3
8810,Pleasant Valley,Pleasant Valley,MO,Missouri,29047,Clay,39.2172,-94.481,3026,930,polygon,FALSE,TRUE,America/Chicago,3
8811,Petersburg,Petersburg,IL,Illinois,17129,Menard,40.0143,-89.8455,3024,547,polygon,FALSE,TRUE,America/Chicago,3
8812,Delphi,Delphi,IN,Indiana,18015,Carroll,40.5834,-86.6668,3024,413,polygon,FALSE,TRUE,America/Indiana/Indianapolis,3
8813,Montalvin Manor,Montalvin Manor,CA,California,6013,Contra Costa,37.9977,-122.33,3023,3631,polygon,FALSE,TRUE,America/Los_Angeles,2
8814,Oasis,Oasis,CA,California,6065,Riverside,33.5275,-116.1261,3020,59,polygon,FALSE,FALSE,America/Los_Angeles,3
8815,Dermott,Dermott,AR,Arkansas,5017,Chicot,33.5271,-91.4324,3019,280,polygon,FALSE,TRUE,America/Chicago,3
8816,Garner,Garner,IA,Iowa,19081,Hancock,43.1,-93.6026,3019,534,polygon,FALSE,TRUE,America/Chicago,3
8817,Blue Earth,Blue Earth,MN,Minnesota,27043,Faribault,43.6404,-94.1004,3019,378,polygon,FALSE,TRUE,America/Chicago,3
8818,Canterwood,Canterwood,WA,Washington,53053,Pierce,47.3766,-122.6022,3018,540,polygon,FALSE,FALSE,America/Los_Angeles,3
8819,Mohnton,Mohnton,PA,Pennsylvania,42011,Berks,40.2872,-75.9871,3018,1525,polygon,FALSE,TRUE,America/New_York,3
8820,Everett,Everett,PA,Pennsylvania,42009,Bedford,40.0133,-78.3667,3018,677,polygon,FALSE,TRUE,America/New_York,3
8821,Cliffwood Beach,Cliffwood Beach,NJ,New Jersey,34025,Monmouth,40.4426,-74.2178,3015,1284,polygon,FALSE,FALSE,America/New_York,3
8822,Atoka,Atoka,OK,Oklahoma,40005,Atoka,34.3857,-96.1313,3015,139,polygon,FALSE,TRUE,America/Chicago,3
8823,Wyncote,Wyncote,PA,Pennsylvania,42091,Montgomery,40.0915,-75.1462,3014,1416,polygon,FALSE,FALSE,America/New_York,3
8824,Columbus,Columbus,KS,Kansas,20021,Cherokee,37.1714,-94.8442,3014,492,polygon,FALSE,TRUE,America/Chicago,3
8825,Rush City,Rush City,MN,Minnesota,27025,Chisago,45.6875,-92.9654,3013,291,polygon,FALSE,TRUE,America/Chicago,3
8826,Granite Quarry,Granite Quarry,NC,North Carolina,37159,Rowan,35.6126,-80.4484,3012,405,polygon,FALSE,TRUE,America/New_York,3
8827,Wyoming,Wyoming,PA,Pennsylvania,42079,Luzerne,41.3058,-75.8416,3011,808,polygon,FALSE,TRUE,America/New_York,3
8828,Lido Beach,Lido Beach,NY,New York,36059,Nassau,40.5904,-73.6121,3009,668,polygon,FALSE,FALSE,America/New_York,3
8829,Bonny Doon,Bonny Doon,CA,California,6087,Santa Cruz,37.0435,-122.1369,3009,69,polygon,FALSE,FALSE,America/Los_Angeles,3
8830,Cleveland,Cleveland,OK,Oklahoma,40117,Pawnee,36.3002,-96.4631,3007,447,polygon,FALSE,TRUE,America/Chicago,3
8831,Johnson Creek,Johnson Creek,WI,Wisconsin,55055,Jefferson,43.0812,-88.7702,3005,388,polygon,FALSE,TRUE,America/Chicago,3
8832,Williamsburg,Williamsburg,IA,Iowa,19095,Iowa,41.6683,-92.0103,3005,361,polygon,FALSE,TRUE,America/Chicago,3
8833,Edgewood,Edgewood,PA,Pennsylvania,42003,Allegheny,40.4313,-79.8839,3004,1974,polygon,FALSE,TRUE,America/New_York,3
8834,Edgewood,Edgewood,FL,Florida,12095,Orange,28.4878,-81.3772,3003,953,polygon,FALSE,TRUE,America/New_York,3
8835,Byrnes Mill,Byrnes Mill,MO,Missouri,29099,Jefferson,38.4395,-90.5741,3002,226,polygon,FALSE,TRUE,America/Chicago,3
8836,Dover,Dover,FL,Florida,12057,Hillsborough,27.9927,-82.2198,3001,445,polygon,FALSE,FALSE,America/New_York,3
8837,The Plains,The Plains,OH,Ohio,39009,Athens,39.3656,-82.1343,3001,508,polygon,FALSE,FALSE,America/New_York,3
8838,Midway,Midway,FL,Florida,12039,Gadsden,30.4993,-84.4583,3000,118,polygon,FALSE,TRUE,America/New_York,3
8839,Stanton,Stanton,TX,Texas,48317,Martin,32.1316,-101.7925,3000,586,polygon,FALSE,TRUE,America/Chicago,3
8840,Providence,Providence,KY,Kentucky,21233,Webster,37.3993,-87.7509,2999,192,polygon,FALSE,TRUE,America/Chicago,3
8841,Munsons Corners,Munsons Corners,NY,New York,36023,Cortland,42.5761,-76.2053,2998,521,polygon,FALSE,FALSE,America/New_York,3
8842,Milford,Milford,IA,Iowa,19059,Dickinson,43.3335,-95.1474,2997,544,polygon,FALSE,TRUE,America/Chicago,3
8843,Grand Point,Grand Point,LA,Louisiana,22093,St. James,30.0451,-90.7488,2996,269,polygon,FALSE,FALSE,America/Chicago,3
8844,Hokendauqua,Hokendauqua,PA,Pennsylvania,42077,Lehigh,40.6584,-75.4952,2996,1049,polygon,FALSE,FALSE,America/New_York,3
8845,Val Verde,Val Verde,CA,California,6037,Los Angeles,34.4504,-118.6717,2996,450,polygon,FALSE,FALSE,America/Los_Angeles,3
8846,Benson,Benson,MN,Minnesota,27151,Swift,45.3152,-95.6058,2996,378,polygon,FALSE,TRUE,America/Chicago,3
8847,Pearl Beach,Pearl Beach,MI,Michigan,26147,St. Clair,42.626,-82.5942,2996,537,polygon,FALSE,FALSE,America/Detroit,3
8848,St. Charles,St. Charles,MN,Minnesota,27169,Winona,43.9688,-92.0591,2995,378,polygon,FALSE,TRUE,America/Chicago,3
8849,Iron River,Iron River,MI,Michigan,26071,Iron,46.0966,-88.6396,2995,162,polygon,FALSE,TRUE,America/Menominee,3
8850,Sutter,Sutter,CA,California,6101,Sutter,39.1556,-121.7492,2994,380,polygon,FALSE,FALSE,America/Los_Angeles,3
8851,Palmer Lake,Palmer Lake,CO,Colorado,8041,El Paso,39.1152,-104.9057,2993,376,polygon,FALSE,TRUE,America/Denver,3
8852,San Miguel,San Miguel,CA,California,6013,Contra Costa,37.8867,-122.0368,2993,1100,polygon,FALSE,TRUE,America/Los_Angeles,3
8853,Thomasville,Thomasville,AL,Alabama,1025,Clarke,31.9111,-87.7419,2993,169,polygon,FALSE,TRUE,America/Chicago,3
8854,Paris,Paris,AR,Arkansas,5083,Logan,35.2894,-93.7253,2993,284,polygon,FALSE,TRUE,America/Chicago,3
8855,Wisconsin Dells,Wisconsin Dells,WI,Wisconsin,55021,Columbia,43.6337,-89.7752,2992,147,polygon,FALSE,TRUE,America/Chicago,3
8856,Nashville,Nashville,IL,Illinois,17189,Washington,38.3541,-89.377,2992,377,polygon,FALSE,TRUE,America/Chicago,3
8857,Jarrettsville,Jarrettsville,MD,Maryland,24025,Harford,39.6031,-76.4752,2992,133,polygon,FALSE,FALSE,America/New_York,3
8858,Winnebago,Winnebago,IL,Illinois,17201,Winnebago,42.2671,-89.234,2991,597,polygon,FALSE,TRUE,America/Chicago,3
8859,Enochville,Enochville,NC,North Carolina,37159,Rowan,35.5205,-80.6646,2990,257,polygon,FALSE,FALSE,America/New_York,3
8860,Penrose,Penrose,CO,Colorado,8043,Fremont,38.4213,-105.0004,2990,64,polygon,FALSE,FALSE,America/Denver,3
8861,Royston,Royston,GA,Georgia,13147,Hart,34.2859,-83.1097,2988,291,polygon,FALSE,TRUE,America/New_York,3
8862,Milton,Milton,DE,Delaware,10005,Sussex,38.7751,-75.3104,2987,650,polygon,FALSE,TRUE,America/New_York,3
8863,Shenandoah,Shenandoah,TX,Texas,48339,Montgomery,30.184,-95.4555,2987,588,polygon,FALSE,TRUE,America/Chicago,3
8864,Havana,Havana,IL,Illinois,17125,Mason,40.295,-90.0567,2987,419,polygon,FALSE,TRUE,America/Chicago,3
8865,Genoa City,Genoa City,WI,Wisconsin,55127,Walworth,42.5065,-88.3192,2985,436,polygon,FALSE,TRUE,America/Chicago,3
8866,Penbrook,Penbrook,PA,Pennsylvania,42043,Dauphin,40.278,-76.8484,2985,2582,polygon,FALSE,TRUE,America/New_York,2
8867,Combes,Combes,TX,Texas,48061,Cameron,26.2444,-97.7254,2984,368,polygon,FALSE,TRUE,America/Chicago,3
8868,Monument Beach,Monument Beach,MA,Massachusetts,25001,Barnstable,41.7192,-70.6061,2984,446,polygon,FALSE,FALSE,America/New_York,3
8869,Park Hills,Park Hills,KY,Kentucky,21117,Kenton,39.0691,-84.5312,2984,1482,polygon,FALSE,TRUE,America/New_York,3
8870,Hawaiian Acres,Hawaiian Acres,HI,Hawaii,15001,Hawaii,19.5325,-155.0497,2981,59,polygon,FALSE,FALSE,Pacific/Honolulu,3
8871,Oak Trail Shores,Oak Trail Shores,TX,Texas,48221,Hood,32.4885,-97.8357,2981,453,polygon,FALSE,FALSE,America/Chicago,3
8872,Paramount-Long Meadow,Paramount-Long Meadow,MD,Maryland,24043,Washington,39.6798,-77.6921,2981,527,polygon,FALSE,TRUE,America/New_York,3
8873,Sumner,Sumner,IL,Illinois,17101,Lawrence,38.7195,-87.8722,2980,831,polygon,FALSE,TRUE,America/Chicago,3
8874,Buckner,Buckner,MO,Missouri,29095,Jackson,39.1336,-94.1929,2980,653,polygon,FALSE,TRUE,America/Chicago,3
8875,Eielson AFB,Eielson AFB,AK,Alaska,2090,Fairbanks North Star,64.6741,-147.0605,2979,38,polygon,TRUE,TRUE,America/Anchorage,3
8876,Nags Head,Nags Head,NC,North Carolina,37055,Dare,35.9474,-75.6274,2975,174,polygon,FALSE,TRUE,America/New_York,3
8877,Ferris,Ferris,TX,Texas,48139,Ellis,32.5369,-96.6738,2974,247,polygon,FALSE,TRUE,America/Chicago,3
8878,Sherrill,Sherrill,NY,New York,36065,Oneida,43.0704,-75.5992,2974,496,polygon,FALSE,TRUE,America/New_York,3
8879,Smithsburg,Smithsburg,MD,Maryland,24043,Washington,39.6564,-77.5762,2974,1093,polygon,FALSE,TRUE,America/New_York,3
8880,Keeseville,Keeseville,NY,New York,36031,Essex,44.5035,-73.4812,2971,190,polygon,FALSE,FALSE,America/New_York,3
8881,Eleele,Eleele,HI,Hawaii,15007,Kauai,21.9088,-159.5801,2970,1479,polygon,FALSE,FALSE,Pacific/Honolulu,3
8882,Blackstone,Blackstone,VA,Virginia,51135,Nottoway,37.0821,-78.0029,2970,285,polygon,FALSE,TRUE,America/New_York,3
8883,Bayfield,Bayfield,CO,Colorado,8067,La Plata,37.234,-107.5952,2970,630,polygon,FALSE,TRUE,America/Denver,3
8884,Akron,Akron,NY,New York,36029,Erie,43.0179,-78.4978,2969,548,polygon,FALSE,TRUE,America/New_York,3
8885,Hayti,Hayti,MO,Missouri,29155,Pemiscot,36.2323,-89.7474,2969,420,polygon,FALSE,TRUE,America/Chicago,3
8886,Indian Hills,Indian Hills,KY,Kentucky,21111,Jefferson,38.2808,-85.6616,2968,583,polygon,FALSE,TRUE,America/New_York,3
8887,Vista Santa Rosa,Vista Santa Rosa,CA,California,6065,Riverside,33.6227,-116.2126,2967,71,polygon,FALSE,FALSE,America/Los_Angeles,3
8888,Yountville,Yountville,CA,California,6055,Napa,38.3963,-122.3671,2966,769,polygon,FALSE,TRUE,America/Los_Angeles,3
8889,New Richmond,New Richmond,OH,Ohio,39025,Clermont,38.962,-84.2779,2966,303,polygon,FALSE,TRUE,America/New_York,3
8890,Beulah,Beulah,ND,North Dakota,38057,Mercer,47.2665,-101.7733,2965,510,polygon,FALSE,TRUE,America/North_Dakota/Beulah,3
8891,Newberry,Newberry,MI,Michigan,26095,Luce,46.3538,-85.5098,2965,549,polygon,FALSE,TRUE,America/Detroit,3
8892,Desert Aire,Desert Aire,WA,Washington,53025,Grant,46.6873,-119.9311,2964,336,polygon,FALSE,FALSE,America/Los_Angeles,3
8893,Philippi,Philippi,WV,West Virginia,54001,Barbour,39.1487,-80.0418,2964,444,polygon,FALSE,TRUE,America/New_York,3
8894,Evansville,Evansville,WY,Wyoming,56025,Natrona,42.868,-106.2525,2964,330,polygon,FALSE,TRUE,America/Denver,3
8895,Woodbury Heights,Woodbury Heights,NJ,New Jersey,34015,Gloucester,39.816,-75.1512,2964,918,polygon,FALSE,TRUE,America/New_York,3
8896,Andrews AFB,Andrews AFB,MD,Maryland,24033,Prince George's,38.8053,-76.8744,2964,165,polygon,TRUE,TRUE,America/New_York,3
8897,Irvine,Irvine,KY,Kentucky,21065,Estill,37.6969,-83.9685,2964,637,polygon,FALSE,TRUE,America/New_York,3
8898,Sonterra,Sonterra,TX,Texas,48491,Williamson,30.8081,-97.5953,2963,477,polygon,FALSE,FALSE,America/Chicago,3
8899,Ocean Grove,Ocean Grove,MA,Massachusetts,25005,Bristol,41.7281,-71.2098,2963,1728,polygon,FALSE,FALSE,America/New_York,3
8900,Kenova,Kenova,WV,West Virginia,54099,Wayne,38.4026,-82.5822,2961,866,polygon,FALSE,TRUE,America/New_York,3
8901,Bal Harbour,Bal Harbour,FL,Florida,12086,Miami-Dade,25.8935,-80.1258,2961,2982,polygon,FALSE,TRUE,America/New_York,2
8902,Jacksonwald,Jacksonwald,PA,Pennsylvania,42011,Berks,40.3279,-75.8413,2961,647,polygon,FALSE,FALSE,America/New_York,3
8903,Penngrove,Penngrove,CA,California,6097,Sonoma,38.3005,-122.6707,2961,284,polygon,FALSE,FALSE,America/Los_Angeles,3
8904,Springfield,Springfield,KY,Kentucky,21229,Washington,37.6921,-85.2193,2961,277,polygon,FALSE,TRUE,America/New_York,3
8905,Agua Fria,Agua Fria,NM,New Mexico,35049,Santa Fe,35.6615,-106.0149,2959,471,polygon,FALSE,FALSE,America/Denver,3
8906,Indian Hills,Indian Hills,TX,Texas,48215,Hidalgo,26.2124,-97.9165,2959,595,polygon,FALSE,FALSE,America/Chicago,3
8907,Southern Shores,Southern Shores,NC,North Carolina,37055,Dare,36.1205,-75.7327,2958,289,polygon,FALSE,TRUE,America/New_York,3
8908,West,West,TX,Texas,48309,McLennan,31.8032,-97.0942,2957,694,polygon,FALSE,TRUE,America/Chicago,3
8909,Lykens,Lykens,PA,Pennsylvania,42043,Dauphin,40.5641,-76.6983,2956,560,polygon,FALSE,TRUE,America/New_York,3
8910,Lucerne,Lucerne,CA,California,6033,Lake,39.0697,-122.776,2956,229,polygon,FALSE,FALSE,America/Los_Angeles,3
8911,Hopkins,Hopkins,SC,South Carolina,45079,Richland,33.8983,-80.86,2956,69,polygon,FALSE,FALSE,America/New_York,3
8912,Algoma,Algoma,WI,Wisconsin,55061,Kewaunee,44.6057,-87.4465,2954,481,polygon,FALSE,TRUE,America/Chicago,3
8913,Inverness Highlands North,Inverness Highlands North,FL,Florida,12017,Citrus,28.8642,-82.3768,2954,604,polygon,FALSE,TRUE,America/New_York,3
8914,Summit Hill,Summit Hill,PA,Pennsylvania,42025,Carbon,40.8249,-75.8464,2954,131,polygon,FALSE,TRUE,America/New_York,3
8915,Hamilton,Hamilton,TX,Texas,48193,Hamilton,31.6997,-98.1208,2953,335,polygon,FALSE,TRUE,America/Chicago,3
8916,Boutte,Boutte,LA,Louisiana,22089,St. Charles,29.8825,-90.3936,2952,82,polygon,FALSE,FALSE,America/Chicago,3
8917,North Barrington,North Barrington,IL,Illinois,17097,Lake,42.2065,-88.1316,2952,243,polygon,FALSE,TRUE,America/Chicago,3
8918,Window Rock,Window Rock,AZ,Arizona,4001,Apache,35.6705,-109.0639,2952,215,polygon,FALSE,FALSE,America/Denver,3
8919,Big Coppitt Key,Big Coppitt Key,FL,Florida,12087,Monroe,24.5915,-81.6574,2951,987,polygon,FALSE,FALSE,America/New_York,3
8920,Beaver,Beaver,UT,Utah,49001,Beaver,38.2759,-112.6383,2949,184,polygon,FALSE,TRUE,America/Denver,3
8921,Deer Lodge,Deer Lodge,MT,Montana,30077,Powell,46.3974,-112.7337,2949,766,polygon,FALSE,TRUE,America/Denver,3
8922,Flemingsburg,Flemingsburg,KY,Kentucky,21069,Fleming,38.4236,-83.7372,2949,402,polygon,FALSE,TRUE,America/New_York,3
8923,Ramseur,Ramseur,NC,North Carolina,37151,Randolph,35.7372,-79.6543,2948,327,polygon,FALSE,TRUE,America/New_York,3
8924,Graymoor-Devondale,Graymoor-Devondale,KY,Kentucky,21111,Jefferson,38.2733,-85.6177,2948,1543,polygon,FALSE,TRUE,America/New_York,3
8925,Springdale,Springdale,MD,Maryland,24033,Prince George's,38.9383,-76.8423,2947,1399,polygon,FALSE,FALSE,America/New_York,3
8926,Louisiana,Louisiana,MO,Missouri,29163,Pike,39.4413,-91.0626,2946,395,polygon,FALSE,TRUE,America/Chicago,3
8927,Hyde Park,Hyde Park,PA,Pennsylvania,42011,Berks,40.3755,-75.924,2945,2217,polygon,FALSE,FALSE,America/New_York,2
8928,Westville,Westville,IL,Illinois,17183,Vermilion,40.0439,-87.6389,2945,677,polygon,FALSE,TRUE,America/Chicago,3
8929,Horace,Horace,ND,North Dakota,38017,Cass,46.7559,-96.9078,2944,98,polygon,FALSE,TRUE,America/Chicago,3
8930,East Gaffney,East Gaffney,SC,South Carolina,45021,Cherokee,35.0846,-81.6219,2944,374,polygon,FALSE,FALSE,America/New_York,3
8931,Bunnell,Bunnell,FL,Florida,12035,Flagler,29.4193,-81.3232,2943,8,polygon,FALSE,TRUE,America/New_York,3
8932,National Park,National Park,NJ,New Jersey,34015,Gloucester,39.8676,-75.1853,2943,1127,polygon,FALSE,TRUE,America/New_York,3
8933,Ozona,Ozona,TX,Texas,48105,Crockett,30.7074,-101.2059,2943,242,polygon,FALSE,FALSE,America/Chicago,3
8934,Trenton,Trenton,FL,Florida,12041,Gilchrist,29.6092,-82.8147,2942,245,polygon,FALSE,TRUE,America/New_York,3
8935,Pioneer Village,Pioneer Village,KY,Kentucky,21029,Bullitt,38.0599,-85.68,2941,926,polygon,FALSE,TRUE,America/New_York,3
8936,East Greenville,East Greenville,PA,Pennsylvania,42091,Montgomery,40.4057,-75.5059,2940,2218,polygon,FALSE,TRUE,America/New_York,2
8937,Malakoff,Malakoff,TX,Texas,48213,Henderson,32.1727,-96.0162,2939,309,polygon,FALSE,TRUE,America/Chicago,3
8938,Eunice,Eunice,NM,New Mexico,35025,Lea,32.4465,-103.2011,2937,297,polygon,FALSE,TRUE,America/Denver,3
8939,Dresden,Dresden,TN,Tennessee,47183,Weakley,36.279,-88.6941,2937,190,polygon,FALSE,TRUE,America/Chicago,3
8940,Raoul,Raoul,GA,Georgia,13137,Habersham,34.4548,-83.5995,2937,565,polygon,FALSE,FALSE,America/New_York,3
8941,Iuka,Iuka,MS,Mississippi,28141,Tishomingo,34.8077,-88.1978,2937,116,polygon,FALSE,TRUE,America/Chicago,3
8942,Seagraves,Seagraves,TX,Texas,48165,Gaines,32.9419,-102.5657,2936,780,polygon,FALSE,TRUE,America/Chicago,3
8943,Newton,Newton,IL,Illinois,17079,Jasper,38.9872,-88.1644,2936,528,polygon,FALSE,TRUE,America/Chicago,3
8944,Watkinsville,Watkinsville,GA,Georgia,13219,Oconee,33.861,-83.4072,2936,347,polygon,FALSE,TRUE,America/New_York,3
8945,North Lakeville,North Lakeville,MA,Massachusetts,25023,Plymouth,41.8619,-70.9411,2936,224,polygon,FALSE,FALSE,America/New_York,3
8946,Port Richey,Port Richey,FL,Florida,12101,Pasco,28.2758,-82.725,2933,510,polygon,FALSE,TRUE,America/New_York,3
8947,Haskell,Haskell,TX,Texas,48207,Haskell,33.1597,-99.732,2933,338,polygon,FALSE,TRUE,America/Chicago,3
8948,Liberty Hill,Liberty Hill,TX,Texas,48491,Williamson,30.6634,-97.9073,2931,504,polygon,FALSE,TRUE,America/Chicago,3
8949,Sterlington,Sterlington,LA,Louisiana,22073,Ouachita,32.6888,-92.0602,2931,400,polygon,FALSE,TRUE,America/Chicago,3
8950,Winchester,Winchester,CA,California,6065,Riverside,33.7146,-117.0775,2931,141,polygon,FALSE,FALSE,America/Los_Angeles,3
8951,Lake Wissota,Lake Wissota,WI,Wisconsin,55017,Chippewa,44.922,-91.3015,2929,299,polygon,FALSE,FALSE,America/Chicago,3
8952,Barton Creek,Barton Creek,TX,Texas,48453,Travis,30.2818,-97.8681,2928,230,polygon,FALSE,FALSE,America/Chicago,3
8953,North Sioux City,North Sioux City,SD,South Dakota,46127,Union,42.535,-96.4998,2928,421,polygon,FALSE,TRUE,America/Chicago,3
8954,Springville,Springville,AL,Alabama,1115,St. Clair,33.7643,-86.4749,2927,186,polygon,FALSE,TRUE,America/Chicago,3
8955,Potala Pastillo,Potala Pastillo,PR,Puerto Rico,72075,Juana Díaz,17.9921,-66.4966,2927,2220,polygon,FALSE,FALSE,America/Puerto_Rico,2
8956,Potosi,Potosi,TX,Texas,48441,Taylor,32.3404,-99.6789,2925,61,polygon,FALSE,FALSE,America/Chicago,3
8957,Weedsport,Weedsport,NY,New York,36011,Cayuga,43.0482,-76.5637,2925,675,polygon,FALSE,TRUE,America/New_York,3
8958,Canadian Lakes,Canadian Lakes,MI,Michigan,26107,Mecosta,43.5789,-85.2973,2925,118,polygon,FALSE,FALSE,America/Detroit,3
8959,Williston,Williston,SC,South Carolina,45011,Barnwell,33.4018,-81.422,2925,126,polygon,FALSE,TRUE,America/New_York,3
8960,Eagle Grove,Eagle Grove,IA,Iowa,19197,Wright,42.6664,-93.9026,2924,319,polygon,FALSE,TRUE,America/Chicago,3
8961,Nocona,Nocona,TX,Texas,48337,Montague,33.7835,-97.7302,2923,411,polygon,FALSE,TRUE,America/Chicago,3
8962,Wyldwood,Wyldwood,TX,Texas,48021,Bastrop,30.1299,-97.4801,2923,93,polygon,FALSE,FALSE,America/Chicago,3
8963,Simpsonville,Simpsonville,KY,Kentucky,21211,Shelby,38.2167,-85.3514,2923,479,polygon,FALSE,TRUE,America/New_York,3
8964,Churchill,Churchill,PA,Pennsylvania,42003,Allegheny,40.4389,-79.8417,2921,515,polygon,FALSE,TRUE,America/New_York,3
8965,East Syracuse,East Syracuse,NY,New York,36067,Onondaga,43.0637,-76.0697,2920,695,polygon,FALSE,TRUE,America/New_York,3
8966,Clarksville,Clarksville,TX,Texas,48387,Red River,33.611,-95.0561,2919,387,polygon,FALSE,TRUE,America/Chicago,3
8967,Florida,Florida,NY,New York,36071,Orange,41.3312,-74.3533,2919,500,polygon,FALSE,TRUE,America/New_York,3
8968,Rossmoor,Rossmoor,NJ,New Jersey,34023,Middlesex,40.3361,-74.4726,2918,1253,polygon,FALSE,FALSE,America/New_York,3
8969,Minden,Minden,NE,Nebraska,31099,Kearney,40.4982,-98.967,2918,516,polygon,FALSE,TRUE,America/Chicago,3
8970,Cornwall-on-Hudson,Cornwall-on-Hudson,NY,New York,36071,Orange,41.4369,-74.0145,2918,567,polygon,FALSE,TRUE,America/New_York,3
8971,Norco,Norco,LA,Louisiana,22089,St. Charles,29.9986,-90.4036,2917,327,polygon,FALSE,FALSE,America/Chicago,3
8972,Pleasant Gap,Pleasant Gap,PA,Pennsylvania,42027,Centre,40.8673,-77.7439,2917,688,polygon,FALSE,FALSE,America/New_York,3
8973,La Selva Beach,La Selva Beach,CA,California,6087,Santa Cruz,36.9276,-121.8445,2917,212,polygon,FALSE,FALSE,America/Los_Angeles,3
8974,Loogootee,Loogootee,IN,Indiana,18101,Martin,38.6756,-86.9141,2917,666,polygon,FALSE,TRUE,America/Indiana/Vincennes,3
8975,Hooks,Hooks,TX,Texas,48037,Bowie,33.4707,-94.2841,2916,502,polygon,FALSE,TRUE,America/Chicago,3
8976,Chenango Bridge,Chenango Bridge,NY,New York,36007,Broome,42.1716,-75.8586,2916,459,polygon,FALSE,FALSE,America/New_York,3
8977,New Hope,New Hope,AL,Alabama,1089,Madison,34.537,-86.4128,2916,130,polygon,FALSE,TRUE,America/Chicago,3
8978,Chaffee,Chaffee,MO,Missouri,29201,Scott,37.1812,-89.6615,2916,623,polygon,FALSE,TRUE,America/Chicago,3
8979,Woodlynne,Woodlynne,NJ,New Jersey,34007,Camden,39.9167,-75.0957,2915,5173,polygon,FALSE,TRUE,America/New_York,2
8980,Strathmore,Strathmore,CA,California,6107,Tulare,36.1438,-119.0611,2915,792,polygon,FALSE,FALSE,America/Los_Angeles,3
8981,Marysville,Marysville,KS,Kansas,20117,Marshall,39.8431,-96.6386,2915,275,polygon,FALSE,TRUE,America/Chicago,3
8982,Lakeview,Lakeview,OR,Oregon,41037,Lake,42.1918,-120.3528,2915,366,polygon,FALSE,TRUE,America/Los_Angeles,3
8983,Castle Rock,Castle Rock,WA,Washington,53015,Cowlitz,46.2709,-122.9051,2914,425,polygon,FALSE,TRUE,America/Los_Angeles,3
8984,Greenbriar,Greenbriar,FL,Florida,12103,Pinellas,28.0112,-82.7523,2914,1874,polygon,FALSE,TRUE,America/New_York,3
8985,Galena,Galena,IL,Illinois,17085,Jo Daviess,42.4218,-90.4293,2914,272,polygon,FALSE,TRUE,America/Chicago,3
8986,Girard,Girard,PA,Pennsylvania,42049,Erie,42.0042,-80.3192,2913,479,polygon,FALSE,TRUE,America/New_York,3
8987,Hortonville,Hortonville,WI,Wisconsin,55087,Outagamie,44.3368,-88.6361,2912,331,polygon,FALSE,TRUE,America/Chicago,3
8988,Tonkawa,Tonkawa,OK,Oklahoma,40071,Kay,36.6787,-97.3281,2911,214,polygon,FALSE,TRUE,America/Chicago,3
8989,La Dolores,La Dolores,PR,Puerto Rico,72119,Río Grande,18.3725,-65.8546,2911,1704,polygon,FALSE,FALSE,America/Puerto_Rico,3
8990,Seaside Heights,Seaside Heights,NJ,New Jersey,34029,Ocean,39.9452,-74.079,2910,1820,polygon,FALSE,TRUE,America/New_York,3
8991,Murfreesboro,Murfreesboro,NC,North Carolina,37091,Hertford,36.4421,-77.0964,2910,510,polygon,FALSE,TRUE,America/New_York,3
8992,La Fayette,La Fayette,AL,Alabama,1017,Chambers,32.8997,-85.4007,2910,126,polygon,FALSE,TRUE,America/Chicago,3
8993,Day Heights,Day Heights,OH,Ohio,39025,Clermont,39.1755,-84.2275,2910,953,polygon,FALSE,FALSE,America/New_York,3
8994,Holly Hills,Holly Hills,CO,Colorado,8005,Arapahoe,39.6678,-104.9218,2909,1914,polygon,FALSE,FALSE,America/Denver,3
8995,Indialantic,Indialantic,FL,Florida,12009,Brevard,28.087,-80.57,2908,1155,polygon,FALSE,TRUE,America/New_York,3
8996,Elizabethtown,Elizabethtown,NC,North Carolina,37017,Bladen,34.6238,-78.6097,2908,280,polygon,FALSE,TRUE,America/New_York,3
8997,Brighton,Brighton,TN,Tennessee,47167,Tipton,35.4812,-89.7354,2908,369,polygon,FALSE,TRUE,America/Chicago,3
8998,East Douglas,East Douglas,MA,Massachusetts,25027,Worcester,42.0779,-71.7121,2908,329,polygon,FALSE,FALSE,America/New_York,3
8999,Womelsdorf,Womelsdorf,PA,Pennsylvania,42011,Berks,40.3655,-76.1864,2907,1295,polygon,FALSE,TRUE,America/New_York,3
9000,Hartley,Hartley,CA,California,6095,Solano,38.4203,-121.9521,2907,173,polygon,FALSE,FALSE,America/Los_Angeles,3
9001,Louisville,Louisville,GA,Georgia,13163,Jefferson,32.9954,-82.4,2907,237,polygon,FALSE,TRUE,America/New_York,3
9002,Meadow Glade,Meadow Glade,WA,Washington,53011,Clark,45.7523,-122.5616,2906,308,polygon,FALSE,FALSE,America/Los_Angeles,3
9003,Wise,Wise,VA,Virginia,51195,Wise,36.9767,-82.5809,2906,370,polygon,FALSE,TRUE,America/New_York,3
9004,Walsenburg,Walsenburg,CO,Colorado,8055,Huerfano,37.6307,-104.7818,2906,391,polygon,FALSE,TRUE,America/Denver,3
9005,DeWitt,DeWitt,AR,Arkansas,5001,Arkansas,34.2873,-91.3383,2906,387,polygon,FALSE,TRUE,America/Chicago,3
9006,Oxoboxo River,Oxoboxo River,CT,Connecticut,9011,New London,41.4441,-72.125,2906,262,polygon,FALSE,TRUE,America/New_York,3
9007,New Madrid,New Madrid,MO,Missouri,29143,New Madrid,36.5879,-89.5505,2906,242,polygon,FALSE,TRUE,America/Chicago,3
9008,Sands Point,Sands Point,NY,New York,36059,Nassau,40.8531,-73.7039,2905,265,polygon,FALSE,TRUE,America/New_York,3
9009,Cordaville,Cordaville,MA,Massachusetts,25027,Worcester,42.2727,-71.5221,2905,617,polygon,FALSE,FALSE,America/New_York,3
9010,Eagle Lake,Eagle Lake,FL,Florida,12105,Polk,27.976,-81.7573,2904,572,polygon,FALSE,TRUE,America/New_York,3
9011,Spring Lake,Spring Lake,NJ,New Jersey,34025,Monmouth,40.1539,-74.0273,2904,841,polygon,FALSE,TRUE,America/New_York,3
9012,Wanakah,Wanakah,NY,New York,36029,Erie,42.7434,-78.9028,2904,930,polygon,FALSE,FALSE,America/New_York,3
9013,Roslyn,Roslyn,NY,New York,36059,Nassau,40.799,-73.6491,2902,1735,polygon,FALSE,TRUE,America/New_York,3
9014,East Norwich,East Norwich,NY,New York,36059,Nassau,40.8496,-73.5288,2902,1064,polygon,FALSE,FALSE,America/New_York,3
9015,Fairbanks Ranch,Fairbanks Ranch,CA,California,6073,San Diego,32.9919,-117.1859,2901,219,polygon,FALSE,FALSE,America/Los_Angeles,3
9016,Brillion,Brillion,WI,Wisconsin,55015,Calumet,44.1757,-88.0711,2900,425,polygon,FALSE,TRUE,America/Chicago,3
9017,Acres Green,Acres Green,CO,Colorado,8035,Douglas,39.5558,-104.8958,2899,1861,polygon,FALSE,FALSE,America/Denver,3
9018,Poplarville,Poplarville,MS,Mississippi,28109,Pearl River,30.8391,-89.5306,2899,206,polygon,FALSE,TRUE,America/Chicago,3
9019,Jacksonville,Jacksonville,OR,Oregon,41029,Jackson,42.3127,-122.9692,2899,591,polygon,FALSE,TRUE,America/Los_Angeles,3
9020,Westhampton,Westhampton,NY,New York,36103,Suffolk,40.8325,-72.6617,2898,88,polygon,FALSE,FALSE,America/New_York,3
9021,Hildale,Hildale,UT,Utah,49053,Washington,37.0171,-112.9786,2896,199,polygon,FALSE,TRUE,America/Denver,3
9022,Parowan,Parowan,UT,Utah,49021,Iron,37.8326,-112.8296,2894,176,polygon,FALSE,TRUE,America/Denver,3
9023,Gladwin,Gladwin,MI,Michigan,26051,Gladwin,43.9837,-84.4876,2894,388,polygon,FALSE,TRUE,America/Detroit,3
9024,Tularosa,Tularosa,NM,New Mexico,35035,Otero,33.0752,-106.0175,2893,411,polygon,FALSE,TRUE,America/Denver,3
9025,North Shore,North Shore,CA,California,6065,Riverside,33.5157,-115.9092,2892,99,polygon,FALSE,TRUE,America/Los_Angeles,3
9026,Marks,Marks,MS,Mississippi,28119,Quitman,34.2535,-90.2723,2892,426,polygon,FALSE,TRUE,America/Chicago,3
9027,Villano Beach,Villano Beach,FL,Florida,12109,St. Johns,29.936,-81.3021,2890,629,polygon,FALSE,FALSE,America/New_York,3
9028,Valley,Valley,NE,Nebraska,31055,Douglas,41.3147,-96.3565,2890,233,polygon,FALSE,TRUE,America/Chicago,3
9029,West Burlington,West Burlington,IA,Iowa,19057,Des Moines,40.8215,-91.1755,2890,232,polygon,FALSE,TRUE,America/Chicago,3
9030,Seminole Manor,Seminole Manor,FL,Florida,12099,Palm Beach,26.584,-80.1001,2889,2758,polygon,FALSE,FALSE,America/New_York,2
9031,Bowling Green,Bowling Green,FL,Florida,12049,Hardee,27.638,-81.8244,2887,884,polygon,FALSE,TRUE,America/New_York,3
9032,Fairfield Harbour,Fairfield Harbour,NC,North Carolina,37049,Craven,35.0706,-76.9571,2887,387,polygon,FALSE,FALSE,America/New_York,3
9033,Wewoka,Wewoka,OK,Oklahoma,40133,Seminole,35.1441,-96.4967,2887,258,polygon,FALSE,TRUE,America/Chicago,3
9034,Somerset,Somerset,WI,Wisconsin,55109,St. Croix,45.1269,-92.6756,2885,389,polygon,FALSE,TRUE,America/Chicago,3
9035,Lake Royale,Lake Royale,NC,North Carolina,37069,Franklin,35.9666,-78.196,2884,171,polygon,FALSE,TRUE,America/New_York,3
9036,Lake Nacimiento,Lake Nacimiento,CA,California,6079,San Luis Obispo,35.7309,-120.8702,2884,107,polygon,FALSE,FALSE,America/Los_Angeles,3
9037,Lawnside,Lawnside,NJ,New Jersey,34007,Camden,39.8673,-75.0289,2882,777,polygon,FALSE,TRUE,America/New_York,3
9038,Northeast Ithaca,Northeast Ithaca,NY,New York,36109,Tompkins,42.4703,-76.4623,2881,756,polygon,FALSE,TRUE,America/New_York,3
9039,Great Neck Estates,Great Neck Estates,NY,New York,36059,Nassau,40.7857,-73.7396,2879,1451,polygon,FALSE,TRUE,America/New_York,3
9040,Feasterville,Feasterville,PA,Pennsylvania,42017,Bucks,40.154,-74.9915,2879,1727,polygon,FALSE,FALSE,America/New_York,3
9041,Norton Center,Norton Center,MA,Massachusetts,25005,Bristol,41.9726,-71.1854,2879,655,polygon,FALSE,TRUE,America/New_York,3
9042,Corning,Corning,AR,Arkansas,5021,Clay,36.4111,-90.5861,2877,368,polygon,FALSE,TRUE,America/Chicago,3
9043,Cherry Valley,Cherry Valley,IL,Illinois,17201,Winnebago,42.2222,-88.9716,2877,132,polygon,FALSE,TRUE,America/Chicago,3
9044,Brandenburg,Brandenburg,KY,Kentucky,21163,Meade,37.9956,-86.1773,2877,271,polygon,FALSE,TRUE,America/New_York,3
9045,Chincoteague,Chincoteague,VA,Virginia,51001,Accomack,37.9591,-75.3496,2875,119,polygon,FALSE,TRUE,America/New_York,3
9046,Golden Beach,Golden Beach,MD,Maryland,24037,St. Mary's,38.49,-76.7019,2875,292,polygon,FALSE,FALSE,America/New_York,3
9047,Bartlett,Bartlett,TX,Texas,48491,Williamson,30.7951,-97.4325,2873,547,polygon,FALSE,TRUE,America/Chicago,3
9048,Williamson,Williamson,WV,West Virginia,54059,Mingo,37.6741,-82.271,2872,315,polygon,FALSE,TRUE,America/New_York,3
9049,Sale Creek,Sale Creek,TN,Tennessee,47065,Hamilton,35.3895,-85.0875,2872,36,polygon,FALSE,FALSE,America/New_York,3
9050,Niantic,Niantic,CT,Connecticut,9011,New London,41.3265,-72.1949,2872,748,polygon,FALSE,FALSE,America/New_York,3
9051,Portageville,Portageville,MO,Missouri,29143,New Madrid,36.4295,-89.6994,2872,560,polygon,FALSE,TRUE,America/Chicago,3
9052,Buckeye Lake,Buckeye Lake,OH,Ohio,39089,Licking,39.9355,-82.4826,2871,561,polygon,FALSE,TRUE,America/New_York,3
9053,Hanapepe,Hanapepe,HI,Hawaii,15007,Kauai,21.914,-159.5874,2870,1200,polygon,FALSE,FALSE,Pacific/Honolulu,3
9054,La Villa,La Villa,TX,Texas,48215,Hidalgo,26.2964,-97.927,2870,1857,polygon,FALSE,TRUE,America/Chicago,3
9055,Venetian Village,Venetian Village,IL,Illinois,17097,Lake,42.4012,-88.0465,2870,633,polygon,FALSE,FALSE,America/Chicago,3
9056,Bainbridge,Bainbridge,OH,Ohio,39055,Geauga,41.3944,-81.3366,2870,326,polygon,FALSE,FALSE,America/New_York,3
9057,Williamstown,Williamstown,WV,West Virginia,54107,Wood,39.3987,-81.4549,2869,743,polygon,FALSE,TRUE,America/New_York,3
9058,Aguas Buenas,Aguas Buenas,PR,Puerto Rico,72007,Aguas Buenas,18.2573,-66.1062,2866,1146,polygon,FALSE,FALSE,America/Puerto_Rico,3
9059,Shady Shores,Shady Shores,TX,Texas,48121,Denton,33.1627,-97.0394,2865,380,polygon,FALSE,TRUE,America/Chicago,3
9060,Channel Islands Beach,Channel Islands Beach,CA,California,6111,Ventura,34.1586,-119.2231,2864,2712,polygon,FALSE,FALSE,America/Los_Angeles,2
9061,Columbiana,Columbiana,AL,Alabama,1117,Shelby,33.193,-86.6115,2864,101,polygon,FALSE,TRUE,America/Chicago,3
9062,Mountain View,Mountain View,AR,Arkansas,5137,Stone,35.8635,-92.1041,2863,151,polygon,FALSE,TRUE,America/Chicago,3
9063,Soperton,Soperton,GA,Georgia,13283,Treutlen,32.3782,-82.5944,2862,276,polygon,FALSE,TRUE,America/New_York,3
9064,Knightstown,Knightstown,IN,Indiana,18065,Henry,39.796,-85.5312,2862,800,polygon,FALSE,TRUE,America/Indiana/Indianapolis,3
9065,Toftrees,Toftrees,PA,Pennsylvania,42027,Centre,40.8249,-77.885,2861,1195,polygon,FALSE,FALSE,America/New_York,3
9066,Koloa,Koloa,HI,Hawaii,15007,Kauai,21.903,-159.461,2859,882,polygon,FALSE,FALSE,Pacific/Honolulu,3
9067,Brackettville,Brackettville,TX,Texas,48271,Kinney,29.3181,-100.4109,2859,230,polygon,FALSE,TRUE,America/Chicago,3
9068,Lawrenceville,Lawrenceville,VA,Virginia,51025,Brunswick,36.7564,-77.8539,2859,342,polygon,FALSE,TRUE,America/New_York,3
9069,Belle Meade,Belle Meade,TN,Tennessee,47037,Davidson,36.0994,-86.8562,2858,359,polygon,FALSE,TRUE,America/Chicago,3
9070,Youngwood,Youngwood,PA,Pennsylvania,42129,Westmoreland,40.2443,-79.5812,2857,575,polygon,FALSE,TRUE,America/New_York,3
9071,Oliver,Oliver,PA,Pennsylvania,42051,Fayette,39.9153,-79.7213,2857,496,polygon,FALSE,FALSE,America/New_York,3
9072,Covington,Covington,OH,Ohio,39109,Miami,40.1174,-84.3508,2857,762,polygon,FALSE,TRUE,America/New_York,3
9073,Oostburg,Oostburg,WI,Wisconsin,55117,Sheboygan,43.6237,-87.7889,2856,596,polygon,FALSE,TRUE,America/Chicago,3
9074,Fairfax,Fairfax,IA,Iowa,19113,Linn,41.9281,-91.7791,2856,364,polygon,FALSE,TRUE,America/Chicago,3
9075,Lake City,Lake City,PA,Pennsylvania,42049,Erie,42.018,-80.3466,2854,613,polygon,FALSE,TRUE,America/New_York,3
9076,Experiment,Experiment,GA,Georgia,13255,Spalding,33.2789,-84.276,2853,370,polygon,FALSE,FALSE,America/New_York,3
9077,Konterra,Konterra,MD,Maryland,24033,Prince George's,39.0774,-76.9022,2853,181,polygon,FALSE,TRUE,America/New_York,3
9078,Rushville,Rushville,IL,Illinois,17169,Schuyler,40.1199,-90.5666,2851,665,polygon,FALSE,TRUE,America/Chicago,3
9079,Ellsworth,Ellsworth,WI,Wisconsin,55093,Pierce,44.7364,-92.4806,2850,337,polygon,FALSE,TRUE,America/Chicago,3
9080,Gold Beach,Gold Beach,OR,Oregon,41015,Curry,42.3974,-124.4171,2850,351,polygon,FALSE,TRUE,America/Los_Angeles,3
9081,Biscoe,Biscoe,NC,North Carolina,37123,Montgomery,35.3585,-79.7816,2848,246,polygon,FALSE,TRUE,America/New_York,3
9082,Linden,Linden,AZ,Arizona,4017,Navajo,34.2625,-110.1424,2848,36,polygon,FALSE,FALSE,America/Phoenix,3
9083,Mountville,Mountville,PA,Pennsylvania,42071,Lancaster,40.0402,-76.4341,2847,1277,polygon,FALSE,TRUE,America/New_York,3
9084,Clayton,Clayton,AL,Alabama,1005,Barbour,31.8822,-85.4604,2847,162,polygon,FALSE,TRUE,America/Chicago,3
9085,Mount Orab,Mount Orab,OH,Ohio,39015,Brown,39.0293,-83.9267,2847,137,polygon,FALSE,TRUE,America/New_York,3
9086,Meadowood,Meadowood,PA,Pennsylvania,42019,Butler,40.8443,-79.8939,2846,701,polygon,FALSE,FALSE,America/New_York,3
9087,Eufaula,Eufaula,OK,Oklahoma,40091,McIntosh,35.2922,-95.5862,2846,166,polygon,FALSE,TRUE,America/Chicago,3
9088,Manatee Road,Manatee Road,FL,Florida,12075,Levy,29.5145,-82.9192,2845,84,polygon,FALSE,FALSE,America/New_York,3
9089,Woodlawn Beach,Woodlawn Beach,FL,Florida,12113,Santa Rosa,30.3861,-86.9931,2844,462,polygon,FALSE,FALSE,America/Chicago,3
9090,Poplar,Poplar,MT,Montana,30085,Roosevelt,48.1105,-105.1969,2844,1166,polygon,FALSE,TRUE,America/Denver,3
9091,Lucedale,Lucedale,MS,Mississippi,28039,George,30.9312,-88.5959,2843,190,polygon,FALSE,TRUE,America/Chicago,3
9092,Hacienda San José,Hacienda San Jose,PR,Puerto Rico,72025,Caguas,18.2409,-66.0721,2843,1975,polygon,FALSE,TRUE,America/Puerto_Rico,3
9093,Midway South,Midway South,TX,Texas,48215,Hidalgo,26.1567,-98.0209,2842,1057,polygon,FALSE,TRUE,America/Chicago,3
9094,Almont,Almont,MI,Michigan,26087,Lapeer,42.9208,-83.0435,2842,802,polygon,FALSE,TRUE,America/Detroit,3
9095,Mount Morris,Mount Morris,MI,Michigan,26049,Genesee,43.1176,-83.6987,2842,955,polygon,FALSE,TRUE,America/Detroit,3
9096,Chico,Chico,WA,Washington,53035,Kitsap,47.6234,-122.7198,2840,478,polygon,FALSE,FALSE,America/Los_Angeles,3
9097,Hypoluxo,Hypoluxo,FL,Florida,12099,Palm Beach,26.5634,-80.0531,2839,1932,polygon,FALSE,TRUE,America/New_York,3
9098,West Grove,West Grove,PA,Pennsylvania,42029,Chester,39.8206,-75.8284,2839,1684,polygon,FALSE,TRUE,America/New_York,3
9099,Statham,Statham,GA,Georgia,13013,Barrow,33.9646,-83.6024,2839,270,polygon,FALSE,TRUE,America/New_York,3
9100,Central Heights-Midland City,Central Heights-Midland City,AZ,Arizona,4007,Gila,33.4,-110.8153,2838,572,polygon,FALSE,TRUE,America/Phoenix,3
9101,Jean Lafitte,Jean Lafitte,LA,Louisiana,22051,Jefferson,29.7496,-90.1036,2837,131,polygon,FALSE,TRUE,America/Chicago,3
9102,Lakeland,Lakeland,GA,Georgia,13173,Lanier,31.041,-83.0748,2837,410,polygon,FALSE,TRUE,America/New_York,3
9103,West Ishpeming,West Ishpeming,MI,Michigan,26103,Marquette,46.4884,-87.717,2837,370,polygon,FALSE,FALSE,America/Detroit,3
9104,Ashland,Ashland,NE,Nebraska,31155,Saunders,41.0404,-96.3707,2836,927,polygon,FALSE,TRUE,America/Chicago,3
9105,Thayer,Thayer,MO,Missouri,29149,Oregon,36.5223,-91.5408,2836,336,polygon,FALSE,TRUE,America/Chicago,3
9106,North Boston,North Boston,NY,New York,36029,Erie,42.6773,-78.7797,2835,268,polygon,FALSE,FALSE,America/New_York,3
9107,Williams,Williams,AZ,Arizona,4005,Coconino,35.2476,-112.1833,2835,28,polygon,FALSE,TRUE,America/Phoenix,3
9108,Drumright,Drumright,OK,Oklahoma,40037,Creek,35.9893,-96.599,2835,145,polygon,FALSE,TRUE,America/Chicago,3
9109,Stigler,Stigler,OK,Oklahoma,40061,Haskell,35.2566,-95.1185,2835,382,polygon,FALSE,TRUE,America/Chicago,3
9110,Crown Heights,Crown Heights,NY,New York,36027,Dutchess,41.6416,-73.9287,2834,1296,polygon,FALSE,FALSE,America/New_York,3
9111,Mountain Iron,Mountain Iron,MN,Minnesota,27137,St. Louis,47.5473,-92.6252,2834,16,polygon,FALSE,TRUE,America/Chicago,3
9112,Canadian,Canadian,TX,Texas,48211,Hemphill,35.9096,-100.3838,2833,802,polygon,FALSE,TRUE,America/Chicago,3
9113,Kings Beach,Kings Beach,CA,California,6061,Placer,39.249,-120.0201,2833,318,polygon,FALSE,FALSE,America/Los_Angeles,3
9114,Granite Hills,Granite Hills,CA,California,6073,San Diego,32.8033,-116.9056,2833,391,polygon,FALSE,FALSE,America/Los_Angeles,3
9115,Winner,Winner,SD,South Dakota,46123,Tripp,43.3777,-99.855,2833,474,polygon,FALSE,TRUE,America/Chicago,3
9116,Amesti,Amesti,CA,California,6087,Santa Cruz,36.9583,-121.7805,2832,371,polygon,FALSE,FALSE,America/Los_Angeles,3
9117,Riverview,Riverview,MO,Missouri,29189,St. Louis,38.7441,-90.211,2832,1307,polygon,FALSE,TRUE,America/Chicago,3
9118,North Catasauqua,North Catasauqua,PA,Pennsylvania,42095,Northampton,40.664,-75.4741,2831,1522,polygon,FALSE,TRUE,America/New_York,3
9119,Apison,Apison,TN,Tennessee,47065,Hamilton,35.0105,-85.0089,2830,76,polygon,FALSE,FALSE,America/New_York,3
9120,St. Clair,St. Clair,PA,Pennsylvania,42107,Schuylkill,40.7211,-76.1903,2830,886,polygon,FALSE,TRUE,America/New_York,3
9121,Ellsworth,Ellsworth,KS,Kansas,20053,Ellsworth,38.7326,-98.2286,2830,480,polygon,FALSE,TRUE,America/Chicago,3
9122,Lake City,Lake City,GA,Georgia,13063,Clayton,33.6065,-84.3411,2829,591,polygon,FALSE,TRUE,America/New_York,3
9123,Gambrills,Gambrills,MD,Maryland,24003,Anne Arundel,39.0929,-76.6512,2829,144,polygon,FALSE,FALSE,America/New_York,3
9124,Vivian,Vivian,LA,Louisiana,22017,Caddo,32.8714,-93.9862,2827,244,polygon,FALSE,TRUE,America/Chicago,3
9125,Holly Ridge,Holly Ridge,NC,North Carolina,37133,Onslow,34.4953,-77.527,2827,272,polygon,FALSE,TRUE,America/New_York,3
9126,David City,David City,NE,Nebraska,31023,Butler,41.2549,-97.1269,2826,639,polygon,FALSE,TRUE,America/Chicago,3
9127,Pleasant Hill,Pleasant Hill,PA,Pennsylvania,42075,Lebanon,40.3369,-76.4481,2825,1480,polygon,FALSE,FALSE,America/New_York,3
9128,Watonga,Watonga,OK,Oklahoma,40011,Blaine,35.8661,-98.4166,2825,268,polygon,FALSE,TRUE,America/Chicago,3
9129,Stamford,Stamford,TX,Texas,48253,Jones,33.0156,-99.6716,2824,190,polygon,FALSE,TRUE,America/Chicago,3
9130,Moscow,Moscow,PA,Pennsylvania,42069,Lackawanna,41.3417,-75.5316,2823,275,polygon,FALSE,TRUE,America/New_York,3
9131,Lyndonville,Lyndonville,VT,Vermont,50005,Caledonia,44.5352,-72.0016,2821,635,polygon,FALSE,TRUE,America/New_York,3
9132,Brush Prairie,Brush Prairie,WA,Washington,53011,Clark,45.7251,-122.5483,2820,141,polygon,FALSE,FALSE,America/Los_Angeles,3
9133,Carrabelle,Carrabelle,FL,Florida,12037,Franklin,29.8555,-84.6685,2820,227,polygon,FALSE,TRUE,America/New_York,3
9134,Homedale,Homedale,ID,Idaho,16073,Owyhee,43.6154,-116.9379,2820,743,polygon,FALSE,TRUE,America/Boise,3
9135,Westminster,Westminster,LA,Louisiana,22033,East Baton Rouge,30.408,-91.0906,2819,969,polygon,FALSE,FALSE,America/Chicago,3
9136,Lodi,Lodi,OH,Ohio,39103,Medina,41.0348,-82.0122,2819,498,polygon,FALSE,TRUE,America/New_York,3
9137,Perkins,Perkins,OK,Oklahoma,40119,Payne,35.978,-97.0299,2817,358,polygon,FALSE,TRUE,America/Chicago,3
9138,Minster,Minster,OH,Ohio,39011,Auglaize,40.3947,-84.3789,2817,522,polygon,FALSE,TRUE,America/New_York,3
9139,Owensville,Owensville,MO,Missouri,29073,Gasconade,38.349,-91.4974,2817,378,polygon,FALSE,TRUE,America/Chicago,3
9140,Milaca,Milaca,MN,Minnesota,27095,Mille Lacs,45.7573,-93.6522,2816,342,polygon,FALSE,TRUE,America/Chicago,3
9141,Blountville,Blountville,TN,Tennessee,47163,Sullivan,36.533,-82.329,2813,220,polygon,FALSE,FALSE,America/New_York,3
9142,Wilton,Wilton,IA,Iowa,19139,Muscatine,41.5898,-91.0271,2813,529,polygon,FALSE,TRUE,America/Chicago,3
9143,Bar Nunn,Bar Nunn,WY,Wyoming,56025,Natrona,42.922,-106.3475,2812,517,polygon,FALSE,TRUE,America/Denver,3
9144,Escatawpa,Escatawpa,MS,Mississippi,28059,Jackson,30.4912,-88.5495,2811,162,polygon,FALSE,FALSE,America/Chicago,3
9145,Watergate,Watergate,FL,Florida,12099,Palm Beach,26.3359,-80.2126,2810,2655,polygon,FALSE,TRUE,America/New_York,2
9146,Clearbrook Park,Clearbrook Park,NJ,New Jersey,34023,Middlesex,40.3096,-74.4644,2810,1241,polygon,FALSE,FALSE,America/New_York,3
9147,Halfway House,Halfway House,PA,Pennsylvania,42091,Montgomery,40.2795,-75.6402,2810,529,polygon,FALSE,FALSE,America/New_York,3
9148,Lesslie,Lesslie,SC,South Carolina,45091,York,34.8856,-80.9541,2809,178,polygon,FALSE,FALSE,America/New_York,3
9149,Wolfdale,Wolfdale,PA,Pennsylvania,42125,Washington,40.1983,-80.3028,2808,451,polygon,FALSE,FALSE,America/New_York,3
9150,Staples,Staples,MN,Minnesota,27153,Todd,46.369,-94.8018,2808,243,polygon,FALSE,TRUE,America/Chicago,3
9151,Woodbury,Woodbury,TN,Tennessee,47015,Cannon,35.8247,-86.0725,2807,568,polygon,FALSE,TRUE,America/Chicago,3
9152,Douglas,Douglas,MI,Michigan,26005,Allegan,42.641,-86.2082,2806,291,polygon,FALSE,TRUE,America/Detroit,3
9153,Kenhorst,Kenhorst,PA,Pennsylvania,42011,Berks,40.3069,-75.9438,2805,1847,polygon,FALSE,TRUE,America/New_York,3
9154,Sixteen Mile Stand,Sixteen Mile Stand,OH,Ohio,39061,Hamilton,39.2749,-84.3265,2804,972,polygon,FALSE,FALSE,America/New_York,3
9155,Roseau,Roseau,MN,Minnesota,27135,Roseau,48.8446,-95.7623,2804,390,polygon,FALSE,TRUE,America/Chicago,3
9156,Richmond,Richmond,UT,Utah,49005,Cache,41.923,-111.8075,2803,314,polygon,FALSE,TRUE,America/Denver,3
9157,Lanai City,Lanai City,HI,Hawaii,15009,Maui,20.8279,-156.9147,2802,159,polygon,FALSE,FALSE,Pacific/Honolulu,3
9158,Lake Helen,Lake Helen,FL,Florida,12127,Volusia,28.9828,-81.2306,2801,241,polygon,FALSE,TRUE,America/New_York,3
9159,Brockway,Brockway,PA,Pennsylvania,42065,Jefferson,41.2469,-78.7929,2801,685,polygon,FALSE,TRUE,America/New_York,3
9160,Bushnell,Bushnell,IL,Illinois,17109,McDonough,40.5518,-90.5045,2800,522,polygon,FALSE,TRUE,America/Chicago,3
9161,Wernersville,Wernersville,PA,Pennsylvania,42011,Berks,40.3302,-76.082,2799,1438,polygon,FALSE,TRUE,America/New_York,3
9162,Warden,Warden,WA,Washington,53025,Grant,46.9672,-119.0523,2798,369,polygon,FALSE,TRUE,America/Los_Angeles,3
9163,Bennett,Bennett,CO,Colorado,8001,Adams,39.7367,-104.4287,2798,186,polygon,FALSE,TRUE,America/Denver,3
9164,Fraser,Fraser,CO,Colorado,8049,Grand,39.9303,-105.803,2798,148,polygon,FALSE,TRUE,America/Denver,3
9165,Sneads Ferry,Sneads Ferry,NC,North Carolina,37133,Onslow,34.5564,-77.3824,2797,284,polygon,FALSE,FALSE,America/New_York,3
9166,Lakewood,Lakewood,NY,New York,36013,Chautauqua,42.0991,-79.32,2797,546,polygon,FALSE,TRUE,America/New_York,3
9167,Seward,Seward,AK,Alaska,2122,Kenai Peninsula,60.1124,-149.3925,2796,77,polygon,FALSE,TRUE,America/Anchorage,3
9168,Davis,Davis,OK,Oklahoma,40099,Murray,34.4577,-97.1655,2796,101,polygon,FALSE,TRUE,America/Chicago,3
9169,Mount Healthy Heights,Mount Healthy Heights,OH,Ohio,39061,Hamilton,39.2702,-84.5693,2796,1455,polygon,FALSE,FALSE,America/New_York,3
9170,Montana City,Montana City,MT,Montana,30043,Jefferson,46.5257,-111.94,2796,31,polygon,FALSE,FALSE,America/Denver,3
9171,Lake Arthur,Lake Arthur,LA,Louisiana,22053,Jefferson Davis,30.0795,-92.6773,2795,572,polygon,FALSE,TRUE,America/Chicago,3
9172,West Portsmouth,West Portsmouth,OH,Ohio,39145,Scioto,38.7622,-83.0416,2795,229,polygon,FALSE,FALSE,America/New_York,3
9173,Village of Grosse Pointe Shores,Village of Grosse Pointe Shores,MI,Michigan,26163,Wayne,42.437,-82.8787,2794,968,polygon,FALSE,TRUE,America/Toronto,3
9174,Harbor Bluffs,Harbor Bluffs,FL,Florida,12103,Pinellas,27.908,-82.827,2793,1548,polygon,FALSE,FALSE,America/New_York,3
9175,Rineyville,Rineyville,KY,Kentucky,21093,Hardin,37.7502,-85.9703,2793,236,polygon,FALSE,FALSE,America/New_York,3
9176,Beach City,Beach City,TX,Texas,48071,Chambers,29.7269,-94.8549,2792,240,polygon,FALSE,TRUE,America/Chicago,3
9177,North Kingsville,North Kingsville,OH,Ohio,39007,Ashtabula,41.9189,-80.6724,2792,121,polygon,FALSE,TRUE,America/New_York,3
9178,Guntown,Guntown,MS,Mississippi,28081,Lee,34.4447,-88.6641,2792,231,polygon,FALSE,TRUE,America/Chicago,3
9179,Arcola,Arcola,IL,Illinois,17041,Douglas,39.6833,-88.3013,2789,540,polygon,FALSE,TRUE,America/Chicago,3
9180,Weatogue,Weatogue,CT,Connecticut,9003,Hartford,41.8459,-72.8294,2788,359,polygon,FALSE,FALSE,America/New_York,3
9181,Gloverville,Gloverville,SC,South Carolina,45003,Aiken,33.5274,-81.8145,2788,296,polygon,FALSE,FALSE,America/New_York,3
9182,West Hammond,West Hammond,NM,New Mexico,35045,San Juan,36.6812,-108.0492,2787,138,polygon,FALSE,TRUE,America/Denver,3
9183,Marshville,Marshville,NC,North Carolina,37179,Union,34.9867,-80.3685,2787,516,polygon,FALSE,TRUE,America/New_York,3
9184,Grantville,Grantville,GA,Georgia,13077,Coweta,33.2371,-84.8293,2787,219,polygon,FALSE,TRUE,America/New_York,3
9185,Las Lomas,Las Lomas,TX,Texas,48427,Starr,26.3638,-98.7747,2786,2736,polygon,FALSE,FALSE,America/Chicago,2
9186,Little Flock,Little Flock,AR,Arkansas,5007,Benton,36.3854,-94.1364,2786,143,polygon,FALSE,TRUE,America/Chicago,3
9187,Alianza,Alianza,PR,Puerto Rico,72027,Camuy,18.4533,-66.8556,2786,1074,polygon,FALSE,FALSE,America/Puerto_Rico,3
9188,Knob Noster,Knob Noster,MO,Missouri,29101,Johnson,38.7674,-93.5616,2785,373,polygon,FALSE,TRUE,America/Chicago,3
9189,Colfax,Colfax,WA,Washington,53075,Whitman,46.903,-117.3399,2784,293,polygon,FALSE,TRUE,America/Los_Angeles,3
9190,Schulenburg,Schulenburg,TX,Texas,48149,Fayette,29.682,-96.9075,2784,430,polygon,FALSE,TRUE,America/Chicago,3
9191,Lula,Lula,GA,Georgia,13139,Hall,34.3956,-83.6655,2781,269,polygon,FALSE,TRUE,America/New_York,3
9192,Rising Sun,Rising Sun,MD,Maryland,24015,Cecil,39.7003,-76.0587,2781,660,polygon,FALSE,TRUE,America/New_York,3
9193,Sisters,Sisters,OR,Oregon,41017,Deschutes,44.292,-121.5534,2781,571,polygon,FALSE,TRUE,America/Los_Angeles,3
9194,Fearrington Village,Fearrington Village,NC,North Carolina,37037,Chatham,35.7996,-79.0818,2780,600,polygon,FALSE,FALSE,America/New_York,3
9195,Munising,Munising,MI,Michigan,26003,Alger,46.4172,-86.6439,2780,161,polygon,FALSE,TRUE,America/Detroit,3
9196,South Padre Island,South Padre Island,TX,Texas,48061,Cameron,26.1218,-97.1703,2778,399,polygon,FALSE,TRUE,America/Chicago,3
9197,Allendale,Allendale,SC,South Carolina,45005,Allendale,33.008,-81.3092,2777,341,polygon,FALSE,TRUE,America/New_York,3
9198,Brighton,Brighton,AL,Alabama,1073,Jefferson,33.4393,-86.9454,2775,757,polygon,FALSE,TRUE,America/Chicago,3
9199,Harveys Lake,Harveys Lake,PA,Pennsylvania,42079,Luzerne,41.3626,-76.0381,2774,205,polygon,FALSE,TRUE,America/New_York,3
9200,Caruthers,Caruthers,CA,California,6019,Fresno,36.5399,-119.845,2773,529,polygon,FALSE,FALSE,America/Los_Angeles,3
9201,Sublimity,Sublimity,OR,Oregon,41047,Marion,44.8293,-122.7925,2772,1149,polygon,FALSE,TRUE,America/Los_Angeles,3
9202,Port Ludlow,Port Ludlow,WA,Washington,53031,Jefferson,47.9101,-122.7006,2771,92,polygon,FALSE,FALSE,America/Los_Angeles,3
9203,Vinton,Vinton,LA,Louisiana,22019,Calcasieu,30.1957,-93.5818,2771,244,polygon,FALSE,TRUE,America/Chicago,3
9204,Voorheesville,Voorheesville,NY,New York,36001,Albany,42.6518,-73.9349,2771,500,polygon,FALSE,TRUE,America/New_York,3
9205,Bethel Heights,Bethel Heights,AR,Arkansas,5007,Benton,36.2262,-94.1282,2771,482,polygon,FALSE,TRUE,America/Chicago,3
9206,Clever,Clever,MO,Missouri,29043,Christian,37.0326,-93.474,2770,846,polygon,FALSE,TRUE,America/Chicago,3
9207,Troutman,Troutman,NC,North Carolina,37097,Iredell,35.6875,-80.883,2769,188,polygon,FALSE,TRUE,America/New_York,3
9208,Albany,Albany,MN,Minnesota,27145,Stearns,45.6284,-94.5677,2769,491,polygon,FALSE,TRUE,America/Chicago,3
9209,Stansberry Lake,Stansberry Lake,WA,Washington,53053,Pierce,47.3814,-122.7154,2768,516,polygon,FALSE,TRUE,America/Los_Angeles,3
9210,Marietta,Marietta,OK,Oklahoma,40085,Love,33.9355,-97.1242,2768,439,polygon,FALSE,TRUE,America/Chicago,3
9211,Hudson,Hudson,CO,Colorado,8123,Weld,40.0898,-104.6216,2767,186,polygon,FALSE,TRUE,America/Denver,3
9212,Ithaca,Ithaca,MI,Michigan,26057,Gratiot,43.2912,-84.5956,2766,187,polygon,FALSE,TRUE,America/Detroit,3
9213,Kalkaska,Kalkaska,MI,Michigan,26079,Kalkaska,44.7322,-85.1781,2766,256,polygon,FALSE,TRUE,America/Detroit,3
9214,Luyando,Luyando,PR,Puerto Rico,72003,Aguada,18.3575,-67.1553,2766,652,polygon,FALSE,FALSE,America/Puerto_Rico,3
9215,Big Lake,Big Lake,AK,Alaska,2170,Matanuska-Susitna,61.526,-149.972,2765,9,polygon,FALSE,FALSE,America/Anchorage,3
9216,Ford City,Ford City,PA,Pennsylvania,42005,Armstrong,40.7693,-79.5327,2764,1655,polygon,FALSE,TRUE,America/New_York,3
9217,Pawnee,Pawnee,IL,Illinois,17167,Sangamon,39.5937,-89.5824,2764,827,polygon,FALSE,TRUE,America/Chicago,3
9218,Hidden Springs,Hidden Springs,ID,Idaho,16001,Ada,43.7198,-116.2512,2764,422,polygon,FALSE,TRUE,America/Boise,3
9219,Tainter Lake,Tainter Lake,WI,Wisconsin,55033,Dunn,44.9882,-91.8437,2763,57,polygon,FALSE,FALSE,America/Chicago,3
9220,Central City,Central City,NE,Nebraska,31121,Merrick,41.1133,-98.0003,2763,477,polygon,FALSE,TRUE,America/Chicago,3
9221,Lakeside Park,Lakeside Park,KY,Kentucky,21117,Kenton,39.0338,-84.5674,2762,1360,polygon,FALSE,TRUE,America/New_York,3
9222,Gervais,Gervais,OR,Oregon,41047,Marion,45.1078,-122.8962,2762,2762,polygon,FALSE,TRUE,America/Los_Angeles,2
9223,Loris,Loris,SC,South Carolina,45051,Horry,34.0575,-78.8876,2761,234,polygon,FALSE,TRUE,America/New_York,3
9224,Talty,Talty,TX,Texas,48257,Kaufman,32.6945,-96.4007,2760,314,polygon,FALSE,TRUE,America/Chicago,3
9225,Platteville,Platteville,CO,Colorado,8123,Weld,40.2221,-104.834,2760,346,polygon,FALSE,TRUE,America/Denver,3
9226,Dixon Lane-Meadow Creek,Dixon Lane-Meadow Creek,CA,California,6027,Inyo,37.3864,-118.4152,2760,317,polygon,FALSE,TRUE,America/Los_Angeles,3
9227,Soda Springs,Soda Springs,ID,Idaho,16029,Caribou,42.659,-111.5878,2760,263,polygon,FALSE,TRUE,America/Boise,3
9228,Geneva,Geneva,FL,Florida,12117,Seminole,28.7377,-81.1143,2759,91,polygon,FALSE,FALSE,America/New_York,3
9229,Windsor,Windsor,VA,Virginia,51093,Isle of Wight,36.8095,-76.7406,2758,265,polygon,FALSE,TRUE,America/New_York,3
9230,Westworth Village,Westworth Village,TX,Texas,48439,Tarrant,32.7599,-97.4239,2757,513,polygon,FALSE,TRUE,America/Chicago,3
9231,Mariano Colón,Mariano Colon,PR,Puerto Rico,72043,Coamo,18.0287,-66.3356,2757,715,polygon,FALSE,FALSE,America/Puerto_Rico,3
9232,Wilson's Mills,Wilson's Mills,NC,North Carolina,37101,Johnston,35.5863,-78.3644,2756,205,polygon,FALSE,TRUE,America/New_York,3
9233,Fairmount,Fairmount,IN,Indiana,18053,Grant,40.4173,-85.6477,2756,673,polygon,FALSE,TRUE,America/Indiana/Indianapolis,3
9234,Tangelo Park,Tangelo Park,FL,Florida,12095,Orange,28.456,-81.4465,2755,3031,polygon,FALSE,FALSE,America/New_York,2
9235,Mission Canyon,Mission Canyon,CA,California,6083,Santa Barbara,34.4534,-119.7125,2755,705,polygon,FALSE,FALSE,America/Los_Angeles,3
9236,Park View,Park View,IA,Iowa,19163,Scott,41.6922,-90.5393,2755,1005,polygon,FALSE,FALSE,America/Chicago,3
9237,Kulpmont,Kulpmont,PA,Pennsylvania,42097,Northumberland,40.7951,-76.4718,2754,1107,polygon,FALSE,TRUE,America/New_York,3
9238,Blue Hills,Blue Hills,CT,Connecticut,9003,Hartford,41.8134,-72.6954,2753,912,polygon,FALSE,FALSE,America/New_York,3
9239,Plainsboro Center,Plainsboro Center,NJ,New Jersey,34023,Middlesex,40.3311,-74.5937,2752,1400,polygon,FALSE,FALSE,America/New_York,3
9240,Potterville,Potterville,MI,Michigan,26045,Eaton,42.6299,-84.7433,2752,608,polygon,FALSE,TRUE,America/Detroit,3
9241,Sells,Sells,AZ,Arizona,4019,Pima,31.9202,-111.8775,2749,111,polygon,FALSE,FALSE,America/Phoenix,3
9242,Coventry Lake,Coventry Lake,CT,Connecticut,9013,Tolland,41.7736,-72.3287,2749,363,polygon,FALSE,FALSE,America/New_York,3
9243,Norway,Norway,MI,Michigan,26043,Dickinson,45.8018,-87.9132,2748,121,polygon,FALSE,TRUE,America/Menominee,3
9244,Horseheads North,Horseheads North,NY,New York,36015,Chemung,42.1928,-76.8078,2747,479,polygon,FALSE,TRUE,America/New_York,3
9245,Burnettown,Burnettown,SC,South Carolina,45003,Aiken,33.5186,-81.8634,2747,192,polygon,FALSE,TRUE,America/New_York,3
9246,Crest,Crest,CA,California,6073,San Diego,32.8,-116.8671,2746,162,polygon,FALSE,FALSE,America/Los_Angeles,3
9247,Refugio,Refugio,TX,Texas,48391,Refugio,28.3073,-97.275,2745,670,polygon,FALSE,TRUE,America/Chicago,3
9248,Luverne,Luverne,AL,Alabama,1041,Crenshaw,31.7186,-86.2687,2744,67,polygon,FALSE,TRUE,America/Chicago,3
9249,Dayton,Dayton,OR,Oregon,41071,Yamhill,45.2198,-123.0781,2744,1264,polygon,FALSE,TRUE,America/Los_Angeles,3
9250,Amery,Amery,WI,Wisconsin,55095,Polk,45.3045,-92.3635,2743,350,polygon,FALSE,TRUE,America/Chicago,3
9251,Wailua,Wailua,HI,Hawaii,15007,Kauai,22.055,-159.3406,2742,716,polygon,FALSE,FALSE,Pacific/Honolulu,3
9252,Chester Heights,Chester Heights,PA,Pennsylvania,42045,Delaware,39.8926,-75.4698,2742,478,polygon,FALSE,TRUE,America/New_York,3
9253,Shorewood Forest,Shorewood Forest,IN,Indiana,18127,Porter,41.4598,-87.1497,2742,557,polygon,FALSE,FALSE,America/Chicago,3
9254,Odem,Odem,TX,Texas,48409,San Patricio,27.9463,-97.5865,2741,780,polygon,FALSE,TRUE,America/Chicago,3
9255,Coeburn,Coeburn,VA,Virginia,51195,Wise,36.9444,-82.4698,2741,365,polygon,FALSE,TRUE,America/New_York,3
9256,Manchester,Manchester,PA,Pennsylvania,42133,York,40.0614,-76.7194,2740,1346,polygon,FALSE,TRUE,America/New_York,3
9257,Gilman,Gilman,IL,Illinois,17075,Iroquois,40.7627,-87.9973,2740,274,polygon,FALSE,TRUE,America/Chicago,3
9258,Oak Harbor,Oak Harbor,OH,Ohio,39123,Ottawa,41.5122,-83.1425,2740,675,polygon,FALSE,TRUE,America/New_York,3
9259,Petersburg,Petersburg,WV,West Virginia,54023,Grant,38.9957,-79.1276,2739,633,polygon,FALSE,TRUE,America/New_York,3
9260,Emajagua,Emajagua,PR,Puerto Rico,72095,Maunabo,18.0015,-65.8829,2739,1244,polygon,FALSE,FALSE,America/Puerto_Rico,3
9261,Middlebush,Middlebush,NJ,New Jersey,34035,Somerset,40.5015,-74.5349,2738,531,polygon,FALSE,FALSE,America/New_York,3
9262,Sylva,Sylva,NC,North Carolina,37099,Jackson,35.3754,-83.2185,2738,333,polygon,FALSE,TRUE,America/New_York,3
9263,Wind Gap,Wind Gap,PA,Pennsylvania,42095,Northampton,40.8484,-75.2917,2738,789,polygon,FALSE,TRUE,America/New_York,3
9264,Dodge Center,Dodge Center,MN,Minnesota,27039,Dodge,44.0289,-92.8507,2738,509,polygon,FALSE,TRUE,America/Chicago,3
9265,Osseo,Osseo,MN,Minnesota,27053,Hennepin,45.1179,-93.3992,2738,1424,polygon,FALSE,TRUE,America/Chicago,3
9266,Crescent City,Crescent City,FL,Florida,12107,Putnam,29.4375,-81.5173,2737,287,polygon,FALSE,TRUE,America/New_York,3
9267,Cajah's Mountain,Cajah's Mountain,NC,North Carolina,37027,Caldwell,35.8507,-81.5361,2737,310,polygon,FALSE,TRUE,America/New_York,3
9268,Ballville,Ballville,OH,Ohio,39143,Sandusky,41.3269,-83.1367,2737,389,polygon,FALSE,FALSE,America/New_York,3
9269,Seven Fields,Seven Fields,PA,Pennsylvania,42019,Butler,40.6867,-80.0639,2736,1311,polygon,FALSE,TRUE,America/New_York,3
9270,Palisade,Palisade,CO,Colorado,8077,Mesa,39.1083,-108.3573,2736,889,polygon,FALSE,TRUE,America/Denver,3
9271,Lindsay,Lindsay,OK,Oklahoma,40049,Garvin,34.8392,-97.6105,2734,454,polygon,FALSE,TRUE,America/Chicago,3
9272,Ava,Ava,MO,Missouri,29067,Douglas,36.9546,-92.6661,2734,335,polygon,FALSE,TRUE,America/Chicago,3
9273,Springdale,Springdale,SC,South Carolina,45063,Lexington,33.9616,-81.1119,2733,390,polygon,FALSE,TRUE,America/New_York,3
9274,Palmhurst,Palmhurst,TX,Texas,48215,Hidalgo,26.2583,-98.2953,2732,237,polygon,FALSE,TRUE,America/Chicago,3
9275,Snowmass Village,Snowmass Village,CO,Colorado,8097,Pitkin,39.2207,-106.9386,2732,39,polygon,FALSE,TRUE,America/Denver,3
9276,Longtown,Longtown,OK,Oklahoma,40121,Pittsburg,35.2405,-95.5183,2731,39,polygon,FALSE,FALSE,America/Chicago,3
9277,Elm Creek,Elm Creek,TX,Texas,48323,Maverick,28.7782,-100.4911,2730,372,polygon,FALSE,FALSE,America/Chicago,3
9278,Pearisburg,Pearisburg,VA,Virginia,51071,Giles,37.3289,-80.7275,2729,318,polygon,FALSE,TRUE,America/New_York,3
9279,Kingston Springs,Kingston Springs,TN,Tennessee,47021,Cheatham,36.0841,-87.1039,2727,104,polygon,FALSE,TRUE,America/Chicago,3
9280,Evendale,Evendale,OH,Ohio,39061,Hamilton,39.2509,-84.4268,2727,220,polygon,FALSE,TRUE,America/New_York,3
9281,Riverview Park,Riverview Park,PA,Pennsylvania,42011,Berks,40.3912,-75.9509,2726,1061,polygon,FALSE,FALSE,America/New_York,3
9282,Garden View,Garden View,PA,Pennsylvania,42081,Lycoming,41.2569,-77.049,2726,993,polygon,FALSE,FALSE,America/New_York,3
9283,Moulton,Moulton,AL,Alabama,1079,Lawrence,34.4843,-87.2831,2726,208,polygon,FALSE,TRUE,America/Chicago,3
9284,Knoxville,Knoxville,IL,Illinois,17095,Knox,40.907,-90.2857,2726,447,polygon,FALSE,TRUE,America/Chicago,3
9285,Hartford,Hartford,KY,Kentucky,21183,Ohio,37.4506,-86.893,2726,374,polygon,FALSE,TRUE,America/Chicago,3
9286,Weston,Weston,NJ,New Jersey,34035,Somerset,40.5224,-74.5765,2725,755,polygon,FALSE,FALSE,America/New_York,3
9287,Weed,Weed,CA,California,6093,Siskiyou,41.4128,-122.3816,2725,220,polygon,FALSE,TRUE,America/Los_Angeles,3
9288,Cohasset,Cohasset,MN,Minnesota,27061,Itasca,47.2389,-93.6396,2725,39,polygon,FALSE,TRUE,America/Chicago,3
9289,Polk City,Polk City,FL,Florida,12105,Polk,28.1805,-81.8295,2724,235,polygon,FALSE,TRUE,America/New_York,3
9290,Alva,Alva,FL,Florida,12071,Lee,26.7188,-81.6269,2724,60,polygon,FALSE,FALSE,America/New_York,3
9291,Reynoldsville,Reynoldsville,PA,Pennsylvania,42065,Jefferson,41.0946,-78.888,2724,697,polygon,FALSE,TRUE,America/New_York,3
9292,Santa Rosa,Santa Rosa,TX,Texas,48061,Cameron,26.2562,-97.8253,2723,1362,polygon,FALSE,TRUE,America/Chicago,3
9293,Ashley,Ashley,PA,Pennsylvania,42079,Luzerne,41.2128,-75.8994,2723,1137,polygon,FALSE,TRUE,America/New_York,3
9294,Homestead Valley,Homestead Valley,CA,California,6071,San Bernardino,34.273,-116.4145,2723,31,polygon,FALSE,TRUE,America/Los_Angeles,3
9295,Aberdeen Proving Ground,Aberdeen Proving Ground,MD,Maryland,24025,Harford,39.4673,-76.1308,2723,94,polygon,TRUE,TRUE,America/New_York,3
9296,Youngsville,Youngsville,PA,Pennsylvania,42123,Warren,41.8524,-79.3167,2722,467,polygon,FALSE,TRUE,America/New_York,3
9297,Fayetteville,Fayetteville,WV,West Virginia,54019,Fayette,38.0622,-81.1084,2720,188,polygon,FALSE,TRUE,America/New_York,3
9298,Wentworth,Wentworth,NC,North Carolina,37157,Rockingham,36.3914,-79.751,2720,73,polygon,FALSE,TRUE,America/New_York,3
9299,Muse,Muse,PA,Pennsylvania,42125,Washington,40.2924,-80.2055,2720,676,polygon,FALSE,FALSE,America/New_York,3
9300,North Browning,North Browning,MT,Montana,30035,Glacier,48.5684,-113.0171,2720,275,polygon,FALSE,FALSE,America/Denver,3
9301,Ravenel,Ravenel,SC,South Carolina,45019,Charleston,32.7768,-80.2272,2720,83,polygon,FALSE,TRUE,America/New_York,3
9302,Shelby,Shelby,MT,Montana,30101,Toole,48.5031,-111.8615,2719,201,polygon,FALSE,TRUE,America/Denver,3
9303,Tobaccoville,Tobaccoville,NC,North Carolina,37067,Forsyth,36.2256,-80.3591,2718,137,polygon,FALSE,TRUE,America/New_York,3
9304,Wellford,Wellford,SC,South Carolina,45083,Spartanburg,34.9615,-82.0922,2718,243,polygon,FALSE,TRUE,America/New_York,3
9305,South Creek,South Creek,WA,Washington,53053,Pierce,46.9994,-122.3921,2716,135,polygon,FALSE,TRUE,America/Los_Angeles,3
9306,Cambridge,Cambridge,WI,Wisconsin,55055,Jefferson,43.0071,-89.0214,2715,402,polygon,FALSE,TRUE,America/Chicago,3
9307,Hamilton,Hamilton,IL,Illinois,17067,Hancock,40.3899,-91.3623,2715,294,polygon,FALSE,TRUE,America/Chicago,3
9308,West Sand Lake,West Sand Lake,NY,New York,36083,Rensselaer,42.6403,-73.6032,2714,222,polygon,FALSE,FALSE,America/New_York,3
9309,Greensboro,Greensboro,GA,Georgia,13133,Greene,33.5678,-83.1878,2714,189,polygon,FALSE,TRUE,America/New_York,3
9310,Perryman,Perryman,MD,Maryland,24025,Harford,39.4633,-76.2115,2712,190,polygon,FALSE,FALSE,America/New_York,3
9311,Henrietta,Henrietta,TX,Texas,48077,Clay,33.8147,-98.1925,2711,237,polygon,FALSE,TRUE,America/Chicago,3
9312,Follansbee,Follansbee,WV,West Virginia,54009,Brooke,40.3385,-80.5976,2710,567,polygon,FALSE,TRUE,America/New_York,3
9313,Munsey Park,Munsey Park,NY,New York,36059,Nassau,40.799,-73.6799,2710,2012,polygon,FALSE,TRUE,America/New_York,2
9314,Bonners Ferry,Bonners Ferry,ID,Idaho,16021,Boundary,48.6928,-116.3183,2710,432,polygon,FALSE,TRUE,America/Los_Angeles,3
9315,Bermuda Run,Bermuda Run,NC,North Carolina,37059,Davie,36.0033,-80.4311,2709,451,polygon,FALSE,TRUE,America/New_York,3
9316,Newport,Newport,WA,Washington,53051,Pend Oreille,48.1788,-117.0543,2708,618,polygon,FALSE,TRUE,America/Los_Angeles,3
9317,Lakehurst,Lakehurst,NJ,New Jersey,34029,Ocean,40.0132,-74.3201,2708,1168,polygon,FALSE,TRUE,America/New_York,3
9318,Lake Wilderness,Lake Wilderness,VA,Virginia,51177,Spotsylvania,38.3036,-77.7276,2708,503,polygon,FALSE,TRUE,America/New_York,3
9319,Walton Park,Walton Park,NY,New York,36071,Orange,41.3118,-74.2249,2707,448,polygon,FALSE,FALSE,America/New_York,3
9320,Redwood,Redwood,OR,Oregon,41033,Josephine,42.4219,-123.3915,2707,302,polygon,FALSE,FALSE,America/Los_Angeles,3
9321,Tomahawk,Tomahawk,WI,Wisconsin,55069,Lincoln,45.4746,-89.7228,2705,154,polygon,FALSE,TRUE,America/Chicago,3
9322,Strasburg,Strasburg,CO,Colorado,8005,Arapahoe,39.7181,-104.3195,2705,50,polygon,FALSE,FALSE,America/Denver,3
9323,Carson,Carson,WA,Washington,53059,Skamania,45.7353,-121.8219,2703,217,polygon,FALSE,FALSE,America/Los_Angeles,3
9324,Jesup,Jesup,IA,Iowa,19019,Buchanan,42.4746,-92.0657,2703,569,polygon,FALSE,TRUE,America/Chicago,3
9325,Desert Hills,Desert Hills,AZ,Arizona,4015,Mohave,34.5506,-114.3754,2703,242,polygon,FALSE,FALSE,America/Los_Angeles,3
9326,Brooklyn,Brooklyn,MI,Michigan,26075,Jackson,42.1058,-84.2491,2703,449,polygon,FALSE,TRUE,America/Detroit,3
9327,Moonachie,Moonachie,NJ,New Jersey,34003,Bergen,40.8409,-74.059,2702,603,polygon,FALSE,TRUE,America/New_York,3
9328,Grape Creek,Grape Creek,TX,Texas,48451,Tom Green,31.5817,-100.5474,2701,66,polygon,FALSE,FALSE,America/Chicago,3
9329,Stroud,Stroud,OK,Oklahoma,40081,Lincoln,35.768,-96.6474,2700,90,polygon,FALSE,TRUE,America/Chicago,3
9330,Warm Beach,Warm Beach,WA,Washington,53061,Snohomish,48.1649,-122.3442,2699,255,polygon,FALSE,FALSE,America/Los_Angeles,3
9331,Glen Rose,Glen Rose,TX,Texas,48425,Somervell,32.2462,-97.7441,2699,266,polygon,FALSE,TRUE,America/Chicago,3
9332,St. Marys,St. Marys,KS,Kansas,20149,Pottawatomie,39.1942,-96.0643,2699,871,polygon,FALSE,TRUE,America/Chicago,3
9333,Havana,Havana,FL,Florida,12039,Gadsden,30.6298,-84.4133,2698,240,polygon,FALSE,TRUE,America/New_York,3
9334,North Falmouth,North Falmouth,MA,Massachusetts,25001,Barnstable,41.6395,-70.626,2698,267,polygon,FALSE,FALSE,America/New_York,3
9335,El Paso,El Paso,IL,Illinois,17203,Woodford,40.7405,-89.0182,2697,491,polygon,FALSE,TRUE,America/Chicago,3
9336,Scott AFB,Scott AFB,IL,Illinois,17163,St. Clair,38.5412,-89.8528,2697,241,polygon,TRUE,TRUE,America/Chicago,3
9337,Lakeview Estates,Lakeview Estates,GA,Georgia,13247,Rockdale,33.7046,-84.0367,2697,2048,polygon,FALSE,FALSE,America/New_York,2
9338,Piedra Aguza,Piedra Aguza,PR,Puerto Rico,72075,Juana Díaz,18.0339,-66.4949,2697,1761,polygon,FALSE,TRUE,America/Puerto_Rico,3
9339,Many,Many,LA,Louisiana,22085,Sabine,31.5663,-93.4779,2696,298,polygon,FALSE,TRUE,America/Chicago,3
9340,New Cordell,New Cordell,OK,Oklahoma,40149,Washita,35.2973,-98.9815,2696,414,polygon,FALSE,TRUE,America/Chicago,3
9341,Shell Point,Shell Point,SC,South Carolina,45013,Beaufort,32.3744,-80.7523,2694,266,polygon,FALSE,FALSE,America/New_York,3
9342,Aspinwall,Aspinwall,PA,Pennsylvania,42003,Allegheny,40.493,-79.9038,2693,2969,polygon,FALSE,TRUE,America/New_York,2
9343,Montara,Montara,CA,California,6081,San Mateo,37.5482,-122.4924,2692,268,polygon,FALSE,FALSE,America/Los_Angeles,3
9344,Cayucos,Cayucos,CA,California,6079,San Luis Obispo,35.4375,-120.8847,2692,335,polygon,FALSE,FALSE,America/Los_Angeles,3
9345,Drum Point,Drum Point,MD,Maryland,24009,Calvert,38.3325,-76.4295,2692,624,polygon,FALSE,FALSE,America/New_York,3
9346,White Salmon,White Salmon,WA,Washington,53039,Klickitat,45.7283,-121.4856,2691,690,polygon,FALSE,TRUE,America/Los_Angeles,3
9347,Pine Air,Pine Air,FL,Florida,12099,Palm Beach,26.6588,-80.1073,2691,3182,polygon,FALSE,TRUE,America/New_York,2
9348,Timberville,Timberville,VA,Virginia,51165,Rockingham,38.634,-78.773,2691,810,polygon,FALSE,TRUE,America/New_York,3
9349,Solon,Solon,IA,Iowa,19103,Johnson,41.8055,-91.4961,2690,783,polygon,FALSE,TRUE,America/Chicago,3
9350,Chandler,Chandler,OK,Oklahoma,40081,Lincoln,35.7237,-96.8951,2690,131,polygon,FALSE,TRUE,America/Chicago,3
9351,Tusculum,Tusculum,TN,Tennessee,47059,Greene,36.175,-82.7454,2689,213,polygon,FALSE,TRUE,America/New_York,3
9352,Wendell,Wendell,ID,Idaho,16047,Gooding,42.7745,-114.7025,2689,745,polygon,FALSE,TRUE,America/Boise,3
9353,Norton,Norton,KS,Kansas,20137,Norton,39.8362,-99.8916,2689,550,polygon,FALSE,TRUE,America/Chicago,3
9354,Strasburg,Strasburg,OH,Ohio,39157,Tuscarawas,40.6007,-81.5295,2688,747,polygon,FALSE,TRUE,America/New_York,3
9355,Gastonville,Gastonville,PA,Pennsylvania,42125,Washington,40.2669,-80.0095,2687,380,polygon,FALSE,FALSE,America/New_York,3
9356,Jamestown,Jamestown,CA,California,6109,Tuolumne,37.9574,-120.411,2687,345,polygon,FALSE,FALSE,America/Los_Angeles,3
9357,Electra,Electra,TX,Texas,48485,Wichita,34.0325,-98.92,2686,342,polygon,FALSE,TRUE,America/Chicago,3
9358,Abernathy,Abernathy,TX,Texas,48303,Lubbock,33.8389,-101.823,2686,381,polygon,FALSE,TRUE,America/Chicago,3
9359,Tilton,Tilton,IL,Illinois,17183,Vermilion,40.0941,-87.6398,2686,323,polygon,FALSE,TRUE,America/Chicago,3
9360,Bloomingdale,Bloomingdale,GA,Georgia,13051,Chatham,32.125,-81.3077,2686,75,polygon,FALSE,TRUE,America/New_York,3
9361,Riverton,Riverton,NJ,New Jersey,34005,Burlington,40.0115,-75.0148,2685,1566,polygon,FALSE,TRUE,America/New_York,3
9362,Grand Forks AFB,Grand Forks AFB,ND,North Dakota,38035,Grand Forks,47.9557,-97.3913,2685,138,polygon,TRUE,TRUE,America/Chicago,3
9363,Butler,Butler,IN,Indiana,18033,DeKalb,41.4274,-84.8721,2685,531,polygon,FALSE,TRUE,America/Indiana/Indianapolis,3
9364,Riverview,Riverview,DE,Delaware,10001,Kent,39.0293,-75.5202,2684,286,polygon,FALSE,FALSE,America/New_York,3
9365,Abbeville,Abbeville,GA,Georgia,13315,Wilcox,31.9925,-83.3068,2684,339,polygon,FALSE,TRUE,America/New_York,3
9366,Dupont,Dupont,PA,Pennsylvania,42079,Luzerne,41.3237,-75.7421,2683,682,polygon,FALSE,TRUE,America/New_York,3
9367,Healdton,Healdton,OK,Oklahoma,40019,Carter,34.2335,-97.4868,2683,73,polygon,FALSE,TRUE,America/Chicago,3
9368,Ford Heights,Ford Heights,IL,Illinois,17031,Cook,41.5109,-87.5814,2682,532,polygon,FALSE,TRUE,America/Chicago,3
9369,Clayton,Clayton,NM,New Mexico,35059,Union,36.4425,-103.1573,2681,133,polygon,FALSE,TRUE,America/Denver,3
9370,Valentine,Valentine,NE,Nebraska,31031,Cherry,42.8739,-100.5498,2681,453,polygon,FALSE,TRUE,America/Chicago,3
9371,Casey,Casey,IL,Illinois,17023,Clark,39.3027,-87.9895,2681,470,polygon,FALSE,TRUE,America/Chicago,3
9372,St. Helen,St. Helen,MI,Michigan,26143,Roscommon,44.3579,-84.4134,2681,205,polygon,FALSE,FALSE,America/Detroit,3
9373,Kelly Ridge,Kelly Ridge,CA,California,6007,Butte,39.5289,-121.4662,2679,530,polygon,FALSE,TRUE,America/Los_Angeles,3
9374,Bloomfield,Bloomfield,IA,Iowa,19051,Davis,40.7487,-92.4173,2679,457,polygon,FALSE,TRUE,America/Chicago,3
9375,Arcadia,Arcadia,LA,Louisiana,22013,Bienville,32.5506,-92.9218,2677,285,polygon,FALSE,TRUE,America/Chicago,3
9376,Stanley,Stanley,ND,North Dakota,38061,Mountrail,48.3164,-102.3873,2677,564,polygon,FALSE,TRUE,America/Chicago,3
9377,Chewelah,Chewelah,WA,Washington,53065,Stevens,48.293,-117.7336,2676,349,polygon,FALSE,TRUE,America/Los_Angeles,3
9378,West Wyoming,West Wyoming,PA,Pennsylvania,42079,Luzerne,41.3217,-75.8578,2676,285,polygon,FALSE,TRUE,America/New_York,3
9379,Dalton,Dalton,OH,Ohio,39169,Wayne,40.7986,-81.7033,2676,492,polygon,FALSE,TRUE,America/New_York,3
9380,Bel-Ridge,Bel-Ridge,MO,Missouri,29189,St. Louis,38.7129,-90.3285,2675,1334,polygon,FALSE,TRUE,America/Chicago,3
9381,Aguada,Aguada,PR,Puerto Rico,72003,Aguada,18.3804,-67.1884,2675,2800,polygon,FALSE,FALSE,America/Puerto_Rico,2
9382,Leonardo,Leonardo,NJ,New Jersey,34025,Monmouth,40.4191,-74.0599,2674,1736,polygon,FALSE,FALSE,America/New_York,3
9383,Circle D-KC Estates,Circle D-KC Estates,TX,Texas,48021,Bastrop,30.1611,-97.2349,2674,111,polygon,FALSE,TRUE,America/Chicago,3
9384,Mohave Valley,Mohave Valley,AZ,Arizona,4015,Mohave,34.9008,-114.5732,2674,73,polygon,FALSE,FALSE,America/Phoenix,3
9385,Cambridge Springs,Cambridge Springs,PA,Pennsylvania,42039,Crawford,41.8018,-80.0597,2673,1181,polygon,FALSE,TRUE,America/New_York,3
9386,Foley,Foley,MN,Minnesota,27009,Benton,45.6636,-93.9095,2673,403,polygon,FALSE,TRUE,America/Chicago,3
9387,Jemison,Jemison,AL,Alabama,1021,Chilton,32.9696,-86.7339,2672,90,polygon,FALSE,TRUE,America/Chicago,3
9388,Halesite,Halesite,NY,New York,36103,Suffolk,40.8864,-73.4139,2671,1160,polygon,FALSE,FALSE,America/New_York,3
9389,East Lansdowne,East Lansdowne,PA,Pennsylvania,42045,Delaware,39.944,-75.2608,2671,4998,polygon,FALSE,TRUE,America/New_York,2
9390,Pine Mountain Lake,Pine Mountain Lake,CA,California,6109,Tuolumne,37.8599,-120.1843,2671,54,polygon,FALSE,TRUE,America/Los_Angeles,3
9391,Morton,Morton,PA,Pennsylvania,42045,Delaware,39.9116,-75.3267,2670,2877,polygon,FALSE,TRUE,America/New_York,2
9392,Grundy Center,Grundy Center,IA,Iowa,19075,Grundy,42.3637,-92.774,2670,401,polygon,FALSE,TRUE,America/Chicago,3
9393,Chetek,Chetek,WI,Wisconsin,55005,Barron,45.3159,-91.6532,2669,336,polygon,FALSE,TRUE,America/Chicago,3
9394,Newtown,Newtown,OH,Ohio,39061,Hamilton,39.1243,-84.3516,2669,504,polygon,FALSE,TRUE,America/New_York,3
9395,Poydras,Poydras,LA,Louisiana,22087,St. Bernard,29.8625,-89.8877,2668,263,polygon,FALSE,FALSE,America/Chicago,3
9396,Bath,Bath,PA,Pennsylvania,42095,Northampton,40.7279,-75.3919,2668,1141,polygon,FALSE,TRUE,America/New_York,3
9397,Georgetown,Georgetown,CA,California,6017,El Dorado,38.9112,-120.8356,2668,68,polygon,FALSE,FALSE,America/Los_Angeles,3
9398,Montgomery,Montgomery,MN,Minnesota,27079,Le Sueur,44.4452,-93.5797,2668,471,polygon,FALSE,TRUE,America/Chicago,3
9399,Oronogo,Oronogo,MO,Missouri,29097,Jasper,37.1917,-94.4639,2667,414,polygon,FALSE,TRUE,America/Chicago,3
9400,Freer,Freer,TX,Texas,48131,Duval,27.8823,-98.6181,2666,254,polygon,FALSE,TRUE,America/Chicago,3
9401,Erda,Erda,UT,Utah,49045,Tooele,40.6028,-112.3214,2666,54,polygon,FALSE,FALSE,America/Denver,3
9402,Cathcart,Cathcart,WA,Washington,53061,Snohomish,47.8525,-122.1058,2665,266,polygon,FALSE,FALSE,America/Los_Angeles,3
9403,Val Verde Park,Val Verde Park,TX,Texas,48465,Val Verde,29.3746,-100.8306,2665,1258,polygon,FALSE,FALSE,America/Chicago,3
9404,Lochsloy,Lochsloy,WA,Washington,53061,Snohomish,48.0597,-122.0411,2664,137,polygon,FALSE,FALSE,America/Los_Angeles,3
9405,Trenton,Trenton,GA,Georgia,13083,Dade,34.8741,-85.5096,2664,258,polygon,FALSE,TRUE,America/New_York,3
9406,Kingman,Kingman,KS,Kansas,20095,Kingman,37.6476,-98.1161,2664,316,polygon,FALSE,TRUE,America/Chicago,3
9407,Six Mile Run,Six Mile Run,NJ,New Jersey,34035,Somerset,40.473,-74.5334,2663,137,polygon,FALSE,TRUE,America/New_York,3
9408,Dulce,Dulce,NM,New Mexico,35039,Rio Arriba,36.9399,-107.0049,2663,80,polygon,FALSE,FALSE,America/Denver,3
9409,El Lago,El Lago,TX,Texas,48201,Harris,29.5733,-95.044,2663,1612,polygon,FALSE,TRUE,America/Chicago,3
9410,Arcola,Arcola,TX,Texas,48157,Fort Bend,29.5032,-95.4693,2663,402,polygon,FALSE,TRUE,America/Chicago,3
9411,Wilburton,Wilburton,OK,Oklahoma,40077,Latimer,34.9183,-95.3046,2663,316,polygon,FALSE,TRUE,America/Chicago,3
9412,Terre du Lac,Terre du Lac,MO,Missouri,29187,St. Francois,37.9031,-90.6169,2663,155,polygon,FALSE,FALSE,America/Chicago,3
9413,Whittingham,Whittingham,NJ,New Jersey,34023,Middlesex,40.3297,-74.4451,2662,1034,polygon,FALSE,TRUE,America/New_York,3
9414,Blasdell,Blasdell,NY,New York,36029,Erie,42.7966,-78.8324,2662,914,polygon,FALSE,TRUE,America/New_York,3
9415,Hillsville,Hillsville,VA,Virginia,51035,Carroll,36.7613,-80.7372,2661,105,polygon,FALSE,TRUE,America/New_York,3
9416,West Bishop,West Bishop,CA,California,6027,Inyo,37.3571,-118.4542,2661,117,polygon,FALSE,FALSE,America/Los_Angeles,3
9417,Malvern,Malvern,OH,Ohio,39019,Carroll,40.6894,-81.1804,2661,599,polygon,FALSE,TRUE,America/New_York,3
9418,Folly Beach,Folly Beach,SC,South Carolina,45019,Charleston,32.6693,-79.95,2660,82,polygon,FALSE,TRUE,America/New_York,3
9419,Summerset,Summerset,SD,South Dakota,46093,Meade,44.1912,-103.3393,2660,381,polygon,FALSE,TRUE,America/Denver,3
9420,Townsend,Townsend,DE,Delaware,10003,New Castle,39.3968,-75.6945,2659,970,polygon,FALSE,TRUE,America/New_York,3
9421,Milford,Milford,NJ,New Jersey,34019,Hunterdon,40.5694,-75.0916,2659,385,polygon,FALSE,TRUE,America/New_York,3
9422,Mount Vernon,Mount Vernon,TX,Texas,48159,Franklin,33.176,-95.2253,2658,245,polygon,FALSE,TRUE,America/Chicago,3
9423,Liberty,Liberty,NC,North Carolina,37151,Randolph,35.8555,-79.5682,2658,327,polygon,FALSE,TRUE,America/New_York,3
9424,St. Maries,St. Maries,ID,Idaho,16009,Benewah,47.3146,-116.5722,2658,796,polygon,FALSE,TRUE,America/Los_Angeles,3
9425,Warsaw,Warsaw,MO,Missouri,29015,Benton,38.2476,-93.3711,2657,341,polygon,FALSE,TRUE,America/Chicago,3
9426,Geneva,Geneva,WA,Washington,53073,Whatcom,48.7461,-122.4064,2655,967,polygon,FALSE,FALSE,America/Los_Angeles,3
9427,Homer,Homer,LA,Louisiana,22027,Claiborne,32.793,-93.0582,2655,235,polygon,FALSE,TRUE,America/Chicago,3
9428,Clifton,Clifton,TN,Tennessee,47181,Wayne,35.3792,-87.9927,2655,184,polygon,FALSE,TRUE,America/Chicago,3
9429,West Fork,West Fork,AR,Arkansas,5143,Washington,35.9357,-94.1799,2655,277,polygon,FALSE,TRUE,America/Chicago,3
9430,Fayette,Fayette,MO,Missouri,29089,Howard,39.147,-92.6857,2655,468,polygon,FALSE,TRUE,America/Chicago,3
9431,Pablo,Pablo,MT,Montana,30047,Lake,47.6035,-114.1059,2655,211,polygon,FALSE,FALSE,America/Denver,3
9432,Lake Meade,Lake Meade,PA,Pennsylvania,42001,Adams,39.9835,-77.0421,2653,776,polygon,FALSE,FALSE,America/New_York,3
9433,Lexington,Lexington,MN,Minnesota,27003,Anoka,45.1381,-93.1714,2652,1485,polygon,FALSE,TRUE,America/Chicago,3
9434,Delhi,Delhi,LA,Louisiana,22083,Richland,32.4529,-91.49,2651,375,polygon,FALSE,TRUE,America/Chicago,3
9435,Washoe Valley,Washoe Valley,NV,Nevada,32031,Washoe,39.2923,-119.7767,2651,203,polygon,FALSE,TRUE,America/Los_Angeles,3
9436,Floydada,Floydada,TX,Texas,48153,Floyd,33.9835,-101.3367,2650,507,polygon,FALSE,TRUE,America/Chicago,3
9437,Lake City,Lake City,AR,Arkansas,5031,Craighead,35.8202,-90.4546,2650,324,polygon,FALSE,TRUE,America/Chicago,3
9438,West Brattleboro,West Brattleboro,VT,Vermont,50025,Windham,42.8558,-72.6017,2650,625,polygon,FALSE,FALSE,America/New_York,3
9439,Indian Springs,Indian Springs,GA,Georgia,13047,Catoosa,34.9606,-85.1592,2650,396,polygon,FALSE,FALSE,America/New_York,3
9440,Fillmore,Fillmore,UT,Utah,49027,Millard,38.964,-112.3387,2650,147,polygon,FALSE,TRUE,America/Denver,3
9441,Chatfield,Chatfield,MN,Minnesota,27045,Fillmore,43.8445,-92.1829,2650,421,polygon,FALSE,TRUE,America/Chicago,3
9442,Mathews,Mathews,LA,Louisiana,22057,Lafourche,29.6822,-90.5559,2649,256,polygon,FALSE,FALSE,America/Chicago,3
9443,Mountain View,Mountain View,MO,Missouri,29091,Howell,36.9936,-91.7019,2649,272,polygon,FALSE,TRUE,America/Chicago,3
9444,Hillsboro,Hillsboro,KS,Kansas,20115,Marion,38.3527,-97.1992,2649,445,polygon,FALSE,TRUE,America/Chicago,3
9445,Mangum,Mangum,OK,Oklahoma,40055,Greer,34.8783,-99.504,2648,595,polygon,FALSE,TRUE,America/Chicago,3
9446,Castle Dale,Castle Dale,UT,Utah,49015,Emery,39.2218,-111.0229,2646,257,polygon,FALSE,TRUE,America/Denver,3
9447,Granite Falls,Granite Falls,MN,Minnesota,27173,Yellow Medicine,44.8107,-95.5375,2646,294,polygon,FALSE,TRUE,America/Chicago,3
9448,Hallam,Hallam,PA,Pennsylvania,42133,York,40.0024,-76.6042,2645,1531,polygon,FALSE,TRUE,America/New_York,3
9449,Round Lake Heights,Round Lake Heights,IL,Illinois,17097,Lake,42.3855,-88.1038,2645,1774,polygon,FALSE,TRUE,America/Chicago,3
9450,Marquette Heights,Marquette Heights,IL,Illinois,17179,Tazewell,40.6184,-89.6047,2645,1048,polygon,FALSE,TRUE,America/Chicago,3
9451,Reidsville,Reidsville,GA,Georgia,13267,Tattnall,32.0871,-82.1244,2645,134,polygon,FALSE,TRUE,America/New_York,3
9452,Cumberland Center,Cumberland Center,ME,Maine,23005,Cumberland,43.7982,-70.2541,2644,241,polygon,FALSE,FALSE,America/New_York,3
9453,Lakewood,Lakewood,SC,South Carolina,45085,Sumter,33.8429,-80.3492,2644,135,polygon,FALSE,FALSE,America/New_York,3
9454,Green Forest,Green Forest,AR,Arkansas,5015,Carroll,36.3344,-93.4286,2643,477,polygon,FALSE,TRUE,America/Chicago,3
9455,Burlington,Burlington,OH,Ohio,39087,Lawrence,38.4099,-82.5283,2643,732,polygon,FALSE,FALSE,America/New_York,3
9456,De Leon Springs,De Leon Springs,FL,Florida,12127,Volusia,29.1172,-81.3517,2642,383,polygon,FALSE,FALSE,America/New_York,3
9457,Collierville,Collierville,CA,California,6077,San Joaquin,38.2141,-121.2675,2642,154,polygon,FALSE,FALSE,America/Los_Angeles,3
9458,Fairmont,Fairmont,IL,Illinois,17197,Will,41.5614,-88.0587,2641,733,polygon,FALSE,FALSE,America/Chicago,3
9459,Hernando Beach,Hernando Beach,FL,Florida,12053,Hernando,28.4753,-82.6612,2640,287,polygon,FALSE,FALSE,America/New_York,3
9460,Port Barre,Port Barre,LA,Louisiana,22097,St. Landry,30.5565,-91.9565,2640,756,polygon,FALSE,TRUE,America/Chicago,3
9461,Williams Bay,Williams Bay,WI,Wisconsin,55127,Walworth,42.5788,-88.5457,2639,364,polygon,FALSE,TRUE,America/Chicago,3
9462,Caledonia,Caledonia,MN,Minnesota,27055,Houston,43.6344,-91.5009,2639,376,polygon,FALSE,TRUE,America/Chicago,3
9463,Sandstone,Sandstone,MN,Minnesota,27115,Pine,46.1292,-92.8646,2639,193,polygon,FALSE,TRUE,America/Chicago,3
9464,Alturas,Alturas,CA,California,6049,Modoc,41.4898,-120.5516,2638,350,polygon,FALSE,TRUE,America/Los_Angeles,3
9465,Russell Springs,Russell Springs,KY,Kentucky,21207,Russell,37.0509,-85.0774,2638,217,polygon,FALSE,TRUE,America/Chicago,3
9466,Hallettsville,Hallettsville,TX,Texas,48285,Lavaca,29.4429,-96.9436,2637,372,polygon,FALSE,TRUE,America/Chicago,3
9467,Alburtis,Alburtis,PA,Pennsylvania,42077,Lehigh,40.509,-75.6001,2636,1439,polygon,FALSE,TRUE,America/New_York,3
9468,West Point,West Point,VA,Virginia,51101,King William,37.5519,-76.8017,2635,248,polygon,FALSE,TRUE,America/New_York,3
9469,Gleed,Gleed,WA,Washington,53077,Yakima,46.6594,-120.6025,2634,188,polygon,FALSE,FALSE,America/Los_Angeles,3
9470,Hill 'n Dale,Hill 'n Dale,FL,Florida,12053,Hernando,28.519,-82.2918,2634,462,polygon,FALSE,FALSE,America/New_York,3
9471,Hedwig Village,Hedwig Village,TX,Texas,48201,Harris,29.7799,-95.5193,2634,1074,polygon,FALSE,TRUE,America/Chicago,3
9472,Spring Arbor,Spring Arbor,MI,Michigan,26075,Jackson,42.2055,-84.5551,2634,366,polygon,FALSE,FALSE,America/Detroit,3
9473,McGovern,McGovern,PA,Pennsylvania,42125,Washington,40.2385,-80.2257,2632,554,polygon,FALSE,FALSE,America/New_York,3
9474,Welsh,Welsh,LA,Louisiana,22053,Jefferson Davis,30.2355,-92.8135,2631,197,polygon,FALSE,TRUE,America/Chicago,3
9475,University Park,University Park,MD,Maryland,24033,Prince George's,38.9719,-76.9445,2631,2025,polygon,FALSE,TRUE,America/New_York,2
9476,Dawson Springs,Dawson Springs,KY,Kentucky,21107,Hopkins,37.174,-87.688,2631,264,polygon,FALSE,TRUE,America/Chicago,3
9477,Dry Ridge,Dry Ridge,OH,Ohio,39061,Hamilton,39.2587,-84.6339,2630,244,polygon,FALSE,FALSE,America/New_York,3
9478,Brownville,Brownville,NJ,New Jersey,34023,Middlesex,40.4009,-74.2959,2629,1008,polygon,FALSE,FALSE,America/New_York,3
9479,Avoca,Avoca,PA,Pennsylvania,42079,Luzerne,41.3381,-75.7423,2629,983,polygon,FALSE,TRUE,America/New_York,3
9480,Freemansburg,Freemansburg,PA,Pennsylvania,42095,Northampton,40.628,-75.3401,2629,1455,polygon,FALSE,TRUE,America/New_York,3
9481,Dogtown,Dogtown,CA,California,6077,San Joaquin,38.2096,-121.1551,2629,78,polygon,FALSE,FALSE,America/Los_Angeles,3
9482,England,England,AR,Arkansas,5085,Lonoke,34.546,-91.969,2629,480,polygon,FALSE,TRUE,America/Chicago,3
9483,Newton,Newton,MS,Mississippi,28101,Newton,32.3296,-89.1534,2627,170,polygon,FALSE,TRUE,America/Chicago,3
9484,Pembroke,Pembroke,GA,Georgia,13029,Bryan,32.1455,-81.6185,2626,132,polygon,FALSE,TRUE,America/New_York,3
9485,New Concord,New Concord,OH,Ohio,39119,Muskingum,39.9937,-81.7381,2626,473,polygon,FALSE,TRUE,America/New_York,3
9486,Glouster,Glouster,OH,Ohio,39009,Athens,39.5023,-82.0842,2626,517,polygon,FALSE,TRUE,America/New_York,3
9487,Thunderbolt,Thunderbolt,GA,Georgia,13051,Chatham,32.0339,-81.048,2623,747,polygon,FALSE,TRUE,America/New_York,3
9488,Green Island,Green Island,NY,New York,36001,Albany,42.7474,-73.6925,2622,1354,polygon,FALSE,TRUE,America/New_York,3
9489,East Quincy,East Quincy,CA,California,6063,Plumas,39.9165,-120.9189,2622,83,polygon,FALSE,FALSE,America/Los_Angeles,3
9490,Sutter Creek,Sutter Creek,CA,California,6005,Amador,38.3827,-120.8107,2622,375,polygon,FALSE,TRUE,America/Los_Angeles,3
9491,Macon,Macon,MS,Mississippi,28103,Noxubee,33.1217,-88.5564,2622,244,polygon,FALSE,TRUE,America/Chicago,3
9492,Spencer,Spencer,WV,West Virginia,54087,Roane,38.8025,-81.3534,2620,625,polygon,FALSE,TRUE,America/New_York,3
9493,Imperial,Imperial,PA,Pennsylvania,42003,Allegheny,40.4537,-80.2499,2620,318,polygon,FALSE,FALSE,America/New_York,3
9494,Guilford Center,Guilford Center,CT,Connecticut,9009,New Haven,41.2818,-72.6763,2618,460,polygon,FALSE,TRUE,America/New_York,3
9495,Green Park,Green Park,MO,Missouri,29189,St. Louis,38.5243,-90.3366,2618,769,polygon,FALSE,TRUE,America/Chicago,3
9496,Merkel,Merkel,TX,Texas,48441,Taylor,32.4697,-100.0111,2617,361,polygon,FALSE,TRUE,America/Chicago,3
9497,Brusly,Brusly,LA,Louisiana,22121,West Baton Rouge,30.3943,-91.2517,2617,456,polygon,FALSE,TRUE,America/Chicago,3
9498,Ridgeway,Ridgeway,AK,Alaska,2122,Kenai Peninsula,60.5305,-151.0301,2617,60,polygon,FALSE,FALSE,America/Anchorage,3
9499,Bayview,Bayview,CA,California,6023,Humboldt,40.7654,-124.1787,2617,1380,polygon,FALSE,FALSE,America/Los_Angeles,3
9500,Loudonville,Loudonville,OH,Ohio,39005,Ashland,40.6342,-82.2328,2617,368,polygon,FALSE,TRUE,America/New_York,3
9501,Clarcona,Clarcona,FL,Florida,12095,Orange,28.6201,-81.5002,2615,220,polygon,FALSE,FALSE,America/New_York,3
9502,Glasco,Glasco,NY,New York,36111,Ulster,42.0461,-73.9487,2615,572,polygon,FALSE,FALSE,America/New_York,3
9503,Herald Harbor,Herald Harbor,MD,Maryland,24003,Anne Arundel,39.0516,-76.5746,2615,601,polygon,FALSE,FALSE,America/New_York,3
9504,Turley,Turley,OK,Oklahoma,40143,Tulsa,36.2473,-95.9654,2615,278,polygon,FALSE,FALSE,America/Chicago,3
9505,Abita Springs,Abita Springs,LA,Louisiana,22103,St. Tammany,30.4761,-90.0292,2614,219,polygon,FALSE,TRUE,America/Chicago,3
9506,Bella Vista,Bella Vista,CA,California,6089,Shasta,40.6502,-122.245,2614,45,polygon,FALSE,FALSE,America/Los_Angeles,3
9507,Bridgeport,Bridgeport,WA,Washington,53017,Douglas,48.0066,-119.6722,2613,955,polygon,FALSE,TRUE,America/Los_Angeles,3
9508,Deltana,Deltana,AK,Alaska,2240,Southeast Fairbanks,63.8724,-145.2158,2613,1,polygon,FALSE,TRUE,America/Anchorage,3
9509,Thomaston,Thomaston,NY,New York,36059,Nassau,40.7875,-73.7152,2613,2499,polygon,FALSE,TRUE,America/New_York,2
9510,Hawthorne,Hawthorne,NV,Nevada,32021,Mineral,38.5249,-118.627,2613,620,polygon,FALSE,FALSE,America/Los_Angeles,3
9511,Holiday Shores,Holiday Shores,IL,Illinois,17119,Madison,38.9227,-89.936,2613,613,polygon,FALSE,FALSE,America/Chicago,3
9512,Cache,Cache,OK,Oklahoma,40031,Comanche,34.6297,-98.6181,2613,308,polygon,FALSE,TRUE,America/Chicago,3
9513,Rose Hills,Rose Hills,CA,California,6037,Los Angeles,34.009,-118.0419,2612,2340,polygon,FALSE,TRUE,America/Los_Angeles,2
9514,Moundville,Moundville,AL,Alabama,1065,Hale,32.9968,-87.6272,2612,205,polygon,FALSE,TRUE,America/Chicago,3
9515,Eldora,Eldora,IA,Iowa,19083,Hardin,42.3605,-93.1013,2612,235,polygon,FALSE,TRUE,America/Chicago,3
9516,Salina,Salina,UT,Utah,49041,Sevier,38.9366,-111.8665,2612,161,polygon,FALSE,TRUE,America/Denver,3
9517,Richgrove,Richgrove,CA,California,6107,Tulare,35.7966,-119.1069,2611,2230,polygon,FALSE,FALSE,America/Los_Angeles,2
9518,Glenwood,Glenwood,MN,Minnesota,27121,Pope,45.6517,-95.3643,2611,181,polygon,FALSE,TRUE,America/Chicago,3
9519,Pearl River,Pearl River,LA,Louisiana,22103,St. Tammany,30.3687,-89.7495,2610,273,polygon,FALSE,TRUE,America/Chicago,3
9520,Delavan Lake,Delavan Lake,WI,Wisconsin,55127,Walworth,42.5987,-88.6177,2609,245,polygon,FALSE,FALSE,America/Chicago,3
9521,Centreville,Centreville,AL,Alabama,1007,Bibb,32.9597,-87.1334,2609,106,polygon,FALSE,TRUE,America/Chicago,3
9522,Trenton,Trenton,IL,Illinois,17027,Clinton,38.607,-89.6845,2609,593,polygon,FALSE,TRUE,America/Chicago,3
9523,Sandusky,Sandusky,MI,Michigan,26151,Sanilac,43.4212,-82.8333,2609,447,polygon,FALSE,TRUE,America/Detroit,3
9524,Irrigon,Irrigon,OR,Oregon,41049,Morrow,45.8959,-119.4883,2608,527,polygon,FALSE,TRUE,America/Los_Angeles,3
9525,Hayward,Hayward,WI,Wisconsin,55113,Sawyer,46.0094,-91.4826,2607,281,polygon,FALSE,TRUE,America/Chicago,3
9526,Van,Van,TX,Texas,48467,Van Zandt,32.5242,-95.6373,2606,353,polygon,FALSE,TRUE,America/Chicago,3
9527,Clarkson Valley,Clarkson Valley,MO,Missouri,29189,St. Louis,38.6254,-90.5945,2606,373,polygon,FALSE,TRUE,America/Chicago,3
9528,Arnold,Arnold,CA,California,6009,Calaveras,38.2423,-120.3547,2605,68,polygon,FALSE,FALSE,America/Los_Angeles,3
9529,White Mountain Lake,White Mountain Lake,AZ,Arizona,4017,Navajo,34.3441,-109.9879,2605,41,polygon,FALSE,FALSE,America/Phoenix,3
9530,Inez,Inez,TX,Texas,48469,Victoria,28.8718,-96.7959,2604,16,polygon,FALSE,FALSE,America/Chicago,3
9531,Marietta,Marietta,PA,Pennsylvania,42071,Lancaster,40.0574,-76.5515,2604,1346,polygon,FALSE,TRUE,America/New_York,3
9532,Hampton Beach,Hampton Beach,NH,New Hampshire,33015,Rockingham,42.9142,-70.8128,2603,789,polygon,FALSE,FALSE,America/New_York,3
9533,Lexington Hills,Lexington Hills,CA,California,6085,Santa Clara,37.1616,-121.9879,2603,213,polygon,FALSE,FALSE,America/Los_Angeles,3
9534,Eutaw,Eutaw,AL,Alabama,1063,Greene,32.8436,-87.8987,2603,84,polygon,FALSE,TRUE,America/Chicago,3
9535,Barnesville,Barnesville,MN,Minnesota,27027,Clay,46.6501,-96.4164,2602,485,polygon,FALSE,TRUE,America/Chicago,3
9536,Hoxie,Hoxie,AR,Arkansas,5075,Lawrence,36.036,-90.9736,2601,150,polygon,FALSE,TRUE,America/Chicago,3
9537,East Newark,East Newark,NJ,New Jersey,34017,Hudson,40.751,-74.1623,2600,9791,polygon,FALSE,TRUE,America/New_York,2
9538,Reinholds,Reinholds,PA,Pennsylvania,42071,Lancaster,40.2697,-76.1218,2600,1090,polygon,FALSE,FALSE,America/New_York,3
9539,McConnelsville,McConnelsville,OH,Ohio,39115,Morgan,39.6568,-81.8467,2600,376,polygon,FALSE,TRUE,America/New_York,3
9540,Zephyrhills North,Zephyrhills North,FL,Florida,12101,Pasco,28.252,-82.1654,2599,1000,polygon,FALSE,TRUE,America/New_York,3
9541,Devola,Devola,OH,Ohio,39167,Washington,39.4739,-81.468,2599,195,polygon,FALSE,FALSE,America/New_York,3
9542,Davis Junction,Davis Junction,IL,Illinois,17141,Ogle,42.1146,-89.0903,2598,215,polygon,FALSE,TRUE,America/Chicago,3
9543,Peapack and Gladstone,Peapack and Gladstone,NJ,New Jersey,34035,Somerset,40.7168,-74.6561,2597,174,polygon,FALSE,TRUE,America/New_York,3
9544,Mountain City,Mountain City,TN,Tennessee,47091,Johnson,36.4695,-81.8049,2597,279,polygon,FALSE,TRUE,America/New_York,3
9545,Missouri Valley,Missouri Valley,IA,Iowa,19085,Harrison,41.5574,-95.9028,2597,312,polygon,FALSE,TRUE,America/Chicago,3
9546,Moorefield,Moorefield,WV,West Virginia,54031,Hardy,39.0674,-78.9624,2596,341,polygon,FALSE,TRUE,America/New_York,3
9547,Essex Village,Essex Village,CT,Connecticut,9007,Middlesex,41.3552,-72.391,2595,284,polygon,FALSE,TRUE,America/New_York,3
9548,Monticello,Monticello,GA,Georgia,13159,Jasper,33.2955,-83.686,2594,252,polygon,FALSE,TRUE,America/New_York,3
9549,Fairview,Fairview,OK,Oklahoma,40093,Major,36.2705,-98.4771,2594,139,polygon,FALSE,TRUE,America/Chicago,3
9550,Dennison,Dennison,OH,Ohio,39157,Tuscarawas,40.3972,-81.3275,2594,742,polygon,FALSE,TRUE,America/New_York,3
9551,Gray Summit,Gray Summit,MO,Missouri,29071,Franklin,38.4951,-90.8173,2594,135,polygon,FALSE,FALSE,America/Chicago,3
9552,H. Rivera Colón,H. Rivera Colon,PR,Puerto Rico,72135,Toa Alta,18.3482,-66.2733,2594,1511,polygon,FALSE,FALSE,America/Puerto_Rico,3
9553,Juneau,Juneau,WI,Wisconsin,55027,Dodge,43.4052,-88.7041,2593,624,polygon,FALSE,TRUE,America/Chicago,3
9554,Pemberton Heights,Pemberton Heights,NJ,New Jersey,34005,Burlington,39.9565,-74.6766,2593,1068,polygon,FALSE,FALSE,America/New_York,3
9555,Jackson,Jackson,AL,Alabama,1025,Clarke,31.5318,-87.8915,2593,114,polygon,FALSE,TRUE,America/Chicago,3
9556,Castle Point,Castle Point,MO,Missouri,29189,St. Louis,38.7568,-90.2485,2593,1647,polygon,FALSE,FALSE,America/Chicago,3
9557,Dayton,Dayton,WA,Washington,53013,Columbia,46.3169,-117.9768,2592,651,polygon,FALSE,TRUE,America/Los_Angeles,3
9558,Bawcomville,Bawcomville,LA,Louisiana,22073,Ouachita,32.4703,-92.1736,2592,315,polygon,FALSE,FALSE,America/Chicago,3
9559,New Town,New Town,ND,North Dakota,38061,Mountrail,47.9848,-102.4813,2592,840,polygon,FALSE,TRUE,America/Chicago,3
9560,Hartford,Hartford,MI,Michigan,26159,Van Buren,42.2047,-86.1661,2592,736,polygon,FALSE,TRUE,America/Detroit,3
9561,Bourg,Bourg,LA,Louisiana,22109,Terrebonne,29.557,-90.6064,2591,177,polygon,FALSE,FALSE,America/Chicago,3
9562,Rancho Santa Fe,Rancho Santa Fe,CA,California,6073,San Diego,33.024,-117.1992,2591,148,polygon,FALSE,FALSE,America/Los_Angeles,3
9563,Okolona,Okolona,MS,Mississippi,28017,Chickasaw,34.0053,-88.7479,2591,139,polygon,FALSE,TRUE,America/Chicago,3
9564,Westminster,Westminster,SC,South Carolina,45073,Oconee,34.6657,-83.0911,2591,290,polygon,FALSE,TRUE,America/New_York,3
9565,Garland,Garland,UT,Utah,49003,Box Elder,41.7361,-112.1627,2590,552,polygon,FALSE,TRUE,America/Denver,3
9566,Okanogan,Okanogan,WA,Washington,53047,Okanogan,48.3673,-119.5781,2588,497,polygon,FALSE,TRUE,America/Los_Angeles,3
9567,East Prospect,East Prospect,PA,Pennsylvania,42133,York,39.971,-76.5215,2588,1099,polygon,FALSE,TRUE,America/New_York,3
9568,Deenwood,Deenwood,GA,Georgia,13299,Ware,31.2476,-82.3677,2588,297,polygon,FALSE,FALSE,America/New_York,3
9569,North Hartsville,North Hartsville,SC,South Carolina,45031,Darlington,34.401,-80.071,2588,220,polygon,FALSE,FALSE,America/New_York,3
9570,Vergennes,Vergennes,VT,Vermont,50001,Addison,44.1664,-73.2555,2586,402,polygon,FALSE,TRUE,America/New_York,3
9571,Wales,Wales,WI,Wisconsin,55133,Waukesha,43.0042,-88.3739,2585,309,polygon,FALSE,TRUE,America/Chicago,3
9572,Roosevelt Gardens,Roosevelt Gardens,FL,Florida,12011,Broward,26.1406,-80.181,2585,3096,polygon,FALSE,FALSE,America/New_York,2
9573,Rockville,Rockville,MN,Minnesota,27145,Stearns,45.465,-94.3222,2585,35,polygon,FALSE,TRUE,America/Chicago,3
9574,Dublin,Dublin,VA,Virginia,51155,Pulaski,37.0987,-80.6831,2584,739,polygon,FALSE,TRUE,America/New_York,3
9575,Skippers Corner,Skippers Corner,NC,North Carolina,37129,New Hanover,34.3292,-77.9141,2583,142,polygon,FALSE,FALSE,America/New_York,3
9576,Chuluota,Chuluota,FL,Florida,12117,Seminole,28.638,-81.1159,2582,553,polygon,FALSE,FALSE,America/New_York,3
9577,Dillsburg,Dillsburg,PA,Pennsylvania,42133,York,40.1103,-77.0335,2582,1241,polygon,FALSE,TRUE,America/New_York,3
9578,Curwensville,Curwensville,PA,Pennsylvania,42033,Clearfield,40.9735,-78.5189,2581,413,polygon,FALSE,TRUE,America/New_York,3
9579,Kachina Village,Kachina Village,AZ,Arizona,4005,Coconino,35.0949,-111.6927,2581,815,polygon,FALSE,FALSE,America/Phoenix,3
9580,Claryville,Claryville,KY,Kentucky,21037,Campbell,38.9141,-84.4103,2581,143,polygon,FALSE,FALSE,America/New_York,3
9581,Eminence,Eminence,KY,Kentucky,21103,Henry,38.3637,-85.1778,2581,351,polygon,FALSE,TRUE,America/New_York,3
9582,Kilauea,Kilauea,HI,Hawaii,15007,Kauai,22.2108,-159.3964,2579,200,polygon,FALSE,FALSE,Pacific/Honolulu,3
9583,Vado,Vado,NM,New Mexico,35013,Doña Ana,32.1279,-106.6571,2579,334,polygon,FALSE,FALSE,America/Denver,3
9584,Chauvin,Chauvin,LA,Louisiana,22109,Terrebonne,29.4455,-90.594,2579,209,polygon,FALSE,FALSE,America/Chicago,3
9585,Centerville,Centerville,IN,Indiana,18177,Wayne,39.8321,-84.9922,2579,284,polygon,FALSE,TRUE,America/Indiana/Indianapolis,3
9586,Wright-Patterson AFB,Wright-Patterson AFB,OH,Ohio,39057,Greene,39.8112,-84.0573,2579,100,polygon,TRUE,TRUE,America/New_York,3
9587,Hartford,Hartford,AL,Alabama,1061,Geneva,31.1055,-85.6916,2578,159,polygon,FALSE,TRUE,America/Chicago,3
9588,Pennington,Pennington,NJ,New Jersey,34021,Mercer,40.3262,-74.7908,2576,1035,polygon,FALSE,TRUE,America/New_York,3
9589,Glenrock,Glenrock,WY,Wyoming,56009,Converse,42.8565,-105.8624,2575,431,polygon,FALSE,TRUE,America/Denver,3
9590,Escobares,Escobares,TX,Texas,48427,Starr,26.412,-98.9599,2575,375,polygon,FALSE,TRUE,America/Chicago,3
9591,Brooks,Brooks,KY,Kentucky,21029,Bullitt,38.0656,-85.7178,2575,269,polygon,FALSE,FALSE,America/New_York,3
9592,Maine,Maine,WI,Wisconsin,55073,Marathon,45.0497,-89.6816,2574,23,polygon,FALSE,TRUE,America/Chicago,3
9593,Ruidoso Downs,Ruidoso Downs,NM,New Mexico,35027,Lincoln,33.3312,-105.5968,2574,262,polygon,FALSE,TRUE,America/Denver,3
9594,St. Paul,St. Paul,MO,Missouri,29183,St. Charles,38.8485,-90.7406,2574,139,polygon,FALSE,TRUE,America/Chicago,3
9595,La Fermina,La Fermina,PR,Puerto Rico,72069,Humacao,18.1744,-65.8527,2574,1015,polygon,FALSE,FALSE,America/Puerto_Rico,3
9596,Arlington Heights,Arlington Heights,WA,Washington,53061,Snohomish,48.2119,-122.063,2573,118,polygon,FALSE,FALSE,America/Los_Angeles,3
9597,Homerville,Homerville,GA,Georgia,13065,Clinch,31.0385,-82.742,2573,259,polygon,FALSE,TRUE,America/New_York,3
9598,St. Johns,St. Johns,AZ,Arizona,4001,Apache,34.5018,-109.3784,2573,52,polygon,FALSE,TRUE,America/Phoenix,3
9599,White Sulphur Springs,White Sulphur Springs,WV,West Virginia,54025,Greenbrier,37.7981,-80.3004,2572,484,polygon,FALSE,TRUE,America/New_York,3
9600,Luxemburg,Luxemburg,WI,Wisconsin,55061,Kewaunee,44.5449,-87.7065,2571,429,polygon,FALSE,TRUE,America/Chicago,3
9601,Edwards AFB,Edwards AFB,CA,California,6029,Kern,34.9045,-117.9295,2571,57,polygon,TRUE,TRUE,America/Los_Angeles,3
9602,Frazier Park,Frazier Park,CA,California,6029,Kern,34.8123,-118.9542,2570,195,polygon,FALSE,FALSE,America/Los_Angeles,3
9603,McLeansboro,McLeansboro,IL,Illinois,17065,Hamilton,38.0902,-88.5386,2570,376,polygon,FALSE,TRUE,America/Chicago,3
9604,Huntsville,Huntsville,AR,Arkansas,5087,Madison,36.0985,-93.7363,2569,184,polygon,FALSE,TRUE,America/Chicago,3
9605,Owings,Owings,MD,Maryland,24009,Calvert,38.7117,-76.6055,2569,251,polygon,FALSE,FALSE,America/New_York,3
9606,Williamsburg,Williamsburg,OH,Ohio,39025,Clermont,39.0556,-84.0478,2569,395,polygon,FALSE,TRUE,America/New_York,3
9607,Swedesboro,Swedesboro,NJ,New Jersey,34015,Gloucester,39.7459,-75.3117,2568,1355,polygon,FALSE,TRUE,America/New_York,3
9608,Yorkville,Yorkville,NY,New York,36065,Oneida,43.1124,-75.2739,2568,1476,polygon,FALSE,TRUE,America/New_York,3
9609,Coopersburg,Coopersburg,PA,Pennsylvania,42077,Lehigh,40.5102,-75.3915,2567,1062,polygon,FALSE,TRUE,America/New_York,3
9610,Freeport,Freeport,FL,Florida,12131,Walton,30.5039,-86.139,2566,52,polygon,FALSE,TRUE,America/Chicago,3
9611,Lakeview,Lakeview,CA,California,6065,Riverside,33.8285,-117.1233,2566,303,polygon,FALSE,FALSE,America/Los_Angeles,3
9612,Holly Lake Ranch,Holly Lake Ranch,TX,Texas,48499,Wood,32.7125,-95.2003,2565,114,polygon,FALSE,TRUE,America/Chicago,3
9613,Preston Heights,Preston Heights,IL,Illinois,17197,Will,41.4944,-88.0757,2565,1153,polygon,FALSE,FALSE,America/Chicago,3
9614,Mondovi,Mondovi,WI,Wisconsin,55011,Buffalo,44.5714,-91.6668,2564,255,polygon,FALSE,TRUE,America/Chicago,3
9615,Bellevue,Bellevue,IA,Iowa,19097,Jackson,42.2625,-90.4319,2564,615,polygon,FALSE,TRUE,America/Chicago,3
9616,Forest Heights,Forest Heights,MD,Maryland,24033,Prince George's,38.8105,-76.9995,2564,2126,polygon,FALSE,TRUE,America/New_York,2
9617,Martinsburg,Martinsburg,PA,Pennsylvania,42013,Blair,40.3109,-78.3242,2563,1115,polygon,FALSE,TRUE,America/New_York,3
9618,Friday Harbor,Friday Harbor,WA,Washington,53055,San Juan,48.5324,-123.0655,2562,457,polygon,FALSE,TRUE,America/Los_Angeles,3
9619,Spooner,Spooner,WI,Wisconsin,55129,Washburn,45.8271,-91.886,2562,246,polygon,FALSE,TRUE,America/Chicago,3
9620,George West,George West,TX,Texas,48297,Live Oak,28.33,-98.1183,2562,510,polygon,FALSE,TRUE,America/Chicago,3
9621,Tappahannock,Tappahannock,VA,Virginia,51057,Essex,37.9187,-76.8667,2562,347,polygon,FALSE,TRUE,America/New_York,3
9622,Sylvania,Sylvania,GA,Georgia,13251,Screven,32.7465,-81.641,2562,190,polygon,FALSE,TRUE,America/New_York,3
9623,Hooverson Heights,Hooverson Heights,WV,West Virginia,54009,Brooke,40.319,-80.5825,2561,437,polygon,FALSE,FALSE,America/New_York,3
9624,Polkton,Polkton,NC,North Carolina,37007,Anson,35.0031,-80.1963,2561,323,polygon,FALSE,TRUE,America/New_York,3
9625,Osage City,Osage City,KS,Kansas,20139,Osage,38.6337,-95.8218,2561,344,polygon,FALSE,TRUE,America/Chicago,3
9626,Pine Ridge,Pine Ridge,PA,Pennsylvania,42103,Pike,41.1355,-74.9923,2560,416,polygon,FALSE,FALSE,America/New_York,3
9627,Abbeville,Abbeville,AL,Alabama,1067,Henry,31.5664,-85.2528,2560,63,polygon,FALSE,TRUE,America/Chicago,3
9628,Mount Vernon,Mount Vernon,KY,Kentucky,21203,Rockcastle,37.3578,-84.3431,2560,453,polygon,FALSE,TRUE,America/New_York,3
9629,Quitman,Quitman,TX,Texas,48499,Wood,32.7951,-95.4442,2559,380,polygon,FALSE,TRUE,America/Chicago,3
9630,Marysville,Marysville,PA,Pennsylvania,42099,Perry,40.3377,-76.9337,2559,423,polygon,FALSE,TRUE,America/New_York,3
9631,Indian Springs Village,Indian Springs Village,AL,Alabama,1117,Shelby,33.3591,-86.7493,2559,255,polygon,FALSE,TRUE,America/Chicago,3
9632,New Palestine,New Palestine,IN,Indiana,18059,Hancock,39.7255,-85.8961,2559,575,polygon,FALSE,TRUE,America/Indiana/Indianapolis,3
9633,Myrtle Point,Myrtle Point,OR,Oregon,41011,Coos,43.0617,-124.1326,2559,614,polygon,FALSE,TRUE,America/Los_Angeles,3
9634,Bakerstown,Bakerstown,PA,Pennsylvania,42003,Allegheny,40.6528,-79.9407,2558,452,polygon,FALSE,FALSE,America/New_York,3
9635,Cetronia,Cetronia,PA,Pennsylvania,42077,Lehigh,40.5851,-75.5435,2558,1301,polygon,FALSE,FALSE,America/New_York,3
9636,Pima,Pima,AZ,Arizona,4009,Graham,32.8886,-109.8437,2558,135,polygon,FALSE,TRUE,America/Phoenix,3
9637,Lynchburg,Lynchburg,MS,Mississippi,28033,DeSoto,34.9623,-90.1052,2558,510,polygon,FALSE,FALSE,America/Chicago,3
9638,Geneva,Geneva,AL,Alabama,1061,Geneva,31.0437,-85.8763,2557,104,polygon,FALSE,TRUE,America/Chicago,3
9639,Millersburg,Millersburg,OR,Oregon,41043,Linn,44.6779,-123.0691,2557,221,polygon,FALSE,TRUE,America/Los_Angeles,3
9640,Long Neck,Long Neck,DE,Delaware,10005,Sussex,38.62,-75.1511,2556,396,polygon,FALSE,FALSE,America/New_York,3
9641,Wrightsville Beach,Wrightsville Beach,NC,North Carolina,37129,New Hanover,34.213,-77.798,2556,708,polygon,FALSE,TRUE,America/New_York,3
9642,Woodside East,Woodside East,DE,Delaware,10001,Kent,39.0676,-75.5376,2555,575,polygon,FALSE,TRUE,America/New_York,3
9643,Center Point,Center Point,IA,Iowa,19113,Linn,42.1844,-91.7795,2555,377,polygon,FALSE,TRUE,America/Chicago,3
9644,St. Henry,St. Henry,OH,Ohio,39107,Mercer,40.4208,-84.6326,2555,602,polygon,FALSE,TRUE,America/New_York,3
9645,Pinch,Pinch,WV,West Virginia,54039,Kanawha,38.4062,-81.481,2554,277,polygon,FALSE,FALSE,America/New_York,3
9646,Carthage,Carthage,NC,North Carolina,37125,Moore,35.3225,-79.4115,2553,148,polygon,FALSE,TRUE,America/New_York,3
9647,Aromas,Aromas,CA,California,6069,San Benito,36.8771,-121.6404,2553,208,polygon,FALSE,FALSE,America/Los_Angeles,3
9648,Donalsonville,Donalsonville,GA,Georgia,13253,Seminole,31.0404,-84.8792,2553,239,polygon,FALSE,TRUE,America/New_York,3
9649,Pelican Rapids,Pelican Rapids,MN,Minnesota,27111,Otter Tail,46.5701,-96.086,2552,388,polygon,FALSE,TRUE,America/Chicago,3
9650,Clearwater,Clearwater,KS,Kansas,20173,Sedgwick,37.5096,-97.4975,2552,508,polygon,FALSE,TRUE,America/Chicago,3
9651,Colwyn,Colwyn,PA,Pennsylvania,42045,Delaware,39.9119,-75.253,2551,3810,polygon,FALSE,TRUE,America/New_York,2
9652,Princeton Junction,Princeton Junction,NJ,New Jersey,34021,Mercer,40.3207,-74.6236,2550,540,polygon,FALSE,FALSE,America/New_York,3
9653,Seymour,Seymour,TX,Texas,48023,Baylor,33.5955,-99.258,2550,336,polygon,FALSE,TRUE,America/Chicago,3
9654,East Williston,East Williston,NY,New York,36059,Nassau,40.7608,-73.6336,2550,1731,polygon,FALSE,TRUE,America/New_York,3
9655,Elmwood,Elmwood,IL,Illinois,17143,Peoria,40.7804,-89.9656,2550,545,polygon,FALSE,TRUE,America/Chicago,3
9656,Pacolet,Pacolet,SC,South Carolina,45083,Spartanburg,34.91,-81.7666,2550,168,polygon,FALSE,TRUE,America/New_York,3
9657,Madrid,Madrid,IA,Iowa,19015,Boone,41.8757,-93.8205,2549,803,polygon,FALSE,TRUE,America/Chicago,3
9658,Ruleville,Ruleville,MS,Mississippi,28133,Sunflower,33.7245,-90.55,2548,392,polygon,FALSE,TRUE,America/Chicago,3
9659,New Lisbon,New Lisbon,WI,Wisconsin,55057,Juneau,43.878,-90.1627,2546,359,polygon,FALSE,TRUE,America/Chicago,3
9660,Eddyville,Eddyville,KY,Kentucky,21143,Lyon,37.0759,-88.0769,2545,142,polygon,FALSE,TRUE,America/Chicago,3
9661,McQueeney,McQueeney,TX,Texas,48187,Guadalupe,29.6,-98.0439,2543,239,polygon,FALSE,FALSE,America/Chicago,3
9662,Rugby,Rugby,ND,North Dakota,38069,Pierce,48.3656,-99.9906,2543,445,polygon,FALSE,TRUE,America/Chicago,3
9663,Nixon,Nixon,TX,Texas,48177,Gonzales,29.2698,-97.7658,2542,627,polygon,FALSE,TRUE,America/Chicago,3
9664,Crosby,Crosby,TX,Texas,48201,Harris,29.9146,-95.0591,2542,440,polygon,FALSE,FALSE,America/Chicago,3
9665,Heber-Overgaard,Heber-Overgaard,AZ,Arizona,4017,Navajo,34.4141,-110.5696,2542,143,polygon,FALSE,TRUE,America/Phoenix,3
9666,York Harbor,York Harbor,ME,Maine,23031,York,43.1435,-70.649,2542,306,polygon,FALSE,FALSE,America/New_York,3
9667,Jay,Jay,OK,Oklahoma,40041,Delaware,36.4273,-94.7954,2542,293,polygon,FALSE,TRUE,America/Chicago,3
9668,Ironton,Ironton,MO,Missouri,29093,Iron,37.5984,-90.6379,2542,399,polygon,FALSE,TRUE,America/Chicago,3
9669,Marion,Marion,KY,Kentucky,21055,Crittenden,37.3321,-88.0795,2541,329,polygon,FALSE,TRUE,America/Chicago,3
9670,Selbyville,Selbyville,DE,Delaware,10005,Sussex,38.4631,-75.2115,2540,277,polygon,FALSE,TRUE,America/New_York,3
9671,Lyford,Lyford,TX,Texas,48489,Willacy,26.4145,-97.7894,2540,561,polygon,FALSE,TRUE,America/Chicago,3
9672,East Uniontown,East Uniontown,PA,Pennsylvania,42051,Fayette,39.896,-79.6976,2540,490,polygon,FALSE,FALSE,America/New_York,3
9673,Isle of Hope,Isle of Hope,GA,Georgia,13051,Chatham,31.9848,-81.0532,2539,499,polygon,FALSE,FALSE,America/New_York,3
9674,South Fallsburg,South Fallsburg,NY,New York,36105,Sullivan,41.7218,-74.635,2538,164,polygon,FALSE,FALSE,America/New_York,3
9675,Fairlawn,Fairlawn,VA,Virginia,51155,Pulaski,37.1476,-80.5567,2538,311,polygon,FALSE,FALSE,America/New_York,3
9676,Montpelier,Montpelier,ID,Idaho,16007,Bear Lake,42.326,-111.2988,2538,422,polygon,FALSE,TRUE,America/Boise,3
9677,Bridgetown,Bridgetown,MS,Mississippi,28033,DeSoto,34.8907,-89.9069,2538,441,polygon,FALSE,TRUE,America/Chicago,3
9678,Tahoka,Tahoka,TX,Texas,48305,Lynn,33.164,-101.7951,2537,429,polygon,FALSE,TRUE,America/Chicago,3
9679,Greenwood,Greenwood,PA,Pennsylvania,42013,Blair,40.5325,-78.3589,2537,951,polygon,FALSE,FALSE,America/New_York,3
9680,Kalona,Kalona,IA,Iowa,19183,Washington,41.4874,-91.7018,2537,454,polygon,FALSE,TRUE,America/Chicago,3
9681,Sabetha,Sabetha,KS,Kansas,20131,Nemaha,39.9136,-95.7916,2537,312,polygon,FALSE,TRUE,America/Chicago,3
9682,Haw River,Haw River,NC,North Carolina,37001,Alamance,36.0925,-79.3616,2535,339,polygon,FALSE,TRUE,America/New_York,3
9683,Reed Creek,Reed Creek,GA,Georgia,13147,Hart,34.4395,-82.9103,2535,41,polygon,FALSE,FALSE,America/New_York,3
9684,Oconto Falls,Oconto Falls,WI,Wisconsin,55083,Oconto,44.8738,-88.1444,2534,398,polygon,FALSE,TRUE,America/Chicago,3
9685,North Seekonk,North Seekonk,MA,Massachusetts,25005,Bristol,41.8882,-71.3297,2534,699,polygon,FALSE,FALSE,America/New_York,3
9686,Milton,Milton,WV,West Virginia,54011,Cabell,38.4353,-82.1376,2533,639,polygon,FALSE,TRUE,America/New_York,3
9687,Lake Katrine,Lake Katrine,NY,New York,36111,Ulster,41.9863,-73.9895,2533,433,polygon,FALSE,FALSE,America/New_York,3
9688,Spirit Lake,Spirit Lake,ID,Idaho,16055,Kootenai,47.966,-116.8701,2533,389,polygon,FALSE,TRUE,America/Los_Angeles,3
9689,Deerfield,Deerfield,WI,Wisconsin,55025,Dane,43.0492,-89.0762,2532,451,polygon,FALSE,TRUE,America/Chicago,3
9690,Piermont,Piermont,NY,New York,36087,Rockland,41.0423,-73.915,2531,1449,polygon,FALSE,TRUE,America/New_York,3
9691,Rothsville,Rothsville,PA,Pennsylvania,42071,Lancaster,40.1532,-76.2473,2531,396,polygon,FALSE,FALSE,America/New_York,3
9692,Kewaunee,Kewaunee,WI,Wisconsin,55061,Kewaunee,44.4607,-87.5133,2530,311,polygon,FALSE,TRUE,America/Chicago,3
9693,Wellsburg,Wellsburg,WV,West Virginia,54009,Brooke,40.2811,-80.6102,2530,1006,polygon,FALSE,TRUE,America/New_York,3
9694,New Hope,New Hope,PA,Pennsylvania,42017,Bucks,40.3616,-74.9574,2530,769,polygon,FALSE,TRUE,America/New_York,3
9695,Rockledge,Rockledge,PA,Pennsylvania,42091,Montgomery,40.0822,-75.0898,2530,2812,polygon,FALSE,TRUE,America/New_York,2
9696,Brookville,Brookville,IN,Indiana,18047,Franklin,39.423,-85.0105,2529,698,polygon,FALSE,TRUE,America/Indiana/Indianapolis,3
9697,Lincolnville,Lincolnville,SC,South Carolina,45019,Charleston,33.0079,-80.156,2529,833,polygon,FALSE,TRUE,America/New_York,3
9698,Whitesboro,Whitesboro,NJ,New Jersey,34009,Cape May,39.0417,-74.8674,2528,270,polygon,FALSE,FALSE,America/New_York,3
9699,Sabina,Sabina,OH,Ohio,39027,Clinton,39.4902,-83.6336,2527,776,polygon,FALSE,TRUE,America/New_York,3
9700,Delmont,Delmont,PA,Pennsylvania,42129,Westmoreland,40.4145,-79.573,2525,923,polygon,FALSE,TRUE,America/New_York,3
9701,Fredericktown,Fredericktown,OH,Ohio,39083,Knox,40.4784,-82.5485,2525,491,polygon,FALSE,TRUE,America/New_York,3
9702,Cannon AFB,Cannon AFB,NM,New Mexico,35009,Curry,34.3885,-103.3185,2523,166,polygon,TRUE,TRUE,America/Denver,3
9703,Twain Harte,Twain Harte,CA,California,6109,Tuolumne,38.0384,-120.234,2523,263,polygon,FALSE,FALSE,America/Los_Angeles,3
9704,Downs,Downs,IL,Illinois,17113,McLean,40.3988,-88.8894,2523,123,polygon,FALSE,TRUE,America/Chicago,3
9705,Osburn,Osburn,ID,Idaho,16079,Shoshone,47.5055,-116.0008,2523,456,polygon,FALSE,TRUE,America/Los_Angeles,3
9706,West Simsbury,West Simsbury,CT,Connecticut,9003,Hartford,41.8747,-72.8448,2523,224,polygon,FALSE,FALSE,America/New_York,3
9707,Plumsteadville,Plumsteadville,PA,Pennsylvania,42017,Bucks,40.3863,-75.1429,2522,407,polygon,FALSE,FALSE,America/New_York,3
9708,Rock Rapids,Rock Rapids,IA,Iowa,19119,Lyon,43.4273,-96.1662,2522,229,polygon,FALSE,TRUE,America/Chicago,3
9709,Skyline Acres,Skyline Acres,OH,Ohio,39061,Hamilton,39.2276,-84.5665,2522,1499,polygon,FALSE,FALSE,America/New_York,3
9710,Lauderdale,Lauderdale,MN,Minnesota,27123,Ramsey,44.9942,-93.2026,2521,2322,polygon,FALSE,TRUE,America/Chicago,2
9711,Bohners Lake,Bohners Lake,WI,Wisconsin,55101,Racine,42.6241,-88.2879,2520,296,polygon,FALSE,FALSE,America/Chicago,3
9712,Clinton,Clinton,AR,Arkansas,5141,Van Buren,35.5796,-92.4543,2520,71,polygon,FALSE,TRUE,America/Chicago,3
9713,Sheridan,Sheridan,IL,Illinois,17099,LaSalle,41.5285,-88.679,2520,487,polygon,FALSE,TRUE,America/Chicago,3
9714,Pantego,Pantego,TX,Texas,48439,Tarrant,32.7147,-97.154,2519,977,polygon,FALSE,TRUE,America/Chicago,3
9715,Madison Center,Madison Center,CT,Connecticut,9009,New Haven,41.2794,-72.6003,2519,475,polygon,FALSE,TRUE,America/New_York,3
9716,West Lafayette,West Lafayette,OH,Ohio,39031,Coshocton,40.2761,-81.7518,2519,1033,polygon,FALSE,TRUE,America/New_York,3
9717,Paynesville,Paynesville,MN,Minnesota,27145,Stearns,45.3786,-94.7216,2519,422,polygon,FALSE,TRUE,America/Chicago,3
9718,Sisco Heights,Sisco Heights,WA,Washington,53061,Snohomish,48.1187,-122.1076,2518,77,polygon,FALSE,FALSE,America/Los_Angeles,3
9719,Lakeland,Lakeland,NY,New York,36067,Onondaga,43.0908,-76.2426,2517,655,polygon,FALSE,FALSE,America/New_York,3
9720,Matoaca,Matoaca,VA,Virginia,51041,Chesterfield,37.2313,-77.4679,2517,378,polygon,FALSE,FALSE,America/New_York,3
9721,Le Center,Le Center,MN,Minnesota,27079,Le Sueur,44.3866,-93.7311,2516,578,polygon,FALSE,TRUE,America/Chicago,3
9722,Water Valley,Water Valley,MS,Mississippi,28161,Yalobusha,34.1622,-89.6301,2516,179,polygon,FALSE,TRUE,America/Chicago,3
9723,Prescott,Prescott,AR,Arkansas,5099,Nevada,33.8056,-93.3909,2515,178,polygon,FALSE,TRUE,America/Chicago,3
9724,Mabton,Mabton,WA,Washington,53077,Yakima,46.2114,-119.9938,2514,1057,polygon,FALSE,TRUE,America/Los_Angeles,3
9725,Yardley,Yardley,PA,Pennsylvania,42017,Bucks,40.2408,-74.8385,2514,1039,polygon,FALSE,TRUE,America/New_York,3
9726,Meadow Oaks,Meadow Oaks,FL,Florida,12101,Pasco,28.3465,-82.6025,2513,592,polygon,FALSE,TRUE,America/New_York,3
9727,Jamestown West,Jamestown West,NY,New York,36013,Chautauqua,42.0886,-79.2811,2512,385,polygon,FALSE,TRUE,America/New_York,3
9728,Derry,Derry,PA,Pennsylvania,42129,Westmoreland,40.3335,-79.3011,2512,1256,polygon,FALSE,TRUE,America/New_York,3
9729,Chase City,Chase City,VA,Virginia,51117,Mecklenburg,36.7998,-78.461,2512,391,polygon,FALSE,TRUE,America/New_York,3
9730,Premont,Premont,TX,Texas,48249,Jim Wells,27.3586,-98.1244,2511,574,polygon,FALSE,TRUE,America/Chicago,3
9731,Poynette,Poynette,WI,Wisconsin,55021,Columbia,43.3922,-89.4058,2510,377,polygon,FALSE,TRUE,America/Chicago,3
9732,Commerce,Commerce,OK,Oklahoma,40115,Ottawa,36.9352,-94.8611,2510,430,polygon,FALSE,TRUE,America/Chicago,3
9733,Santa Nella,Santa Nella,CA,California,6047,Merced,37.1014,-121.0153,2508,212,polygon,FALSE,TRUE,America/Los_Angeles,3
9734,Clarion,Clarion,IA,Iowa,19197,Wright,42.7319,-93.7297,2508,310,polygon,FALSE,TRUE,America/Chicago,3
9735,El Cerro,El Cerro,NM,New Mexico,35061,Valencia,34.7807,-106.6956,2507,229,polygon,FALSE,FALSE,America/Denver,3
9736,Halls,Halls,TN,Tennessee,47097,Lauderdale,35.8795,-89.405,2506,216,polygon,FALSE,TRUE,America/Chicago,3
9737,Diamond,Diamond,IL,Illinois,17063,Grundy,41.2852,-88.2506,2506,509,polygon,FALSE,TRUE,America/Chicago,3
9738,Millen,Millen,GA,Georgia,13165,Jenkins,32.8071,-81.9423,2506,298,polygon,FALSE,TRUE,America/New_York,3
9739,Jayuya,Jayuya,PR,Puerto Rico,72073,Jayuya,18.2188,-66.5967,2506,2796,polygon,FALSE,FALSE,America/Puerto_Rico,2
9740,Calvert City,Calvert City,KY,Kentucky,21157,Marshall,37.0295,-88.3603,2505,54,polygon,FALSE,TRUE,America/Chicago,3
9741,Overton,Overton,TX,Texas,48401,Rusk,32.276,-94.9726,2503,144,polygon,FALSE,TRUE,America/Chicago,3
9742,Victor,Victor,ID,Idaho,16081,Teton,43.6015,-111.1107,2503,365,polygon,FALSE,TRUE,America/Boise,3
9743,Wrangell,Wrangell,AK,Alaska,2275,Wrangell,56.3317,-132.0223,2502,0,polygon,FALSE,TRUE,America/Sitka,3
9744,Shinnecock Hills,Shinnecock Hills,NY,New York,36103,Suffolk,40.8878,-72.4554,2502,342,polygon,FALSE,FALSE,America/New_York,3
9745,Arnold Line,Arnold Line,MS,Mississippi,28073,Lamar,31.3372,-89.3772,2501,580,polygon,FALSE,FALSE,America/Chicago,3
9746,Alderson,Alderson,WV,West Virginia,54025,Greenbrier,37.7277,-80.6436,2500,485,polygon,FALSE,TRUE,America/New_York,3
9747,Crownpoint,Crownpoint,NM,New Mexico,35031,McKinley,35.688,-108.1494,2500,136,polygon,FALSE,FALSE,America/Denver,3
9748,Coats,Coats,NC,North Carolina,37085,Harnett,35.407,-78.6685,2500,683,polygon,FALSE,TRUE,America/New_York,3
9749,Glenville,Glenville,CT,Connecticut,9001,Fairfield,41.0349,-73.6656,2499,1305,polygon,FALSE,FALSE,America/New_York,3
9750,Allyn,Allyn,WA,Washington,53045,Mason,47.3863,-122.8386,2497,603,polygon,FALSE,FALSE,America/Los_Angeles,3
9751,Villa Ridge,Villa Ridge,MO,Missouri,29071,Franklin,38.468,-90.885,2497,200,polygon,FALSE,FALSE,America/Chicago,3
9752,Country Club,Country Club,MO,Missouri,29003,Andrew,39.8388,-94.8205,2497,247,polygon,FALSE,FALSE,America/Chicago,3
9753,Clio,Clio,MI,Michigan,26049,Genesee,43.1773,-83.7355,2497,870,polygon,FALSE,TRUE,America/Detroit,3
9754,Desert View Highlands,Desert View Highlands,CA,California,6037,Los Angeles,34.5901,-118.1535,2496,2189,polygon,FALSE,FALSE,America/Los_Angeles,2
9755,Gibsonburg,Gibsonburg,OH,Ohio,39143,Sandusky,41.3875,-83.3216,2496,416,polygon,FALSE,TRUE,America/New_York,3
9756,Lake Crystal,Lake Crystal,MN,Minnesota,27013,Blue Earth,44.1054,-94.2188,2495,558,polygon,FALSE,TRUE,America/Chicago,3
9757,Silver Lake,Silver Lake,OH,Ohio,39153,Summit,41.1593,-81.4605,2494,676,polygon,FALSE,TRUE,America/New_York,3
9758,Charleston,Charleston,MS,Mississippi,28135,Tallahatchie,34.0075,-90.0552,2494,531,polygon,FALSE,TRUE,America/Chicago,3
9759,Keaau,Keaau,HI,Hawaii,15001,Hawaii,19.6156,-155.0372,2493,373,polygon,FALSE,FALSE,Pacific/Honolulu,3
9760,Parksdale,Parksdale,CA,California,6039,Madera,36.9465,-120.0212,2493,553,polygon,FALSE,FALSE,America/Los_Angeles,3
9761,Campo Rico,Campo Rico,PR,Puerto Rico,72029,Canóvanas,18.3371,-65.8974,2493,1476,polygon,FALSE,FALSE,America/Puerto_Rico,3
9762,West Branch,West Branch,IA,Iowa,19031,Cedar,41.6662,-91.3442,2492,376,polygon,FALSE,TRUE,America/Chicago,3
9763,Bald Knob,Bald Knob,AR,Arkansas,5145,White,35.3123,-91.5709,2491,223,polygon,FALSE,TRUE,America/Chicago,3
9764,Croom,Croom,MD,Maryland,24033,Prince George's,38.7458,-76.7555,2490,28,polygon,FALSE,FALSE,America/New_York,3
9765,Pottsboro,Pottsboro,TX,Texas,48181,Grayson,33.7708,-96.6714,2489,294,polygon,FALSE,TRUE,America/Chicago,3
9766,Oakland City,Oakland City,IN,Indiana,18051,Gibson,38.3378,-87.3494,2489,909,polygon,FALSE,TRUE,America/Indiana/Petersburg,3
9767,St. Hedwig,St. Hedwig,TX,Texas,48029,Bexar,29.4197,-98.2046,2488,32,polygon,FALSE,TRUE,America/Chicago,3
9768,South Hutchinson,South Hutchinson,KS,Kansas,20155,Reno,38.0278,-97.9428,2488,337,polygon,FALSE,TRUE,America/Chicago,3
9769,Quanah,Quanah,TX,Texas,48197,Hardeman,34.2954,-99.7429,2487,276,polygon,FALSE,TRUE,America/Chicago,3
9770,The Hills,The Hills,TX,Texas,48453,Travis,30.3465,-97.9864,2487,883,polygon,FALSE,TRUE,America/Chicago,3
9771,Gambier,Gambier,OH,Ohio,39083,Knox,40.3764,-82.3949,2486,1025,polygon,FALSE,TRUE,America/New_York,3
9772,Wautoma,Wautoma,WI,Wisconsin,55137,Waushara,44.0669,-89.2915,2485,296,polygon,FALSE,TRUE,America/Chicago,3
9773,Hart,Hart,MI,Michigan,26127,Oceana,43.6972,-86.3639,2485,569,polygon,FALSE,TRUE,America/Detroit,3
9774,Spring Lake,Spring Lake,MI,Michigan,26139,Ottawa,43.0733,-86.1944,2485,767,polygon,FALSE,TRUE,America/Detroit,3
9775,Bono,Bono,AR,Arkansas,5031,Craighead,35.9112,-90.8009,2484,360,polygon,FALSE,TRUE,America/Chicago,3
9776,Osceola,Osceola,IN,Indiana,18141,St. Joseph,41.6647,-86.0787,2484,707,polygon,FALSE,TRUE,America/Indiana/Indianapolis,3
9777,Montgomery City,Montgomery City,MO,Missouri,29139,Montgomery,38.9737,-91.5024,2484,306,polygon,FALSE,TRUE,America/Chicago,3
9778,South Congaree,South Congaree,SC,South Carolina,45063,Lexington,33.9094,-81.1375,2484,291,polygon,FALSE,TRUE,America/New_York,3
9779,Lake Wynonah,Lake Wynonah,PA,Pennsylvania,42107,Schuylkill,40.5878,-76.1806,2483,310,polygon,FALSE,FALSE,America/New_York,3
9780,San José,San Jose,PR,Puerto Rico,72137,Toa Baja,18.4029,-66.2492,2483,838,polygon,FALSE,FALSE,America/Puerto_Rico,3
9781,Point Clear,Point Clear,AL,Alabama,1003,Baldwin,30.4902,-87.9105,2482,199,polygon,FALSE,FALSE,America/Chicago,3
9782,Hamburg,Hamburg,AR,Arkansas,5003,Ashley,33.2248,-91.7972,2482,292,polygon,FALSE,TRUE,America/Chicago,3
9783,Lincoln,Lincoln,AR,Arkansas,5143,Washington,35.949,-94.4174,2481,335,polygon,FALSE,TRUE,America/Chicago,3
9784,Lake Cherokee,Lake Cherokee,TX,Texas,48401,Rusk,32.3569,-94.6513,2480,77,polygon,FALSE,TRUE,America/Chicago,3
9785,Bentleyville,Bentleyville,PA,Pennsylvania,42125,Washington,40.1178,-80.0044,2480,259,polygon,FALSE,TRUE,America/New_York,3
9786,West Newton,West Newton,PA,Pennsylvania,42129,Westmoreland,40.2094,-79.77,2480,923,polygon,FALSE,TRUE,America/New_York,3
9787,Covington,Covington,IN,Indiana,18045,Fountain,40.1406,-87.3913,2480,846,polygon,FALSE,TRUE,America/Indiana/Indianapolis,3
9788,Richwood,Richwood,OH,Ohio,39159,Union,40.4277,-83.2955,2480,763,polygon,FALSE,TRUE,America/New_York,3
9789,Beverly,Beverly,NJ,New Jersey,34005,Burlington,40.0652,-74.9221,2479,1768,polygon,FALSE,TRUE,America/New_York,3
9790,Hudson Oaks,Hudson Oaks,TX,Texas,48367,Parker,32.7508,-97.6999,2479,309,polygon,FALSE,TRUE,America/Chicago,3
9791,Telluride,Telluride,CO,Colorado,8113,San Miguel,37.9364,-107.8269,2479,430,polygon,FALSE,TRUE,America/Denver,3
9792,Bayou La Batre,Bayou La Batre,AL,Alabama,1097,Mobile,30.4126,-88.261,2479,127,polygon,FALSE,TRUE,America/Chicago,3
9793,Lennox,Lennox,SD,South Dakota,46083,Lincoln,43.3479,-96.8939,2479,609,polygon,FALSE,TRUE,America/Chicago,3
9794,Edneyville,Edneyville,NC,North Carolina,37089,Henderson,35.4025,-82.3371,2478,89,polygon,FALSE,FALSE,America/New_York,3
9795,Galva,Galva,IL,Illinois,17073,Henry,41.1689,-90.0375,2478,347,polygon,FALSE,TRUE,America/Chicago,3
9796,Argentine,Argentine,MI,Michigan,26049,Genesee,42.7905,-83.8356,2478,404,polygon,FALSE,FALSE,America/Detroit,3
9797,Como,Como,WI,Wisconsin,55127,Walworth,42.6114,-88.4914,2477,266,polygon,FALSE,FALSE,America/Chicago,3
9798,Trinity,Trinity,AL,Alabama,1103,Morgan,34.6012,-87.0818,2477,193,polygon,FALSE,TRUE,America/Chicago,3
9799,Chesterfield,Chesterfield,IN,Indiana,18095,Madison,40.113,-85.5943,2477,695,polygon,FALSE,TRUE,America/Indiana/Indianapolis,3
9800,Hebron,Hebron,OH,Ohio,39089,Licking,39.9644,-82.4898,2477,322,polygon,FALSE,TRUE,America/New_York,3
9801,Versailles,Versailles,MO,Missouri,29141,Morgan,38.4332,-92.8453,2477,410,polygon,FALSE,TRUE,America/Chicago,3
9802,Conrad,Conrad,MT,Montana,30073,Pondera,48.1741,-111.9466,2477,750,polygon,FALSE,TRUE,America/Denver,3
9803,Auberry,Auberry,CA,California,6019,Fresno,37.0755,-119.4901,2476,49,polygon,FALSE,FALSE,America/Los_Angeles,3
9804,Casselton,Casselton,ND,North Dakota,38017,Cass,46.8972,-97.2129,2475,489,polygon,FALSE,TRUE,America/Chicago,3
9805,Kenilworth,Kenilworth,IL,Illinois,17031,Cook,42.0888,-87.7144,2475,1570,polygon,FALSE,TRUE,America/Chicago,3
9806,Galena,Galena,KS,Kansas,20021,Cherokee,37.0751,-94.6353,2475,240,polygon,FALSE,TRUE,America/Chicago,3
9807,Sibley,Sibley,IA,Iowa,19143,Osceola,43.4013,-95.7438,2474,590,polygon,FALSE,TRUE,America/Chicago,3
9808,La Grange,La Grange,NC,North Carolina,37107,Lenoir,35.3064,-77.789,2473,438,polygon,FALSE,TRUE,America/New_York,3
9809,Windsor,Windsor,MO,Missouri,29083,Henry,38.5319,-93.5227,2473,444,polygon,FALSE,TRUE,America/Chicago,3
9810,Wabasha,Wabasha,MN,Minnesota,27157,Wabasha,44.3707,-92.042,2473,116,polygon,FALSE,TRUE,America/Chicago,3
9811,Orchard Lake Village,Orchard Lake Village,MI,Michigan,26125,Oakland,42.5859,-83.3756,2473,398,polygon,FALSE,TRUE,America/Detroit,3
9812,Nicholson,Nicholson,MS,Mississippi,28109,Pearl River,30.4866,-89.6997,2473,158,polygon,FALSE,FALSE,America/Chicago,3
9813,Leith-Hatfield,Leith-Hatfield,PA,Pennsylvania,42051,Fayette,39.8772,-79.7314,2472,516,polygon,FALSE,TRUE,America/New_York,3
9814,Massanutten,Massanutten,VA,Virginia,51165,Rockingham,38.4115,-78.7269,2472,96,polygon,FALSE,FALSE,America/New_York,3
9815,Elm Springs,Elm Springs,AR,Arkansas,5143,Washington,36.2069,-94.2366,2472,166,polygon,FALSE,TRUE,America/Chicago,3
9816,Hoisington,Hoisington,KS,Kansas,20009,Barton,38.518,-98.7773,2472,822,polygon,FALSE,TRUE,America/Chicago,3
9817,Phillipsburg,Phillipsburg,KS,Kansas,20147,Phillips,39.7512,-99.321,2471,556,polygon,FALSE,TRUE,America/Chicago,3
9818,Ranger,Ranger,TX,Texas,48133,Eastland,32.4693,-98.6751,2469,136,polygon,FALSE,TRUE,America/Chicago,3
9819,Surf City,Surf City,NC,North Carolina,37141,Pender,34.4346,-77.5644,2469,126,polygon,FALSE,TRUE,America/New_York,3
9820,Midland,Midland,PA,Pennsylvania,42007,Beaver,40.6373,-80.4565,2469,526,polygon,FALSE,TRUE,America/New_York,3
9821,Icard,Icard,NC,North Carolina,37023,Burke,35.7253,-81.4582,2468,249,polygon,FALSE,FALSE,America/New_York,3
9822,Orchard Hills,Orchard Hills,PA,Pennsylvania,42005,Armstrong,40.5849,-79.5416,2468,241,polygon,FALSE,FALSE,America/New_York,3
9823,Woodside,Woodside,PA,Pennsylvania,42017,Bucks,40.2305,-74.8607,2468,931,polygon,FALSE,FALSE,America/New_York,3
9824,Oak Grove,Oak Grove,VA,Virginia,51107,Loudoun,38.9845,-77.4174,2468,814,polygon,FALSE,FALSE,America/New_York,3
9825,Hudson,Hudson,IA,Iowa,19013,Black Hawk,42.432,-92.4522,2468,113,polygon,FALSE,TRUE,America/Chicago,3
9826,Charleston,Charleston,AR,Arkansas,5047,Franklin,35.2954,-94.0461,2467,228,polygon,FALSE,TRUE,America/Chicago,3
9827,Nicoma Park,Nicoma Park,OK,Oklahoma,40109,Oklahoma,35.4912,-97.3254,2467,285,polygon,FALSE,TRUE,America/Chicago,3
9828,Bethany,Bethany,MO,Missouri,29081,Harrison,40.2684,-94.0281,2467,266,polygon,FALSE,TRUE,America/Chicago,3
9829,Olmos Park,Olmos Park,TX,Texas,48029,Bexar,29.4749,-98.4867,2466,1533,polygon,FALSE,TRUE,America/Chicago,3
9830,Marengo,Marengo,IA,Iowa,19095,Iowa,41.7961,-92.0675,2466,450,polygon,FALSE,TRUE,America/Chicago,3
9831,Mineral Point,Mineral Point,WI,Wisconsin,55049,Iowa,42.8632,-90.1814,2465,309,polygon,FALSE,TRUE,America/Chicago,3
9832,Stonewall,Stonewall,LA,Louisiana,22031,De Soto,32.2715,-93.81,2465,111,polygon,FALSE,TRUE,America/Chicago,3
9833,Belleville,Belleville,WI,Wisconsin,55025,Dane,42.8643,-89.5402,2463,599,polygon,FALSE,TRUE,America/Chicago,3
9834,Swartzville,Swartzville,PA,Pennsylvania,42071,Lancaster,40.2287,-76.0809,2463,652,polygon,FALSE,FALSE,America/New_York,3
9835,Monserrate,Monserrate,PR,Puerto Rico,72145,Vega Baja,18.4367,-66.3579,2462,1366,polygon,FALSE,FALSE,America/Puerto_Rico,3
9836,Woodville,Woodville,FL,Florida,12073,Leon,30.3114,-84.2595,2461,147,polygon,FALSE,FALSE,America/New_York,3
9837,Ahwahnee,Ahwahnee,CA,California,6039,Madera,37.3652,-119.7194,2461,94,polygon,FALSE,FALSE,America/Los_Angeles,3
9838,Ranchos de Taos,Ranchos de Taos,NM,New Mexico,35055,Taos,36.3619,-105.6016,2460,269,polygon,FALSE,FALSE,America/Denver,3
9839,Rancho Viejo,Rancho Viejo,TX,Texas,48061,Cameron,26.0361,-97.5568,2460,481,polygon,FALSE,TRUE,America/Chicago,3
9840,Strafford,Strafford,MO,Missouri,29077,Greene,37.2691,-93.1177,2460,301,polygon,FALSE,TRUE,America/Chicago,3
9841,Chimayo,Chimayo,NM,New Mexico,35049,Santa Fe,35.9976,-105.9363,2459,110,polygon,FALSE,FALSE,America/Denver,3
9842,Idyllwild-Pine Cove,Idyllwild-Pine Cove,CA,California,6065,Riverside,33.7443,-116.7257,2459,69,polygon,FALSE,TRUE,America/Los_Angeles,3
9843,Windy Hills,Windy Hills,KY,Kentucky,21111,Jefferson,38.2702,-85.6378,2459,1031,polygon,FALSE,TRUE,America/New_York,3
9844,Weatherly,Weatherly,PA,Pennsylvania,42025,Carbon,40.942,-75.821,2458,318,polygon,FALSE,TRUE,America/New_York,3
9845,Honaunau-Napoopoo,Honaunau-Napoopoo,HI,Hawaii,15001,Hawaii,19.4538,-155.8588,2457,24,polygon,FALSE,TRUE,Pacific/Honolulu,3
9846,Conneaut Lakeshore,Conneaut Lakeshore,PA,Pennsylvania,42039,Crawford,41.6272,-80.3102,2457,182,polygon,FALSE,TRUE,America/New_York,3
9847,Fennimore,Fennimore,WI,Wisconsin,55043,Grant,42.9793,-90.6492,2456,549,polygon,FALSE,TRUE,America/Chicago,3
9848,Bellevue,Bellevue,ID,Idaho,16013,Blaine,43.4685,-114.2551,2456,644,polygon,FALSE,TRUE,America/Boise,3
9849,Valley View,Valley View,PA,Pennsylvania,42133,York,39.9498,-76.701,2455,1213,polygon,FALSE,FALSE,America/New_York,3
9850,Liberty,Liberty,PA,Pennsylvania,42003,Allegheny,40.3244,-79.8589,2454,662,polygon,FALSE,TRUE,America/New_York,3
9851,Avilla,Avilla,IN,Indiana,18113,Noble,41.3637,-85.2317,2454,554,polygon,FALSE,TRUE,America/Indiana/Indianapolis,3
9852,Onawa,Onawa,IA,Iowa,19133,Monona,42.0268,-96.0905,2454,205,polygon,FALSE,TRUE,America/Chicago,3
9853,Goldsby,Goldsby,OK,Oklahoma,40087,McClain,35.1304,-97.4779,2454,36,polygon,FALSE,TRUE,America/Chicago,3
9854,Fairmont City,Fairmont City,IL,Illinois,17163,St. Clair,38.6504,-90.1025,2453,152,polygon,FALSE,TRUE,America/Chicago,3
9855,Harriman,Harriman,NY,New York,36071,Orange,41.3088,-74.1444,2452,942,polygon,FALSE,TRUE,America/New_York,3
9856,Shrub Oak,Shrub Oak,NY,New York,36119,Westchester,41.3256,-73.8295,2452,607,polygon,FALSE,FALSE,America/New_York,3
9857,Belmont,Belmont,PA,Pennsylvania,42021,Cambria,40.283,-78.8907,2452,538,polygon,FALSE,FALSE,America/New_York,3
9858,Grissom AFB,Grissom AFB,IN,Indiana,18103,Miami,40.6585,-86.148,2452,236,polygon,TRUE,TRUE,America/Indiana/Indianapolis,3
9859,Ross,Ross,CA,California,6041,Marin,37.9638,-122.5615,2451,608,polygon,FALSE,TRUE,America/Los_Angeles,3
9860,Middletown,Middletown,IN,Indiana,18065,Henry,40.0596,-85.5422,2451,753,polygon,FALSE,TRUE,America/Indiana/Indianapolis,3
9861,Lomira,Lomira,WI,Wisconsin,55027,Dodge,43.5944,-88.442,2450,442,polygon,FALSE,TRUE,America/Chicago,3
9862,Buies Creek,Buies Creek,NC,North Carolina,37085,Harnett,35.4127,-78.7363,2450,412,polygon,FALSE,FALSE,America/New_York,3
9863,Poquonock Bridge,Poquonock Bridge,CT,Connecticut,9011,New London,41.3379,-72.0175,2450,704,polygon,FALSE,FALSE,America/New_York,3
9864,Norwood,Norwood,NC,North Carolina,37167,Stanly,35.2336,-80.1146,2449,208,polygon,FALSE,TRUE,America/New_York,3
9865,Dunkirk,Dunkirk,MD,Maryland,24009,Calvert,38.7156,-76.673,2449,143,polygon,FALSE,FALSE,America/New_York,3
9866,Deep River Center,Deep River Center,CT,Connecticut,9007,Middlesex,41.3823,-72.4386,2448,368,polygon,FALSE,TRUE,America/New_York,3
9867,Blue Mound,Blue Mound,TX,Texas,48439,Tarrant,32.8543,-97.3383,2445,1870,polygon,FALSE,TRUE,America/Chicago,3
9868,La Luisa,La Luisa,PR,Puerto Rico,72091,Manatí,18.4488,-66.5079,2445,960,polygon,FALSE,FALSE,America/Puerto_Rico,3
9869,Fairmont,Fairmont,NC,North Carolina,37155,Robeson,34.4947,-79.1136,2444,365,polygon,FALSE,TRUE,America/New_York,3
9870,Hawarden,Hawarden,IA,Iowa,19167,Sioux,43.0015,-96.4829,2444,339,polygon,FALSE,TRUE,America/Chicago,3
9871,Cabana Colony,Cabana Colony,FL,Florida,12099,Palm Beach,26.8555,-80.0865,2443,2199,polygon,FALSE,TRUE,America/New_York,2
9872,Newmanstown,Newmanstown,PA,Pennsylvania,42075,Lebanon,40.3514,-76.2117,2443,428,polygon,FALSE,FALSE,America/New_York,3
9873,Harlem,Harlem,FL,Florida,12051,Hendry,26.7325,-80.9518,2442,887,polygon,FALSE,FALSE,America/New_York,3
9874,Combine,Combine,TX,Texas,48257,Kaufman,32.5912,-96.5183,2442,127,polygon,FALSE,TRUE,America/Chicago,3
9875,Lake of the Woods,Lake of the Woods,IL,Illinois,17019,Champaign,40.2048,-88.3732,2442,546,polygon,FALSE,FALSE,America/Chicago,3
9876,Lake Kiowa,Lake Kiowa,TX,Texas,48097,Cooke,33.5703,-97.0129,2440,315,polygon,FALSE,FALSE,America/Chicago,3
9877,Broad Creek,Broad Creek,NC,North Carolina,37031,Carteret,34.7304,-76.9241,2440,303,polygon,FALSE,FALSE,America/New_York,3
9878,Belle Plaine,Belle Plaine,IA,Iowa,19011,Benton,41.8954,-92.2751,2440,296,polygon,FALSE,TRUE,America/Chicago,3
9879,Lemont,Lemont,PA,Pennsylvania,42027,Centre,40.812,-77.8161,2439,743,polygon,FALSE,FALSE,America/New_York,3
9880,Girard,Girard,KS,Kansas,20037,Crawford,37.5094,-94.8456,2439,441,polygon,FALSE,TRUE,America/Chicago,3
9881,Wayne Heights,Wayne Heights,PA,Pennsylvania,42055,Franklin,39.7455,-77.5436,2438,441,polygon,FALSE,FALSE,America/New_York,3
9882,Salmon Brook,Salmon Brook,CT,Connecticut,9003,Hartford,41.9567,-72.7931,2438,313,polygon,FALSE,FALSE,America/New_York,3
9883,Monroe City,Monroe City,MO,Missouri,29137,Monroe,39.6542,-91.7328,2438,311,polygon,FALSE,TRUE,America/Chicago,3
9884,Kentwood,Kentwood,LA,Louisiana,22105,Tangipahoa,30.9339,-90.5153,2436,132,polygon,FALSE,TRUE,America/Chicago,3
9885,Poplar-Cotton Center,Poplar-Cotton Center,CA,California,6107,Tulare,36.0564,-119.1493,2436,732,polygon,FALSE,TRUE,America/Los_Angeles,3
9886,Carthage,Carthage,IL,Illinois,17067,Hancock,40.4143,-91.1276,2435,380,polygon,FALSE,TRUE,America/Chicago,3
9887,Old Orchard,Old Orchard,PA,Pennsylvania,42095,Northampton,40.6575,-75.2609,2432,1287,polygon,FALSE,FALSE,America/New_York,3
9888,Morgantown,Morgantown,KY,Kentucky,21031,Butler,37.2173,-86.7001,2431,282,polygon,FALSE,TRUE,America/Chicago,3
9889,Brinckerhoff,Brinckerhoff,NY,New York,36027,Dutchess,41.5511,-73.8696,2430,837,polygon,FALSE,FALSE,America/New_York,3
9890,Sky Valley,Sky Valley,CA,California,6065,Riverside,33.8912,-116.3551,2430,38,polygon,FALSE,FALSE,America/Los_Angeles,3
9891,Lena,Lena,IL,Illinois,17177,Stephenson,42.3786,-89.8217,2430,395,polygon,FALSE,TRUE,America/Chicago,3
9892,Inman,Inman,SC,South Carolina,45083,Spartanburg,35.0465,-82.09,2430,592,polygon,FALSE,TRUE,America/New_York,3
9893,Kent Acres,Kent Acres,DE,Delaware,10001,Kent,39.1325,-75.5161,2429,1104,polygon,FALSE,FALSE,America/New_York,3
9894,Wayne,Wayne,IL,Illinois,17043,DuPage,41.9494,-88.2584,2429,162,polygon,FALSE,TRUE,America/Chicago,3
9895,Maynardville,Maynardville,TN,Tennessee,47173,Union,36.247,-83.8057,2428,173,polygon,FALSE,TRUE,America/New_York,3
9896,Taylor,Taylor,AL,Alabama,1069,Houston,31.1658,-85.4697,2428,129,polygon,FALSE,TRUE,America/Chicago,3
9897,Lavaca,Lavaca,AR,Arkansas,5131,Sebastian,35.3341,-94.1799,2427,421,polygon,FALSE,TRUE,America/Chicago,3
9898,Lake Wazeecha,Lake Wazeecha,WI,Wisconsin,55141,Wood,44.3709,-89.7551,2426,249,polygon,FALSE,FALSE,America/Chicago,3
9899,Santa Rosa,Santa Rosa,NM,New Mexico,35019,Guadalupe,34.936,-104.6769,2426,203,polygon,FALSE,TRUE,America/Denver,3
9900,Cave City,Cave City,KY,Kentucky,21009,Barren,37.14,-85.9646,2426,212,polygon,FALSE,TRUE,America/Chicago,3
9901,Fort Polk North,Fort Polk North,LA,Louisiana,22115,Vernon,31.1031,-93.1793,2425,111,polygon,TRUE,TRUE,America/Chicago,3
9902,Pleasant Ridge,Pleasant Ridge,MI,Michigan,26125,Oakland,42.4715,-83.1443,2425,1662,polygon,FALSE,TRUE,America/Detroit,3
9903,Collins,Collins,MS,Mississippi,28031,Covington,31.6469,-89.5669,2425,117,polygon,FALSE,TRUE,America/Chicago,3
9904,Panorama Village,Panorama Village,TX,Texas,48339,Montgomery,30.3806,-95.4944,2424,869,polygon,FALSE,TRUE,America/Chicago,3
9905,Park City,Park City,TN,Tennessee,47103,Lincoln,35.0782,-86.5834,2424,171,polygon,FALSE,FALSE,America/Chicago,3
9906,Taft Heights,Taft Heights,CA,California,6029,Kern,35.1337,-119.4711,2424,3163,polygon,FALSE,FALSE,America/Los_Angeles,2
9907,Ingalls,Ingalls,IN,Indiana,18095,Madison,39.9746,-85.8148,2424,317,polygon,FALSE,TRUE,America/Indiana/Indianapolis,3
9908,Anchorage,Anchorage,KY,Kentucky,21111,Jefferson,38.2689,-85.5363,2423,316,polygon,FALSE,TRUE,America/New_York,3
9909,Nekoosa,Nekoosa,WI,Wisconsin,55141,Wood,44.3135,-89.9073,2422,275,polygon,FALSE,TRUE,America/Chicago,3
9910,Stormstown,Stormstown,PA,Pennsylvania,42027,Centre,40.789,-78.0191,2422,117,polygon,FALSE,FALSE,America/New_York,3
9911,Hayfork,Hayfork,CA,California,6105,Trinity,40.561,-123.1299,2421,12,polygon,FALSE,FALSE,America/Los_Angeles,3
9912,Cumings,Cumings,TX,Texas,48157,Fort Bend,29.5836,-95.7966,2420,512,polygon,FALSE,FALSE,America/Chicago,3
9913,Rouse,Rouse,CA,California,6099,Stanislaus,37.6196,-121.0084,2420,3920,polygon,FALSE,TRUE,America/Los_Angeles,2
9914,Marked Tree,Marked Tree,AR,Arkansas,5111,Poinsett,35.5251,-90.4251,2420,161,polygon,FALSE,TRUE,America/Chicago,3
9915,Pinckney,Pinckney,MI,Michigan,26093,Livingston,42.4543,-83.9457,2420,579,polygon,FALSE,TRUE,America/Detroit,3
9916,Waynesboro,Waynesboro,TN,Tennessee,47181,Wayne,35.3236,-87.7593,2419,218,polygon,FALSE,TRUE,America/Chicago,3
9917,Houston,Houston,MS,Mississippi,28017,Chickasaw,33.8963,-89.0031,2419,179,polygon,FALSE,TRUE,America/Chicago,3
9918,Cowpens,Cowpens,SC,South Carolina,45083,Spartanburg,35.0188,-81.8043,2419,396,polygon,FALSE,TRUE,America/New_York,3
9919,Fairmount,Fairmount,TN,Tennessee,47065,Hamilton,35.1844,-85.3302,2418,208,polygon,FALSE,FALSE,America/Chicago,3
9920,Villa Grove,Villa Grove,IL,Illinois,17041,Douglas,39.8644,-88.16,2418,622,polygon,FALSE,TRUE,America/Chicago,3
9921,Woodbine,Woodbine,NJ,New Jersey,34009,Cape May,39.2283,-74.8096,2414,116,polygon,FALSE,TRUE,America/New_York,3
9922,Lawson,Lawson,MO,Missouri,29177,Ray,39.436,-94.2151,2414,366,polygon,FALSE,TRUE,America/Chicago,3
9923,Shepherd,Shepherd,TX,Texas,48407,San Jacinto,30.491,-95.0021,2413,152,polygon,FALSE,TRUE,America/Chicago,3
9924,Westmoreland,Westmoreland,TN,Tennessee,47165,Sumner,36.562,-86.246,2413,222,polygon,FALSE,TRUE,America/Chicago,3
9925,Breezy Point,Breezy Point,MN,Minnesota,27035,Crow Wing,46.6081,-94.218,2413,79,polygon,FALSE,TRUE,America/Chicago,3
9926,Mulino,Mulino,OR,Oregon,41005,Clackamas,45.2235,-122.5616,2413,67,polygon,FALSE,FALSE,America/Los_Angeles,3
9927,Paia,Paia,HI,Hawaii,15009,Maui,20.9062,-156.3678,2412,151,polygon,FALSE,FALSE,Pacific/Honolulu,3
9928,Houston,Houston,AK,Alaska,2170,Matanuska-Susitna,61.6159,-149.8003,2412,38,polygon,FALSE,TRUE,America/Anchorage,3
9929,Pine Crest,Pine Crest,TN,Tennessee,47019,Carter,36.2966,-82.3107,2412,482,polygon,FALSE,FALSE,America/New_York,3
9930,Eddystone,Eddystone,PA,Pennsylvania,42045,Delaware,39.8566,-75.3342,2412,936,polygon,FALSE,TRUE,America/New_York,3
9931,Verona,Verona,PA,Pennsylvania,42003,Allegheny,40.505,-79.8419,2411,1843,polygon,FALSE,TRUE,America/New_York,3
9932,Laporte,Laporte,CO,Colorado,8069,Larimer,40.6385,-105.1444,2411,152,polygon,FALSE,FALSE,America/Denver,3
9933,Santa Claus,Santa Claus,IN,Indiana,18147,Spencer,38.1168,-86.9292,2411,144,polygon,FALSE,TRUE,America/Chicago,3
9934,Bloomfield,Bloomfield,IN,Indiana,18055,Greene,39.026,-86.9375,2410,636,polygon,FALSE,TRUE,America/Indiana/Indianapolis,3
9935,Cordes Lakes,Cordes Lakes,AZ,Arizona,4025,Yavapai,34.3103,-112.1073,2410,86,polygon,FALSE,FALSE,America/Phoenix,3
9936,Dalton Gardens,Dalton Gardens,ID,Idaho,16055,Kootenai,47.7328,-116.7696,2410,390,polygon,FALSE,TRUE,America/Los_Angeles,3
9937,Spring Valley,Spring Valley,MN,Minnesota,27045,Fillmore,43.6888,-92.3897,2410,316,polygon,FALSE,TRUE,America/Chicago,3
9938,Neillsville,Neillsville,WI,Wisconsin,55019,Clark,44.5605,-90.5905,2409,338,polygon,FALSE,TRUE,America/Chicago,3
9939,Monticello,Monticello,FL,Florida,12065,Jefferson,30.5423,-83.8721,2409,231,polygon,FALSE,TRUE,America/New_York,3
9940,Calais,Calais,ME,Maine,23029,Washington,45.134,-67.224,2409,33,polygon,FALSE,TRUE,America/New_York,3
9941,Mays Landing,Mays Landing,NJ,New Jersey,34001,Atlantic,39.4524,-74.7241,2408,546,polygon,FALSE,FALSE,America/New_York,3
9942,New Egypt,New Egypt,NJ,New Jersey,34029,Ocean,40.0644,-74.5284,2407,234,polygon,FALSE,FALSE,America/New_York,3
9943,Fruitland,Fruitland,NC,North Carolina,37089,Henderson,35.3928,-82.412,2407,115,polygon,FALSE,FALSE,America/New_York,3
9944,Lyman,Lyman,MS,Mississippi,28047,Harrison,30.5044,-89.1348,2405,119,polygon,FALSE,FALSE,America/Chicago,3
9945,Lockport,Lockport,LA,Louisiana,22057,Lafourche,29.6418,-90.5376,2404,1456,polygon,FALSE,TRUE,America/Chicago,3
9946,Coudersport,Coudersport,PA,Pennsylvania,42105,Potter,41.7758,-78.016,2404,164,polygon,FALSE,TRUE,America/New_York,3
9947,Prairie Creek,Prairie Creek,AR,Arkansas,5007,Benton,36.34,-94.0613,2404,213,polygon,FALSE,FALSE,America/Chicago,3
9948,Tangerine,Tangerine,FL,Florida,12095,Orange,28.7589,-81.6341,2403,204,polygon,FALSE,FALSE,America/New_York,3
9949,Winters,Winters,TX,Texas,48399,Runnels,31.9564,-99.9293,2403,401,polygon,FALSE,TRUE,America/Chicago,3
9950,Marcus Hook,Marcus Hook,PA,Pennsylvania,42045,Delaware,39.8131,-75.4165,2402,836,polygon,FALSE,TRUE,America/New_York,3
9951,Rogers City,Rogers City,MI,Michigan,26141,Presque Isle,45.415,-83.8181,2402,225,polygon,FALSE,TRUE,America/Detroit,3
9952,Thornton,Thornton,IL,Illinois,17031,Cook,41.5711,-87.6187,2401,390,polygon,FALSE,TRUE,America/Chicago,3
9953,Boquerón,Boqueron,PR,Puerto Rico,72023,Cabo Rojo,18.034,-67.1715,2401,928,polygon,FALSE,FALSE,America/Puerto_Rico,3
9954,Texanna,Texanna,OK,Oklahoma,40091,McIntosh,35.3572,-95.5047,2400,23,polygon,FALSE,FALSE,America/Chicago,3
9955,Enfield,Enfield,NC,North Carolina,37083,Halifax,36.1802,-77.6678,2399,720,polygon,FALSE,TRUE,America/New_York,3
9956,Meyersdale,Meyersdale,PA,Pennsylvania,42111,Somerset,39.8133,-79.0277,2399,955,polygon,FALSE,TRUE,America/New_York,3
9957,El Portal,El Portal,FL,Florida,12086,Miami-Dade,25.8556,-80.1954,2398,2230,polygon,FALSE,TRUE,America/New_York,2
9958,Lordsburg,Lordsburg,NM,New Mexico,35023,Hidalgo,32.3438,-108.7021,2398,109,polygon,FALSE,TRUE,America/Denver,3
9959,Carrollton,Carrollton,IL,Illinois,17061,Greene,39.2948,-90.4062,2398,486,polygon,FALSE,TRUE,America/Chicago,3
9960,East Dublin,East Dublin,GA,Georgia,13175,Laurens,32.5468,-82.8675,2398,219,polygon,FALSE,TRUE,America/New_York,3
9961,Lapel,Lapel,IN,Indiana,18095,Madison,40.0334,-85.8407,2398,89,polygon,FALSE,TRUE,America/Indiana/Indianapolis,3
9962,Sisseton,Sisseton,SD,South Dakota,46109,Roberts,45.6625,-97.0453,2398,581,polygon,FALSE,TRUE,America/Chicago,3
9963,Junction,Junction,TX,Texas,48267,Kimble,30.4906,-99.7725,2397,404,polygon,FALSE,TRUE,America/Chicago,3
9964,Three Rivers,Three Rivers,CA,California,6107,Tulare,36.4319,-118.8806,2397,20,polygon,FALSE,FALSE,America/Los_Angeles,3
9965,St. Ignace,St. Ignace,MI,Michigan,26097,Mackinac,45.8695,-84.7255,2397,340,polygon,FALSE,TRUE,America/Detroit,3
9966,Choccolocco,Choccolocco,AL,Alabama,1015,Calhoun,33.6683,-85.7129,2396,79,polygon,FALSE,FALSE,America/Chicago,3
9967,Río Lajas,Rio Lajas,PR,Puerto Rico,72051,Dorado,18.397,-66.2643,2394,612,polygon,FALSE,FALSE,America/Puerto_Rico,3
9968,Nice,Nice,CA,California,6033,Lake,39.1266,-122.8526,2393,535,polygon,FALSE,FALSE,America/Los_Angeles,3
9969,Danville,Danville,AR,Arkansas,5149,Yell,35.053,-93.3902,2393,215,polygon,FALSE,TRUE,America/Chicago,3
9970,Madison,Madison,NE,Nebraska,31119,Madison,41.8283,-97.4568,2392,785,polygon,FALSE,TRUE,America/Chicago,3
9971,Purvis,Purvis,MS,Mississippi,28073,Lamar,31.145,-89.4054,2392,220,polygon,FALSE,TRUE,America/Chicago,3
9972,Wheeler AFB,Wheeler AFB,HI,Hawaii,15003,Honolulu,21.4735,-158.0346,2391,356,polygon,TRUE,TRUE,Pacific/Honolulu,3
9973,Bell Canyon,Bell Canyon,CA,California,6111,Ventura,34.2081,-118.6876,2391,253,polygon,FALSE,TRUE,America/Los_Angeles,3
9974,Carlisle-Rockledge,Carlisle-Rockledge,AL,Alabama,1055,Etowah,34.114,-86.1191,2391,57,polygon,FALSE,TRUE,America/Chicago,3
9975,Mayflower,Mayflower,AR,Arkansas,5045,Faulkner,34.9686,-92.4225,2391,234,polygon,FALSE,TRUE,America/Chicago,3
9976,Reed City,Reed City,MI,Michigan,26133,Osceola,43.8725,-85.5069,2391,439,polygon,FALSE,TRUE,America/Detroit,3
9977,North Zanesville,North Zanesville,OH,Ohio,39119,Muskingum,39.9905,-81.9982,2390,259,polygon,FALSE,FALSE,America/New_York,3
9978,Natalbany,Natalbany,LA,Louisiana,22105,Tangipahoa,30.5486,-90.4848,2388,208,polygon,FALSE,FALSE,America/Chicago,3
9979,Checotah,Checotah,OK,Oklahoma,40091,McIntosh,35.4821,-95.5224,2387,133,polygon,FALSE,TRUE,America/Chicago,3
9980,Seneca,Seneca,MO,Missouri,29145,Newton,36.8447,-94.6093,2387,360,polygon,FALSE,TRUE,America/Chicago,3
9981,Mendenhall,Mendenhall,MS,Mississippi,28127,Simpson,31.9609,-89.8692,2387,172,polygon,FALSE,TRUE,America/Chicago,3
9982,Leisure Knoll,Leisure Knoll,NJ,New Jersey,34029,Ocean,40.0186,-74.2908,2386,1037,polygon,FALSE,FALSE,America/New_York,3
9983,Enon,Enon,OH,Ohio,39023,Clark,39.865,-83.9331,2386,711,polygon,FALSE,TRUE,America/New_York,3
9984,Coalfield,Coalfield,TN,Tennessee,47129,Morgan,36.0219,-84.4414,2385,37,polygon,FALSE,FALSE,America/New_York,3
9985,La Mesilla,La Mesilla,NM,New Mexico,35039,Rio Arriba,35.9461,-106.0719,2384,206,polygon,FALSE,FALSE,America/Denver,3
9986,La Blanca,La Blanca,TX,Texas,48215,Hidalgo,26.3048,-98.0286,2383,222,polygon,FALSE,FALSE,America/Chicago,3
9987,Corralitos,Corralitos,CA,California,6087,Santa Cruz,36.9941,-121.7892,2381,102,polygon,FALSE,FALSE,America/Los_Angeles,3
9988,Hallowell,Hallowell,ME,Maine,23011,Kennebec,44.2904,-69.8141,2381,156,polygon,FALSE,TRUE,America/New_York,3
9989,New Miami,New Miami,OH,Ohio,39017,Butler,39.4319,-84.5399,2381,1016,polygon,FALSE,TRUE,America/New_York,3
9990,Johnston,Johnston,SC,South Carolina,45037,Edgefield,33.8327,-81.8051,2381,347,polygon,FALSE,TRUE,America/New_York,3
9991,Virginia Gardens,Virginia Gardens,FL,Florida,12086,Miami-Dade,25.8095,-80.2974,2380,3130,polygon,FALSE,TRUE,America/New_York,2
9992,Susquehanna Depot,Susquehanna Depot,PA,Pennsylvania,42115,Susquehanna,41.9438,-75.6039,2380,764,polygon,FALSE,TRUE,America/New_York,3
9993,Burlington,Burlington,KS,Kansas,20031,Coffey,38.1932,-95.7452,2380,445,polygon,FALSE,TRUE,America/Chicago,3
9994,Paden City,Paden City,WV,West Virginia,54095,Tyler,39.6035,-80.9351,2379,1066,polygon,FALSE,TRUE,America/New_York,3
9995,West Belmar,West Belmar,NJ,New Jersey,34025,Monmouth,40.1707,-74.0376,2379,1958,polygon,FALSE,FALSE,America/New_York,3
9996,Santo Domingo Pueblo,Santo Domingo Pueblo,NM,New Mexico,35043,Sandoval,35.5174,-106.367,2379,450,polygon,FALSE,FALSE,America/Denver,3
9997,Poland,Poland,OH,Ohio,39099,Mahoning,41.022,-80.6156,2378,561,polygon,FALSE,TRUE,America/New_York,3
9998,Riverside,Riverside,AL,Alabama,1115,St. Clair,33.6171,-86.2042,2377,105,polygon,FALSE,TRUE,America/Chicago,3
9999,Cadiz,Cadiz,OH,Ohio,39067,Harrison,40.2644,-80.9981,2377,138,polygon,FALSE,TRUE,America/New_York,3
10000,Conesus Lake,Conesus Lake,NY,New York,36051,Livingston,42.7756,-77.7135,2374,210,polygon,FALSE,TRUE,America/New_York,3
10001,St. Bonifacius,St. Bonifacius,MN,Minnesota,27053,Hennepin,44.9054,-93.7476,2374,881,polygon,FALSE,TRUE,America/Chicago,3
10002,Kimball,Kimball,NE,Nebraska,31105,Kimball,41.2335,-103.6512,2373,442,polygon,FALSE,TRUE,America/Denver,3
10003,Kerhonkson,Kerhonkson,NY,New York,36111,Ulster,41.7797,-74.2956,2373,173,polygon,FALSE,FALSE,America/New_York,3
10004,Highspire,Highspire,PA,Pennsylvania,42043,Dauphin,40.2085,-76.7851,2373,1275,polygon,FALSE,TRUE,America/New_York,3
10005,Albion,Albion,IN,Indiana,18113,Noble,41.3966,-85.4187,2373,480,polygon,FALSE,TRUE,America/Indiana/Indianapolis,3
10006,Hickman,Hickman,NE,Nebraska,31109,Lancaster,40.6248,-96.6306,2371,1092,polygon,FALSE,TRUE,America/Chicago,3
10007,Decherd,Decherd,TN,Tennessee,47051,Franklin,35.2156,-86.0756,2371,190,polygon,FALSE,TRUE,America/Chicago,3
10008,Mount Vernon,Mount Vernon,GA,Georgia,13209,Montgomery,32.1836,-82.5953,2371,227,polygon,FALSE,TRUE,America/New_York,3
10009,Dalworthington Gardens,Dalworthington Gardens,TX,Texas,48439,Tarrant,32.6936,-97.1565,2370,517,polygon,FALSE,TRUE,America/Chicago,3
10010,Newton,Newton,TX,Texas,48351,Newton,30.8502,-93.7537,2370,168,polygon,FALSE,TRUE,America/Chicago,3
10011,Salado,Salado,TX,Texas,48027,Bell,30.9462,-97.5281,2370,330,polygon,FALSE,TRUE,America/Chicago,3
10012,Calera,Calera,OK,Oklahoma,40013,Bryan,33.9312,-96.4299,2370,189,polygon,FALSE,TRUE,America/Chicago,3
10013,Chester,Chester,WV,West Virginia,54029,Hancock,40.6129,-80.5627,2369,915,polygon,FALSE,TRUE,America/New_York,3
10014,Ponder,Ponder,TX,Texas,48121,Denton,33.1775,-97.291,2369,286,polygon,FALSE,TRUE,America/Chicago,3
10015,Kinder,Kinder,LA,Louisiana,22003,Allen,30.4835,-92.8508,2368,165,polygon,FALSE,TRUE,America/Chicago,3
10016,Prague,Prague,OK,Oklahoma,40081,Lincoln,35.4997,-96.6999,2367,304,polygon,FALSE,TRUE,America/Chicago,3
10017,Lovell,Lovell,WY,Wyoming,56003,Big Horn,44.8357,-108.3919,2366,829,polygon,FALSE,TRUE,America/Denver,3
10018,East Dennis,East Dennis,MA,Massachusetts,25001,Barnstable,41.7392,-70.1577,2366,188,polygon,FALSE,FALSE,America/New_York,3
10019,Green Meadows,Green Meadows,OH,Ohio,39023,Clark,39.8672,-83.9454,2366,1149,polygon,FALSE,FALSE,America/New_York,3
10020,Concordia,Concordia,MO,Missouri,29107,Lafayette,38.9877,-93.5683,2366,510,polygon,FALSE,TRUE,America/Chicago,3
10021,Pine Ridge,Pine Ridge,SC,South Carolina,45063,Lexington,33.9084,-81.0975,2366,192,polygon,FALSE,TRUE,America/New_York,3
10022,Timmonsville,Timmonsville,SC,South Carolina,45041,Florence,34.1334,-79.9408,2366,328,polygon,FALSE,TRUE,America/New_York,3
10023,Chamberlain,Chamberlain,SD,South Dakota,46015,Brule,43.7861,-99.3269,2366,140,polygon,FALSE,TRUE,America/Chicago,3
10024,Ashville,Ashville,AL,Alabama,1115,St. Clair,33.8331,-86.2698,2365,47,polygon,FALSE,TRUE,America/Chicago,3
10025,Oakhurst,Oakhurst,OK,Oklahoma,40143,Tulsa,36.0828,-96.0641,2364,165,polygon,FALSE,FALSE,America/Chicago,3
10026,Henagar,Henagar,AL,Alabama,1049,DeKalb,34.631,-85.7405,2363,40,polygon,FALSE,TRUE,America/Chicago,3
10027,Breckinridge Center,Breckinridge Center,KY,Kentucky,21225,Union,37.682,-87.8656,2363,347,polygon,FALSE,FALSE,America/Chicago,3
10028,Horse Shoe,Horse Shoe,NC,North Carolina,37089,Henderson,35.3423,-82.5568,2362,122,polygon,FALSE,FALSE,America/New_York,3
10029,Matamoras,Matamoras,PA,Pennsylvania,42103,Pike,41.3666,-74.6997,2362,1333,polygon,FALSE,TRUE,America/New_York,3
10030,Good Hope,Good Hope,AL,Alabama,1043,Cullman,34.1098,-86.8651,2362,115,polygon,FALSE,TRUE,America/Chicago,3
10031,Mascot,Mascot,TN,Tennessee,47093,Knox,36.0673,-83.765,2361,130,polygon,FALSE,FALSE,America/New_York,3
10032,Red Hill,Red Hill,PA,Pennsylvania,42091,Montgomery,40.3771,-75.4838,2361,1365,polygon,FALSE,TRUE,America/New_York,3
10033,Gloucester Courthouse,Gloucester Courthouse,VA,Virginia,51073,Gloucester,37.4053,-76.526,2361,130,polygon,FALSE,FALSE,America/New_York,3
10034,Montague,Montague,MI,Michigan,26121,Muskegon,43.4128,-86.3636,2361,346,polygon,FALSE,TRUE,America/Detroit,3
10035,Dillingham,Dillingham,AK,Alaska,2070,Dillingham,59.055,-158.5379,2360,27,polygon,FALSE,TRUE,America/Anchorage,3
10036,Smoke Rise,Smoke Rise,AL,Alabama,1009,Blount,33.8789,-86.824,2360,157,polygon,FALSE,FALSE,America/Chicago,3
10037,Midland City,Midland City,AL,Alabama,1045,Dale,31.3157,-85.4937,2358,150,polygon,FALSE,TRUE,America/Chicago,3
10038,Lake Arrowhead,Lake Arrowhead,ME,Maine,23031,York,43.6634,-70.7382,2358,174,polygon,FALSE,FALSE,America/New_York,3
10039,New London,New London,OH,Ohio,39077,Huron,41.0796,-82.4066,2358,412,polygon,FALSE,TRUE,America/New_York,3
10040,Monroe,Monroe,UT,Utah,49041,Sevier,38.6229,-112.1198,2358,253,polygon,FALSE,TRUE,America/Denver,3
10041,Brewster,Brewster,WA,Washington,53047,Okanogan,48.1015,-119.776,2357,789,polygon,FALSE,TRUE,America/Los_Angeles,3
10042,East Brewton,East Brewton,AL,Alabama,1053,Escambia,31.0906,-87.0556,2356,266,polygon,FALSE,TRUE,America/Chicago,3
10043,Raceland,Raceland,KY,Kentucky,21089,Greenup,38.5376,-82.7344,2355,367,polygon,FALSE,TRUE,America/New_York,3
10044,Iona,Iona,ID,Idaho,16019,Bonneville,43.527,-111.9309,2354,780,polygon,FALSE,TRUE,America/Boise,3
10045,Crosslake,Crosslake,MN,Minnesota,27035,Crow Wing,46.6755,-94.0955,2354,35,polygon,FALSE,TRUE,America/Chicago,3
10046,Carleton,Carleton,MI,Michigan,26115,Monroe,42.0572,-83.3898,2354,916,polygon,FALSE,TRUE,America/Detroit,3
10047,Fords Prairie,Fords Prairie,WA,Washington,53041,Lewis,46.7461,-123.0029,2352,243,polygon,FALSE,FALSE,America/Los_Angeles,3
10048,Gold Bar,Gold Bar,WA,Washington,53061,Snohomish,47.8563,-121.692,2352,857,polygon,FALSE,TRUE,America/Los_Angeles,3
10049,Winfield,Winfield,WV,West Virginia,54079,Putnam,38.5285,-81.8861,2352,377,polygon,FALSE,TRUE,America/New_York,3
10050,Sewanee,Sewanee,TN,Tennessee,47051,Franklin,35.1975,-85.9213,2352,233,polygon,FALSE,FALSE,America/Chicago,3
10051,Whitesboro,Whitesboro,AL,Alabama,1055,Etowah,34.1682,-86.0572,2352,51,polygon,FALSE,FALSE,America/Chicago,3
10052,Byesville,Byesville,OH,Ohio,39059,Guernsey,39.9735,-81.5459,2352,765,polygon,FALSE,TRUE,America/New_York,3
10053,McCormick,McCormick,SC,South Carolina,45065,McCormick,33.9129,-82.2876,2352,224,polygon,FALSE,TRUE,America/New_York,3
10054,Roebuck,Roebuck,SC,South Carolina,45083,Spartanburg,34.8788,-81.9646,2352,211,polygon,FALSE,FALSE,America/New_York,3
10055,Patterson Tract,Patterson Tract,CA,California,6107,Tulare,36.3795,-119.2956,2351,627,polygon,FALSE,TRUE,America/Los_Angeles,3
10056,Winamac,Winamac,IN,Indiana,18131,Pulaski,41.0535,-86.6037,2351,650,polygon,FALSE,TRUE,America/Indiana/Winamac,3
10057,Central,Central,TN,Tennessee,47019,Carter,36.3289,-82.294,2350,257,polygon,FALSE,FALSE,America/New_York,3
10058,Emsworth,Emsworth,PA,Pennsylvania,42003,Allegheny,40.5112,-80.0965,2350,1595,polygon,FALSE,TRUE,America/New_York,3
10059,Effort,Effort,PA,Pennsylvania,42089,Monroe,40.9436,-75.439,2350,179,polygon,FALSE,FALSE,America/New_York,3
10060,New Wilmington,New Wilmington,PA,Pennsylvania,42073,Lawrence,41.1174,-80.3323,2349,805,polygon,FALSE,TRUE,America/New_York,3
10061,Wray,Wray,CO,Colorado,8125,Yuma,40.0802,-102.2284,2349,258,polygon,FALSE,TRUE,America/Denver,3
10062,East Jordan,East Jordan,MI,Michigan,26029,Charlevoix,45.1547,-85.13,2348,302,polygon,FALSE,TRUE,America/Detroit,3
10063,Maxton,Maxton,NC,North Carolina,37155,Robeson,34.7364,-79.3527,2346,335,polygon,FALSE,TRUE,America/New_York,3
10064,Oxford,Oxford,GA,Georgia,13217,Newton,33.6277,-83.8721,2346,420,polygon,FALSE,TRUE,America/New_York,3
10065,Moline Acres,Moline Acres,MO,Missouri,29189,St. Louis,38.7456,-90.2429,2346,1581,polygon,FALSE,TRUE,America/Chicago,3
10066,Belgium,Belgium,WI,Wisconsin,55089,Ozaukee,43.5019,-87.8476,2345,420,polygon,FALSE,TRUE,America/Chicago,3
10067,Brookdale,Brookdale,CA,California,6087,Santa Cruz,37.1058,-122.1106,2345,235,polygon,FALSE,FALSE,America/Los_Angeles,3
10068,Hartshorne,Hartshorne,OK,Oklahoma,40121,Pittsburg,34.8389,-95.5585,2345,219,polygon,FALSE,TRUE,America/Chicago,3
10069,Emporium,Emporium,PA,Pennsylvania,42023,Cameron,41.5102,-78.2363,2344,987,polygon,FALSE,TRUE,America/New_York,3
10070,Ely,Ely,IA,Iowa,19113,Linn,41.8753,-91.585,2343,627,polygon,FALSE,TRUE,America/Chicago,3
10071,East Bernard,East Bernard,TX,Texas,48481,Wharton,29.5241,-96.0622,2342,238,polygon,FALSE,TRUE,America/Chicago,3
10072,La Salle,La Salle,CO,Colorado,8123,Weld,40.3484,-104.7063,2342,944,polygon,FALSE,TRUE,America/Denver,3
10073,Hermann,Hermann,MO,Missouri,29073,Gasconade,38.6983,-91.4342,2342,357,polygon,FALSE,TRUE,America/Chicago,3
10074,Grenelefe,Grenelefe,FL,Florida,12105,Polk,28.0579,-81.5538,2341,212,polygon,FALSE,TRUE,America/New_York,3
10075,Winter Beach,Winter Beach,FL,Florida,12061,Indian River,27.712,-80.4254,2340,131,polygon,FALSE,FALSE,America/New_York,3
10076,Excelsior,Excelsior,MN,Minnesota,27053,Hennepin,44.9025,-93.5663,2340,1435,polygon,FALSE,TRUE,America/Chicago,3
10077,Anahuac,Anahuac,TX,Texas,48071,Chambers,29.7649,-94.6787,2339,424,polygon,FALSE,TRUE,America/Chicago,3
10078,Altamont,Altamont,IL,Illinois,17049,Effingham,39.057,-88.7474,2339,637,polygon,FALSE,TRUE,America/Chicago,3
10079,North Spearfish,North Spearfish,SD,South Dakota,46081,Lawrence,44.5123,-103.8955,2339,291,polygon,FALSE,TRUE,America/Denver,3
10080,Spring Mount,Spring Mount,PA,Pennsylvania,42091,Montgomery,40.2755,-75.4651,2338,1348,polygon,FALSE,FALSE,America/New_York,3
10081,Neodesha,Neodesha,KS,Kansas,20205,Wilson,37.4242,-95.6849,2338,627,polygon,FALSE,TRUE,America/Chicago,3
10082,Hardinsburg,Hardinsburg,KY,Kentucky,21027,Breckinridge,37.7755,-86.4537,2338,261,polygon,FALSE,TRUE,America/Chicago,3
10083,Darlington,Darlington,WI,Wisconsin,55065,Lafayette,42.6765,-90.1204,2337,560,polygon,FALSE,TRUE,America/Chicago,3
10084,Brogden,Brogden,NC,North Carolina,37191,Wayne,35.2961,-78.025,2337,407,polygon,FALSE,FALSE,America/New_York,3
10085,Mosheim,Mosheim,TN,Tennessee,47059,Greene,36.1955,-82.9655,2337,144,polygon,FALSE,TRUE,America/New_York,3
10086,Washington Heights,Washington Heights,NY,New York,36071,Orange,41.4693,-74.4179,2337,618,polygon,FALSE,FALSE,America/New_York,3
10087,Brewster,Brewster,NY,New York,36079,Putnam,41.3969,-73.6151,2337,1841,polygon,FALSE,TRUE,America/New_York,3
10088,Marshfield Hills,Marshfield Hills,MA,Massachusetts,25023,Plymouth,42.1487,-70.7315,2337,196,polygon,FALSE,FALSE,America/New_York,3
10089,Olivia,Olivia,MN,Minnesota,27129,Renville,44.777,-94.9971,2335,363,polygon,FALSE,TRUE,America/Chicago,3
10090,Verona Walk,Verona Walk,FL,Florida,12021,Collier,26.0839,-81.6794,2334,565,polygon,FALSE,TRUE,America/New_York,3
10091,Fife Heights,Fife Heights,WA,Washington,53053,Pierce,47.2593,-122.3459,2333,825,polygon,FALSE,FALSE,America/Los_Angeles,3
10092,Greenville,Greenville,DE,Delaware,10003,New Castle,39.7783,-75.6049,2333,328,polygon,FALSE,FALSE,America/New_York,3
10093,Bolivar Peninsula,Bolivar Peninsula,TX,Texas,48167,Galveston,29.486,-94.5666,2333,21,polygon,FALSE,FALSE,America/Chicago,3
10094,St. Paul,St. Paul,NE,Nebraska,31093,Howard,41.214,-98.46,2333,759,polygon,FALSE,TRUE,America/Chicago,3
10095,Hide-A-Way Lake,Hide-A-Way Lake,MS,Mississippi,28109,Pearl River,30.574,-89.6419,2332,595,polygon,FALSE,FALSE,America/Chicago,3
10096,Shenandoah,Shenandoah,VA,Virginia,51139,Page,38.4875,-78.6171,2331,415,polygon,FALSE,TRUE,America/New_York,3
10097,Lithonia,Lithonia,GA,Georgia,13089,DeKalb,33.7128,-84.106,2331,969,polygon,FALSE,TRUE,America/New_York,3
10098,Rogue River,Rogue River,OR,Oregon,41029,Jackson,42.4354,-123.1683,2331,932,polygon,FALSE,TRUE,America/Los_Angeles,3
10099,Milton,Milton,LA,Louisiana,22055,Lafayette,30.1122,-92.071,2330,193,polygon,FALSE,FALSE,America/Chicago,3
10100,Laurel Park,Laurel Park,NC,North Carolina,37089,Henderson,35.3118,-82.5039,2330,321,polygon,FALSE,TRUE,America/New_York,3
10101,Melrose Park,Melrose Park,NY,New York,36011,Cayuga,42.9085,-76.5263,2330,241,polygon,FALSE,FALSE,America/New_York,3
10102,Parkside,Parkside,PA,Pennsylvania,42045,Delaware,39.8674,-75.378,2330,4371,polygon,FALSE,TRUE,America/New_York,2
10103,Wilson-Conococheague,Wilson-Conococheague,MD,Maryland,24043,Washington,39.653,-77.8306,2330,190,polygon,FALSE,TRUE,America/New_York,3
10104,Frenchtown,Frenchtown,MT,Montana,30063,Missoula,47.0287,-114.2461,2330,133,polygon,FALSE,FALSE,America/Denver,3
10105,Cascade,Cascade,IA,Iowa,19061,Dubuque,42.3018,-91.0047,2329,467,polygon,FALSE,TRUE,America/Chicago,3
10106,Kensington,Kensington,MD,Maryland,24031,Montgomery,39.0265,-77.0738,2329,1893,polygon,FALSE,TRUE,America/New_York,3
10107,Dousman,Dousman,WI,Wisconsin,55133,Waukesha,43.0088,-88.476,2328,344,polygon,FALSE,TRUE,America/Chicago,3
10108,Churchill,Churchill,OH,Ohio,39155,Trumbull,41.1692,-80.666,2328,351,polygon,FALSE,FALSE,America/New_York,3
10109,Mulberry,Mulberry,NC,North Carolina,37193,Wilkes,36.2257,-81.1653,2327,176,polygon,FALSE,FALSE,America/New_York,3
10110,Flying Hills,Flying Hills,PA,Pennsylvania,42011,Berks,40.2787,-75.9164,2327,1752,polygon,FALSE,FALSE,America/New_York,3
10111,Green Level,Green Level,NC,North Carolina,37001,Alamance,36.1233,-79.3461,2326,598,polygon,FALSE,TRUE,America/New_York,3
10112,Olga,Olga,FL,Florida,12071,Lee,26.7113,-81.695,2324,212,polygon,FALSE,FALSE,America/New_York,3
10113,White Island Shores,White Island Shores,MA,Massachusetts,25023,Plymouth,41.7933,-70.639,2322,790,polygon,FALSE,FALSE,America/New_York,3
10114,Hinton,Hinton,WV,West Virginia,54089,Summers,37.6651,-80.8828,2321,407,polygon,FALSE,TRUE,America/New_York,3
10115,Bethlehem,Bethlehem,WV,West Virginia,54069,Ohio,40.0452,-80.6898,2321,252,polygon,FALSE,TRUE,America/New_York,3
10116,Amboy,Amboy,IL,Illinois,17103,Lee,41.7288,-89.3686,2321,140,polygon,FALSE,TRUE,America/Chicago,3
10117,Antlers,Antlers,OK,Oklahoma,40127,Pushmataha,34.2325,-95.6214,2321,328,polygon,FALSE,TRUE,America/Chicago,3
10118,Kershaw,Kershaw,SC,South Carolina,45057,Lancaster,34.5462,-80.5872,2321,432,polygon,FALSE,TRUE,America/New_York,3
10119,Pierre Part,Pierre Part,LA,Louisiana,22007,Assumption,29.9555,-91.2074,2319,291,polygon,FALSE,FALSE,America/Chicago,3
10120,Sewaren,Sewaren,NJ,New Jersey,34023,Middlesex,40.5508,-74.2602,2318,943,polygon,FALSE,FALSE,America/New_York,3
10121,Lebanon South,Lebanon South,PA,Pennsylvania,42075,Lebanon,40.328,-76.4066,2317,1139,polygon,FALSE,TRUE,America/New_York,3
10122,Petersburg,Petersburg,IN,Indiana,18125,Pike,38.4919,-87.281,2317,609,polygon,FALSE,TRUE,America/Indiana/Petersburg,3
10123,Nedrow,Nedrow,NY,New York,36067,Onondaga,42.9779,-76.1417,2316,932,polygon,FALSE,FALSE,America/New_York,3
10124,Cape Neddick,Cape Neddick,ME,Maine,23031,York,43.1706,-70.622,2316,239,polygon,FALSE,FALSE,America/New_York,3
10125,Walters,Walters,OK,Oklahoma,40033,Cotton,34.3612,-98.3563,2316,112,polygon,FALSE,TRUE,America/Chicago,3
10126,Flandreau,Flandreau,SD,South Dakota,46101,Moody,44.0465,-96.5984,2316,481,polygon,FALSE,TRUE,America/Chicago,3
10127,Fall City,Fall City,WA,Washington,53033,King,47.5717,-121.9134,2313,314,polygon,FALSE,FALSE,America/Los_Angeles,3
10128,Gotha,Gotha,FL,Florida,12095,Orange,28.5307,-81.5191,2313,520,polygon,FALSE,FALSE,America/New_York,3
10129,Portola,Portola,CA,California,6063,Plumas,39.8241,-120.4733,2313,137,polygon,FALSE,TRUE,America/Los_Angeles,3
10130,Panhandle,Panhandle,TX,Texas,48065,Carson,35.346,-101.3804,2312,420,polygon,FALSE,TRUE,America/Chicago,3
10131,Boron,Boron,CA,California,6029,Kern,35.0164,-117.6659,2312,64,polygon,FALSE,FALSE,America/Los_Angeles,3
10132,Hazen,Hazen,ND,North Dakota,38057,Mercer,47.299,-101.626,2311,672,polygon,FALSE,TRUE,America/North_Dakota/Beulah,3
10133,Aguas Claras,Aguas Claras,PR,Puerto Rico,72037,Ceiba,18.2447,-65.6662,2310,325,polygon,FALSE,FALSE,America/Puerto_Rico,3
10134,Harrisburg,Harrisburg,AR,Arkansas,5111,Poinsett,35.5637,-90.7216,2309,368,polygon,FALSE,TRUE,America/Chicago,3
10135,Idalou,Idalou,TX,Texas,48303,Lubbock,33.6624,-101.6838,2308,882,polygon,FALSE,TRUE,America/Chicago,3
10136,Star Valley,Star Valley,AZ,Arizona,4007,Gila,34.2611,-111.2197,2308,24,polygon,FALSE,TRUE,America/Phoenix,3
10137,Eureka,Eureka,KS,Kansas,20073,Greenwood,37.8261,-96.2889,2308,395,polygon,FALSE,TRUE,America/Chicago,3
10138,Kingston,Kingston,WA,Washington,53035,Kitsap,47.8014,-122.4989,2307,477,polygon,FALSE,FALSE,America/Los_Angeles,3
10139,Avery Creek,Avery Creek,NC,North Carolina,37021,Buncombe,35.4651,-82.5719,2307,514,polygon,FALSE,FALSE,America/New_York,3
10140,Crompond,Crompond,NY,New York,36119,Westchester,41.2908,-73.8357,2307,369,polygon,FALSE,FALSE,America/New_York,3
10141,Navassa,Navassa,NC,North Carolina,37019,Brunswick,34.2831,-78.029,2306,66,polygon,FALSE,TRUE,America/New_York,3
10142,Junction City,Junction City,KY,Kentucky,21021,Boyle,37.5854,-84.7903,2306,446,polygon,FALSE,TRUE,America/New_York,3
10143,Mason,Mason,TX,Texas,48319,Mason,30.748,-99.2288,2305,243,polygon,FALSE,TRUE,America/Chicago,3
10144,West Union,West Union,IA,Iowa,19065,Fayette,42.9588,-91.8132,2305,320,polygon,FALSE,TRUE,America/Chicago,3
10145,Lake Heritage,Lake Heritage,PA,Pennsylvania,42001,Adams,39.8098,-77.1854,2303,479,polygon,FALSE,FALSE,America/New_York,3
10146,Bronson,Bronson,MI,Michigan,26023,Branch,41.8727,-85.1914,2303,650,polygon,FALSE,TRUE,America/Detroit,3
10147,Red Lodge,Red Lodge,MT,Montana,30009,Carbon,45.1933,-109.2501,2303,327,polygon,FALSE,TRUE,America/Denver,3
10148,Riverbend,Riverbend,WA,Washington,53033,King,47.4652,-121.7492,2302,302,polygon,FALSE,FALSE,America/Los_Angeles,3
10149,Tool,Tool,TX,Texas,48213,Henderson,32.2803,-96.1725,2302,247,polygon,FALSE,TRUE,America/Chicago,3
10150,Fowler,Fowler,IN,Indiana,18007,Benton,40.617,-87.3184,2302,633,polygon,FALSE,TRUE,America/Indiana/Indianapolis,3
10151,Canton,Canton,MO,Missouri,29111,Lewis,40.1295,-91.5266,2302,389,polygon,FALSE,TRUE,America/Chicago,3
10152,Honokaa,Honokaa,HI,Hawaii,15001,Hawaii,20.0746,-155.4656,2301,701,polygon,FALSE,FALSE,Pacific/Honolulu,3
10153,Stony Point,Stony Point,NC,North Carolina,37003,Alexander,35.8669,-81.047,2301,298,polygon,FALSE,FALSE,America/New_York,3
10154,Warren AFB,Warren AFB,WY,Wyoming,56021,Laramie,41.1488,-104.8618,2300,184,polygon,TRUE,TRUE,America/Denver,3
10155,Colorado City,Colorado City,CO,Colorado,8101,Pueblo,37.9365,-104.8459,2300,64,polygon,FALSE,FALSE,America/Denver,3
10156,Olimpo,Olimpo,PR,Puerto Rico,72057,Guayama,18.0026,-66.1094,2300,3043,polygon,FALSE,FALSE,America/Puerto_Rico,2
10157,Hull,Hull,IA,Iowa,19167,Sioux,43.1894,-96.1342,2299,636,polygon,FALSE,TRUE,America/Chicago,3
10158,Pequot Lakes,Pequot Lakes,MN,Minnesota,27035,Crow Wing,46.5875,-94.2983,2299,54,polygon,FALSE,TRUE,America/Chicago,3
10159,Anson,Anson,TX,Texas,48253,Jones,32.755,-99.8962,2297,321,polygon,FALSE,TRUE,America/Chicago,3
10160,Bridgeport,Bridgeport,AL,Alabama,1071,Jackson,34.9495,-85.7243,2297,204,polygon,FALSE,TRUE,America/Chicago,3
10161,Wrightsville,Wrightsville,PA,Pennsylvania,42133,York,40.0239,-76.5311,2296,1352,polygon,FALSE,TRUE,America/New_York,3
10162,Terrace Park,Terrace Park,OH,Ohio,39061,Hamilton,39.1585,-84.3112,2295,746,polygon,FALSE,TRUE,America/New_York,3
10163,Pine Canyon,Pine Canyon,CA,California,6053,Monterey,36.1757,-121.1498,2294,265,polygon,FALSE,TRUE,America/Los_Angeles,3
10164,South Sumter,South Sumter,SC,South Carolina,45085,Sumter,33.8855,-80.3378,2294,371,polygon,FALSE,FALSE,America/New_York,3
10165,Redington Shores,Redington Shores,FL,Florida,12103,Pinellas,27.8293,-82.8278,2293,2683,polygon,FALSE,TRUE,America/New_York,2
10166,Tunica Resorts,Tunica Resorts,MS,Mississippi,28143,Tunica,34.8298,-90.3218,2292,30,polygon,FALSE,FALSE,America/Chicago,3
10167,Johnsonburg,Johnsonburg,PA,Pennsylvania,42047,Elk,41.4913,-78.6791,2291,306,polygon,FALSE,TRUE,America/New_York,3
10168,Wilberforce,Wilberforce,OH,Ohio,39057,Greene,39.7151,-83.8848,2291,287,polygon,FALSE,FALSE,America/New_York,3
10169,Parsons,Parsons,TN,Tennessee,47039,Decatur,35.6512,-88.1231,2290,218,polygon,FALSE,TRUE,America/Chicago,3
10170,Brownstown,Brownstown,PA,Pennsylvania,42071,Lancaster,40.1268,-76.2184,2290,355,polygon,FALSE,FALSE,America/New_York,3
10171,White River Junction,White River Junction,VT,Vermont,50027,Windsor,43.6496,-72.3239,2290,531,polygon,FALSE,FALSE,America/New_York,3
10172,Clinton,Clinton,MI,Michigan,26091,Lenawee,42.0699,-83.9687,2290,482,polygon,FALSE,TRUE,America/Detroit,3
10173,Edisto,Edisto,SC,South Carolina,45075,Orangeburg,33.4776,-80.8998,2290,169,polygon,FALSE,FALSE,America/New_York,3
10174,Lake Dunlap,Lake Dunlap,TX,Texas,48187,Guadalupe,29.6683,-98.0773,2288,588,polygon,FALSE,FALSE,America/Chicago,3
10175,South Rosemary,South Rosemary,NC,North Carolina,37083,Halifax,36.4463,-77.7065,2288,144,polygon,FALSE,FALSE,America/New_York,3
10176,Rainier,Rainier,WA,Washington,53067,Thurston,46.8917,-122.6867,2287,509,polygon,FALSE,TRUE,America/Los_Angeles,3
10177,State Line,State Line,PA,Pennsylvania,42055,Franklin,39.7329,-77.7247,2287,322,polygon,FALSE,FALSE,America/New_York,3
10178,Edgemont Park,Edgemont Park,MI,Michigan,26065,Ingham,42.7468,-84.5926,2287,1062,polygon,FALSE,FALSE,America/Detroit,3
10179,Shadow Lake,Shadow Lake,WA,Washington,53033,King,47.4017,-122.0764,2286,169,polygon,FALSE,TRUE,America/Los_Angeles,3
10180,Walnut Hill,Walnut Hill,TN,Tennessee,47163,Sullivan,36.5679,-82.2655,2286,214,polygon,FALSE,FALSE,America/New_York,3
10181,South Pottstown,South Pottstown,PA,Pennsylvania,42029,Chester,40.2367,-75.6599,2286,579,polygon,FALSE,FALSE,America/New_York,3
10182,Soulsbyville,Soulsbyville,CA,California,6109,Tuolumne,37.9917,-120.2617,2286,293,polygon,FALSE,FALSE,America/Los_Angeles,3
10183,Croswell,Croswell,MI,Michigan,26151,Sanilac,43.2736,-82.6177,2286,383,polygon,FALSE,TRUE,America/Detroit,3
10184,Las Marías,Las Marias,PR,Puerto Rico,72011,Añasco,18.2928,-67.145,2286,3563,polygon,FALSE,FALSE,America/Puerto_Rico,2
10185,Wellston,Wellston,MO,Missouri,29189,St. Louis,38.675,-90.2941,2285,952,polygon,FALSE,TRUE,America/Chicago,3
10186,Oceana,Oceana,WV,West Virginia,54109,Wyoming,37.6927,-81.6324,2284,359,polygon,FALSE,TRUE,America/New_York,3
10187,North Conway,North Conway,NH,New Hampshire,33003,Carroll,44.0524,-71.1247,2284,206,polygon,FALSE,FALSE,America/New_York,3
10188,Poth,Poth,TX,Texas,48493,Wilson,29.0726,-98.0809,2284,278,polygon,FALSE,TRUE,America/Chicago,3
10189,Sag Harbor,Sag Harbor,NY,New York,36103,Suffolk,40.997,-72.2892,2283,488,polygon,FALSE,TRUE,America/New_York,3
10190,Ludowici,Ludowici,GA,Georgia,13183,Long,31.7096,-81.7457,2283,378,polygon,FALSE,TRUE,America/New_York,3
10191,Carnation,Carnation,WA,Washington,53033,King,47.6442,-121.9041,2282,767,polygon,FALSE,TRUE,America/Los_Angeles,3
10192,Fairdale,Fairdale,PA,Pennsylvania,42059,Greene,39.8901,-79.968,2282,610,polygon,FALSE,FALSE,America/New_York,3
10193,Vernonia,Vernonia,OR,Oregon,41009,Columbia,45.8611,-123.1834,2281,535,polygon,FALSE,TRUE,America/Los_Angeles,3
10194,Clearlake Oaks,Clearlake Oaks,CA,California,6033,Lake,39.0218,-122.6593,2279,444,polygon,FALSE,FALSE,America/Los_Angeles,3
10195,Ina,Ina,IL,Illinois,17081,Jefferson,38.1499,-88.904,2279,365,polygon,FALSE,TRUE,America/Chicago,3
10196,Antón Ruíz,Anton Ruiz,PR,Puerto Rico,72069,Humacao,18.1883,-65.8079,2279,1983,polygon,FALSE,FALSE,America/Puerto_Rico,3
10197,Messiah College,Messiah College,PA,Pennsylvania,42041,Cumberland,40.1576,-76.984,2278,2743,polygon,FALSE,TRUE,America/New_York,2
10198,Denmark,Denmark,WI,Wisconsin,55009,Brown,44.3493,-87.8313,2277,446,polygon,FALSE,TRUE,America/Chicago,3
10199,Bluewell,Bluewell,WV,West Virginia,54055,Mercer,37.3144,-81.2581,2277,195,polygon,FALSE,FALSE,America/New_York,3
10200,Alamo,Alamo,TN,Tennessee,47033,Crockett,35.783,-89.1168,2277,400,polygon,FALSE,TRUE,America/Chicago,3
10201,Carlin,Carlin,NV,Nevada,32007,Elko,40.719,-116.108,2277,84,polygon,FALSE,TRUE,America/Los_Angeles,3
10202,Chesterland,Chesterland,OH,Ohio,39055,Geauga,41.5213,-81.3363,2277,200,polygon,FALSE,FALSE,America/New_York,3
10203,Tazewell,Tazewell,TN,Tennessee,47025,Claiborne,36.4625,-83.567,2276,202,polygon,FALSE,TRUE,America/New_York,3
10204,Cass City,Cass City,MI,Michigan,26157,Tuscola,43.6007,-83.1767,2276,497,polygon,FALSE,TRUE,America/Detroit,3
10205,Barranquitas,Barranquitas,PR,Puerto Rico,72019,Barranquitas,18.1847,-66.3102,2276,1147,polygon,FALSE,FALSE,America/Puerto_Rico,3
10206,Guin,Guin,AL,Alabama,1093,Marion,33.9832,-87.9023,2275,58,polygon,FALSE,TRUE,America/Chicago,3
10207,Ciales,Ciales,PR,Puerto Rico,72039,Ciales,18.3343,-66.4704,2274,1054,polygon,FALSE,FALSE,America/Puerto_Rico,3
10208,Huguley,Huguley,AL,Alabama,1017,Chambers,32.8431,-85.2397,2273,106,polygon,FALSE,FALSE,America/Chicago,3
10209,Redfield,Redfield,SD,South Dakota,46115,Spink,44.8725,-98.5186,2273,455,polygon,FALSE,TRUE,America/Chicago,3
10210,Evansburg,Evansburg,PA,Pennsylvania,42091,Montgomery,40.1899,-75.4348,2272,582,polygon,FALSE,FALSE,America/New_York,3
10211,Shingletown,Shingletown,CA,California,6089,Shasta,40.5035,-121.86,2272,35,polygon,FALSE,FALSE,America/Los_Angeles,3
10212,Geistown,Geistown,PA,Pennsylvania,42021,Cambria,40.2935,-78.8727,2271,827,polygon,FALSE,TRUE,America/New_York,3
10213,Lafourche Crossing,Lafourche Crossing,LA,Louisiana,22057,Lafourche,29.7675,-90.7697,2270,208,polygon,FALSE,TRUE,America/Chicago,3
10214,Calabash,Calabash,NC,North Carolina,37019,Brunswick,33.8945,-78.5571,2270,262,polygon,FALSE,TRUE,America/New_York,3
10215,Trowbridge Park,Trowbridge Park,MI,Michigan,26103,Marquette,46.5565,-87.4417,2270,632,polygon,FALSE,FALSE,America/Detroit,3
10216,Walton Hills,Walton Hills,OH,Ohio,39035,Cuyahoga,41.3662,-81.5554,2269,129,polygon,FALSE,TRUE,America/New_York,3
10217,Greensboro,Greensboro,AL,Alabama,1065,Hale,32.7014,-87.595,2268,368,polygon,FALSE,TRUE,America/Chicago,3
10218,Herington,Herington,KS,Kansas,20041,Dickinson,38.6863,-96.8667,2268,181,polygon,FALSE,TRUE,America/Chicago,3
10219,Slippery Rock University,Slippery Rock University,PA,Pennsylvania,42019,Butler,41.0647,-80.0419,2266,1589,polygon,FALSE,TRUE,America/New_York,3
10220,Mayer,Mayer,MN,Minnesota,27019,Carver,44.8868,-93.8904,2266,637,polygon,FALSE,TRUE,America/Chicago,3
10221,Siesta Acres,Siesta Acres,TX,Texas,48323,Maverick,28.7564,-100.491,2265,2140,polygon,FALSE,FALSE,America/Chicago,2
10222,Center,Center,CO,Colorado,8109,Saguache,37.7512,-106.1105,2264,1011,polygon,FALSE,TRUE,America/Denver,3
10223,Rangely,Rangely,CO,Colorado,8103,Rio Blanco,40.0861,-108.7794,2263,203,polygon,FALSE,TRUE,America/Denver,3
10224,Belmond,Belmond,IA,Iowa,19197,Wright,42.8466,-93.6084,2263,306,polygon,FALSE,TRUE,America/Chicago,3
10225,Adamstown,Adamstown,MD,Maryland,24021,Frederick,39.3065,-77.4668,2263,265,polygon,FALSE,FALSE,America/New_York,3
10226,Tavernier,Tavernier,FL,Florida,12087,Monroe,25.0188,-80.5132,2260,347,polygon,FALSE,FALSE,America/New_York,3
10227,Utica,Utica,OH,Ohio,39089,Licking,40.2335,-82.441,2260,499,polygon,FALSE,TRUE,America/New_York,3
10228,Waterloo,Waterloo,IN,Indiana,18033,DeKalb,41.4328,-85.0347,2259,412,polygon,FALSE,TRUE,America/Indiana/Indianapolis,3
10229,Oak Hills,Oak Hills,PA,Pennsylvania,42019,Butler,40.8263,-79.9152,2258,259,polygon,FALSE,FALSE,America/New_York,3
10230,Mitchellville,Mitchellville,IA,Iowa,19153,Polk,41.668,-93.3629,2258,373,polygon,FALSE,TRUE,America/Chicago,3
10231,Spencer,Spencer,IN,Indiana,18119,Owen,39.2862,-86.7726,2256,546,polygon,FALSE,TRUE,America/Indiana/Indianapolis,3
10232,Westby,Westby,WI,Wisconsin,55123,Vernon,43.653,-90.8584,2255,324,polygon,FALSE,TRUE,America/Chicago,3
10233,Ogdensburg,Ogdensburg,NJ,New Jersey,34037,Sussex,41.0769,-74.5973,2255,395,polygon,FALSE,TRUE,America/New_York,3
10234,Alpha,Alpha,NJ,New Jersey,34041,Warren,40.6598,-75.1571,2255,518,polygon,FALSE,TRUE,America/New_York,3
10235,Pine Ridge at Crestwood,Pine Ridge at Crestwood,NJ,New Jersey,34029,Ocean,39.9585,-74.3169,2255,551,polygon,FALSE,FALSE,America/New_York,3
10236,Splendora,Splendora,TX,Texas,48339,Montgomery,30.2324,-95.1616,2255,286,polygon,FALSE,TRUE,America/Chicago,3
10237,Four Oaks,Four Oaks,NC,North Carolina,37101,Johnston,35.4454,-78.4164,2254,380,polygon,FALSE,TRUE,America/New_York,3
10238,Oyster Bay Cove,Oyster Bay Cove,NY,New York,36059,Nassau,40.857,-73.5037,2254,207,polygon,FALSE,TRUE,America/New_York,3
10239,Westmorland,Westmorland,CA,California,6025,Imperial,33.0389,-115.6223,2254,1474,polygon,FALSE,TRUE,America/Los_Angeles,3
10240,Aliceville,Aliceville,AL,Alabama,1107,Pickens,33.1237,-88.1594,2254,190,polygon,FALSE,TRUE,America/Chicago,3
10241,Shawnee Hills,Shawnee Hills,OH,Ohio,39057,Greene,39.6515,-83.7822,2254,324,polygon,FALSE,FALSE,America/New_York,3
10242,Madelia,Madelia,MN,Minnesota,27165,Watonwan,44.0482,-94.4198,2254,572,polygon,FALSE,TRUE,America/Chicago,3
10243,Fredonia,Fredonia,WI,Wisconsin,55089,Ozaukee,43.4715,-87.9489,2253,407,polygon,FALSE,TRUE,America/Chicago,3
10244,Sand Hill,Sand Hill,PA,Pennsylvania,42075,Lebanon,40.3614,-76.4217,2253,863,polygon,FALSE,FALSE,America/New_York,3
10245,New Market,New Market,VA,Virginia,51171,Shenandoah,38.6459,-78.6709,2253,430,polygon,FALSE,TRUE,America/New_York,3
10246,Evergreen,Evergreen,AL,Alabama,1035,Conecuh,31.4342,-86.9723,2253,68,polygon,FALSE,TRUE,America/Chicago,3
10247,Watsontown,Watsontown,PA,Pennsylvania,42097,Northumberland,41.085,-76.8646,2252,1235,polygon,FALSE,TRUE,America/New_York,3
10248,Meeker,Meeker,CO,Colorado,8103,Rio Blanco,40.05,-107.8949,2252,245,polygon,FALSE,TRUE,America/Denver,3
10249,Borrego Springs,Borrego Springs,CA,California,6073,San Diego,33.241,-116.3571,2252,20,polygon,FALSE,FALSE,America/Los_Angeles,3
10250,Janesville,Janesville,MN,Minnesota,27161,Waseca,44.1214,-93.7107,2252,496,polygon,FALSE,TRUE,America/Chicago,3
10251,Tompkinsville,Tompkinsville,KY,Kentucky,21171,Monroe,36.7012,-85.6927,2252,264,polygon,FALSE,TRUE,America/Chicago,3
10252,Keokea,Keokea,HI,Hawaii,15009,Maui,20.7211,-156.3624,2251,47,polygon,FALSE,FALSE,Pacific/Honolulu,3
10253,Seneca,Seneca,IL,Illinois,17099,LaSalle,41.3207,-88.5889,2251,133,polygon,FALSE,TRUE,America/Chicago,3
10254,Stonybrook,Stonybrook,PA,Pennsylvania,42133,York,39.9798,-76.6318,2250,542,polygon,FALSE,FALSE,America/New_York,3
10255,Oakwood,Oakwood,PA,Pennsylvania,42073,Lawrence,41.0112,-80.3793,2250,330,polygon,FALSE,FALSE,America/New_York,3
10256,Putney,Putney,GA,Georgia,13095,Dougherty,31.4756,-84.101,2250,39,polygon,FALSE,FALSE,America/New_York,3
10257,Willamina,Willamina,OR,Oregon,41071,Yamhill,45.0786,-123.4847,2250,915,polygon,FALSE,TRUE,America/Los_Angeles,3
10258,Lineville,Lineville,AL,Alabama,1027,Clay,33.313,-85.7508,2249,89,polygon,FALSE,TRUE,America/Chicago,3
10259,Lamoni,Lamoni,IA,Iowa,19053,Decatur,40.6202,-93.9307,2249,219,polygon,FALSE,TRUE,America/Chicago,3
10260,Falconer,Falconer,NY,New York,36013,Chautauqua,42.119,-79.1973,2247,793,polygon,FALSE,TRUE,America/New_York,3
10261,Barnum Island,Barnum Island,NY,New York,36059,Nassau,40.605,-73.6437,2247,1002,polygon,FALSE,FALSE,America/New_York,3
10262,Ferdinand,Ferdinand,IN,Indiana,18037,Dubois,38.2269,-86.8631,2247,379,polygon,FALSE,TRUE,America/Indiana/Vincennes,3
10263,Lisbon,Lisbon,IA,Iowa,19113,Linn,41.9205,-91.3917,2247,405,polygon,FALSE,TRUE,America/Chicago,3
10264,Buckhorn,Buckhorn,CA,California,6005,Amador,38.4532,-120.5354,2246,147,polygon,FALSE,FALSE,America/Los_Angeles,3
10265,Bolindale,Bolindale,OH,Ohio,39155,Trumbull,41.2089,-80.7784,2246,881,polygon,FALSE,FALSE,America/New_York,3
10266,Colstrip,Colstrip,MT,Montana,30087,Rosebud,45.8943,-106.628,2246,214,polygon,FALSE,TRUE,America/Denver,3
10267,Kahuku,Kahuku,HI,Hawaii,15003,Honolulu,21.6793,-157.9473,2245,899,polygon,FALSE,FALSE,Pacific/Honolulu,3
10268,Greenport West,Greenport West,NY,New York,36103,Suffolk,41.1022,-72.3759,2245,269,polygon,FALSE,TRUE,America/New_York,3
10269,Lawson Heights,Lawson Heights,PA,Pennsylvania,42129,Westmoreland,40.2938,-79.3873,2245,566,polygon,FALSE,FALSE,America/New_York,3
10270,Ravensworth,Ravensworth,VA,Virginia,51059,Fairfax,38.8032,-77.2223,2245,979,polygon,FALSE,FALSE,America/New_York,3
10271,Sabana Hoyos,Sabana Hoyos,PR,Puerto Rico,72013,Arecibo,18.4281,-66.6117,2244,974,polygon,FALSE,FALSE,America/Puerto_Rico,3
10272,Franklinton,Franklinton,NC,North Carolina,37069,Franklin,36.1011,-78.4523,2241,540,polygon,FALSE,TRUE,America/New_York,3
10273,Phoenix,Phoenix,NY,New York,36075,Oswego,43.2316,-76.2961,2241,739,polygon,FALSE,TRUE,America/New_York,3
10274,Barahona,Barahona,PR,Puerto Rico,72101,Morovis,18.3523,-66.4442,2241,1639,polygon,FALSE,FALSE,America/Puerto_Rico,3
10275,Newtown,Newtown,PA,Pennsylvania,42017,Bucks,40.229,-74.9324,2240,1562,polygon,FALSE,TRUE,America/New_York,3
10276,La Porte City,La Porte City,IA,Iowa,19013,Black Hawk,42.3138,-92.1914,2240,338,polygon,FALSE,TRUE,America/Chicago,3
10277,Winsted,Winsted,MN,Minnesota,27085,McLeod,44.9574,-94.0498,2240,457,polygon,FALSE,TRUE,America/Chicago,3
10278,York,York,AL,Alabama,1119,Sumter,32.4998,-88.2938,2239,125,polygon,FALSE,TRUE,America/Chicago,3
10279,Weedpatch,Weedpatch,CA,California,6029,Kern,35.2369,-118.9123,2238,242,polygon,FALSE,FALSE,America/Los_Angeles,3
10280,Plattsburg,Plattsburg,MO,Missouri,29049,Clinton,39.5644,-94.4615,2238,239,polygon,FALSE,TRUE,America/Chicago,3
10281,Chesaning,Chesaning,MI,Michigan,26145,Saginaw,43.1851,-84.12,2238,280,polygon,FALSE,TRUE,America/Detroit,3
10282,Royal City,Royal City,WA,Washington,53025,Grant,46.9019,-119.6208,2237,742,polygon,FALSE,TRUE,America/Los_Angeles,3
10283,Gumlog,Gumlog,GA,Georgia,13119,Franklin,34.4952,-83.0975,2236,64,polygon,FALSE,FALSE,America/New_York,3
10284,Holden,Holden,MO,Missouri,29101,Johnson,38.7136,-93.9895,2236,358,polygon,FALSE,TRUE,America/Chicago,3
10285,Hampton Manor,Hampton Manor,NY,New York,36083,Rensselaer,42.6214,-73.7279,2235,1383,polygon,FALSE,FALSE,America/New_York,3
10286,Groveville,Groveville,NJ,New Jersey,34021,Mercer,40.1678,-74.6515,2234,404,polygon,FALSE,FALSE,America/New_York,3
10287,Sugarcreek,Sugarcreek,OH,Ohio,39157,Tuscarawas,40.5076,-81.6409,2234,227,polygon,FALSE,TRUE,America/New_York,3
10288,Ferrum,Ferrum,VA,Virginia,51067,Franklin,36.9313,-80.0149,2233,94,polygon,FALSE,FALSE,America/New_York,3
10289,Buchanan,Buchanan,NY,New York,36119,Westchester,41.2643,-73.9465,2232,629,polygon,FALSE,TRUE,America/New_York,3
10290,Crystal Lake,Crystal Lake,CT,Connecticut,9013,Tolland,41.9343,-72.3756,2231,110,polygon,FALSE,FALSE,America/New_York,3
10291,Park Falls,Park Falls,WI,Wisconsin,55099,Price,45.9348,-90.4463,2230,235,polygon,FALSE,TRUE,America/Chicago,3
10292,Jackson,Jackson,KY,Kentucky,21025,Breathitt,37.5589,-83.3782,2230,298,polygon,FALSE,TRUE,America/New_York,3
10293,North Prairie,North Prairie,WI,Wisconsin,55133,Waukesha,42.9357,-88.4038,2228,314,polygon,FALSE,TRUE,America/Chicago,3
10294,Hope,Hope,IN,Indiana,18005,Bartholomew,39.2993,-85.766,2228,906,polygon,FALSE,TRUE,America/Indiana/Indianapolis,3
10295,Romoland,Romoland,CA,California,6065,Riverside,33.7648,-117.1572,2227,325,polygon,FALSE,FALSE,America/Los_Angeles,3
10296,Uniontown,Uniontown,AL,Alabama,1105,Perry,32.449,-87.4958,2227,56,polygon,FALSE,TRUE,America/Chicago,3
10297,Hollandale,Hollandale,MS,Mississippi,28151,Washington,33.1761,-90.8529,2227,401,polygon,FALSE,TRUE,America/Chicago,3
10298,Sewall's Point,Sewall's Point,FL,Florida,12085,Martin,27.1971,-80.1982,2226,729,polygon,FALSE,TRUE,America/New_York,3
10299,Weimar,Weimar,TX,Texas,48089,Colorado,29.7,-96.7773,2226,371,polygon,FALSE,TRUE,America/Chicago,3
10300,Elwood,Elwood,IL,Illinois,17197,Will,41.4118,-88.1347,2226,62,polygon,FALSE,TRUE,America/Chicago,3
10301,Guyton,Guyton,GA,Georgia,13103,Effingham,32.3408,-81.4226,2226,268,polygon,FALSE,TRUE,America/New_York,3
10302,Centerburg,Centerburg,OH,Ohio,39083,Knox,40.3039,-82.6979,2226,890,polygon,FALSE,TRUE,America/New_York,3
10303,Pulaski,Pulaski,NY,New York,36075,Oswego,43.5653,-76.1267,2225,242,polygon,FALSE,TRUE,America/New_York,3
10304,Fredonia,Fredonia,KS,Kansas,20205,Wilson,37.5328,-95.8223,2225,353,polygon,FALSE,TRUE,America/Chicago,3
10305,Llano Grande,Llano Grande,TX,Texas,48215,Hidalgo,26.1309,-97.9687,2224,526,polygon,FALSE,FALSE,America/Chicago,3
10306,Brownsville,Brownsville,PA,Pennsylvania,42051,Fayette,40.0188,-79.891,2224,879,polygon,FALSE,TRUE,America/New_York,3
10307,Hamilton City,Hamilton City,CA,California,6021,Glenn,39.7422,-122.0125,2224,2754,polygon,FALSE,FALSE,America/Los_Angeles,2
10308,Farmington,Farmington,IL,Illinois,17057,Fulton,40.697,-90.0024,2223,570,polygon,FALSE,TRUE,America/Chicago,3
10309,Hennessey,Hennessey,OK,Oklahoma,40073,Kingfisher,36.1056,-97.8989,2223,231,polygon,FALSE,TRUE,America/Chicago,3
10310,Mount Pleasant,Mount Pleasant,NC,North Carolina,37025,Cabarrus,35.3771,-80.4497,2222,258,polygon,FALSE,TRUE,America/New_York,3
10311,Union,Union,OR,Oregon,41061,Union,45.2089,-117.8679,2221,344,polygon,FALSE,TRUE,America/Los_Angeles,3
10312,Baldwin,Baldwin,LA,Louisiana,22101,St. Mary,29.8388,-91.5522,2219,266,polygon,FALSE,TRUE,America/Chicago,3
10313,Montz,Montz,LA,Louisiana,22089,St. Charles,30.0168,-90.4634,2219,396,polygon,FALSE,FALSE,America/Chicago,3
10314,Cleona,Cleona,PA,Pennsylvania,42075,Lebanon,40.3385,-76.477,2219,1020,polygon,FALSE,TRUE,America/New_York,3
10315,Gibbsboro,Gibbsboro,NJ,New Jersey,34007,Camden,39.8332,-74.9657,2218,397,polygon,FALSE,TRUE,America/New_York,3
10316,Spencerville,Spencerville,MD,Maryland,24031,Montgomery,39.119,-76.9828,2218,548,polygon,FALSE,FALSE,America/New_York,3
10317,Lumberton,Lumberton,MS,Mississippi,28073,Lamar,31.0064,-89.4592,2218,120,polygon,FALSE,TRUE,America/Chicago,3
10318,East Berwick,East Berwick,PA,Pennsylvania,42079,Luzerne,41.0657,-76.2208,2217,942,polygon,FALSE,FALSE,America/New_York,3
10319,Columbia,Columbia,CA,California,6109,Tuolumne,38.0333,-120.4097,2217,143,polygon,FALSE,FALSE,America/Los_Angeles,3
10320,Gates Mills,Gates Mills,OH,Ohio,39035,Cuyahoga,41.5316,-81.41,2217,95,polygon,FALSE,TRUE,America/New_York,3
10321,Woodsfield,Woodsfield,OH,Ohio,39111,Monroe,39.7631,-81.1169,2217,424,polygon,FALSE,TRUE,America/New_York,3
10322,Fort Pierre,Fort Pierre,SD,South Dakota,46117,Stanley,44.368,-100.3831,2217,274,polygon,FALSE,TRUE,America/Chicago,3
10323,Shavertown,Shavertown,PA,Pennsylvania,42079,Luzerne,41.3188,-75.9405,2216,702,polygon,FALSE,FALSE,America/New_York,3
10324,Jonesville,Jonesville,NC,North Carolina,37197,Yadkin,36.2336,-80.8351,2215,296,polygon,FALSE,TRUE,America/New_York,3
10325,Jonesville,Jonesville,MI,Michigan,26059,Hillsdale,41.9785,-84.6656,2215,306,polygon,FALSE,TRUE,America/Detroit,3
10326,Oak Hill,Oak Hill,FL,Florida,12127,Volusia,28.8784,-80.8351,2214,127,polygon,FALSE,TRUE,America/New_York,3
10327,South Fulton,South Fulton,TN,Tennessee,47131,Obion,36.4931,-88.8835,2214,252,polygon,FALSE,TRUE,America/Chicago,3
10328,Craigsville,Craigsville,WV,West Virginia,54067,Nicholas,38.3247,-80.645,2213,140,polygon,FALSE,FALSE,America/New_York,3
10329,Eatonville,Eatonville,FL,Florida,12095,Orange,28.6166,-81.3907,2213,864,polygon,FALSE,TRUE,America/New_York,3
10330,Vincent,Vincent,AL,Alabama,1117,Shelby,33.3848,-86.4086,2213,41,polygon,FALSE,TRUE,America/Chicago,3
10331,Bath,Bath,MI,Michigan,26037,Clinton,42.8202,-84.4546,2213,148,polygon,FALSE,FALSE,America/Detroit,3
10332,Wenonah,Wenonah,NJ,New Jersey,34015,Gloucester,39.7913,-75.1486,2212,857,polygon,FALSE,TRUE,America/New_York,3
10333,New Llano,New Llano,LA,Louisiana,22115,Vernon,31.097,-93.2767,2212,319,polygon,FALSE,TRUE,America/Chicago,3
10334,Bridgman,Bridgman,MI,Michigan,26021,Berrien,41.9396,-86.5652,2212,295,polygon,FALSE,TRUE,America/Detroit,3
10335,Magnolia,Magnolia,MS,Mississippi,28113,Pike,31.1619,-90.467,2212,139,polygon,FALSE,TRUE,America/Chicago,3
10336,Lawai,Lawai,HI,Hawaii,15007,Kauai,21.9203,-159.5006,2211,210,polygon,FALSE,FALSE,Pacific/Honolulu,3
10337,Tonopah,Tonopah,NV,Nevada,32023,Nye,38.0996,-117.2482,2211,52,polygon,FALSE,FALSE,America/Los_Angeles,3
10338,North Corbin,North Corbin,KY,Kentucky,21125,Laurel,36.9649,-84.0973,2211,479,polygon,FALSE,FALSE,America/New_York,3
10339,White House Station,White House Station,NJ,New Jersey,34019,Hunterdon,40.6159,-74.772,2210,653,polygon,FALSE,TRUE,America/New_York,3
10340,Hunter,Hunter,OH,Ohio,39165,Warren,39.4947,-84.2903,2210,524,polygon,FALSE,FALSE,America/New_York,3
10341,Hudson,Hudson,MI,Michigan,26091,Lenawee,41.8569,-84.3451,2210,389,polygon,FALSE,TRUE,America/Detroit,3
10342,Henry,Henry,IL,Illinois,17123,Marshall,41.1172,-89.3569,2209,474,polygon,FALSE,TRUE,America/Chicago,3
10343,Sterling,Sterling,KS,Kansas,20159,Rice,38.2094,-98.2063,2209,476,polygon,FALSE,TRUE,America/Chicago,3
10344,Evarts,Evarts,KY,Kentucky,21095,Harlan,36.8644,-83.1926,2209,810,polygon,FALSE,TRUE,America/New_York,3
10345,Holyoke,Holyoke,CO,Colorado,8095,Phillips,40.582,-102.2975,2208,345,polygon,FALSE,TRUE,America/Denver,3
10346,West Terre Haute,West Terre Haute,IN,Indiana,18167,Vigo,39.4638,-87.4506,2208,1132,polygon,FALSE,TRUE,America/Indiana/Indianapolis,3
10347,Elmwood Place,Elmwood Place,OH,Ohio,39061,Hamilton,39.1855,-84.489,2207,2596,polygon,FALSE,TRUE,America/New_York,2
10348,Gaylord,Gaylord,MN,Minnesota,27143,Sibley,44.5555,-94.2123,2207,501,polygon,FALSE,TRUE,America/Chicago,3
10349,Easton,Easton,CA,California,6019,Fresno,36.6524,-119.7908,2206,282,polygon,FALSE,FALSE,America/Los_Angeles,3
10350,Dry Ridge,Dry Ridge,KY,Kentucky,21081,Grant,38.6837,-84.6006,2205,168,polygon,FALSE,TRUE,America/New_York,3
10351,Liverpool,Liverpool,NY,New York,36067,Onondaga,43.1061,-76.2093,2204,1124,polygon,FALSE,TRUE,America/New_York,3
10352,Lake Village,Lake Village,AR,Arkansas,5017,Chicot,33.3299,-91.2847,2203,334,polygon,FALSE,TRUE,America/Chicago,3
10353,Wynnewood,Wynnewood,OK,Oklahoma,40049,Garvin,34.6442,-97.1627,2203,579,polygon,FALSE,TRUE,America/Chicago,3
10354,North Plains,North Plains,OR,Oregon,41067,Washington,45.5974,-122.9946,2203,772,polygon,FALSE,TRUE,America/Los_Angeles,3
10355,Vista Center,Vista Center,NJ,New Jersey,34029,Ocean,40.1584,-74.3227,2202,253,polygon,FALSE,FALSE,America/New_York,3
10356,Windham,Windham,OH,Ohio,39133,Portage,41.2375,-81.0373,2202,413,polygon,FALSE,TRUE,America/New_York,3
10357,St. George,St. George,SC,South Carolina,45035,Dorchester,33.186,-80.5794,2202,298,polygon,FALSE,TRUE,America/New_York,3
10358,Cimarron,Cimarron,KS,Kansas,20069,Gray,37.8097,-100.3454,2201,737,polygon,FALSE,TRUE,America/Chicago,3
10359,Moorhead,Moorhead,MS,Mississippi,28133,Sunflower,33.4494,-90.5063,2201,614,polygon,FALSE,TRUE,America/Chicago,3
10360,Sleepy Hollow,Sleepy Hollow,CA,California,6041,Marin,38.012,-122.5877,2200,284,polygon,FALSE,FALSE,America/Los_Angeles,3
10361,Arthur,Arthur,IL,Illinois,17041,Douglas,39.7143,-88.4695,2200,645,polygon,FALSE,TRUE,America/Chicago,3
10362,Lavonia,Lavonia,GA,Georgia,13119,Franklin,34.434,-83.1081,2200,187,polygon,FALSE,TRUE,America/New_York,3
10363,De Leon,De Leon,TX,Texas,48093,Comanche,32.1114,-98.5351,2198,378,polygon,FALSE,TRUE,America/Chicago,3
10364,Lovettsville,Lovettsville,VA,Virginia,51107,Loudoun,39.2736,-77.6399,2198,1031,polygon,FALSE,TRUE,America/New_York,3
10365,Fox Lake Hills,Fox Lake Hills,IL,Illinois,17097,Lake,42.4128,-88.1271,2198,677,polygon,FALSE,FALSE,America/Chicago,3
10366,Hawley,Hawley,MN,Minnesota,27027,Clay,46.877,-96.318,2198,345,polygon,FALSE,TRUE,America/Chicago,3
10367,Ball Ground,Ball Ground,GA,Georgia,13057,Cherokee,34.3426,-84.3634,2195,133,polygon,FALSE,TRUE,America/New_York,3
10368,San Felipe Pueblo,San Felipe Pueblo,NM,New Mexico,35043,Sandoval,35.4338,-106.425,2194,70,polygon,FALSE,FALSE,America/Denver,3
10369,Odell,Odell,OR,Oregon,41027,Hood River,45.6354,-121.5522,2194,419,polygon,FALSE,FALSE,America/Los_Angeles,3
10370,Chinchilla,Chinchilla,PA,Pennsylvania,42069,Lackawanna,41.4846,-75.666,2192,338,polygon,FALSE,FALSE,America/New_York,3
10371,Eagle Crest,Eagle Crest,OR,Oregon,41017,Deschutes,44.2614,-121.2995,2191,55,polygon,FALSE,TRUE,America/Los_Angeles,3
10372,North Eagle Butte,North Eagle Butte,SD,South Dakota,46041,Dewey,45.0169,-101.2365,2191,92,polygon,FALSE,FALSE,America/Denver,3
10373,Waskom,Waskom,TX,Texas,48203,Harrison,32.4766,-94.0646,2190,315,polygon,FALSE,TRUE,America/Chicago,3
10374,Fremont,Fremont,IN,Indiana,18151,Steuben,41.728,-84.9396,2190,272,polygon,FALSE,TRUE,America/Detroit,3
10375,Lyons,Lyons,CO,Colorado,8013,Boulder,40.2231,-105.2692,2189,627,polygon,FALSE,TRUE,America/Denver,3
10376,East Sonora,East Sonora,CA,California,6109,Tuolumne,37.9777,-120.341,2189,341,polygon,FALSE,FALSE,America/Los_Angeles,3
10377,Fairfield Bay,Fairfield Bay,AR,Arkansas,5141,Van Buren,35.605,-92.2658,2189,55,polygon,FALSE,TRUE,America/Chicago,3
10378,Blackville,Blackville,SC,South Carolina,45011,Barnwell,33.3552,-81.2835,2189,94,polygon,FALSE,TRUE,America/New_York,3
10379,Belleair Bluffs,Belleair Bluffs,FL,Florida,12103,Pinellas,27.9198,-82.8192,2187,1833,polygon,FALSE,TRUE,America/New_York,3
10380,Old Brookville,Old Brookville,NY,New York,36059,Nassau,40.8332,-73.604,2187,212,polygon,FALSE,TRUE,America/New_York,3
10381,Cibecue,Cibecue,AZ,Arizona,4017,Navajo,34.0333,-110.4854,2187,141,polygon,FALSE,FALSE,America/Phoenix,3
10382,Chiefland,Chiefland,FL,Florida,12075,Levy,29.4923,-82.8682,2186,125,polygon,FALSE,TRUE,America/New_York,3
10383,Lexington,Lexington,OK,Oklahoma,40027,Cleveland,35.0179,-97.3345,2185,352,polygon,FALSE,TRUE,America/Chicago,3
10384,Pine Beach,Pine Beach,NJ,New Jersey,34029,Ocean,39.9359,-74.17,2184,1325,polygon,FALSE,TRUE,America/New_York,3
10385,Cecil-Bishop,Cecil-Bishop,PA,Pennsylvania,42125,Washington,40.3184,-80.1933,2184,331,polygon,FALSE,TRUE,America/New_York,3
10386,Unionville,Unionville,GA,Georgia,13277,Tift,31.4363,-83.5084,2183,1122,polygon,FALSE,FALSE,America/New_York,3
10387,Trexlertown,Trexlertown,PA,Pennsylvania,42077,Lehigh,40.5523,-75.6039,2182,406,polygon,FALSE,FALSE,America/New_York,3
10388,Tullytown,Tullytown,PA,Pennsylvania,42017,Bucks,40.1401,-74.8107,2181,554,polygon,FALSE,TRUE,America/New_York,3
10389,Weldon,Weldon,CA,California,6029,Kern,35.6431,-118.3103,2181,31,polygon,FALSE,FALSE,America/Los_Angeles,3
10390,Ashford,Ashford,AL,Alabama,1069,Houston,31.1858,-85.2359,2181,135,polygon,FALSE,TRUE,America/Chicago,3
10391,Pink,Pink,OK,Oklahoma,40125,Pottawatomie,35.2327,-97.1002,2181,23,polygon,FALSE,TRUE,America/Chicago,3
10392,Glendale,Glendale,OH,Ohio,39061,Hamilton,39.2707,-84.4586,2181,512,polygon,FALSE,TRUE,America/New_York,3
10393,Marionville,Marionville,MO,Missouri,29109,Lawrence,37.0021,-93.6362,2181,469,polygon,FALSE,TRUE,America/Chicago,3
10394,Martorell,Martorell,PR,Puerto Rico,72151,Yabucoa,18.0729,-65.8976,2181,921,polygon,FALSE,FALSE,America/Puerto_Rico,3
10395,Amherst,Amherst,VA,Virginia,51009,Amherst,37.5816,-79.0509,2180,171,polygon,FALSE,TRUE,America/New_York,3
10396,Hoschton,Hoschton,GA,Georgia,13157,Jackson,34.0853,-83.7593,2180,174,polygon,FALSE,TRUE,America/New_York,3
10397,Dolan Springs,Dolan Springs,AZ,Arizona,4015,Mohave,35.5905,-114.2852,2180,14,polygon,FALSE,FALSE,America/Phoenix,3
10398,Shenorock,Shenorock,NY,New York,36119,Westchester,41.3307,-73.7409,2179,1201,polygon,FALSE,FALSE,America/New_York,3
10399,Earle,Earle,AR,Arkansas,5035,Crittenden,35.2734,-90.4642,2179,259,polygon,FALSE,TRUE,America/Chicago,3
10400,West Dennis,West Dennis,MA,Massachusetts,25001,Barnstable,41.6666,-70.1656,2179,257,polygon,FALSE,FALSE,America/New_York,3
10401,Spring Grove,Spring Grove,PA,Pennsylvania,42133,York,39.8809,-76.8641,2178,1073,polygon,FALSE,TRUE,America/New_York,3
10402,Anahola,Anahola,HI,Hawaii,15007,Kauai,22.1455,-159.3151,2175,227,polygon,FALSE,FALSE,Pacific/Honolulu,3
10403,Port Sulphur,Port Sulphur,LA,Louisiana,22075,Plaquemines,29.5043,-89.7203,2175,153,polygon,FALSE,FALSE,America/Chicago,3
10404,Upper Nyack,Upper Nyack,NY,New York,36087,Rockland,41.1143,-73.9057,2175,687,polygon,FALSE,TRUE,America/New_York,3
10405,Charlotte Park,Charlotte Park,FL,Florida,12015,Charlotte,26.9031,-82.0486,2174,815,polygon,FALSE,FALSE,America/New_York,3
10406,Brice Prairie,Brice Prairie,WI,Wisconsin,55063,La Crosse,43.9375,-91.3074,2173,182,polygon,FALSE,FALSE,America/Chicago,3
10407,West Wareham,West Wareham,MA,Massachusetts,25023,Plymouth,41.79,-70.755,2173,224,polygon,FALSE,FALSE,America/New_York,3
10408,Tome,Tome,NM,New Mexico,35061,Valencia,34.7397,-106.723,2172,169,polygon,FALSE,FALSE,America/Denver,3
10409,Fairplains,Fairplains,NC,North Carolina,37193,Wilkes,36.1954,-81.1559,2172,199,polygon,FALSE,FALSE,America/New_York,3
10410,Weyers Cave,Weyers Cave,VA,Virginia,51015,Augusta,38.2844,-78.9125,2171,127,polygon,FALSE,FALSE,America/New_York,3
10411,Polo,Polo,IL,Illinois,17141,Ogle,41.9847,-89.579,2171,628,polygon,FALSE,TRUE,America/Chicago,3
10412,Newkirk,Newkirk,OK,Oklahoma,40071,Kay,36.8816,-97.0554,2170,635,polygon,FALSE,TRUE,America/Chicago,3
10413,Creston,Creston,OH,Ohio,39169,Wayne,40.9769,-81.8998,2170,385,polygon,FALSE,TRUE,America/New_York,3
10414,Cordova,Cordova,AK,Alaska,2261,Valdez-Cordova,60.5348,-145.6092,2169,13,polygon,FALSE,TRUE,America/Anchorage,3
10415,Wells,Wells,MN,Minnesota,27043,Faribault,43.7432,-93.7278,2169,428,polygon,FALSE,TRUE,America/Chicago,3
10416,Erwinville,Erwinville,LA,Louisiana,22121,West Baton Rouge,30.5427,-91.3913,2168,105,polygon,FALSE,FALSE,America/Chicago,3
10417,Kearny,Kearny,AZ,Arizona,4021,Pinal,33.0564,-110.9074,2168,310,polygon,FALSE,TRUE,America/Phoenix,3
10418,Cheney,Cheney,KS,Kansas,20173,Sedgwick,37.6353,-97.7797,2167,360,polygon,FALSE,TRUE,America/Chicago,3
10419,Schofield,Schofield,WI,Wisconsin,55073,Marathon,44.9149,-89.6148,2166,407,polygon,FALSE,TRUE,America/Chicago,3
10420,Laton,Laton,CA,California,6019,Fresno,36.4338,-119.6916,2166,431,polygon,FALSE,FALSE,America/Los_Angeles,3
10421,Jellico,Jellico,TN,Tennessee,47013,Campbell,36.5651,-84.1355,2165,134,polygon,FALSE,TRUE,America/New_York,3
10422,Adamsville,Adamsville,TN,Tennessee,47109,McNairy,35.2563,-88.3862,2164,118,polygon,FALSE,TRUE,America/Chicago,3
10423,Cherokee,Cherokee,NC,North Carolina,37173,Swain,35.486,-83.3011,2163,69,polygon,FALSE,FALSE,America/New_York,3
10424,Honalo,Honalo,HI,Hawaii,15001,Hawaii,19.5787,-155.902,2162,28,polygon,FALSE,FALSE,Pacific/Honolulu,3
10425,Whitney,Whitney,TX,Texas,48217,Hill,31.952,-97.3192,2162,448,polygon,FALSE,TRUE,America/Chicago,3
10426,Shiner,Shiner,TX,Texas,48285,Lavaca,29.4332,-97.1734,2162,338,polygon,FALSE,TRUE,America/Chicago,3
10427,Spencerville,Spencerville,OH,Ohio,39003,Allen,40.7079,-84.3526,2161,864,polygon,FALSE,TRUE,America/New_York,3
10428,Lakeside,Lakeside,MT,Montana,30029,Flathead,48.0182,-114.2274,2160,59,polygon,FALSE,FALSE,America/Denver,3
10429,Eagle,Eagle,WI,Wisconsin,55133,Waukesha,42.879,-88.4697,2159,599,polygon,FALSE,TRUE,America/Chicago,3
10430,Rockwell,Rockwell,NC,North Carolina,37159,Rowan,35.5538,-80.4072,2159,487,polygon,FALSE,TRUE,America/New_York,3
10431,Gassville,Gassville,AR,Arkansas,5005,Baxter,36.285,-92.4868,2158,242,polygon,FALSE,TRUE,America/Chicago,3
10432,South Paris,South Paris,ME,Maine,23017,Oxford,44.219,-70.5113,2158,214,polygon,FALSE,FALSE,America/New_York,3
10433,Spiro,Spiro,OK,Oklahoma,40079,Le Flore,35.2412,-94.623,2158,360,polygon,FALSE,TRUE,America/Chicago,3
10434,Patton Village,Patton Village,TX,Texas,48339,Montgomery,30.1954,-95.1643,2157,366,polygon,FALSE,TRUE,America/Chicago,3
10435,Penndel,Penndel,PA,Pennsylvania,42017,Bucks,40.1552,-74.9147,2157,1993,polygon,FALSE,TRUE,America/New_York,3
10436,Coal Creek,Coal Creek,CO,Colorado,8059,Jefferson,39.9071,-105.3799,2157,88,polygon,FALSE,FALSE,America/Denver,3
10437,Union City,Union City,OK,Oklahoma,40017,Canadian,35.4015,-97.9047,2157,14,polygon,FALSE,TRUE,America/Chicago,3
10438,Fannett,Fannett,TX,Texas,48245,Jefferson,29.925,-94.2389,2156,84,polygon,FALSE,FALSE,America/Chicago,3
10439,Plainview,Plainview,TN,Tennessee,47173,Union,36.1808,-83.7931,2156,131,polygon,FALSE,TRUE,America/New_York,3
10440,Walden,Walden,TN,Tennessee,47065,Hamilton,35.1635,-85.3098,2156,235,polygon,FALSE,TRUE,America/New_York,3
10441,McAdoo,McAdoo,PA,Pennsylvania,42107,Schuylkill,40.9009,-75.9924,2156,2399,polygon,FALSE,TRUE,America/New_York,2
10442,Carlisle,Carlisle,AR,Arkansas,5085,Lonoke,34.7947,-91.7361,2156,171,polygon,FALSE,TRUE,America/Chicago,3
10443,Lame Deer,Lame Deer,MT,Montana,30087,Rosebud,45.6176,-106.6134,2156,14,polygon,FALSE,FALSE,America/Denver,3
10444,Helmetta,Helmetta,NJ,New Jersey,34023,Middlesex,40.3777,-74.4239,2155,1004,polygon,FALSE,TRUE,America/New_York,3
10445,Jefferson,Jefferson,MD,Maryland,24021,Frederick,39.3661,-77.5409,2155,396,polygon,FALSE,FALSE,America/New_York,3
10446,Farmington,Farmington,MS,Mississippi,28003,Alcorn,34.9224,-88.4432,2155,130,polygon,FALSE,TRUE,America/Chicago,3
10447,Bottineau,Bottineau,ND,North Dakota,38009,Bottineau,48.8248,-100.4425,2154,632,polygon,FALSE,TRUE,America/Chicago,3
10448,Manchester,Manchester,MI,Michigan,26161,Washtenaw,42.1484,-84.0346,2154,389,polygon,FALSE,TRUE,America/Detroit,3
10449,Ware Shoals,Ware Shoals,SC,South Carolina,45047,Greenwood,34.3922,-82.2421,2154,213,polygon,FALSE,TRUE,America/New_York,3
10450,Hunter,Hunter,TN,Tennessee,47019,Carter,36.3978,-82.1511,2153,129,polygon,FALSE,FALSE,America/New_York,3
10451,Brewster,Brewster,OH,Ohio,39151,Stark,40.7135,-81.5992,2153,366,polygon,FALSE,TRUE,America/New_York,3
10452,Townsend,Townsend,MT,Montana,30007,Broadwater,46.3192,-111.5197,2152,546,polygon,FALSE,TRUE,America/Denver,3
10453,New Glarus,New Glarus,WI,Wisconsin,55045,Green,42.813,-89.6337,2151,458,polygon,FALSE,TRUE,America/Chicago,3
10454,New Ellenton,New Ellenton,SC,South Carolina,45003,Aiken,33.4198,-81.6825,2151,187,polygon,FALSE,TRUE,America/New_York,3
10455,Elmendorf,Elmendorf,TX,Texas,48029,Bexar,29.258,-98.3219,2150,135,polygon,FALSE,TRUE,America/Chicago,3
10456,Lorenz Park,Lorenz Park,NY,New York,36021,Columbia,42.2669,-73.77,2150,465,polygon,FALSE,FALSE,America/New_York,3
10457,Millville,Millville,UT,Utah,49005,Cache,41.685,-111.8212,2150,330,polygon,FALSE,TRUE,America/Denver,3
10458,Morris,Morris,AL,Alabama,1073,Jefferson,33.7467,-86.8037,2149,270,polygon,FALSE,TRUE,America/Chicago,3
10459,Preston,Preston,TX,Texas,48181,Grayson,33.8671,-96.6596,2148,164,polygon,FALSE,FALSE,America/Chicago,3
10460,Valley Hill,Valley Hill,NC,North Carolina,37089,Henderson,35.2958,-82.4913,2148,357,polygon,FALSE,FALSE,America/New_York,3
10461,Caryville,Caryville,TN,Tennessee,47013,Campbell,36.3252,-84.2198,2148,162,polygon,FALSE,TRUE,America/New_York,3
10462,Albany,Albany,IN,Indiana,18035,Delaware,40.3056,-85.2331,2148,418,polygon,FALSE,TRUE,America/Indiana/Indianapolis,3
10463,Maple Lake,Maple Lake,MN,Minnesota,27171,Wright,45.2334,-94.0059,2148,369,polygon,FALSE,TRUE,America/Chicago,3
10464,Laughlin AFB,Laughlin AFB,TX,Texas,48465,Val Verde,29.3568,-100.7829,2147,130,polygon,TRUE,TRUE,America/Chicago,3
10465,Watchtower,Watchtower,NY,New York,36111,Ulster,41.6371,-74.2633,2147,1066,polygon,FALSE,FALSE,America/New_York,3
10466,Lincoln Park,Lincoln Park,NY,New York,36111,Ulster,41.9559,-74.0016,2147,578,polygon,FALSE,FALSE,America/New_York,3
10467,Berkeley Lake,Berkeley Lake,GA,Georgia,13135,Gwinnett,33.9805,-84.1839,2147,474,polygon,FALSE,TRUE,America/New_York,3
10468,Parma,Parma,ID,Idaho,16027,Canyon,43.7863,-116.9428,2147,767,polygon,FALSE,TRUE,America/Boise,3
10469,Marlborough,Marlborough,MO,Missouri,29189,St. Louis,38.5683,-90.3393,2147,3644,polygon,FALSE,TRUE,America/Chicago,2
10470,Morenci,Morenci,MI,Michigan,26091,Lenawee,41.7226,-84.2169,2147,391,polygon,FALSE,TRUE,America/Detroit,3
10471,Gap,Gap,PA,Pennsylvania,42071,Lancaster,39.9891,-76.0215,2146,294,polygon,FALSE,FALSE,America/New_York,3
10472,Lewistown,Lewistown,IL,Illinois,17057,Fulton,40.3968,-90.1555,2146,414,polygon,FALSE,TRUE,America/Chicago,3
10473,Whetstone,Whetstone,AZ,Arizona,4003,Cochise,31.7011,-110.3398,2146,69,polygon,FALSE,FALSE,America/Phoenix,3
10474,Arlington,Arlington,MN,Minnesota,27143,Sibley,44.6083,-94.0766,2146,506,polygon,FALSE,TRUE,America/Chicago,3
10475,Colonial Pine Hills,Colonial Pine Hills,SD,South Dakota,46103,Pennington,44.0141,-103.3146,2146,53,polygon,FALSE,FALSE,America/Denver,3
10476,Cloverdale,Cloverdale,IN,Indiana,18133,Putnam,39.5211,-86.7995,2145,239,polygon,FALSE,TRUE,America/Indiana/Indianapolis,3
10477,Gwinn,Gwinn,MI,Michigan,26103,Marquette,46.2913,-87.4372,2145,168,polygon,FALSE,FALSE,America/Detroit,3
10478,Rockport,Rockport,IN,Indiana,18147,Spencer,37.8896,-87.0542,2144,499,polygon,FALSE,TRUE,America/Chicago,3
10479,Haverhill,Haverhill,FL,Florida,12099,Palm Beach,26.6909,-80.1217,2143,1308,polygon,FALSE,TRUE,America/New_York,3
10480,Toledo,Toledo,IA,Iowa,19171,Tama,41.9902,-92.5803,2143,359,polygon,FALSE,TRUE,America/Chicago,3
10481,Wickerham Manor-Fisher,Wickerham Manor-Fisher,PA,Pennsylvania,42125,Washington,40.1771,-79.9079,2142,390,polygon,FALSE,TRUE,America/New_York,3
10482,Lakin,Lakin,KS,Kansas,20093,Kearny,37.94,-101.2585,2141,873,polygon,FALSE,TRUE,America/Chicago,3
10483,Fern Prairie,Fern Prairie,WA,Washington,53011,Clark,45.637,-122.3963,2140,164,polygon,FALSE,FALSE,America/Los_Angeles,3
10484,Clinton,Clinton,WI,Wisconsin,55105,Rock,42.5574,-88.8679,2140,576,polygon,FALSE,TRUE,America/Chicago,3
10485,Manahawkin,Manahawkin,NJ,New Jersey,34029,Ocean,39.6931,-74.2493,2140,452,polygon,FALSE,FALSE,America/New_York,3
10486,Coaldale,Coaldale,PA,Pennsylvania,42107,Schuylkill,40.8197,-75.9161,2140,379,polygon,FALSE,TRUE,America/New_York,3
10487,Piketon,Piketon,OH,Ohio,39131,Pike,39.0649,-82.9985,2140,329,polygon,FALSE,TRUE,America/New_York,3
10488,Granby,Granby,CO,Colorado,8049,Grand,40.0648,-105.9194,2139,65,polygon,FALSE,TRUE,America/Denver,3
10489,Lipscomb,Lipscomb,AL,Alabama,1073,Jefferson,33.4261,-86.926,2139,703,polygon,FALSE,TRUE,America/Chicago,3
10490,Varnell,Varnell,GA,Georgia,13313,Whitfield,34.9015,-84.9645,2139,216,polygon,FALSE,TRUE,America/New_York,3
10491,Rising Sun,Rising Sun,IN,Indiana,18115,Ohio,38.9531,-84.8545,2139,549,polygon,FALSE,TRUE,America/New_York,3
10492,Cherryvale,Cherryvale,KS,Kansas,20125,Montgomery,37.2694,-95.554,2138,427,polygon,FALSE,TRUE,America/Chicago,3
10493,Ridgetop,Ridgetop,TN,Tennessee,47147,Robertson,36.4045,-86.7681,2137,272,polygon,FALSE,TRUE,America/Chicago,3
10494,Malad City,Malad City,ID,Idaho,16071,Oneida,42.1903,-112.25,2137,502,polygon,FALSE,TRUE,America/Boise,3
10495,Durant,Durant,MS,Mississippi,28051,Holmes,33.0799,-89.8566,2137,389,polygon,FALSE,TRUE,America/Chicago,3
10496,Horse Pasture,Horse Pasture,VA,Virginia,51089,Henry,36.6313,-79.9514,2136,85,polygon,FALSE,FALSE,America/New_York,3
10497,Aviston,Aviston,IL,Illinois,17027,Clinton,38.6162,-89.6087,2136,515,polygon,FALSE,TRUE,America/Chicago,3
10498,Howard Lake,Howard Lake,MN,Minnesota,27171,Wright,45.0604,-94.067,2136,444,polygon,FALSE,TRUE,America/Chicago,3
10499,Wewahitchka,Wewahitchka,FL,Florida,12045,Gulf,30.1148,-85.1935,2133,123,polygon,FALSE,TRUE,America/Chicago,3
10500,Dublin,Dublin,PA,Pennsylvania,42017,Bucks,40.373,-75.204,2133,1412,polygon,FALSE,TRUE,America/New_York,3
10501,Valle Vista,Valle Vista,AZ,Arizona,4015,Mohave,35.4109,-113.8627,2132,68,polygon,FALSE,TRUE,America/Phoenix,3
10502,East Missoula,East Missoula,MT,Montana,30063,Missoula,46.8801,-113.9401,2132,682,polygon,FALSE,FALSE,America/Denver,3
10503,Johnson City,Johnson City,TX,Texas,48031,Blanco,30.2742,-98.4063,2131,455,polygon,FALSE,TRUE,America/Chicago,3
10504,Wrightsville,Wrightsville,AR,Arkansas,5119,Pulaski,34.6109,-92.2136,2131,388,polygon,FALSE,TRUE,America/Chicago,3
10505,Brighton,Brighton,IL,Illinois,17117,Macoupin,39.0405,-90.1408,2131,428,polygon,FALSE,TRUE,America/Chicago,3
10506,La Playa,La Playa,PR,Puerto Rico,72011,Añasco,18.2864,-67.1866,2131,756,polygon,FALSE,FALSE,America/Puerto_Rico,3
10507,Grand Canyon Village,Grand Canyon Village,AZ,Arizona,4005,Coconino,36.0492,-112.1566,2130,61,polygon,FALSE,TRUE,America/Phoenix,3
10508,Liberty,Liberty,KY,Kentucky,21045,Casey,37.3206,-84.9285,2130,437,polygon,FALSE,TRUE,America/New_York,3
10509,Atlantis,Atlantis,FL,Florida,12099,Palm Beach,26.5962,-80.1031,2129,603,polygon,FALSE,TRUE,America/New_York,3
10510,Prince George,Prince George,VA,Virginia,51149,Prince George,37.2209,-77.2683,2129,131,polygon,FALSE,FALSE,America/New_York,3
10511,Owens Cross Roads,Owens Cross Roads,AL,Alabama,1089,Madison,34.5845,-86.4574,2129,99,polygon,FALSE,TRUE,America/Chicago,3
10512,Elkton,Elkton,KY,Kentucky,21219,Todd,36.8135,-87.161,2129,325,polygon,FALSE,TRUE,America/Chicago,3
10513,Redgranite,Redgranite,WI,Wisconsin,55137,Waushara,44.0513,-89.1058,2128,347,polygon,FALSE,TRUE,America/Chicago,3
10514,North Rock Springs,North Rock Springs,WY,Wyoming,56037,Sweetwater,41.6698,-109.2714,2128,55,polygon,FALSE,FALSE,America/Denver,3
10515,Glenwood,Glenwood,AR,Arkansas,5109,Pike,34.3279,-93.5309,2128,92,polygon,FALSE,TRUE,America/Chicago,3
10516,Lake Hamilton,Lake Hamilton,AR,Arkansas,5051,Garland,34.4269,-93.0887,2128,422,polygon,FALSE,FALSE,America/Chicago,3
10517,Merrimac,Merrimac,VA,Virginia,51121,Montgomery,37.1904,-80.4244,2127,481,polygon,FALSE,FALSE,America/New_York,3
10518,Willow,Willow,AK,Alaska,2170,Matanuska-Susitna,61.8157,-149.753,2126,1,polygon,FALSE,FALSE,America/Anchorage,3
10519,Rouses Point,Rouses Point,NY,New York,36019,Clinton,44.9933,-73.3633,2126,467,polygon,FALSE,TRUE,America/New_York,3
10520,Demorest,Demorest,GA,Georgia,13137,Habersham,34.5648,-83.5424,2125,365,polygon,FALSE,TRUE,America/New_York,3
10521,Orleans,Orleans,IN,Indiana,18117,Orange,38.6615,-86.4517,2125,479,polygon,FALSE,TRUE,America/Indiana/Indianapolis,3
10522,Salt Creek Commons,Salt Creek Commons,IN,Indiana,18127,Porter,41.5112,-87.1412,2125,2204,polygon,FALSE,TRUE,America/Chicago,2
10523,Palmer,Palmer,TX,Texas,48139,Ellis,32.4259,-96.6724,2123,263,polygon,FALSE,TRUE,America/Chicago,3
10524,Bowmansville,Bowmansville,PA,Pennsylvania,42071,Lancaster,40.203,-76.0199,2123,439,polygon,FALSE,FALSE,America/New_York,3
10525,Tennille,Tennille,GA,Georgia,13303,Washington,32.936,-82.8134,2123,462,polygon,FALSE,TRUE,America/New_York,3
10526,Kingsbury,Kingsbury,NV,Nevada,32005,Douglas,38.9909,-119.8837,2122,37,polygon,FALSE,FALSE,America/Los_Angeles,3
10527,Jasonville,Jasonville,IN,Indiana,18055,Greene,39.162,-87.1998,2122,658,polygon,FALSE,TRUE,America/Indiana/Indianapolis,3
10528,Council Grove,Council Grove,KS,Kansas,20127,Morris,38.6623,-96.4917,2121,399,polygon,FALSE,TRUE,America/Chicago,3
10529,Turner,Turner,OR,Oregon,41047,Marion,44.8489,-122.9517,2121,572,polygon,FALSE,TRUE,America/Los_Angeles,3
10530,Country Knolls,Country Knolls,NY,New York,36091,Saratoga,42.9141,-73.8062,2120,517,polygon,FALSE,FALSE,America/New_York,3
10531,Tremont,Tremont,IL,Illinois,17179,Tazewell,40.5249,-89.4902,2120,886,polygon,FALSE,TRUE,America/Chicago,3
10532,Burley,Burley,WA,Washington,53035,Kitsap,47.4166,-122.6377,2119,172,polygon,FALSE,FALSE,America/Los_Angeles,3
10533,Mason City,Mason City,IL,Illinois,17125,Mason,40.2022,-89.6974,2119,807,polygon,FALSE,TRUE,America/Chicago,3
10534,Mount Jackson,Mount Jackson,VA,Virginia,51171,Shenandoah,38.7394,-78.6513,2118,221,polygon,FALSE,TRUE,America/New_York,3
10535,Cedar Grove,Cedar Grove,WI,Wisconsin,55117,Sheboygan,43.5682,-87.8243,2117,374,polygon,FALSE,TRUE,America/Chicago,3
10536,Welch,Welch,WV,West Virginia,54047,McDowell,37.4455,-81.5722,2117,105,polygon,FALSE,TRUE,America/New_York,3
10537,Jal,Jal,NM,New Mexico,35025,Lea,32.1148,-103.19,2117,169,polygon,FALSE,TRUE,America/Denver,3
10538,Sheldon,Sheldon,TX,Texas,48201,Harris,29.8596,-95.134,2116,326,polygon,FALSE,FALSE,America/Chicago,3
10539,Madison,Madison,NC,North Carolina,37157,Rockingham,36.3868,-79.975,2116,230,polygon,FALSE,TRUE,America/New_York,3
10540,Chester,Chester,CA,California,6063,Plumas,40.3017,-121.2339,2116,112,polygon,FALSE,FALSE,America/Los_Angeles,3
10541,Vinita Park,Vinita Park,MO,Missouri,29189,St. Louis,38.6888,-90.3393,2116,1048,polygon,FALSE,TRUE,America/Chicago,3
10542,Ronan,Ronan,MT,Montana,30047,Lake,47.5287,-114.1005,2116,678,polygon,FALSE,TRUE,America/Denver,3
10543,Maple Plain,Maple Plain,MN,Minnesota,27053,Hennepin,45.0088,-93.6618,2114,766,polygon,FALSE,TRUE,America/Chicago,3
10544,Hertford,Hertford,NC,North Carolina,37143,Perquimans,36.1813,-76.4673,2113,285,polygon,FALSE,TRUE,America/New_York,3
10545,Plainfield Village,Plainfield Village,CT,Connecticut,9015,Windham,41.6766,-71.925,2113,478,polygon,FALSE,TRUE,America/New_York,3
10546,Solomons,Solomons,MD,Maryland,24009,Calvert,38.3373,-76.4611,2113,409,polygon,FALSE,FALSE,America/New_York,3
10547,Kiln,Kiln,MS,Mississippi,28045,Hancock,30.4171,-89.4322,2112,61,polygon,FALSE,FALSE,America/Chicago,3
10548,Stanfield,Stanfield,OR,Oregon,41059,Umatilla,45.7849,-119.219,2112,531,polygon,FALSE,TRUE,America/Los_Angeles,3
10549,Huntington,Huntington,TX,Texas,48005,Angelina,31.2803,-94.5772,2111,296,polygon,FALSE,TRUE,America/Chicago,3
10550,Wilmerding,Wilmerding,PA,Pennsylvania,42003,Allegheny,40.3942,-79.8101,2111,1900,polygon,FALSE,TRUE,America/New_York,3
10551,Quitman,Quitman,MS,Mississippi,28023,Clarke,32.0417,-88.7202,2111,157,polygon,FALSE,TRUE,America/Chicago,3
10552,Enetai,Enetai,WA,Washington,53035,Kitsap,47.5885,-122.6058,2110,792,polygon,FALSE,FALSE,America/Los_Angeles,3
10553,Horseshoe Bend,Horseshoe Bend,AR,Arkansas,5065,Izard,36.2217,-91.7396,2109,61,polygon,FALSE,TRUE,America/Chicago,3
10554,Lake Lotawana,Lake Lotawana,MO,Missouri,29095,Jackson,38.902,-94.2626,2109,78,polygon,FALSE,TRUE,America/Chicago,3
10555,Kountze,Kountze,TX,Texas,48199,Hardin,30.3724,-94.3161,2108,205,polygon,FALSE,TRUE,America/Chicago,3
10556,Holiday Island,Holiday Island,AR,Arkansas,5015,Carroll,36.4762,-93.7342,2108,75,polygon,FALSE,FALSE,America/Chicago,3
10557,Hickman,Hickman,KY,Kentucky,21075,Fulton,36.565,-89.1837,2108,229,polygon,FALSE,TRUE,America/Chicago,3
10558,Rio Verde,Rio Verde,AZ,Arizona,4013,Maricopa,33.7278,-111.674,2107,187,polygon,FALSE,FALSE,America/Phoenix,3
10559,Eastpoint,Eastpoint,FL,Florida,12037,Franklin,29.7547,-84.8694,2106,112,polygon,FALSE,FALSE,America/New_York,3
10560,Jamestown,Jamestown,TN,Tennessee,47049,Fentress,36.4319,-84.9341,2106,277,polygon,FALSE,TRUE,America/Chicago,3
10561,Eureka Springs,Eureka Springs,AR,Arkansas,5015,Carroll,36.4105,-93.745,2106,120,polygon,FALSE,TRUE,America/Chicago,3
10562,Henryville,Henryville,IN,Indiana,18019,Clark,38.5395,-85.7655,2106,285,polygon,FALSE,FALSE,America/Kentucky/Louisville,3
10563,Pawnee,Pawnee,OK,Oklahoma,40117,Pawnee,36.3363,-96.8019,2106,368,polygon,FALSE,TRUE,America/Chicago,3
10564,Jonestown,Jonestown,TX,Texas,48453,Travis,30.4754,-97.9297,2105,126,polygon,FALSE,TRUE,America/Chicago,3
10565,Braddock,Braddock,PA,Pennsylvania,42003,Allegheny,40.4018,-79.8688,2105,1443,polygon,FALSE,TRUE,America/New_York,3
10566,Hughesville,Hughesville,MD,Maryland,24017,Charles,38.5376,-76.7748,2105,72,polygon,FALSE,FALSE,America/New_York,3
10567,Helper,Helper,UT,Utah,49007,Carbon,39.6898,-110.8597,2105,449,polygon,FALSE,TRUE,America/Denver,3
10568,Shinnston,Shinnston,WV,West Virginia,54033,Harrison,39.3923,-80.2989,2104,485,polygon,FALSE,TRUE,America/New_York,3
10569,San Juan Bautista,San Juan Bautista,CA,California,6069,San Benito,36.8455,-121.538,2104,1114,polygon,FALSE,TRUE,America/Los_Angeles,3
10570,Belvedere,Belvedere,CA,California,6041,Marin,37.8735,-122.4662,2104,1564,polygon,FALSE,TRUE,America/Los_Angeles,3
10571,Cumberland,Cumberland,WI,Wisconsin,55005,Barron,45.5361,-92.0289,2103,202,polygon,FALSE,TRUE,America/Chicago,3
10572,Belville,Belville,NC,North Carolina,37019,Brunswick,34.2194,-77.9984,2103,484,polygon,FALSE,TRUE,America/New_York,3
10573,Maysville,Maysville,GA,Georgia,13011,Banks,34.2557,-83.5521,2103,176,polygon,FALSE,TRUE,America/New_York,3
10574,East Helena,East Helena,MT,Montana,30049,Lewis and Clark,46.585,-111.9158,2103,202,polygon,FALSE,TRUE,America/Denver,3
10575,Jobos,Jobos,PR,Puerto Rico,72057,Guayama,17.9608,-66.1655,2103,1469,polygon,FALSE,FALSE,America/Puerto_Rico,3
10576,Falmouth,Falmouth,KY,Kentucky,21191,Pendleton,38.6708,-84.331,2103,598,polygon,FALSE,TRUE,America/New_York,3
10577,Egypt,Egypt,PA,Pennsylvania,42077,Lehigh,40.6858,-75.5334,2102,561,polygon,FALSE,FALSE,America/New_York,3
10578,Angola,Angola,NY,New York,36029,Erie,42.6379,-79.0295,2101,572,polygon,FALSE,TRUE,America/New_York,3
10579,Mayer,Mayer,AZ,Arizona,4025,Yavapai,34.4233,-112.2408,2101,40,polygon,FALSE,FALSE,America/Phoenix,3
10580,Hanley Hills,Hanley Hills,MO,Missouri,29189,St. Louis,38.6856,-90.3249,2101,2226,polygon,FALSE,TRUE,America/Chicago,2
10581,Westport,Westport,WA,Washington,53027,Grays Harbor,46.8917,-124.1118,2100,219,polygon,FALSE,TRUE,America/Los_Angeles,3
10582,Murphys,Murphys,CA,California,6009,Calaveras,38.1447,-120.4348,2100,78,polygon,FALSE,FALSE,America/Los_Angeles,3
10583,Bowdon,Bowdon,GA,Georgia,13045,Carroll,33.5378,-85.2539,2100,238,polygon,FALSE,TRUE,America/New_York,3
10584,Gila Bend,Gila Bend,AZ,Arizona,4013,Maricopa,32.9662,-112.7155,2100,12,polygon,FALSE,TRUE,America/Phoenix,3
10585,New Boston,New Boston,OH,Ohio,39145,Scioto,38.7516,-82.9351,2099,725,polygon,FALSE,TRUE,America/New_York,3
10586,Willow Springs,Willow Springs,MO,Missouri,29091,Howell,36.9878,-91.9621,2099,229,polygon,FALSE,TRUE,America/Chicago,3
10587,Kure Beach,Kure Beach,NC,North Carolina,37129,New Hanover,34.0003,-77.9077,2098,920,polygon,FALSE,TRUE,America/New_York,3
10588,Oakbrook Terrace,Oakbrook Terrace,IL,Illinois,17043,DuPage,41.8539,-87.9685,2098,639,polygon,FALSE,TRUE,America/Chicago,3
10589,Nisswa,Nisswa,MN,Minnesota,27035,Crow Wing,46.5003,-94.2977,2096,75,polygon,FALSE,TRUE,America/Chicago,3
10590,Campbell,Campbell,FL,Florida,12097,Osceola,28.2603,-81.4525,2095,429,polygon,FALSE,FALSE,America/New_York,3
10591,South Zanesville,South Zanesville,OH,Ohio,39119,Muskingum,39.9036,-82.0178,2095,1006,polygon,FALSE,TRUE,America/New_York,3
10592,Josephine,Josephine,TX,Texas,48085,Collin,33.0618,-96.3186,2094,447,polygon,FALSE,TRUE,America/Chicago,3
10593,North Pole,North Pole,AK,Alaska,2090,Fairbanks North Star,64.753,-147.36,2094,197,polygon,FALSE,TRUE,America/Anchorage,3
10594,Anchor Point,Anchor Point,AK,Alaska,2122,Kenai Peninsula,59.7703,-151.7052,2093,8,polygon,FALSE,FALSE,America/Anchorage,3
10595,Chouteau,Chouteau,OK,Oklahoma,40097,Mayes,36.1884,-95.3362,2093,234,polygon,FALSE,TRUE,America/Chicago,3
10596,Malone,Malone,FL,Florida,12063,Jackson,30.9589,-85.1622,2092,264,polygon,FALSE,TRUE,America/Chicago,3
10597,Labadieville,Labadieville,LA,Louisiana,22007,Assumption,29.8247,-90.9525,2092,207,polygon,FALSE,FALSE,America/Chicago,3
10598,Zion,Zion,PA,Pennsylvania,42027,Centre,40.9167,-77.6908,2092,280,polygon,FALSE,FALSE,America/New_York,3
10599,Graysville,Graysville,AL,Alabama,1073,Jefferson,33.6583,-86.9674,2092,47,polygon,FALSE,TRUE,America/Chicago,3
10600,San Ysidro,San Ysidro,NM,New Mexico,35013,Doña Ana,32.3568,-106.8129,2091,305,polygon,FALSE,FALSE,America/Denver,3
10601,Eastport,Eastport,NY,New York,36103,Suffolk,40.8407,-72.7251,2091,153,polygon,FALSE,FALSE,America/New_York,3
10602,Lakemont,Lakemont,PA,Pennsylvania,42013,Blair,40.466,-78.3916,2091,490,polygon,FALSE,FALSE,America/New_York,3
10603,Milford,Milford,NE,Nebraska,31159,Seward,40.7722,-97.0535,2090,992,polygon,FALSE,TRUE,America/Chicago,3
10604,Williamsport,Williamsport,MD,Maryland,24043,Washington,39.5974,-77.818,2089,820,polygon,FALSE,TRUE,America/New_York,3
10605,Essex Fells,Essex Fells,NJ,New Jersey,34013,Essex,40.8271,-74.2798,2088,572,polygon,FALSE,TRUE,America/New_York,3
10606,Pymatuning Central,Pymatuning Central,PA,Pennsylvania,42039,Crawford,41.5855,-80.4795,2088,49,polygon,FALSE,TRUE,America/New_York,3
10607,Marshall,Marshall,VA,Virginia,51061,Fauquier,38.8661,-77.8453,2088,279,polygon,FALSE,FALSE,America/New_York,3
10608,Walnutport,Walnutport,PA,Pennsylvania,42095,Northampton,40.7514,-75.5955,2087,1066,polygon,FALSE,TRUE,America/New_York,3
10609,Geneva,Geneva,NE,Nebraska,31059,Fillmore,40.5308,-97.5974,2086,355,polygon,FALSE,TRUE,America/Chicago,3
10610,Greenfield,Greenfield,TN,Tennessee,47183,Weakley,36.16,-88.8036,2086,231,polygon,FALSE,TRUE,America/Chicago,3
10611,Crystal Lawns,Crystal Lawns,IL,Illinois,17197,Will,41.5685,-88.1638,2086,1221,polygon,FALSE,FALSE,America/Chicago,3
10612,Astatula,Astatula,FL,Florida,12069,Lake,28.7065,-81.7346,2085,257,polygon,FALSE,TRUE,America/New_York,3
10613,New Eagle,New Eagle,PA,Pennsylvania,42125,Washington,40.2064,-79.9532,2085,792,polygon,FALSE,TRUE,America/New_York,3
10614,Gurdon,Gurdon,AR,Arkansas,5019,Clark,33.9155,-93.1544,2085,331,polygon,FALSE,TRUE,America/Chicago,3
10615,Cabin John,Cabin John,MD,Maryland,24031,Montgomery,38.9743,-77.1635,2085,683,polygon,FALSE,FALSE,America/New_York,3
10616,Marceline,Marceline,MO,Missouri,29115,Linn,39.7167,-92.9473,2085,245,polygon,FALSE,TRUE,America/Chicago,3
10617,Granby,Granby,MO,Missouri,29145,Newton,36.9181,-94.2607,2085,181,polygon,FALSE,TRUE,America/Chicago,3
10618,Montegut,Montegut,LA,Louisiana,22109,Terrebonne,29.4656,-90.5617,2084,191,polygon,FALSE,FALSE,America/Chicago,3
10619,Trucksville,Trucksville,PA,Pennsylvania,42079,Luzerne,41.3101,-75.9281,2084,463,polygon,FALSE,FALSE,America/New_York,3
10620,Eglin AFB,Eglin AFB,FL,Florida,12091,Okaloosa,30.4592,-86.5499,2083,265,polygon,TRUE,TRUE,America/Chicago,3
10621,Cairo,Cairo,IL,Illinois,17003,Alexander,37.0062,-89.1819,2083,115,polygon,FALSE,TRUE,America/Chicago,3
10622,Versailles,Versailles,IN,Indiana,18137,Ripley,39.0636,-85.2564,2083,501,polygon,FALSE,TRUE,America/Indiana/Indianapolis,3
10623,Auburn,Auburn,MI,Michigan,26017,Bay,43.6021,-84.0757,2083,761,polygon,FALSE,TRUE,America/Detroit,3
10624,Glendale,Glendale,MS,Mississippi,28035,Forrest,31.368,-89.3086,2083,493,polygon,FALSE,FALSE,America/Chicago,3
10625,Rockwell City,Rockwell City,IA,Iowa,19025,Calhoun,42.3981,-94.6289,2082,190,polygon,FALSE,TRUE,America/Chicago,3
10626,Naples,Naples,UT,Utah,49047,Uintah,40.4318,-109.4913,2082,121,polygon,FALSE,TRUE,America/Denver,3
10627,Houston,Houston,MO,Missouri,29215,Texas,37.3212,-91.9611,2082,220,polygon,FALSE,TRUE,America/Chicago,3
10628,Galesburg,Galesburg,MI,Michigan,26077,Kalamazoo,42.2911,-85.4182,2081,569,polygon,FALSE,TRUE,America/Detroit,3
10629,Cabool,Cabool,MO,Missouri,29215,Texas,37.1262,-92.1032,2080,205,polygon,FALSE,TRUE,America/Chicago,3
10630,Cowarts,Cowarts,AL,Alabama,1069,Houston,31.2041,-85.3062,2079,107,polygon,FALSE,TRUE,America/Chicago,3
10631,Columbus Grove,Columbus Grove,OH,Ohio,39137,Putnam,40.9205,-84.0598,2079,653,polygon,FALSE,TRUE,America/New_York,3
10632,Columbus,Columbus,MT,Montana,30095,Stillwater,45.636,-109.2488,2079,584,polygon,FALSE,TRUE,America/Denver,3
10633,El Tumbao,El Tumbao,PR,Puerto Rico,72055,Guánica,18.0015,-66.8996,2079,750,polygon,FALSE,FALSE,America/Puerto_Rico,3
10634,Cambridge,Cambridge,IL,Illinois,17073,Henry,41.2984,-90.1907,2078,402,polygon,FALSE,TRUE,America/Chicago,3
10635,Pecatonica,Pecatonica,IL,Illinois,17201,Winnebago,42.3087,-89.3577,2078,633,polygon,FALSE,TRUE,America/Chicago,3
10636,Elsberry,Elsberry,MO,Missouri,29113,Lincoln,39.1683,-90.7879,2077,491,polygon,FALSE,TRUE,America/Chicago,3
10637,Tracy,Tracy,MN,Minnesota,27083,Lyon,44.239,-95.6153,2077,334,polygon,FALSE,TRUE,America/Chicago,3
10638,Ord,Ord,NE,Nebraska,31175,Valley,41.5995,-98.9169,2076,381,polygon,FALSE,TRUE,America/Chicago,3
10639,Southmont,Southmont,PA,Pennsylvania,42021,Cambria,40.3108,-78.9327,2076,763,polygon,FALSE,TRUE,America/New_York,3
10640,River Heights,River Heights,UT,Utah,49005,Cache,41.7219,-111.8195,2076,1186,polygon,FALSE,TRUE,America/Denver,3
10641,Westbrook Center,Westbrook Center,CT,Connecticut,9007,Middlesex,41.2811,-72.4424,2075,474,polygon,FALSE,TRUE,America/New_York,3
10642,Seneca,Seneca,KS,Kansas,20131,Nemaha,39.8376,-96.0689,2075,484,polygon,FALSE,TRUE,America/Chicago,3
10643,Oakley,Oakley,KS,Kansas,20109,Logan,39.1234,-100.8451,2075,416,polygon,FALSE,TRUE,America/Chicago,3
10644,Coal Grove,Coal Grove,OH,Ohio,39087,Lawrence,38.4976,-82.6423,2074,421,polygon,FALSE,TRUE,America/New_York,3
10645,Southworth,Southworth,WA,Washington,53035,Kitsap,47.5126,-122.5298,2073,237,polygon,FALSE,FALSE,America/Los_Angeles,3
10646,Morrisville,Morrisville,VT,Vermont,50015,Lamoille,44.5583,-72.5933,2073,409,polygon,FALSE,TRUE,America/New_York,3
10647,Weatherby Lake,Weatherby Lake,MO,Missouri,29165,Platte,39.2365,-94.696,2073,779,polygon,FALSE,TRUE,America/Chicago,3
10648,Holcomb,Holcomb,KS,Kansas,20055,Finney,37.9864,-100.9937,2073,647,polygon,FALSE,TRUE,America/Chicago,3
10649,New Haven,New Haven,MO,Missouri,29071,Franklin,38.6048,-91.2179,2072,249,polygon,FALSE,TRUE,America/Chicago,3
10650,Stevensville,Stevensville,MT,Montana,30081,Ravalli,46.511,-114.0788,2072,617,polygon,FALSE,TRUE,America/Denver,3
10651,Tiburones,Tiburones,PR,Puerto Rico,72017,Barceloneta,18.4382,-66.5809,2072,4839,polygon,FALSE,FALSE,America/Puerto_Rico,2
10652,Blanco,Blanco,TX,Texas,48031,Blanco,30.0987,-98.4169,2071,229,polygon,FALSE,TRUE,America/Chicago,3
10653,North Vacherie,North Vacherie,LA,Louisiana,22093,St. James,30.0047,-90.711,2071,142,polygon,FALSE,FALSE,America/Chicago,3
10654,Cardington,Cardington,OH,Ohio,39117,Morrow,40.498,-82.8937,2071,398,polygon,FALSE,TRUE,America/New_York,3
10655,Browns Lake,Browns Lake,WI,Wisconsin,55101,Racine,42.6908,-88.2308,2070,314,polygon,FALSE,FALSE,America/Chicago,3
10656,Lyman,Lyman,WY,Wyoming,56041,Uinta,41.3275,-110.2975,2070,513,polygon,FALSE,TRUE,America/Denver,3
10657,Anthony,Anthony,KS,Kansas,20077,Harper,37.1573,-98.0408,2070,264,polygon,FALSE,TRUE,America/Chicago,3
10658,Kirbyville,Kirbyville,TX,Texas,48241,Jasper,30.6578,-93.9001,2069,330,polygon,FALSE,TRUE,America/Chicago,3
10659,Dolgeville,Dolgeville,NY,New York,36043,Herkimer,43.1031,-74.7749,2069,446,polygon,FALSE,TRUE,America/New_York,3
10660,Topton,Topton,PA,Pennsylvania,42011,Berks,40.5032,-75.7024,2069,1153,polygon,FALSE,TRUE,America/New_York,3
10661,Wellington,Wellington,TX,Texas,48087,Collingsworth,34.8538,-100.2141,2068,585,polygon,FALSE,TRUE,America/Chicago,3
10662,Pegram,Pegram,TN,Tennessee,47021,Cheatham,36.1037,-87.0565,2068,110,polygon,FALSE,TRUE,America/Chicago,3
10663,Sac City,Sac City,IA,Iowa,19161,Sac,42.4217,-94.9979,2068,164,polygon,FALSE,TRUE,America/Chicago,3
10664,Los Prados,Los Prados,PR,Puerto Rico,72025,Caguas,18.233,-66.0619,2068,3236,polygon,FALSE,TRUE,America/Puerto_Rico,2
10665,Robesonia,Robesonia,PA,Pennsylvania,42011,Berks,40.3495,-76.1391,2067,895,polygon,FALSE,TRUE,America/New_York,3
10666,Conway,Conway,PA,Pennsylvania,42007,Beaver,40.6674,-80.2411,2067,625,polygon,FALSE,TRUE,America/New_York,3
10667,Greensburg,Greensburg,KY,Kentucky,21087,Green,37.2599,-85.4966,2066,383,polygon,FALSE,TRUE,America/Chicago,3
10668,Barview,Barview,OR,Oregon,41011,Coos,43.347,-124.3073,2066,577,polygon,FALSE,FALSE,America/Los_Angeles,3
10669,Glen Rock,Glen Rock,PA,Pennsylvania,42133,York,39.7935,-76.7307,2065,995,polygon,FALSE,TRUE,America/New_York,3
10670,Colfax,Colfax,IA,Iowa,19099,Jasper,41.68,-93.2386,2064,337,polygon,FALSE,TRUE,America/Chicago,3
10671,Pardeeville,Pardeeville,WI,Wisconsin,55021,Columbia,43.5359,-89.301,2063,414,polygon,FALSE,TRUE,America/Chicago,3
10672,Lake Mary Jane,Lake Mary Jane,FL,Florida,12095,Orange,28.3853,-81.1709,2063,151,polygon,FALSE,TRUE,America/New_York,3
10673,Unionville,Unionville,TN,Tennessee,47003,Bedford,35.6118,-86.5739,2063,88,polygon,FALSE,FALSE,America/Chicago,3
10674,Stephens City,Stephens City,VA,Virginia,51069,Frederick,39.0902,-78.223,2063,328,polygon,FALSE,TRUE,America/New_York,3
10675,North Beach Haven,North Beach Haven,NJ,New Jersey,34029,Ocean,39.6008,-74.2123,2061,438,polygon,FALSE,FALSE,America/New_York,3
10676,Cape Carteret,Cape Carteret,NC,North Carolina,37031,Carteret,34.6973,-77.0572,2061,315,polygon,FALSE,TRUE,America/New_York,3
10677,Midway,Midway,GA,Georgia,13179,Liberty,31.8003,-81.419,2061,123,polygon,FALSE,TRUE,America/New_York,3
10678,Jarales,Jarales,NM,New Mexico,35061,Valencia,34.6147,-106.7631,2060,91,polygon,FALSE,FALSE,America/Denver,3
10679,McCamey,McCamey,TX,Texas,48461,Upton,31.1325,-102.22,2060,392,polygon,FALSE,TRUE,America/Chicago,3
10680,Olton,Olton,TX,Texas,48279,Lamb,34.1802,-102.137,2060,585,polygon,FALSE,TRUE,America/Chicago,3
10681,Simmesport,Simmesport,LA,Louisiana,22009,Avoyelles,30.9805,-91.8143,2060,364,polygon,FALSE,TRUE,America/Chicago,3
10682,New Stanton,New Stanton,PA,Pennsylvania,42129,Westmoreland,40.2237,-79.6086,2060,198,polygon,FALSE,TRUE,America/New_York,3
10683,Kohler,Kohler,WI,Wisconsin,55117,Sheboygan,43.7364,-87.7795,2059,149,polygon,FALSE,TRUE,America/Chicago,3
10684,Hudson Bend,Hudson Bend,TX,Texas,48453,Travis,30.4139,-97.928,2059,199,polygon,FALSE,FALSE,America/Chicago,3
10685,Jacksboro,Jacksboro,TN,Tennessee,47013,Campbell,36.3352,-84.1928,2058,307,polygon,FALSE,TRUE,America/New_York,3
10686,Castlewood,Castlewood,VA,Virginia,51167,Russell,36.8782,-82.2879,2058,110,polygon,FALSE,FALSE,America/New_York,3
10687,Stratford,Stratford,TX,Texas,48421,Sherman,36.3376,-102.076,2057,344,polygon,FALSE,TRUE,America/Chicago,3
10688,Thorsby,Thorsby,AL,Alabama,1021,Chilton,32.917,-86.7203,2057,136,polygon,FALSE,TRUE,America/Chicago,3
10689,Wilsonville,Wilsonville,AL,Alabama,1117,Shelby,33.2351,-86.4882,2056,75,polygon,FALSE,TRUE,America/Chicago,3
10690,Chevy Chase Village,Chevy Chase Village,MD,Maryland,24031,Montgomery,38.9698,-77.0793,2056,1891,polygon,FALSE,TRUE,America/New_York,3
10691,Ganado,Ganado,TX,Texas,48239,Jackson,29.0413,-96.511,2055,681,polygon,FALSE,TRUE,America/Chicago,3
10692,Imperial,Imperial,NE,Nebraska,31029,Chase,40.5145,-101.6374,2055,262,polygon,FALSE,TRUE,America/Denver,3
10693,Bellerose Terrace,Bellerose Terrace,NY,New York,36059,Nassau,40.7221,-73.7252,2055,6346,polygon,FALSE,FALSE,America/New_York,2
10694,Three Forks,Three Forks,MT,Montana,30031,Gallatin,45.89,-111.5522,2055,544,polygon,FALSE,TRUE,America/Denver,3
10695,Leonard,Leonard,TX,Texas,48147,Fannin,33.383,-96.2467,2054,345,polygon,FALSE,TRUE,America/Chicago,3
10696,Hale Center,Hale Center,TX,Texas,48189,Hale,34.0662,-101.8462,2054,552,polygon,FALSE,TRUE,America/Chicago,3
10697,Seth Ward,Seth Ward,TX,Texas,48189,Hale,34.2163,-101.6945,2054,353,polygon,FALSE,FALSE,America/Chicago,3
10698,Brinkley,Brinkley,AR,Arkansas,5095,Monroe,34.89,-91.1902,2054,175,polygon,FALSE,TRUE,America/Chicago,3
10699,Edgard,Edgard,LA,Louisiana,22095,St. John the Baptist,30.0362,-90.546,2053,69,polygon,FALSE,FALSE,America/Chicago,3
10700,Jermyn,Jermyn,PA,Pennsylvania,42069,Lackawanna,41.5274,-75.5455,2053,1000,polygon,FALSE,TRUE,America/New_York,3
10701,Buena Vista,Buena Vista,GA,Georgia,13197,Marion,32.3188,-84.5177,2053,246,polygon,FALSE,TRUE,America/New_York,3
10702,Postville,Postville,IA,Iowa,19005,Allamakee,43.084,-91.5683,2053,375,polygon,FALSE,TRUE,America/Chicago,3
10703,Chenoweth,Chenoweth,OR,Oregon,41065,Wasco,45.6206,-121.2363,2053,140,polygon,FALSE,FALSE,America/Los_Angeles,3
10704,Warren,Warren,OR,Oregon,41009,Columbia,45.8133,-122.8797,2053,125,polygon,FALSE,FALSE,America/Los_Angeles,3
10705,Ida Grove,Ida Grove,IA,Iowa,19093,Ida,42.3439,-95.4732,2052,366,polygon,FALSE,TRUE,America/Chicago,3
10706,Lisbon,Lisbon,ND,North Dakota,38073,Ransom,46.4385,-97.6841,2051,345,polygon,FALSE,TRUE,America/Chicago,3
10707,Sacaton,Sacaton,AZ,Arizona,4021,Pinal,33.0793,-111.7683,2051,97,polygon,FALSE,FALSE,America/Phoenix,3
10708,Yorktown,Yorktown,TX,Texas,48123,DeWitt,28.9829,-97.505,2050,458,polygon,FALSE,TRUE,America/Chicago,3
10709,Gibsonia,Gibsonia,PA,Pennsylvania,42003,Allegheny,40.6322,-79.9684,2050,205,polygon,FALSE,FALSE,America/New_York,3
10710,McDonald,McDonald,PA,Pennsylvania,42125,Washington,40.3701,-80.2323,2050,1516,polygon,FALSE,TRUE,America/New_York,3
10711,Hinckley,Hinckley,IL,Illinois,17037,DeKalb,41.7714,-88.6397,2050,934,polygon,FALSE,TRUE,America/Chicago,3
10712,Snow Hill,Snow Hill,MD,Maryland,24047,Worcester,38.1654,-75.3968,2050,261,polygon,FALSE,TRUE,America/New_York,3
10713,West Branch,West Branch,MI,Michigan,26129,Ogemaw,44.2736,-84.2362,2050,517,polygon,FALSE,TRUE,America/Detroit,3
10714,Bellevue,Bellevue,IL,Illinois,17143,Peoria,40.6877,-89.6732,2049,355,polygon,FALSE,TRUE,America/Chicago,3
10715,Newburgh Heights,Newburgh Heights,OH,Ohio,39035,Cuyahoga,41.4509,-81.6627,2049,1358,polygon,FALSE,TRUE,America/New_York,3
10716,Woodland Beach,Woodland Beach,MI,Michigan,26115,Monroe,41.9418,-83.3141,2049,1521,polygon,FALSE,FALSE,America/Detroit,3
10717,Hanscom AFB,Hanscom AFB,MA,Massachusetts,25017,Middlesex,42.4582,-71.2793,2048,887,polygon,TRUE,TRUE,America/New_York,3
10718,Fifth Street,Fifth Street,TX,Texas,48157,Fort Bend,29.5982,-95.5519,2047,1108,polygon,FALSE,FALSE,America/Chicago,3
10719,Bellport,Bellport,NY,New York,36103,Suffolk,40.7547,-72.9423,2047,552,polygon,FALSE,TRUE,America/New_York,3
10720,Eddington,Eddington,PA,Pennsylvania,42017,Bucks,40.0865,-74.9445,2047,1428,polygon,FALSE,FALSE,America/New_York,3
10721,Salem,Salem,AR,Arkansas,5125,Saline,34.631,-92.5608,2047,253,polygon,FALSE,FALSE,America/Chicago,3
10722,Veedersburg,Veedersburg,IN,Indiana,18045,Fountain,40.114,-87.2568,2047,268,polygon,FALSE,TRUE,America/Indiana/Indianapolis,3
10723,St. Croix Falls,St. Croix Falls,WI,Wisconsin,55095,Polk,45.41,-92.6268,2046,158,polygon,FALSE,TRUE,America/Chicago,3
10724,West Hill,West Hill,OH,Ohio,39155,Trumbull,41.23,-80.5269,2045,533,polygon,FALSE,FALSE,America/New_York,3
10725,Troup,Troup,TX,Texas,48423,Smith,32.145,-95.1229,2044,321,polygon,FALSE,TRUE,America/Chicago,3
10726,Harbor,Harbor,OR,Oregon,41015,Curry,42.0386,-124.2516,2044,411,polygon,FALSE,FALSE,America/Los_Angeles,3
10727,East McKeesport,East McKeesport,PA,Pennsylvania,42003,Allegheny,40.3849,-79.8073,2042,1901,polygon,FALSE,TRUE,America/New_York,3
10728,Bertsch-Oceanview,Bertsch-Oceanview,CA,California,6015,Del Norte,41.7524,-124.1594,2042,148,polygon,FALSE,TRUE,America/Los_Angeles,3
10729,Pearson,Pearson,GA,Georgia,13003,Atkinson,31.297,-82.8544,2042,235,polygon,FALSE,TRUE,America/New_York,3
10730,Ninety Six,Ninety Six,SC,South Carolina,45047,Greenwood,34.1696,-82.024,2042,438,polygon,FALSE,TRUE,America/New_York,3
10731,Afton,Afton,WY,Wyoming,56023,Lincoln,42.7271,-110.9315,2041,177,polygon,FALSE,TRUE,America/Denver,3
10732,East Ithaca,East Ithaca,NY,New York,36109,Tompkins,42.4263,-76.4627,2041,454,polygon,FALSE,FALSE,America/New_York,3
10733,Halstead,Halstead,KS,Kansas,20079,Harvey,37.9999,-97.5102,2041,577,polygon,FALSE,TRUE,America/Chicago,3
10734,Selmont-West Selmont,Selmont-West Selmont,AL,Alabama,1047,Dallas,32.3784,-87.0074,2040,240,polygon,FALSE,TRUE,America/Chicago,3
10735,Lake Odessa,Lake Odessa,MI,Michigan,26067,Ionia,42.7824,-85.1374,2040,885,polygon,FALSE,TRUE,America/Detroit,3
10736,Liberty City,Liberty City,TX,Texas,48183,Gregg,32.4502,-94.9438,2039,129,polygon,FALSE,FALSE,America/Chicago,3
10737,Erath,Erath,LA,Louisiana,22113,Vermilion,29.9587,-92.0371,2039,448,polygon,FALSE,TRUE,America/Chicago,3
10738,North Beach,North Beach,MD,Maryland,24009,Calvert,38.708,-76.5347,2039,2390,polygon,FALSE,TRUE,America/New_York,2
10739,Little River-Academy,Little River-Academy,TX,Texas,48027,Bell,30.9876,-97.3531,2038,411,polygon,FALSE,TRUE,America/Chicago,3
10740,Belcourt,Belcourt,ND,North Dakota,38079,Rolette,48.8417,-99.7447,2038,135,polygon,FALSE,FALSE,America/Chicago,3
10741,Mountain Lake,Mountain Lake,MN,Minnesota,27033,Cottonwood,43.9414,-94.9273,2037,521,polygon,FALSE,TRUE,America/Chicago,3
10742,Washburn,Washburn,WI,Wisconsin,55007,Bayfield,46.6769,-90.9017,2036,201,polygon,FALSE,TRUE,America/Chicago,3
10743,Creola,Creola,AL,Alabama,1097,Mobile,30.8903,-88.01,2036,55,polygon,FALSE,TRUE,America/Chicago,3
10744,Banks,Banks,OR,Oregon,41067,Washington,45.6148,-123.1064,2036,1094,polygon,FALSE,TRUE,America/Los_Angeles,3
10745,Ocean Gate,Ocean Gate,NJ,New Jersey,34029,Ocean,39.9268,-74.135,2035,1746,polygon,FALSE,TRUE,America/New_York,3
10746,Estill Springs,Estill Springs,TN,Tennessee,47051,Franklin,35.2753,-86.1395,2034,177,polygon,FALSE,TRUE,America/Chicago,3
10747,Laurel Hollow,Laurel Hollow,NY,New York,36059,Nassau,40.8541,-73.4755,2033,265,polygon,FALSE,TRUE,America/New_York,3
10748,Manchester Center,Manchester Center,VT,Vermont,50003,Bennington,43.1822,-73.0362,2033,173,polygon,FALSE,FALSE,America/New_York,3
10749,Quail Ridge,Quail Ridge,FL,Florida,12101,Pasco,28.3451,-82.5535,2031,200,polygon,FALSE,TRUE,America/New_York,3
10750,Jemez Pueblo,Jemez Pueblo,NM,New Mexico,35043,Sandoval,35.6068,-106.7332,2031,383,polygon,FALSE,FALSE,America/Denver,3
10751,Gardendale,Gardendale,TX,Texas,48135,Ector,32.0105,-102.3587,2031,68,polygon,FALSE,FALSE,America/Chicago,3
10752,Bayou Gauche,Bayou Gauche,LA,Louisiana,22089,St. Charles,29.8081,-90.421,2031,61,polygon,FALSE,FALSE,America/Chicago,3
10753,Leadville North,Leadville North,CO,Colorado,8065,Lake,39.26,-106.3112,2031,319,polygon,FALSE,TRUE,America/Denver,3
10754,Cudjoe Key,Cudjoe Key,FL,Florida,12087,Monroe,24.6746,-81.4986,2030,151,polygon,FALSE,FALSE,America/New_York,3
10755,Heritage Pines,Heritage Pines,FL,Florida,12101,Pasco,28.4267,-82.6254,2030,745,polygon,FALSE,TRUE,America/New_York,3
10756,Star City,Star City,AR,Arkansas,5079,Lincoln,33.9408,-91.84,2030,163,polygon,FALSE,TRUE,America/Chicago,3
10757,Arial,Arial,SC,South Carolina,45077,Pickens,34.8462,-82.6404,2030,167,polygon,FALSE,FALSE,America/New_York,3
10758,Cuba City,Cuba City,WI,Wisconsin,55043,Grant,42.6036,-90.4316,2029,675,polygon,FALSE,TRUE,America/Chicago,3
10759,Sea Isle City,Sea Isle City,NJ,New Jersey,34009,Cape May,39.1523,-74.6976,2029,355,polygon,FALSE,TRUE,America/New_York,3
10760,Monte Alto,Monte Alto,TX,Texas,48215,Hidalgo,26.3744,-97.9727,2029,348,polygon,FALSE,FALSE,America/Chicago,3
10761,Hughesville,Hughesville,PA,Pennsylvania,42081,Lycoming,41.239,-76.7254,2029,1214,polygon,FALSE,TRUE,America/New_York,3
10762,Jonestown,Jonestown,PA,Pennsylvania,42075,Lebanon,40.4129,-76.4807,2028,1235,polygon,FALSE,TRUE,America/New_York,3
10763,Oakwood Hills,Oakwood Hills,IL,Illinois,17111,McHenry,42.2478,-88.2401,2028,719,polygon,FALSE,TRUE,America/Chicago,3
10764,Kahoka,Kahoka,MO,Missouri,29045,Clark,40.4236,-91.7187,2028,500,polygon,FALSE,TRUE,America/Chicago,3
10765,Volga,Volga,SD,South Dakota,46011,Brookings,44.3232,-96.9223,2028,821,polygon,FALSE,TRUE,America/Chicago,3
10766,Rankin,Rankin,PA,Pennsylvania,42003,Allegheny,40.411,-79.8811,2027,1790,polygon,FALSE,TRUE,America/New_York,3
10767,North York,North York,PA,Pennsylvania,42133,York,39.978,-76.7309,2027,2566,polygon,FALSE,TRUE,America/New_York,2
10768,Lexington,Lexington,IL,Illinois,17113,McLean,40.647,-88.7841,2026,382,polygon,FALSE,TRUE,America/Chicago,3
10769,Charlotte Hall,Charlotte Hall,MD,Maryland,24037,St. Mary's,38.4667,-76.7847,2026,154,polygon,FALSE,FALSE,America/New_York,3
10770,Beresford,Beresford,SD,South Dakota,46127,Union,43.0797,-96.7802,2026,438,polygon,FALSE,TRUE,America/Chicago,3
10771,Lofall,Lofall,WA,Washington,53035,Kitsap,47.8113,-122.6564,2025,391,polygon,FALSE,FALSE,America/Los_Angeles,3
10772,Hurlock,Hurlock,MD,Maryland,24019,Dorchester,38.6268,-75.864,2024,292,polygon,FALSE,TRUE,America/New_York,3
10773,Mannington,Mannington,WV,West Virginia,54049,Marion,39.5274,-80.3409,2023,714,polygon,FALSE,TRUE,America/New_York,3
10774,Maunawili,Maunawili,HI,Hawaii,15003,Honolulu,21.3667,-157.7713,2023,427,polygon,FALSE,FALSE,Pacific/Honolulu,3
10775,Las Carolinas,Las Carolinas,PR,Puerto Rico,72025,Caguas,18.2539,-66.0658,2023,2230,polygon,FALSE,FALSE,America/Puerto_Rico,2
10776,Amboy,Amboy,WA,Washington,53011,Clark,45.9122,-122.4796,2022,78,polygon,FALSE,FALSE,America/Los_Angeles,3
10777,Vinton,Vinton,TX,Texas,48141,El Paso,31.9597,-106.5935,2022,284,polygon,FALSE,TRUE,America/Denver,3
10778,Leipsic,Leipsic,OH,Ohio,39137,Putnam,41.1096,-83.9674,2022,211,polygon,FALSE,TRUE,America/New_York,3
10779,Columbia City,Columbia City,OR,Oregon,41009,Columbia,45.895,-122.8115,2022,995,polygon,FALSE,TRUE,America/Los_Angeles,3
10780,Hamlin,Hamlin,TX,Texas,48253,Jones,32.8898,-100.1329,2021,147,polygon,FALSE,TRUE,America/Chicago,3
10781,Detroit Beach,Detroit Beach,MI,Michigan,26115,Monroe,41.9313,-83.3292,2021,1254,polygon,FALSE,FALSE,America/Detroit,3
10782,Kiefer,Kiefer,OK,Oklahoma,40037,Creek,35.9439,-96.0527,2020,326,polygon,FALSE,TRUE,America/Chicago,3
10783,Kemah,Kemah,TX,Texas,48167,Galveston,29.5307,-95.0194,2019,423,polygon,FALSE,TRUE,America/Chicago,3
10784,Haynesville,Haynesville,LA,Louisiana,22027,Claiborne,32.9667,-93.1376,2019,161,polygon,FALSE,TRUE,America/Chicago,3
10785,Pine Level,Pine Level,NC,North Carolina,37101,Johnston,35.503,-78.2494,2019,453,polygon,FALSE,TRUE,America/New_York,3
10786,Piru,Piru,CA,California,6111,Ventura,34.4075,-118.7999,2019,277,polygon,FALSE,FALSE,America/Los_Angeles,3
10787,Lake Summerset,Lake Summerset,IL,Illinois,17201,Winnebago,42.4521,-89.3984,2019,378,polygon,FALSE,FALSE,America/Chicago,3
10788,Mangonia Park,Mangonia Park,FL,Florida,12099,Palm Beach,26.7586,-80.0761,2018,1041,polygon,FALSE,TRUE,America/New_York,3
10789,Pojoaque,Pojoaque,NM,New Mexico,35049,Santa Fe,35.8962,-106.0105,2018,178,polygon,FALSE,FALSE,America/Denver,3
10790,Southwest Greensburg,Southwest Greensburg,PA,Pennsylvania,42129,Westmoreland,40.292,-79.5477,2018,1988,polygon,FALSE,TRUE,America/New_York,3
10791,McAlmont,McAlmont,AR,Arkansas,5119,Pulaski,34.7926,-92.1959,2017,500,polygon,FALSE,FALSE,America/Chicago,3
10792,Sigourney,Sigourney,IA,Iowa,19107,Keokuk,41.3341,-92.2045,2017,356,polygon,FALSE,TRUE,America/Chicago,3
10793,Troy,Troy,TX,Texas,48027,Bell,31.2,-97.3019,2016,167,polygon,FALSE,TRUE,America/Chicago,3
10794,Woodville,Woodville,OH,Ohio,39143,Sandusky,41.451,-83.364,2016,577,polygon,FALSE,TRUE,America/New_York,3
10795,Tigerville,Tigerville,SC,South Carolina,45045,Greenville,35.0669,-82.3695,2016,585,polygon,FALSE,FALSE,America/New_York,3
10796,Long Beach,Long Beach,MD,Maryland,24009,Calvert,38.4568,-76.4737,2015,465,polygon,FALSE,FALSE,America/New_York,3
10797,Sharpsburg,Sharpsburg,NC,North Carolina,37127,Nash,35.8663,-77.8306,2013,764,polygon,FALSE,TRUE,America/New_York,3
10798,Houserville,Houserville,PA,Pennsylvania,42027,Centre,40.8265,-77.8226,2013,709,polygon,FALSE,FALSE,America/New_York,3
10799,Sun Valley,Sun Valley,PA,Pennsylvania,42089,Monroe,40.98,-75.4688,2013,270,polygon,FALSE,FALSE,America/New_York,3
10800,Sparks,Sparks,GA,Georgia,13075,Cook,31.1693,-83.4405,2013,196,polygon,FALSE,TRUE,America/New_York,3
10801,Hillsboro Beach,Hillsboro Beach,FL,Florida,12011,Broward,26.2837,-80.0796,2012,2124,polygon,FALSE,TRUE,America/New_York,2
10802,Memphis,Memphis,TX,Texas,48191,Hall,34.7268,-100.5417,2012,346,polygon,FALSE,TRUE,America/Chicago,3
10803,Laymantown,Laymantown,VA,Virginia,51023,Botetourt,37.3628,-79.8525,2012,265,polygon,FALSE,FALSE,America/New_York,3
10804,Belmont Estates,Belmont Estates,VA,Virginia,51165,Rockingham,38.4465,-78.9228,2012,1169,polygon,FALSE,FALSE,America/New_York,3
10805,Shelby,Shelby,MI,Michigan,26127,Oceana,43.6114,-86.3648,2012,473,polygon,FALSE,TRUE,America/Detroit,3
10806,South Wenatchee,South Wenatchee,WA,Washington,53007,Chelan,47.3885,-120.2828,2011,669,polygon,FALSE,TRUE,America/Los_Angeles,3
10807,Ellis,Ellis,KS,Kansas,20051,Ellis,38.9346,-99.5568,2011,469,polygon,FALSE,TRUE,America/Chicago,3
10808,Hildebran,Hildebran,NC,North Carolina,37023,Burke,35.7181,-81.4211,2010,274,polygon,FALSE,TRUE,America/New_York,3
10809,Bethel Island,Bethel Island,CA,California,6013,Contra Costa,38.0288,-121.6404,2010,147,polygon,FALSE,FALSE,America/Los_Angeles,3
10810,St. Paris,St. Paris,OH,Ohio,39021,Champaign,40.127,-83.9644,2010,479,polygon,FALSE,TRUE,America/New_York,3
10811,Lathrop,Lathrop,MO,Missouri,29049,Clinton,39.5512,-94.3286,2010,442,polygon,FALSE,TRUE,America/Chicago,3
10812,Seymour,Seymour,MO,Missouri,29225,Webster,37.1485,-92.7694,2010,280,polygon,FALSE,TRUE,America/Chicago,3
10813,Rainier,Rainier,OR,Oregon,41009,Columbia,46.0768,-122.9404,2010,190,polygon,FALSE,TRUE,America/Los_Angeles,3
10814,Fairview-Ferndale,Fairview-Ferndale,PA,Pennsylvania,42097,Northumberland,40.7803,-76.5754,2009,866,polygon,FALSE,TRUE,America/New_York,3
10815,Collinsville,Collinsville,AL,Alabama,1049,DeKalb,34.267,-85.8652,2009,198,polygon,FALSE,TRUE,America/Chicago,3
10816,Slater-Marietta,Slater-Marietta,SC,South Carolina,45045,Greenville,35.0348,-82.4927,2009,180,polygon,FALSE,TRUE,America/New_York,3
10817,Devon,Devon,PA,Pennsylvania,42029,Chester,40.0496,-75.4271,2008,1269,polygon,FALSE,FALSE,America/New_York,3
10818,Arcanum,Arcanum,OH,Ohio,39037,Darke,39.9923,-84.5543,2008,609,polygon,FALSE,TRUE,America/New_York,3
10819,Roman Forest,Roman Forest,TX,Texas,48339,Montgomery,30.1813,-95.1548,2006,355,polygon,FALSE,TRUE,America/Chicago,3
10820,Wallace,Wallace,FL,Florida,12113,Santa Rosa,30.6746,-87.1996,2005,65,polygon,FALSE,FALSE,America/Chicago,3
10821,Pelican Bay,Pelican Bay,TX,Texas,48439,Tarrant,32.9227,-97.5189,2005,1155,polygon,FALSE,TRUE,America/Chicago,3
10822,Mogul,Mogul,NV,Nevada,32031,Washoe,39.5164,-119.9232,2005,533,polygon,FALSE,FALSE,America/Los_Angeles,3
10823,Kechi,Kechi,KS,Kansas,20173,Sedgwick,37.8234,-97.289,2005,128,polygon,FALSE,TRUE,America/Chicago,3
10824,Eupora,Eupora,MS,Mississippi,28155,Webster,33.5436,-89.2766,2005,231,polygon,FALSE,TRUE,America/Chicago,3
10825,Goliad,Goliad,TX,Texas,48175,Goliad,28.6708,-97.3916,2004,494,polygon,FALSE,TRUE,America/Chicago,3
10826,Springfield,Springfield,MN,Minnesota,27015,Brown,44.2372,-94.9819,2004,412,polygon,FALSE,TRUE,America/Chicago,3
10827,Bryant,Bryant,WA,Washington,53061,Snohomish,48.24,-122.1638,2003,125,polygon,FALSE,FALSE,America/Los_Angeles,3
10828,Pine Island Center,Pine Island Center,FL,Florida,12071,Lee,26.6351,-82.1253,2002,176,polygon,FALSE,FALSE,America/New_York,3
10829,Seneca Knolls,Seneca Knolls,NY,New York,36067,Onondaga,43.12,-76.2874,2002,621,polygon,FALSE,FALSE,America/New_York,3
10830,Level Plains,Level Plains,AL,Alabama,1045,Dale,31.3071,-85.7687,2002,251,polygon,FALSE,TRUE,America/Chicago,3
10831,Flora,Flora,IN,Indiana,18015,Carroll,40.5455,-86.5226,2002,673,polygon,FALSE,TRUE,America/Indiana/Indianapolis,3
10832,Albany,Albany,KY,Kentucky,21053,Clinton,36.6906,-85.1353,2002,339,polygon,FALSE,TRUE,America/Chicago,3
10833,Napavine,Napavine,WA,Washington,53041,Lewis,46.5842,-122.9006,2001,267,polygon,FALSE,TRUE,America/Los_Angeles,3
10834,Shorewood Hills,Shorewood Hills,WI,Wisconsin,55025,Dane,43.0788,-89.4467,2001,958,polygon,FALSE,TRUE,America/Chicago,3
10835,Eyota,Eyota,MN,Minnesota,27109,Olmsted,43.9883,-92.2321,2001,457,polygon,FALSE,TRUE,America/Chicago,3
10836,Jonesville,Jonesville,LA,Louisiana,22025,Catahoula,31.6238,-91.83,2000,402,polygon,FALSE,TRUE,America/Chicago,3
10837,Girard,Girard,IL,Illinois,17117,Macoupin,39.4466,-89.7821,2000,826,polygon,FALSE,TRUE,America/Chicago,3
10838,Crimora,Crimora,VA,Virginia,51015,Augusta,38.1618,-78.8413,1999,254,polygon,FALSE,FALSE,America/New_York,3
10839,Wapello,Wapello,IA,Iowa,19115,Louisa,41.1771,-91.1881,1999,596,polygon,FALSE,TRUE,America/Chicago,3
10840,Edgerton,Edgerton,OH,Ohio,39171,Williams,41.4494,-84.75,1999,447,polygon,FALSE,TRUE,America/New_York,3
10841,Port Allegany,Port Allegany,PA,Pennsylvania,42083,McKean,41.8149,-78.2768,1998,426,polygon,FALSE,TRUE,America/New_York,3
10842,Garyville,Garyville,LA,Louisiana,22095,St. John the Baptist,30.0688,-90.6285,1997,54,polygon,FALSE,FALSE,America/Chicago,3
10843,Moravian Falls,Moravian Falls,NC,North Carolina,37193,Wilkes,36.1068,-81.1808,1997,153,polygon,FALSE,FALSE,America/New_York,3
10844,Valley View,Valley View,OH,Ohio,39035,Cuyahoga,41.3832,-81.6067,1997,141,polygon,FALSE,TRUE,America/New_York,3
10845,Seabrook Farms,Seabrook Farms,NJ,New Jersey,34011,Cumberland,39.5015,-75.219,1996,355,polygon,FALSE,FALSE,America/New_York,3
10846,South Greensburg,South Greensburg,PA,Pennsylvania,42129,Westmoreland,40.2783,-79.5473,1996,1090,polygon,FALSE,TRUE,America/New_York,3
10847,Enterprise,Enterprise,OR,Oregon,41063,Wallowa,45.4258,-117.2789,1996,525,polygon,FALSE,TRUE,America/Los_Angeles,3
10848,Nanawale Estates,Nanawale Estates,HI,Hawaii,15001,Hawaii,19.5042,-154.9117,1995,352,polygon,FALSE,FALSE,Pacific/Honolulu,3
10849,Freeland,Freeland,WA,Washington,53029,Island,48.0185,-122.5358,1994,198,polygon,FALSE,FALSE,America/Los_Angeles,3
10850,Rainbow,Rainbow,CA,California,6073,San Diego,33.4098,-117.1395,1994,69,polygon,FALSE,FALSE,America/Los_Angeles,3
10851,Judsonia,Judsonia,AR,Arkansas,5145,White,35.277,-91.6411,1994,266,polygon,FALSE,TRUE,America/Chicago,3
10852,Lusby,Lusby,MD,Maryland,24009,Calvert,38.362,-76.4372,1994,219,polygon,FALSE,FALSE,America/New_York,3
10853,Cooper,Cooper,TX,Texas,48119,Delta,33.3716,-95.6912,1993,526,polygon,FALSE,TRUE,America/Chicago,3
10854,Burnham,Burnham,PA,Pennsylvania,42087,Mifflin,40.6353,-77.5632,1993,731,polygon,FALSE,TRUE,America/New_York,3
10855,Aptos Hills-Larkin Valley,Aptos Hills-Larkin Valley,CA,California,6087,Santa Cruz,36.9606,-121.8341,1993,83,polygon,FALSE,TRUE,America/Los_Angeles,3
10856,Rosemount,Rosemount,OH,Ohio,39145,Scioto,38.7812,-82.9664,1993,133,polygon,FALSE,FALSE,America/New_York,3
10857,Trail Creek,Trail Creek,IN,Indiana,18091,LaPorte,41.6963,-86.8555,1992,632,polygon,FALSE,TRUE,America/Chicago,3
10858,Derwood,Derwood,MD,Maryland,24031,Montgomery,39.1136,-77.1509,1992,1227,polygon,FALSE,FALSE,America/New_York,3
10859,Kenilworth,Kenilworth,PA,Pennsylvania,42029,Chester,40.2242,-75.6418,1991,450,polygon,FALSE,FALSE,America/New_York,3
10860,South Roxana,South Roxana,IL,Illinois,17119,Madison,38.812,-90.0611,1991,357,polygon,FALSE,TRUE,America/Chicago,3
10861,Drexel,Drexel,OH,Ohio,39113,Montgomery,39.7382,-84.2931,1991,351,polygon,FALSE,FALSE,America/New_York,3
10862,Roanoke,Roanoke,IL,Illinois,17203,Woodford,40.7969,-89.2023,1990,819,polygon,FALSE,TRUE,America/Chicago,3
10863,Los Llanos,Los Llanos,PR,Puerto Rico,72043,Coamo,18.0579,-66.4092,1990,974,polygon,FALSE,FALSE,America/Puerto_Rico,3
10864,Leechburg,Leechburg,PA,Pennsylvania,42005,Armstrong,40.6303,-79.6022,1989,1748,polygon,FALSE,TRUE,America/New_York,3
10865,Belmont,Belmont,MS,Mississippi,28141,Tishomingo,34.5046,-88.208,1988,162,polygon,FALSE,TRUE,America/Chicago,3
10866,Homosassa,Homosassa,FL,Florida,12017,Citrus,28.7849,-82.6079,1987,98,polygon,FALSE,FALSE,America/New_York,3
10867,Beverly Hills,Beverly Hills,TX,Texas,48309,McLennan,31.5224,-97.1563,1987,1165,polygon,FALSE,TRUE,America/Chicago,3
10868,Cecilia,Cecilia,LA,Louisiana,22099,St. Martin,30.3368,-91.8476,1987,362,polygon,FALSE,FALSE,America/Chicago,3
10869,Piperton,Piperton,TN,Tennessee,47047,Fayette,35.0512,-89.6091,1986,28,polygon,FALSE,TRUE,America/Chicago,3
10870,Liberty,Liberty,IN,Indiana,18161,Union,39.6349,-84.926,1986,894,polygon,FALSE,TRUE,America/Indiana/Indianapolis,3
10871,Clancy,Clancy,MT,Montana,30043,Jefferson,46.4493,-112.0029,1986,19,polygon,FALSE,FALSE,America/Denver,3
10872,Carlisle,Carlisle,KY,Kentucky,21181,Nicholas,38.3162,-84.0333,1986,577,polygon,FALSE,TRUE,America/New_York,3
10873,Bunker Hill,Bunker Hill,OR,Oregon,41011,Coos,43.3502,-124.2082,1986,525,polygon,FALSE,FALSE,America/Los_Angeles,3
10874,Sussex,Sussex,NJ,New Jersey,34037,Sussex,41.2095,-74.6079,1985,1292,polygon,FALSE,TRUE,America/New_York,3
10875,Aitkin,Aitkin,MN,Minnesota,27001,Aitkin,46.5289,-93.7067,1985,296,polygon,FALSE,TRUE,America/Chicago,3
10876,Fort Denaud,Fort Denaud,FL,Florida,12051,Hendry,26.7404,-81.5241,1984,38,polygon,FALSE,TRUE,America/New_York,3
10877,Lake Mills,Lake Mills,IA,Iowa,19189,Winnebago,43.4169,-93.5321,1984,284,polygon,FALSE,TRUE,America/Chicago,3
10878,West Hamburg,West Hamburg,PA,Pennsylvania,42011,Berks,40.5524,-76.002,1983,235,polygon,FALSE,FALSE,America/New_York,3
10879,Batavia,Batavia,OH,Ohio,39025,Clermont,39.0815,-84.1718,1983,262,polygon,FALSE,TRUE,America/New_York,3
10880,Daguao,Daguao,PR,Puerto Rico,72103,Naguabo,18.2217,-65.6798,1983,1377,polygon,FALSE,FALSE,America/Puerto_Rico,3
10881,Mattawan,Mattawan,MI,Michigan,26159,Van Buren,42.2165,-85.7858,1982,200,polygon,FALSE,TRUE,America/Detroit,3
10882,First Mesa,First Mesa,AZ,Arizona,4017,Navajo,35.8389,-110.3665,1981,48,polygon,FALSE,FALSE,America/Phoenix,3
10883,Carrington,Carrington,ND,North Dakota,38031,Foster,47.4521,-99.1304,1980,329,polygon,FALSE,TRUE,America/Chicago,3
10884,Abram,Abram,TX,Texas,48215,Hidalgo,26.2182,-98.4181,1979,226,polygon,FALSE,FALSE,America/Chicago,3
10885,Hayden,Hayden,CO,Colorado,8107,Routt,40.4851,-107.2391,1979,232,polygon,FALSE,TRUE,America/Denver,3
10886,Churubusco,Churubusco,IN,Indiana,18183,Whitley,41.231,-85.3197,1979,729,polygon,FALSE,TRUE,America/Indiana/Indianapolis,3
10887,Ogden,Ogden,IA,Iowa,19015,Boone,42.0395,-94.0283,1979,558,polygon,FALSE,TRUE,America/Chicago,3
10888,South Bloomfield,South Bloomfield,OH,Ohio,39129,Pickaway,39.717,-82.9931,1979,194,polygon,FALSE,TRUE,America/New_York,3
10889,Epworth,Epworth,IA,Iowa,19061,Dubuque,42.4465,-90.9313,1978,430,polygon,FALSE,TRUE,America/Chicago,3
10890,Springerville,Springerville,AZ,Arizona,4001,Apache,34.156,-109.2989,1978,66,polygon,FALSE,TRUE,America/Phoenix,3
10891,Aberdeen,Aberdeen,ID,Idaho,16011,Bingham,42.9441,-112.8384,1977,741,polygon,FALSE,TRUE,America/Boise,3
10892,Cave Junction,Cave Junction,OR,Oregon,41033,Josephine,42.1672,-123.6474,1977,422,polygon,FALSE,TRUE,America/Los_Angeles,3
10893,Varnville,Varnville,SC,South Carolina,45049,Hampton,32.8521,-81.0802,1976,199,polygon,FALSE,TRUE,America/New_York,3
10894,Battle Ground,Battle Ground,IN,Indiana,18157,Tippecanoe,40.5076,-86.8527,1975,747,polygon,FALSE,TRUE,America/Indiana/Indianapolis,3
10895,Livingston,Livingston,LA,Louisiana,22063,Livingston,30.4953,-90.7467,1974,236,polygon,FALSE,TRUE,America/Chicago,3
10896,Remsenburg-Speonk,Remsenburg-Speonk,NY,New York,36103,Suffolk,40.8169,-72.7046,1974,211,polygon,FALSE,TRUE,America/New_York,3
10897,Calwa,Calwa,CA,California,6019,Fresno,36.7136,-119.7607,1974,1342,polygon,FALSE,FALSE,America/Los_Angeles,3
10898,Minonk,Minonk,IL,Illinois,17203,Woodford,40.9104,-89.0381,1974,317,polygon,FALSE,TRUE,America/Chicago,3
10899,Slayton,Slayton,MN,Minnesota,27101,Murray,43.9902,-95.7578,1974,390,polygon,FALSE,TRUE,America/Chicago,3
10900,Badin,Badin,NC,North Carolina,37167,Stanly,35.4072,-80.1184,1973,420,polygon,FALSE,TRUE,America/New_York,3
10901,Wofford Heights,Wofford Heights,CA,California,6029,Kern,35.7127,-118.4732,1973,119,polygon,FALSE,FALSE,America/Los_Angeles,3
10902,Camden,Camden,OH,Ohio,39135,Preble,39.6374,-84.6445,1973,613,polygon,FALSE,TRUE,America/New_York,3
10903,Coupeville,Coupeville,WA,Washington,53029,Island,48.2172,-122.6775,1972,599,polygon,FALSE,TRUE,America/Los_Angeles,3
10904,Burnt Store Marina,Burnt Store Marina,FL,Florida,12071,Lee,26.7645,-82.0507,1972,714,polygon,FALSE,FALSE,America/New_York,3
10905,Arcade,Arcade,GA,Georgia,13157,Jackson,34.0694,-83.5399,1972,82,polygon,FALSE,TRUE,America/New_York,3
10906,Coleraine,Coleraine,MN,Minnesota,27061,Itasca,47.2638,-93.4524,1972,49,polygon,FALSE,TRUE,America/Chicago,3
10907,East Atlantic Beach,East Atlantic Beach,NY,New York,36059,Nassau,40.5876,-73.7092,1971,2438,polygon,FALSE,FALSE,America/New_York,2
10908,Hodgkins,Hodgkins,IL,Illinois,17031,Cook,41.7659,-87.8613,1971,280,polygon,FALSE,TRUE,America/Chicago,3
10909,Atkins,Atkins,IA,Iowa,19011,Benton,41.9943,-91.8585,1970,693,polygon,FALSE,TRUE,America/Chicago,3
10910,McColl,McColl,SC,South Carolina,45069,Marlboro,34.6665,-79.5447,1970,724,polygon,FALSE,TRUE,America/New_York,3
10911,Midway,Midway,PA,Pennsylvania,42001,Adams,39.8039,-77.0052,1969,1149,polygon,FALSE,FALSE,America/New_York,3
10912,Mason Neck,Mason Neck,VA,Virginia,51059,Fairfax,38.6556,-77.1819,1969,54,polygon,FALSE,TRUE,America/New_York,3
10913,Monticello,Monticello,UT,Utah,49037,San Juan,37.8684,-109.3384,1969,210,polygon,FALSE,TRUE,America/Denver,3
10914,Custer,Custer,SD,South Dakota,46033,Custer,43.7668,-103.6005,1969,300,polygon,FALSE,TRUE,America/Denver,3
10915,Carterville,Carterville,MO,Missouri,29097,Jasper,37.1466,-94.4388,1968,291,polygon,FALSE,TRUE,America/Chicago,3
10916,Caney,Caney,KS,Kansas,20125,Montgomery,37.014,-95.9316,1968,561,polygon,FALSE,TRUE,America/Chicago,3
10917,Mill City,Mill City,OR,Oregon,41043,Linn,44.7519,-122.4779,1968,906,polygon,FALSE,TRUE,America/Los_Angeles,3
10918,Cade,Cade,LA,Louisiana,22099,St. Martin,30.0926,-91.8996,1967,113,polygon,FALSE,FALSE,America/Chicago,3
10919,Somerset,Somerset,TX,Texas,48029,Bexar,29.2285,-98.6567,1965,379,polygon,FALSE,TRUE,America/Chicago,3
10920,Canyonville,Canyonville,OR,Oregon,41019,Douglas,42.9274,-123.2781,1965,688,polygon,FALSE,TRUE,America/Los_Angeles,3
10921,Mart,Mart,TX,Texas,48309,McLennan,31.5421,-96.8299,1963,577,polygon,FALSE,TRUE,America/Chicago,3
10922,Yanceyville,Yanceyville,NC,North Carolina,37033,Caswell,36.4111,-79.3401,1963,137,polygon,FALSE,TRUE,America/New_York,3
10923,Sumner,Sumner,IA,Iowa,19017,Bremer,42.8498,-92.0971,1962,308,polygon,FALSE,TRUE,America/Chicago,3
10924,Lebanon Junction,Lebanon Junction,KY,Kentucky,21029,Bullitt,37.8358,-85.7243,1962,134,polygon,FALSE,TRUE,America/New_York,3
10925,Clyde,Clyde,NY,New York,36117,Wayne,43.0839,-76.8707,1961,344,polygon,FALSE,TRUE,America/New_York,3
10926,Stagecoach,Stagecoach,NV,Nevada,32019,Lyon,39.3656,-119.3832,1961,90,polygon,FALSE,FALSE,America/Los_Angeles,3
10927,Golden Meadow,Golden Meadow,LA,Louisiana,22057,Lafourche,29.3876,-90.2739,1960,309,polygon,FALSE,TRUE,America/Chicago,3
10928,Syracuse,Syracuse,NE,Nebraska,31131,Otoe,40.6635,-96.1827,1960,592,polygon,FALSE,TRUE,America/Chicago,3
10929,Collinsville,Collinsville,TX,Texas,48181,Grayson,33.5593,-96.9072,1959,815,polygon,FALSE,TRUE,America/Chicago,3
10930,Hopwood,Hopwood,PA,Pennsylvania,42051,Fayette,39.8773,-79.7017,1958,400,polygon,FALSE,FALSE,America/New_York,3
10931,Davisboro,Davisboro,GA,Georgia,13303,Washington,32.9826,-82.6032,1958,247,polygon,FALSE,TRUE,America/New_York,3
10932,Kouts,Kouts,IN,Indiana,18127,Porter,41.3172,-87.0269,1958,646,polygon,FALSE,TRUE,America/Chicago,3
10933,Willard,Willard,UT,Utah,49003,Box Elder,41.4146,-112.0446,1958,134,polygon,FALSE,TRUE,America/Denver,3
10934,Ogden,Ogden,KS,Kansas,20161,Riley,39.1127,-96.7028,1958,451,polygon,FALSE,TRUE,America/Chicago,3
10935,Georgetown,Georgetown,PA,Pennsylvania,42079,Luzerne,41.2267,-75.8719,1957,1009,polygon,FALSE,FALSE,America/New_York,3
10936,Carbon Cliff,Carbon Cliff,IL,Illinois,17161,Rock Island,41.4981,-90.3917,1957,360,polygon,FALSE,TRUE,America/Chicago,3
10937,Granite,Granite,OK,Oklahoma,40055,Greer,34.9561,-99.3703,1957,233,polygon,FALSE,TRUE,America/Chicago,3
10938,Ocean Ridge,Ocean Ridge,FL,Florida,12099,Palm Beach,26.5287,-80.0499,1956,989,polygon,FALSE,TRUE,America/New_York,3
10939,Fritz Creek,Fritz Creek,AK,Alaska,2122,Kenai Peninsula,59.747,-151.2884,1956,13,polygon,FALSE,FALSE,America/Anchorage,3
10940,Stewart Manor,Stewart Manor,NY,New York,36059,Nassau,40.7203,-73.6853,1956,3605,polygon,FALSE,TRUE,America/New_York,2
10941,Britt,Britt,IA,Iowa,19081,Hancock,43.0975,-93.8032,1955,597,polygon,FALSE,TRUE,America/Chicago,3
10942,Northwood,Northwood,IA,Iowa,19195,Worth,43.4441,-93.2166,1955,200,polygon,FALSE,TRUE,America/Chicago,3
10943,Manchester,Manchester,OH,Ohio,39001,Adams,38.6902,-83.6053,1955,588,polygon,FALSE,TRUE,America/New_York,3
10944,Landisville,Landisville,PA,Pennsylvania,42071,Lancaster,40.0902,-76.4063,1954,591,polygon,FALSE,FALSE,America/New_York,3
10945,Erma,Erma,NJ,New Jersey,34009,Cape May,38.9971,-74.8932,1953,233,polygon,FALSE,FALSE,America/New_York,3
10946,Waverly,Waverly,VA,Virginia,51183,Sussex,37.034,-77.0956,1953,244,polygon,FALSE,TRUE,America/New_York,3
10947,Arden on the Severn,Arden on the Severn,MD,Maryland,24003,Anne Arundel,39.0677,-76.5963,1953,527,polygon,FALSE,FALSE,America/New_York,3
10948,Princeville,Princeville,HI,Hawaii,15007,Kauai,22.2177,-159.4809,1952,312,polygon,FALSE,FALSE,Pacific/Honolulu,3
10949,Limon,Limon,CO,Colorado,8073,Lincoln,39.2653,-103.6855,1952,238,polygon,FALSE,TRUE,America/Denver,3
10950,Stevenson,Stevenson,AL,Alabama,1071,Jackson,34.8487,-85.8437,1951,97,polygon,FALSE,TRUE,America/Chicago,3
10951,Prudenville,Prudenville,MI,Michigan,26143,Roscommon,44.3015,-84.6652,1951,273,polygon,FALSE,FALSE,America/Detroit,3
10952,Inkerman,Inkerman,PA,Pennsylvania,42079,Luzerne,41.2968,-75.8167,1950,1019,polygon,FALSE,FALSE,America/New_York,3
10953,Colby,Colby,WI,Wisconsin,55019,Clark,44.9107,-90.3159,1949,458,polygon,FALSE,TRUE,America/Chicago,3
10954,Three Rivers,Three Rivers,TX,Texas,48297,Live Oak,28.4668,-98.1784,1949,514,polygon,FALSE,TRUE,America/Chicago,3
10955,Shelby,Shelby,MS,Mississippi,28011,Bolivar,33.9508,-90.7653,1949,275,polygon,FALSE,TRUE,America/Chicago,3
10956,Star City,Star City,WV,West Virginia,54061,Monongalia,39.6587,-79.9868,1948,1538,polygon,FALSE,TRUE,America/New_York,3
10957,St. Bonaventure,St. Bonaventure,NY,New York,36009,Cattaraugus,42.0806,-78.475,1947,380,polygon,FALSE,FALSE,America/New_York,3
10958,China Lake Acres,China Lake Acres,CA,California,6029,Kern,35.6387,-117.7667,1947,144,polygon,FALSE,FALSE,America/Los_Angeles,3
10959,Augusta,Augusta,AR,Arkansas,5147,Woodruff,35.2866,-91.3614,1947,359,polygon,FALSE,TRUE,America/Chicago,3
10960,Bull Shoals,Bull Shoals,AR,Arkansas,5089,Marion,36.3747,-92.5903,1946,153,polygon,FALSE,TRUE,America/Chicago,3
10961,Sparta,Sparta,MO,Missouri,29043,Christian,37.002,-93.0846,1946,606,polygon,FALSE,TRUE,America/Chicago,3
10962,Hoyt Lakes,Hoyt Lakes,MN,Minnesota,27137,St. Louis,47.5598,-92.1157,1946,13,polygon,FALSE,TRUE,America/Chicago,3
10963,Baraga,Baraga,MI,Michigan,26013,Baraga,46.7766,-88.4965,1946,353,polygon,FALSE,TRUE,America/Detroit,3
10964,Brewster Hill,Brewster Hill,NY,New York,36079,Putnam,41.4228,-73.6069,1945,862,polygon,FALSE,FALSE,America/New_York,3
10965,Krebs,Krebs,OK,Oklahoma,40121,Pittsburg,34.93,-95.72,1945,174,polygon,FALSE,TRUE,America/Chicago,3
10966,Sausal,Sausal,NM,New Mexico,35061,Valencia,34.6803,-106.7589,1944,332,polygon,FALSE,TRUE,America/Denver,3
10967,Cricket,Cricket,NC,North Carolina,37193,Wilkes,36.1688,-81.1933,1944,211,polygon,FALSE,FALSE,America/New_York,3
10968,Kingstown,Kingstown,MD,Maryland,24035,Queen Anne's,39.2036,-76.0465,1944,331,polygon,FALSE,FALSE,America/New_York,3
10969,Winnsboro Mills,Winnsboro Mills,SC,South Carolina,45039,Fairfield,34.3561,-81.0709,1944,284,polygon,FALSE,FALSE,America/New_York,3
10970,Lost Hills,Lost Hills,CA,California,6029,Kern,35.6254,-119.6789,1943,135,polygon,FALSE,FALSE,America/Los_Angeles,3
10971,Ellinwood,Ellinwood,KS,Kansas,20009,Barton,38.3574,-98.5837,1943,567,polygon,FALSE,TRUE,America/Chicago,3
10972,Goshen,Goshen,AR,Arkansas,5143,Washington,36.1043,-94.0035,1941,65,polygon,FALSE,TRUE,America/Chicago,3
10973,Morovis,Morovis,PR,Puerto Rico,72101,Morovis,18.3269,-66.4058,1941,1334,polygon,FALSE,FALSE,America/Puerto_Rico,3
10974,Shippensburg University,Shippensburg University,PA,Pennsylvania,42041,Cumberland,40.0618,-77.5228,1940,2683,polygon,FALSE,TRUE,America/New_York,2
10975,New Chicago,New Chicago,IN,Indiana,18089,Lake,41.5587,-87.2718,1940,1111,polygon,FALSE,TRUE,America/Chicago,3
10976,Point of Rocks,Point of Rocks,MD,Maryland,24021,Frederick,39.2781,-77.5292,1940,680,polygon,FALSE,FALSE,America/New_York,3
10977,Mars Hill,Mars Hill,NC,North Carolina,37115,Madison,35.8281,-82.5484,1939,374,polygon,FALSE,TRUE,America/New_York,3
10978,Prophetstown,Prophetstown,IL,Illinois,17195,Whiteside,41.6702,-89.9349,1939,559,polygon,FALSE,TRUE,America/Chicago,3
10979,Mount Olive,Mount Olive,IL,Illinois,17117,Macoupin,39.0726,-89.7277,1939,649,polygon,FALSE,TRUE,America/Chicago,3
10980,Wrens,Wrens,GA,Georgia,13163,Jefferson,33.2069,-82.3878,1939,238,polygon,FALSE,TRUE,America/New_York,3
10981,Privateer,Privateer,SC,South Carolina,45085,Sumter,33.8169,-80.3947,1939,91,polygon,FALSE,FALSE,America/New_York,3
10982,Zwolle,Zwolle,LA,Louisiana,22085,Sabine,31.6398,-93.6412,1937,163,polygon,FALSE,TRUE,America/Chicago,3
10983,Pennville,Pennville,PA,Pennsylvania,42133,York,39.788,-76.9906,1937,1021,polygon,FALSE,FALSE,America/New_York,3
10984,Fisher,Fisher,IL,Illinois,17019,Champaign,40.3157,-88.3503,1937,562,polygon,FALSE,TRUE,America/Chicago,3
10985,Farmer City,Farmer City,IL,Illinois,17039,De Witt,40.248,-88.6424,1936,312,polygon,FALSE,TRUE,America/Chicago,3
10986,Blooming Prairie,Blooming Prairie,MN,Minnesota,27147,Steele,43.8683,-93.0552,1936,523,polygon,FALSE,TRUE,America/Chicago,3
10987,Albany,Albany,TX,Texas,48417,Shackelford,32.7272,-99.2956,1934,476,polygon,FALSE,TRUE,America/Chicago,3
10988,West Carthage,West Carthage,NY,New York,36045,Jefferson,43.973,-75.6219,1934,572,polygon,FALSE,TRUE,America/New_York,3
10989,Huntington,Huntington,UT,Utah,49015,Emery,39.3301,-110.9628,1934,330,polygon,FALSE,TRUE,America/Denver,3
10990,Stockton,Stockton,MO,Missouri,29039,Cedar,37.697,-93.796,1934,352,polygon,FALSE,TRUE,America/Chicago,3
10991,Waretown,Waretown,NJ,New Jersey,34029,Ocean,39.7898,-74.1925,1933,828,polygon,FALSE,FALSE,America/New_York,3
10992,San Pasqual,San Pasqual,CA,California,6037,Los Angeles,34.1393,-118.1027,1932,2924,polygon,FALSE,TRUE,America/Los_Angeles,2
10993,West Sharyland,West Sharyland,TX,Texas,48215,Hidalgo,26.2718,-98.3404,1931,628,polygon,FALSE,FALSE,America/Chicago,3
10994,Prairie Grove,Prairie Grove,IL,Illinois,17111,McHenry,42.2772,-88.2696,1931,133,polygon,FALSE,TRUE,America/Chicago,3
10995,Shannon,Shannon,GA,Georgia,13115,Floyd,34.3406,-85.0854,1931,149,polygon,FALSE,FALSE,America/New_York,3
10996,Bellville,Bellville,OH,Ohio,39143,Sandusky,40.6292,-82.5238,1931,267,polygon,FALSE,TRUE,America/New_York,3
10997,Whidbey Island Station,Whidbey Island Station,WA,Washington,53029,Island,48.3387,-122.6616,1930,113,polygon,TRUE,TRUE,America/Los_Angeles,3
10998,Harlem Heights,Harlem Heights,FL,Florida,12071,Lee,26.516,-81.9293,1930,1151,polygon,FALSE,FALSE,America/New_York,3
10999,Red Corral,Red Corral,CA,California,6005,Amador,38.4116,-120.6056,1930,127,polygon,FALSE,TRUE,America/Los_Angeles,3
11000,Haskell,Haskell,OK,Oklahoma,40101,Muskogee,35.8187,-95.6805,1930,148,polygon,FALSE,TRUE,America/Chicago,3
11001,Walla Walla East,Walla Walla East,WA,Washington,53071,Walla Walla,46.0517,-118.3024,1929,574,polygon,FALSE,TRUE,America/Los_Angeles,3
11002,Daniels,Daniels,WV,West Virginia,54081,Raleigh,37.724,-81.1267,1929,160,polygon,FALSE,FALSE,America/New_York,3
11003,Rolling Fork,Rolling Fork,MS,Mississippi,28125,Sharkey,32.9073,-90.8769,1929,527,polygon,FALSE,TRUE,America/Chicago,3
11004,Tchula,Tchula,MS,Mississippi,28051,Holmes,33.1831,-90.2232,1929,528,polygon,FALSE,TRUE,America/Chicago,3
11005,Jenkins,Jenkins,KY,Kentucky,21133,Letcher,37.1826,-82.6311,1929,84,polygon,FALSE,TRUE,America/New_York,3
11006,La Pine,La Pine,OR,Oregon,41017,Deschutes,43.6866,-121.4856,1929,106,polygon,FALSE,TRUE,America/Los_Angeles,3
11007,Parkersburg,Parkersburg,IA,Iowa,19023,Butler,42.5739,-92.7785,1928,515,polygon,FALSE,TRUE,America/Chicago,3
11008,Hinckley,Hinckley,MN,Minnesota,27115,Pine,46.0122,-92.9256,1928,193,polygon,FALSE,TRUE,America/Chicago,3
11009,Crow Agency,Crow Agency,MT,Montana,30003,Big Horn,45.6026,-107.4591,1928,101,polygon,FALSE,FALSE,America/Denver,3
11010,Durham,Durham,OR,Oregon,41067,Washington,45.3941,-122.758,1928,1817,polygon,FALSE,TRUE,America/Los_Angeles,3
11011,Cave City,Cave City,AR,Arkansas,5135,Sharp,35.9481,-91.5468,1927,290,polygon,FALSE,TRUE,America/Chicago,3
11012,Princeville,Princeville,NC,North Carolina,37065,Edgecombe,35.8861,-77.5194,1926,491,polygon,FALSE,TRUE,America/New_York,3
11013,Cana,Cana,VA,Virginia,51035,Carroll,36.5816,-80.6688,1926,93,polygon,FALSE,FALSE,America/New_York,3
11014,Catlin,Catlin,IL,Illinois,17183,Vermilion,40.0675,-87.7079,1926,875,polygon,FALSE,TRUE,America/Chicago,3
11015,Ixonia,Ixonia,WI,Wisconsin,55055,Jefferson,43.1396,-88.5963,1925,204,polygon,FALSE,FALSE,America/Chicago,3
11016,Sour Lake,Sour Lake,TX,Texas,48199,Hardin,30.1378,-94.4046,1924,320,polygon,FALSE,TRUE,America/Chicago,3
11017,Wild Peach Village,Wild Peach Village,TX,Texas,48039,Brazoria,29.0811,-95.6373,1924,74,polygon,FALSE,FALSE,America/Chicago,3
11018,Painted Post,Painted Post,NY,New York,36101,Steuben,42.1633,-77.0925,1924,583,polygon,FALSE,TRUE,America/New_York,3
11019,Towamensing Trails,Towamensing Trails,PA,Pennsylvania,42025,Carbon,40.995,-75.5826,1924,127,polygon,FALSE,FALSE,America/New_York,3
11020,Sullivan's Island,Sullivan's Island,SC,South Carolina,45019,Charleston,32.7684,-79.8354,1924,297,polygon,FALSE,TRUE,America/New_York,3
11021,Italy,Italy,TX,Texas,48139,Ellis,32.1858,-96.8866,1923,411,polygon,FALSE,TRUE,America/Chicago,3
11022,Haslet,Haslet,TX,Texas,48439,Tarrant,32.9609,-97.3382,1923,85,polygon,FALSE,TRUE,America/Chicago,3
11023,Rancho Tehama Reserve,Rancho Tehama Reserve,CA,California,6103,Tehama,40.001,-122.4418,1922,63,polygon,FALSE,FALSE,America/Los_Angeles,3
11024,Springfield,Springfield,SD,South Dakota,46009,Bon Homme,42.8625,-97.8963,1922,719,polygon,FALSE,TRUE,America/Chicago,3
11025,Christmas,Christmas,FL,Florida,12095,Orange,28.5606,-81.0201,1921,16,polygon,FALSE,FALSE,America/New_York,3
11026,Anderson,Anderson,MO,Missouri,29119,McDonald,36.6533,-94.4442,1919,325,polygon,FALSE,TRUE,America/Chicago,3
11027,Nettleton,Nettleton,MS,Mississippi,28081,Lee,34.0853,-88.6248,1919,184,polygon,FALSE,TRUE,America/Chicago,3
11028,Lakeshore,Lakeshore,LA,Louisiana,22073,Ouachita,32.535,-92.0328,1918,868,polygon,FALSE,FALSE,America/Chicago,3
11029,Glenmoor,Glenmoor,OH,Ohio,39029,Columbiana,40.6639,-80.6133,1918,265,polygon,FALSE,FALSE,America/New_York,3
11030,Perry Park,Perry Park,CO,Colorado,8035,Douglas,39.2597,-104.9825,1917,86,polygon,FALSE,FALSE,America/Denver,3
11031,Scottsville,Scottsville,NY,New York,36055,Monroe,43.0221,-77.7555,1916,683,polygon,FALSE,TRUE,America/New_York,3
11032,Greenock,Greenock,PA,Pennsylvania,42003,Allegheny,40.3125,-79.8036,1916,694,polygon,FALSE,FALSE,America/New_York,3
11033,Shadeland,Shadeland,IN,Indiana,18157,Tippecanoe,40.3509,-86.9622,1916,27,polygon,FALSE,TRUE,America/Indiana/Indianapolis,3
11034,Doniphan,Doniphan,MO,Missouri,29181,Ripley,36.6234,-90.8219,1916,537,polygon,FALSE,TRUE,America/Chicago,3
11035,Jefferson,Jefferson,TX,Texas,48315,Marion,32.7634,-94.3512,1915,166,polygon,FALSE,TRUE,America/Chicago,3
11036,Linden,Linden,TX,Texas,48067,Cass,33.011,-94.3626,1915,209,polygon,FALSE,TRUE,America/Chicago,3
11037,North Liberty,North Liberty,IN,Indiana,18141,St. Joseph,41.5324,-86.428,1915,712,polygon,FALSE,TRUE,America/Indiana/Indianapolis,3
11038,Las Quintas Fronterizas,Las Quintas Fronterizas,TX,Texas,48323,Maverick,28.6898,-100.468,1914,1342,polygon,FALSE,FALSE,America/Chicago,3
11039,Mountain Lodge Park,Mountain Lodge Park,NY,New York,36071,Orange,41.3862,-74.1389,1914,623,polygon,FALSE,FALSE,America/New_York,3
11040,Beech Mountain Lakes,Beech Mountain Lakes,PA,Pennsylvania,42079,Luzerne,41.0414,-75.9324,1913,344,polygon,FALSE,FALSE,America/New_York,3
11041,Mount Cobb,Mount Cobb,PA,Pennsylvania,42069,Lackawanna,41.4215,-75.5005,1913,103,polygon,FALSE,FALSE,America/New_York,3
11042,Devens,Devens,MA,Massachusetts,25027,Worcester,42.5438,-71.6147,1913,109,polygon,FALSE,FALSE,America/New_York,3
11043,Crooked Lake Park,Crooked Lake Park,FL,Florida,12105,Polk,27.8295,-81.5897,1912,1279,polygon,FALSE,FALSE,America/New_York,3
11044,Englishtown,Englishtown,NJ,New Jersey,34025,Monmouth,40.2971,-74.3607,1912,1295,polygon,FALSE,TRUE,America/New_York,3
11045,Oakboro,Oakboro,NC,North Carolina,37167,Stanly,35.2283,-80.3339,1912,298,polygon,FALSE,TRUE,America/New_York,3
11046,Fránquez,Franquez,PR,Puerto Rico,72101,Morovis,18.3401,-66.4276,1912,2055,polygon,FALSE,FALSE,America/Puerto_Rico,2
11047,St. Matthews,St. Matthews,SC,South Carolina,45017,Calhoun,33.664,-80.778,1912,384,polygon,FALSE,TRUE,America/New_York,3
11048,Glen Gardner,Glen Gardner,NJ,New Jersey,34019,Hunterdon,40.7004,-74.9395,1911,476,polygon,FALSE,TRUE,America/New_York,3
11049,Rockdale,Rockdale,IL,Illinois,17197,Will,41.5058,-88.1183,1910,923,polygon,FALSE,TRUE,America/Chicago,3
11050,Grove City,Grove City,FL,Florida,12015,Charlotte,26.9071,-82.3258,1909,544,polygon,FALSE,FALSE,America/New_York,3
11051,Punta Rassa,Punta Rassa,FL,Florida,12071,Lee,26.5036,-81.9998,1908,308,polygon,FALSE,FALSE,America/New_York,3
11052,Belford,Belford,NJ,New Jersey,34025,Monmouth,40.4262,-74.0803,1908,585,polygon,FALSE,FALSE,America/New_York,3
11053,Elysburg,Elysburg,PA,Pennsylvania,42097,Northumberland,40.868,-76.5492,1908,252,polygon,FALSE,FALSE,America/New_York,3
11054,Phoenix,Phoenix,IL,Illinois,17031,Cook,41.6118,-87.6308,1908,1588,polygon,FALSE,TRUE,America/Chicago,3
11055,Athens,Athens,IL,Illinois,17129,Menard,39.9618,-89.7217,1908,437,polygon,FALSE,TRUE,America/Chicago,3
11056,South Willard,South Willard,UT,Utah,49003,Box Elder,41.3583,-112.0408,1908,126,polygon,FALSE,FALSE,America/Denver,3
11057,Chelsea,Chelsea,OK,Oklahoma,40131,Rogers,36.5323,-95.4355,1907,415,polygon,FALSE,TRUE,America/Chicago,3
11058,Hopewell,Hopewell,NJ,New Jersey,34021,Mercer,40.3893,-74.7638,1906,1016,polygon,FALSE,TRUE,America/New_York,3
11059,Water Mill,Water Mill,NY,New York,36103,Suffolk,40.9222,-72.3532,1906,69,polygon,FALSE,FALSE,America/New_York,3
11060,Florala,Florala,AL,Alabama,1039,Covington,31.0176,-86.3138,1906,69,polygon,FALSE,TRUE,America/Chicago,3
11061,Manhattan,Manhattan,MT,Montana,30031,Gallatin,45.8622,-111.3343,1906,421,polygon,FALSE,TRUE,America/Denver,3
11062,Dora,Dora,AL,Alabama,1127,Walker,33.7292,-87.085,1905,97,polygon,FALSE,TRUE,America/Chicago,3
11063,Crab Orchard,Crab Orchard,WV,West Virginia,54081,Raleigh,37.741,-81.23,1904,326,polygon,FALSE,FALSE,America/New_York,3
11064,Richmond,Richmond,IL,Illinois,17111,McHenry,42.4639,-88.3093,1904,171,polygon,FALSE,TRUE,America/Chicago,3
11065,Warm Springs,Warm Springs,CA,California,6065,Riverside,33.7067,-117.3344,1903,525,polygon,FALSE,TRUE,America/Los_Angeles,3
11066,Eudora,Eudora,AR,Arkansas,5017,Chicot,33.119,-91.264,1903,237,polygon,FALSE,TRUE,America/Chicago,3
11067,Alta,Alta,IA,Iowa,19021,Buena Vista,42.6717,-95.3045,1903,681,polygon,FALSE,TRUE,America/Chicago,3
11068,Belington,Belington,WV,West Virginia,54001,Barbour,39.022,-79.9383,1902,356,polygon,FALSE,TRUE,America/New_York,3
11069,Buffalo,Buffalo,TX,Texas,48289,Leon,31.46,-96.066,1902,155,polygon,FALSE,TRUE,America/Chicago,3
11070,Atlantic Beach,Atlantic Beach,NY,New York,36059,Nassau,40.5894,-73.7296,1902,1671,polygon,FALSE,TRUE,America/New_York,3
11071,Brundidge,Brundidge,AL,Alabama,1109,Pike,31.7182,-85.8177,1902,75,polygon,FALSE,TRUE,America/Chicago,3
11072,Calhoun Falls,Calhoun Falls,SC,South Carolina,45001,Abbeville,34.0933,-82.5963,1902,216,polygon,FALSE,TRUE,America/New_York,3
11073,Saltville,Saltville,VA,Virginia,51173,Smyth,36.8751,-81.7642,1901,92,polygon,FALSE,TRUE,America/New_York,3
11074,Alorton,Alorton,IL,Illinois,17163,St. Clair,38.585,-90.1139,1901,406,polygon,FALSE,TRUE,America/Chicago,3
11075,Burns Flat,Burns Flat,OK,Oklahoma,40149,Washita,35.3548,-99.1751,1901,845,polygon,FALSE,TRUE,America/Chicago,3
11076,Minneapolis,Minneapolis,KS,Kansas,20143,Ottawa,39.1243,-97.6997,1900,400,polygon,FALSE,TRUE,America/Chicago,3
11077,Boles Acres,Boles Acres,NM,New Mexico,35035,Otero,32.8196,-105.9782,1899,60,polygon,FALSE,FALSE,America/Denver,3
11078,Albion,Albion,IL,Illinois,17047,Edwards,38.3767,-88.0579,1899,343,polygon,FALSE,TRUE,America/Chicago,3
11079,Union Point,Union Point,GA,Georgia,13133,Greene,33.6177,-83.0756,1899,382,polygon,FALSE,TRUE,America/New_York,3
11080,Arkoma,Arkoma,OK,Oklahoma,40079,Le Flore,35.3374,-94.4438,1899,211,polygon,FALSE,TRUE,America/Chicago,3
11081,Brooklawn,Brooklawn,NJ,New Jersey,34007,Camden,39.8788,-75.1207,1898,1500,polygon,FALSE,TRUE,America/New_York,3
11082,Fort Hancock,Fort Hancock,TX,Texas,48229,Hudspeth,31.2837,-105.8446,1898,38,polygon,FALSE,FALSE,America/Denver,3
11083,Charlotte,Charlotte,TX,Texas,48013,Atascosa,28.8593,-98.7006,1898,359,polygon,FALSE,TRUE,America/Chicago,3
11084,Slocomb,Slocomb,AL,Alabama,1061,Geneva,31.1103,-85.5954,1898,77,polygon,FALSE,TRUE,America/Chicago,3
11085,Audubon,Audubon,IA,Iowa,19009,Audubon,41.7181,-94.9286,1898,383,polygon,FALSE,TRUE,America/Chicago,3
11086,Marriott-Slaterville,Marriott-Slaterville,UT,Utah,49057,Weber,41.2624,-112.0366,1898,101,polygon,FALSE,TRUE,America/Denver,3
11087,Leslie,Leslie,MI,Michigan,26065,Ingham,42.4508,-84.4335,1898,571,polygon,FALSE,TRUE,America/Detroit,3
11088,Warson Woods,Warson Woods,MO,Missouri,29189,St. Louis,38.6069,-90.3912,1897,1289,polygon,FALSE,TRUE,America/Chicago,3
11089,Union,Union,MS,Mississippi,28101,Newton,32.5711,-89.1152,1897,213,polygon,FALSE,TRUE,America/Chicago,3
11090,Palmas del Mar,Palmas del Mar,PR,Puerto Rico,72069,Humacao,18.0924,-65.8005,1897,244,polygon,FALSE,FALSE,America/Puerto_Rico,3
11091,St. Charles,St. Charles,MI,Michigan,26145,Saginaw,43.2988,-84.1476,1896,350,polygon,FALSE,TRUE,America/Detroit,3
11092,Katonah,Katonah,NY,New York,36119,Westchester,41.2559,-73.6856,1895,1008,polygon,FALSE,FALSE,America/New_York,3
11093,Quincy,Quincy,CA,California,6063,Plumas,39.931,-120.9548,1895,173,polygon,FALSE,FALSE,America/Los_Angeles,3
11094,Elizabeth Lake,Elizabeth Lake,CA,California,6037,Los Angeles,34.659,-118.3783,1895,117,polygon,FALSE,TRUE,America/Los_Angeles,3
11095,Ashland,Ashland,AL,Alabama,1027,Clay,33.2704,-85.8337,1895,99,polygon,FALSE,TRUE,America/Chicago,3
11096,Cascade Valley,Cascade Valley,WA,Washington,53025,Grant,47.1412,-119.3291,1894,245,polygon,FALSE,FALSE,America/Los_Angeles,3
11097,Sylvania,Sylvania,AL,Alabama,1049,DeKalb,34.5619,-85.8046,1894,82,polygon,FALSE,TRUE,America/Chicago,3
11098,Monroe,Monroe,IA,Iowa,19099,Jasper,41.5189,-93.1038,1894,431,polygon,FALSE,TRUE,America/Chicago,3
11099,Baldwinville,Baldwinville,MA,Massachusetts,25027,Worcester,42.6049,-72.0771,1894,285,polygon,FALSE,FALSE,America/New_York,3
11100,Adams,Adams,WI,Wisconsin,55001,Adams,43.9554,-89.8169,1893,248,polygon,FALSE,TRUE,America/Chicago,3
11101,Pierson,Pierson,FL,Florida,12127,Volusia,29.2401,-81.4559,1893,71,polygon,FALSE,TRUE,America/New_York,3
11102,Independence,Independence,LA,Louisiana,22105,Tangipahoa,30.6361,-90.5056,1893,303,polygon,FALSE,TRUE,America/Chicago,3
11103,Prudhoe Bay,Prudhoe Bay,AK,Alaska,2185,North Slope,70.3128,-148.6955,1893,1,polygon,FALSE,FALSE,America/Anchorage,3
11104,Trion,Trion,GA,Georgia,13055,Chattooga,34.548,-85.3108,1893,190,polygon,FALSE,TRUE,America/New_York,3
11105,Priest River,Priest River,ID,Idaho,16017,Bonner,48.1782,-116.8841,1893,205,polygon,FALSE,TRUE,America/Los_Angeles,3
11106,Masury,Masury,OH,Ohio,39155,Trumbull,41.2083,-80.5378,1893,211,polygon,FALSE,FALSE,America/New_York,3
11107,Baker,Baker,MT,Montana,30025,Fallon,46.364,-104.2741,1893,647,polygon,FALSE,TRUE,America/Denver,3
11108,Midway,Midway,KY,Kentucky,21239,Woodford,38.1543,-84.678,1893,628,polygon,FALSE,TRUE,America/New_York,3
11109,Carbon Hill,Carbon Hill,AL,Alabama,1127,Walker,33.8944,-87.5224,1892,132,polygon,FALSE,TRUE,America/Chicago,3
11110,Waterville,Waterville,MN,Minnesota,27079,Le Sueur,44.2236,-93.5747,1892,429,polygon,FALSE,TRUE,America/Chicago,3
11111,Buna,Buna,TX,Texas,48241,Jasper,30.4458,-93.9625,1891,121,polygon,FALSE,FALSE,America/Chicago,3
11112,Susquehanna Trails,Susquehanna Trails,PA,Pennsylvania,42133,York,39.7583,-76.3684,1891,233,polygon,FALSE,FALSE,America/New_York,3
11113,Leesport,Leesport,PA,Pennsylvania,42011,Berks,40.4451,-75.9684,1891,1006,polygon,FALSE,TRUE,America/New_York,3
11114,Hidden Hills,Hidden Hills,CA,California,6037,Los Angeles,34.1637,-118.6612,1890,432,polygon,FALSE,TRUE,America/Los_Angeles,3
11115,Enterprise,Enterprise,UT,Utah,49053,Washington,37.5717,-113.743,1890,83,polygon,FALSE,TRUE,America/Denver,3
11116,Hurstbourne Acres,Hurstbourne Acres,KY,Kentucky,21111,Jefferson,38.2201,-85.5907,1890,2109,polygon,FALSE,TRUE,America/New_York,2
11117,Roberts,Roberts,WI,Wisconsin,55109,St. Croix,44.9732,-92.5505,1889,282,polygon,FALSE,TRUE,America/Chicago,3
11118,Kealakekua,Kealakekua,HI,Hawaii,15001,Hawaii,19.5286,-155.9033,1889,100,polygon,FALSE,FALSE,Pacific/Honolulu,3
11119,Lookout Mountain,Lookout Mountain,TN,Tennessee,47065,Hamilton,34.9944,-85.3516,1889,543,polygon,FALSE,TRUE,America/New_York,3
11120,Piedmont,Piedmont,MO,Missouri,29223,Wayne,37.1492,-90.6969,1889,335,polygon,FALSE,TRUE,America/Chicago,3
11121,Steele,Steele,MO,Missouri,29155,Pemiscot,36.0904,-89.846,1889,395,polygon,FALSE,TRUE,America/Chicago,3
11122,Bradley,Bradley,WV,West Virginia,54081,Raleigh,37.8675,-81.2046,1888,172,polygon,FALSE,FALSE,America/New_York,3
11123,Victory Lakes,Victory Lakes,NJ,New Jersey,34015,Gloucester,39.6305,-74.9661,1888,303,polygon,FALSE,FALSE,America/New_York,3
11124,San Augustine,San Augustine,TX,Texas,48405,San Augustine,31.5297,-94.1108,1888,154,polygon,FALSE,TRUE,America/Chicago,3
11125,Rural Hill,Rural Hill,TN,Tennessee,47189,Wilson,36.1164,-86.5152,1888,179,polygon,FALSE,FALSE,America/Chicago,3
11126,Hopewell,Hopewell,TN,Tennessee,47011,Bradley,35.2387,-84.9139,1888,102,polygon,FALSE,FALSE,America/New_York,3
11127,Yorklyn,Yorklyn,PA,Pennsylvania,42133,York,39.9929,-76.6428,1888,1620,polygon,FALSE,FALSE,America/New_York,3
11128,Loveland Park,Loveland Park,OH,Ohio,39165,Warren,39.2943,-84.2636,1888,636,polygon,FALSE,FALSE,America/New_York,3
11129,Evadale,Evadale,TX,Texas,48241,Jasper,30.3369,-94.06,1887,43,polygon,FALSE,FALSE,America/Chicago,3
11130,West End,West End,NY,New York,36077,Otsego,42.4667,-75.0969,1887,199,polygon,FALSE,FALSE,America/New_York,3
11131,Vineyard Haven,Vineyard Haven,MA,Massachusetts,25007,Dukes,41.4565,-70.6069,1887,590,polygon,FALSE,FALSE,America/New_York,3
11132,Hammond,Hammond,WI,Wisconsin,55109,St. Croix,44.969,-92.438,1886,337,polygon,FALSE,TRUE,America/Chicago,3
11133,Gregory,Gregory,TX,Texas,48409,San Patricio,27.9221,-97.2918,1886,538,polygon,FALSE,TRUE,America/Chicago,3
11134,Fairchance,Fairchance,PA,Pennsylvania,42051,Fayette,39.8251,-79.754,1886,605,polygon,FALSE,TRUE,America/New_York,3
11135,Waurika,Waurika,OK,Oklahoma,40067,Jefferson,34.1846,-98.0245,1885,58,polygon,FALSE,TRUE,America/Chicago,3
11136,New Athens,New Athens,IL,Illinois,17163,St. Clair,38.3188,-89.8743,1884,344,polygon,FALSE,TRUE,America/Chicago,3
11137,Southside Place,Southside Place,TX,Texas,48201,Harris,29.7089,-95.4367,1883,2917,polygon,FALSE,TRUE,America/Chicago,2
11138,Cienega Springs,Cienega Springs,AZ,Arizona,4012,La Paz,34.2008,-114.2089,1882,205,polygon,FALSE,FALSE,America/Phoenix,3
11139,Evart,Evart,MI,Michigan,26133,Osceola,43.9002,-85.2748,1882,310,polygon,FALSE,TRUE,America/Detroit,3
11140,Old Saybrook Center,Old Saybrook Center,CT,Connecticut,9007,Middlesex,41.2918,-72.3682,1881,368,polygon,FALSE,TRUE,America/New_York,3
11141,Oriole Beach,Oriole Beach,FL,Florida,12113,Santa Rosa,30.3687,-87.0962,1880,862,polygon,FALSE,FALSE,America/Chicago,3
11142,Youngstown,Youngstown,NY,New York,36063,Niagara,43.2486,-79.0444,1880,661,polygon,FALSE,TRUE,America/New_York,3
11143,Adamstown,Adamstown,PA,Pennsylvania,42071,Lancaster,40.2417,-76.0608,1880,526,polygon,FALSE,TRUE,America/New_York,3
11144,Linden,Linden,AL,Alabama,1091,Marengo,32.3001,-87.7926,1880,202,polygon,FALSE,TRUE,America/Chicago,3
11145,Weweantic,Weweantic,MA,Massachusetts,25023,Plymouth,41.7398,-70.7351,1880,572,polygon,FALSE,FALSE,America/New_York,3
11146,Bernie,Bernie,MO,Missouri,29207,Stoddard,36.6717,-89.9707,1880,555,polygon,FALSE,TRUE,America/Chicago,3
11147,Blacksburg,Blacksburg,SC,South Carolina,45021,Cherokee,35.1221,-81.5182,1880,387,polygon,FALSE,TRUE,America/New_York,3
11148,Biggs,Biggs,CA,California,6007,Butte,39.4102,-121.7133,1879,810,polygon,FALSE,TRUE,America/Los_Angeles,3
11149,Indian River,Indian River,MI,Michigan,26031,Cheboygan,45.4236,-84.6236,1879,56,polygon,FALSE,FALSE,America/Detroit,3
11150,Belleville,Belleville,KS,Kansas,20157,Republic,39.8245,-97.6337,1879,354,polygon,FALSE,TRUE,America/Chicago,3
11151,Spencer,Spencer,WI,Wisconsin,55073,Marathon,44.7544,-90.2983,1878,369,polygon,FALSE,TRUE,America/Chicago,3
11152,East Bronson,East Bronson,FL,Florida,12075,Levy,29.4593,-82.5905,1878,63,polygon,FALSE,TRUE,America/New_York,3
11153,Holiday Heights,Holiday Heights,NJ,New Jersey,34029,Ocean,39.9396,-74.2572,1878,144,polygon,FALSE,FALSE,America/New_York,3
11154,Graton,Graton,CA,California,6097,Sonoma,38.4376,-122.866,1877,458,polygon,FALSE,FALSE,America/Los_Angeles,3
11155,Greensboro,Greensboro,MD,Maryland,24011,Caroline,38.9764,-75.808,1877,674,polygon,FALSE,TRUE,America/New_York,3
11156,Suárez,Suarez,PR,Puerto Rico,72087,Loíza,18.4311,-65.8514,1877,4395,polygon,FALSE,FALSE,America/Puerto_Rico,2
11157,Great Falls,Great Falls,SC,South Carolina,45023,Chester,34.5753,-80.9048,1877,170,polygon,FALSE,TRUE,America/New_York,3
11158,Doe Valley,Doe Valley,KY,Kentucky,21163,Meade,37.9745,-86.1107,1877,178,polygon,FALSE,FALSE,America/New_York,3
11159,Fairmead,Fairmead,CA,California,6039,Madera,37.0775,-120.1937,1876,93,polygon,FALSE,FALSE,America/Los_Angeles,3
11160,New Johnsonville,New Johnsonville,TN,Tennessee,47085,Humphreys,36.0163,-87.9696,1874,140,polygon,FALSE,TRUE,America/Chicago,3
11161,Ravensdale,Ravensdale,WA,Washington,53033,King,47.3563,-121.9692,1873,162,polygon,FALSE,FALSE,America/Los_Angeles,3
11162,Hollis,Hollis,OK,Oklahoma,40057,Harmon,34.6895,-99.9153,1873,501,polygon,FALSE,TRUE,America/Chicago,3
11163,Gadsden,Gadsden,SC,South Carolina,45079,Richland,33.848,-80.7663,1873,62,polygon,FALSE,FALSE,America/New_York,3
11164,Salem,Salem,NC,North Carolina,37023,Burke,35.6997,-81.7004,1872,168,polygon,FALSE,FALSE,America/New_York,3
11165,Pinedale,Pinedale,WY,Wyoming,56035,Sublette,42.8676,-109.8706,1871,333,polygon,FALSE,TRUE,America/Denver,3
11166,Shadybrook,Shadybrook,TX,Texas,48073,Cherokee,32.1108,-95.4212,1871,93,polygon,FALSE,TRUE,America/Chicago,3
11167,West Hurley,West Hurley,NY,New York,36111,Ulster,42.0083,-74.1121,1871,190,polygon,FALSE,FALSE,America/New_York,3
11168,Ault,Ault,CO,Colorado,8123,Weld,40.5893,-104.7392,1871,418,polygon,FALSE,TRUE,America/Denver,3
11169,Somonauk,Somonauk,IL,Illinois,17037,DeKalb,41.642,-88.6732,1871,290,polygon,FALSE,TRUE,America/Chicago,3
11170,Elk Point,Elk Point,SD,South Dakota,46127,Union,42.6816,-96.68,1871,529,polygon,FALSE,TRUE,America/Chicago,3
11171,Van Horn,Van Horn,TX,Texas,48109,Culberson,31.0407,-104.834,1870,254,polygon,FALSE,TRUE,America/Chicago,3
11172,Ossun,Ossun,LA,Louisiana,22055,Lafayette,30.2834,-92.107,1870,212,polygon,FALSE,FALSE,America/Chicago,3
11173,Haines,Haines,AK,Alaska,2100,Haines,59.2417,-135.4549,1870,54,polygon,FALSE,FALSE,America/Juneau,3
11174,Yale,Yale,MI,Michigan,26147,St. Clair,43.1277,-82.7973,1870,525,polygon,FALSE,TRUE,America/Detroit,3
11175,Bonneau Beach,Bonneau Beach,SC,South Carolina,45015,Berkeley,33.3229,-79.9899,1870,307,polygon,FALSE,FALSE,America/New_York,3
11176,Gibbon,Gibbon,NE,Nebraska,31019,Buffalo,40.7461,-98.8458,1869,830,polygon,FALSE,TRUE,America/Chicago,3
11177,Gate City,Gate City,VA,Virginia,51169,Scott,36.6401,-82.5782,1869,181,polygon,FALSE,TRUE,America/New_York,3
11178,Nicholson,Nicholson,GA,Georgia,13157,Jackson,34.1172,-83.4289,1869,181,polygon,FALSE,TRUE,America/New_York,3
11179,Moundridge,Moundridge,KS,Kansas,20113,McPherson,38.2028,-97.515,1869,477,polygon,FALSE,TRUE,America/Chicago,3
11180,Melbourne,Melbourne,AR,Arkansas,5065,Izard,36.0638,-91.8819,1868,103,polygon,FALSE,TRUE,America/Chicago,3
11181,New Buffalo,New Buffalo,MI,Michigan,26021,Berrien,41.7922,-86.7423,1868,292,polygon,FALSE,TRUE,America/Detroit,3
11182,Conyngham,Conyngham,PA,Pennsylvania,42079,Luzerne,40.9911,-76.0595,1867,706,polygon,FALSE,TRUE,America/New_York,3
11183,Ellaville,Ellaville,GA,Georgia,13249,Schley,32.238,-84.3089,1867,228,polygon,FALSE,TRUE,America/New_York,3
11184,Sumrall,Sumrall,MS,Mississippi,28073,Lamar,31.4172,-89.5424,1867,192,polygon,FALSE,TRUE,America/Chicago,3
11185,Mineralwells,Mineralwells,WV,West Virginia,54107,Wood,39.1807,-81.513,1866,468,polygon,FALSE,FALSE,America/New_York,3
11186,Laurel Springs,Laurel Springs,NJ,New Jersey,34007,Camden,39.8213,-75.0053,1866,1595,polygon,FALSE,TRUE,America/New_York,3
11187,Lavallette,Lavallette,NJ,New Jersey,34029,Ocean,39.9699,-74.0722,1866,883,polygon,FALSE,TRUE,America/New_York,3
11188,Bradford,Bradford,OH,Ohio,39109,Miami,40.1319,-84.4293,1866,863,polygon,FALSE,TRUE,America/New_York,3
11189,Luis M. Cintrón,Luis M. Cintron,PR,Puerto Rico,72053,Fajardo,18.3014,-65.6379,1866,601,polygon,FALSE,FALSE,America/Puerto_Rico,3
11190,Tenino,Tenino,WA,Washington,53067,Thurston,46.8537,-122.8607,1865,498,polygon,FALSE,TRUE,America/Los_Angeles,3
11191,Rafael González,Rafael Gonzalez,PR,Puerto Rico,72065,Hatillo,18.4264,-66.7873,1865,1727,polygon,FALSE,FALSE,America/Puerto_Rico,3
11192,Seabrook Island,Seabrook Island,SC,South Carolina,45019,Charleston,32.5825,-80.1736,1865,120,polygon,FALSE,TRUE,America/New_York,3
11193,Wedgefield,Wedgefield,SC,South Carolina,45085,Sumter,33.8829,-80.5157,1865,84,polygon,FALSE,FALSE,America/New_York,3
11194,Lakesite,Lakesite,TN,Tennessee,47065,Hamilton,35.2027,-85.1413,1864,413,polygon,FALSE,TRUE,America/New_York,3
11195,West Homestead,West Homestead,PA,Pennsylvania,42003,Allegheny,40.3977,-79.9185,1864,780,polygon,FALSE,TRUE,America/New_York,3
11196,South Connellsville,South Connellsville,PA,Pennsylvania,42051,Fayette,39.9946,-79.5807,1864,433,polygon,FALSE,TRUE,America/New_York,3
11197,Leachville,Leachville,AR,Arkansas,5093,Mississippi,35.9042,-90.2622,1864,161,polygon,FALSE,TRUE,America/Chicago,3
11198,Durant,Durant,IA,Iowa,19031,Cedar,41.6011,-90.9137,1864,584,polygon,FALSE,TRUE,America/Chicago,3
11199,Pinewood Estates,Pinewood Estates,TX,Texas,48199,Hardin,30.1692,-94.3207,1863,54,polygon,FALSE,FALSE,America/Chicago,3
11200,Cordova,Cordova,NC,North Carolina,37153,Richmond,34.9103,-79.8119,1862,337,polygon,FALSE,FALSE,America/New_York,3
11201,Flora,Flora,MS,Mississippi,28089,Madison,32.5433,-90.3141,1862,218,polygon,FALSE,TRUE,America/Chicago,3
11202,Sea Breeze,Sea Breeze,NC,North Carolina,37129,New Hanover,34.0698,-77.8965,1861,385,polygon,FALSE,FALSE,America/New_York,3
11203,Lincoln University,Lincoln University,PA,Pennsylvania,42029,Chester,39.8065,-75.9279,1861,2516,polygon,FALSE,TRUE,America/New_York,2
11204,Canton,Canton,PA,Pennsylvania,42015,Bradford,41.6566,-76.8529,1861,625,polygon,FALSE,TRUE,America/New_York,3
11205,Malta,Malta,MT,Montana,30071,Phillips,48.3555,-107.8709,1861,698,polygon,FALSE,TRUE,America/Denver,3
11206,Moriarty,Moriarty,NM,New Mexico,35057,Torrance,35.0034,-106.0445,1860,103,polygon,FALSE,TRUE,America/Denver,3
11207,Blaine,Blaine,TN,Tennessee,47057,Grainger,36.1478,-83.694,1860,75,polygon,FALSE,TRUE,America/New_York,3
11208,Glen Lyon,Glen Lyon,PA,Pennsylvania,42079,Luzerne,41.1795,-76.0783,1860,216,polygon,FALSE,FALSE,America/New_York,3
11209,Sesser,Sesser,IL,Illinois,17055,Franklin,38.0905,-89.0509,1860,704,polygon,FALSE,TRUE,America/Chicago,3
11210,Langston,Langston,OK,Oklahoma,40083,Logan,35.9324,-97.263,1860,181,polygon,FALSE,TRUE,America/Chicago,3
11211,Dakota City,Dakota City,NE,Nebraska,31043,Dakota,42.4184,-96.4202,1859,498,polygon,FALSE,TRUE,America/Chicago,3
11212,South Deerfield,South Deerfield,MA,Massachusetts,25011,Franklin,42.4795,-72.5947,1859,227,polygon,FALSE,FALSE,America/New_York,3
11213,Venice,Venice,IL,Illinois,17119,Madison,38.6719,-90.169,1858,387,polygon,FALSE,TRUE,America/Chicago,3
11214,Merrionette Park,Merrionette Park,IL,Illinois,17031,Cook,41.6812,-87.7012,1858,1912,polygon,FALSE,TRUE,America/Chicago,3
11215,Wadley,Wadley,GA,Georgia,13163,Jefferson,32.8663,-82.4014,1858,157,polygon,FALSE,TRUE,America/New_York,3
11216,Edgewood,Edgewood,IN,Indiana,18095,Madison,40.1032,-85.7375,1858,887,polygon,FALSE,TRUE,America/Indiana/Indianapolis,3
11217,Sylvan Lake,Sylvan Lake,MI,Michigan,26125,Oakland,42.6172,-83.3331,1858,1380,polygon,FALSE,TRUE,America/Detroit,3
11218,North Belle Vernon,North Belle Vernon,PA,Pennsylvania,42129,Westmoreland,40.132,-79.8641,1857,1694,polygon,FALSE,TRUE,America/New_York,3
11219,Big Beaver,Big Beaver,PA,Pennsylvania,42007,Beaver,40.8233,-80.3633,1857,40,polygon,FALSE,TRUE,America/New_York,3
11220,Crossville,Crossville,AL,Alabama,1049,DeKalb,34.2853,-85.9997,1857,85,polygon,FALSE,TRUE,America/Chicago,3
11221,Gordon,Gordon,GA,Georgia,13319,Wilkinson,32.8866,-83.3349,1857,133,polygon,FALSE,TRUE,America/New_York,3
11222,Peosta,Peosta,IA,Iowa,19061,Dubuque,42.4477,-90.8446,1857,288,polygon,FALSE,TRUE,America/Chicago,3
11223,Estill,Estill,SC,South Carolina,45049,Hampton,32.7538,-81.2412,1857,221,polygon,FALSE,TRUE,America/New_York,3
11224,Denver,Denver,IA,Iowa,19017,Bremer,42.669,-92.3342,1856,457,polygon,FALSE,TRUE,America/Chicago,3
11225,Merlin,Merlin,OR,Oregon,41033,Josephine,42.5204,-123.4253,1856,172,polygon,FALSE,FALSE,America/Los_Angeles,3
11226,Richwood,Richwood,WV,West Virginia,54067,Nicholas,38.2221,-80.5363,1855,444,polygon,FALSE,TRUE,America/New_York,3
11227,Bloomington,Bloomington,TX,Texas,48469,Victoria,28.6504,-96.9022,1855,270,polygon,FALSE,FALSE,America/Chicago,3
11228,Drexel,Drexel,NC,North Carolina,37023,Burke,35.7569,-81.6089,1854,518,polygon,FALSE,TRUE,America/New_York,3
11229,London,London,CA,California,6107,Tulare,36.481,-119.444,1854,1137,polygon,FALSE,FALSE,America/Los_Angeles,3
11230,Samson,Samson,AL,Alabama,1061,Geneva,31.1124,-86.0462,1854,197,polygon,FALSE,TRUE,America/Chicago,3
11231,Riverside,Riverside,PA,Pennsylvania,42097,Northumberland,40.9461,-76.6461,1853,148,polygon,FALSE,TRUE,America/New_York,3
11232,Parkwood,Parkwood,CA,California,6039,Madera,36.9293,-120.0482,1853,1023,polygon,FALSE,FALSE,America/Los_Angeles,3
11233,Henderson,Henderson,GA,Georgia,13051,Chatham,32.0103,-81.2656,1853,410,polygon,FALSE,FALSE,America/New_York,3
11234,Woodville,Woodville,CA,California,6107,Tulare,36.0898,-119.205,1852,164,polygon,FALSE,FALSE,America/Los_Angeles,3
11235,Williamsport,Williamsport,IN,Indiana,18171,Warren,40.2884,-87.2922,1852,549,polygon,FALSE,TRUE,America/Indiana/Indianapolis,3
11236,Copeland,Copeland,OK,Oklahoma,40041,Delaware,36.6571,-94.8204,1852,97,polygon,FALSE,FALSE,America/Chicago,3
11237,Buckhead Ridge,Buckhead Ridge,FL,Florida,12043,Glades,27.133,-80.8868,1851,510,polygon,FALSE,FALSE,America/New_York,3
11238,Spring City,Spring City,TN,Tennessee,47143,Rhea,35.6884,-84.8626,1851,267,polygon,FALSE,TRUE,America/New_York,3
11239,G. L. García,G. L. Garcia,PR,Puerto Rico,72035,Cayey,18.1258,-66.1027,1851,935,polygon,FALSE,FALSE,America/Puerto_Rico,3
11240,Ingram,Ingram,TX,Texas,48265,Kerr,30.0773,-99.2381,1850,507,polygon,FALSE,TRUE,America/Chicago,3
11241,Wilber,Wilber,NE,Nebraska,31151,Saline,40.481,-96.9645,1850,793,polygon,FALSE,TRUE,America/Chicago,3
11242,Lake Caroline,Lake Caroline,VA,Virginia,51033,Caroline,37.9856,-77.5244,1850,251,polygon,FALSE,TRUE,America/New_York,3
11243,Vernon,Vernon,AL,Alabama,1075,Lamar,33.7588,-88.1143,1850,121,polygon,FALSE,TRUE,America/Chicago,3
11244,Cordova,Cordova,AL,Alabama,1127,Walker,33.7613,-87.1925,1850,122,polygon,FALSE,TRUE,America/Chicago,3
11245,Wakarusa,Wakarusa,IN,Indiana,18039,Elkhart,41.5336,-86.0139,1850,324,polygon,FALSE,TRUE,America/Indiana/Indianapolis,3
11246,Roundup,Roundup,MT,Montana,30065,Musselshell,46.4485,-108.5402,1850,552,polygon,FALSE,TRUE,America/Denver,3
11247,Delcambre,Delcambre,LA,Louisiana,22045,Iberia,29.9515,-91.9917,1849,610,polygon,FALSE,TRUE,America/Chicago,3
11248,Morrisville,Morrisville,NY,New York,36053,Madison,42.8987,-75.6448,1849,697,polygon,FALSE,TRUE,America/New_York,3
11249,Brookwood,Brookwood,AL,Alabama,1125,Tuscaloosa,33.2397,-87.3277,1848,85,polygon,FALSE,TRUE,America/Chicago,3
11250,Milan,Milan,IN,Indiana,18137,Ripley,39.1255,-85.127,1848,356,polygon,FALSE,TRUE,America/Indiana/Indianapolis,3
11251,Mio,Mio,MI,Michigan,26135,Oscoda,44.6605,-84.1418,1848,85,polygon,FALSE,FALSE,America/Detroit,3
11252,Merriam Woods,Merriam Woods,MO,Missouri,29213,Taney,36.7179,-93.1715,1847,471,polygon,FALSE,TRUE,America/Chicago,3
11253,Belle Rose,Belle Rose,LA,Louisiana,22007,Assumption,30.0422,-91.0498,1846,133,polygon,FALSE,FALSE,America/Chicago,3
11254,Andrews,Andrews,NC,North Carolina,37039,Cherokee,35.1994,-83.8258,1846,419,polygon,FALSE,TRUE,America/New_York,3
11255,Lake Ripley,Lake Ripley,WI,Wisconsin,55055,Jefferson,43.0045,-88.9829,1845,213,polygon,FALSE,FALSE,America/Chicago,3
11256,Los Molinos,Los Molinos,CA,California,6103,Tehama,40.027,-122.0981,1845,327,polygon,FALSE,FALSE,America/Los_Angeles,3
11257,Rolling Hills,Rolling Hills,CA,California,6037,Los Angeles,33.76,-118.3471,1845,238,polygon,FALSE,TRUE,America/Los_Angeles,3
11258,Alpine,Alpine,NJ,New Jersey,34003,Bergen,40.9615,-73.9199,1844,111,polygon,FALSE,TRUE,America/New_York,3
11259,Hooker,Hooker,OK,Oklahoma,40139,Texas,36.8612,-101.216,1844,675,polygon,FALSE,TRUE,America/Chicago,3
11260,Whitesburg,Whitesburg,KY,Kentucky,21133,Letcher,37.1183,-82.823,1843,227,polygon,FALSE,TRUE,America/New_York,3
11261,Williston Highlands,Williston Highlands,FL,Florida,12075,Levy,29.3336,-82.5357,1842,62,polygon,FALSE,FALSE,America/New_York,3
11262,L'Anse,L'Anse,MI,Michigan,26013,Baraga,46.7525,-88.4477,1842,279,polygon,FALSE,TRUE,America/Detroit,3
11263,Dunnellon,Dunnellon,FL,Florida,12083,Marion,29.0529,-82.441,1840,112,polygon,FALSE,TRUE,America/New_York,3
11264,Scotland Neck,Scotland Neck,NC,North Carolina,37083,Halifax,36.1309,-77.4214,1840,598,polygon,FALSE,TRUE,America/New_York,3
11265,St. Lawrence,St. Lawrence,PA,Pennsylvania,42011,Berks,40.3262,-75.8661,1840,792,polygon,FALSE,TRUE,America/New_York,3
11266,Wabasso Beach,Wabasso Beach,FL,Florida,12061,Indian River,27.7569,-80.3991,1839,586,polygon,FALSE,FALSE,America/New_York,3
11267,New London,New London,IA,Iowa,19087,Henry,40.923,-91.4012,1839,672,polygon,FALSE,TRUE,America/Chicago,3
11268,Roseville,Roseville,OH,Ohio,39119,Muskingum,39.8064,-82.0758,1839,1032,polygon,FALSE,TRUE,America/New_York,3
11269,Vázquez,Vazquez,PR,Puerto Rico,72123,Salinas,18.0688,-66.2339,1839,581,polygon,FALSE,FALSE,America/Puerto_Rico,3
11270,Greybull,Greybull,WY,Wyoming,56003,Big Horn,44.4887,-108.0592,1838,375,polygon,FALSE,TRUE,America/Denver,3
11271,Greenfield,Greenfield,IA,Iowa,19001,Adair,41.3056,-94.4592,1838,391,polygon,FALSE,TRUE,America/Chicago,3
11272,Myersville,Myersville,MD,Maryland,24021,Frederick,39.5062,-77.5689,1838,673,polygon,FALSE,TRUE,America/New_York,3
11273,Delaware City,Delaware City,DE,Delaware,10003,New Castle,39.5743,-75.5939,1837,375,polygon,FALSE,TRUE,America/New_York,3
11274,Olathe,Olathe,CO,Colorado,8085,Montrose,38.6083,-107.9833,1837,472,polygon,FALSE,TRUE,America/Denver,3
11275,Lone Pine,Lone Pine,CA,California,6027,Inyo,36.5774,-118.0777,1837,37,polygon,FALSE,FALSE,America/Los_Angeles,3
11276,Columbus Junction,Columbus Junction,IA,Iowa,19115,Louisa,41.2787,-91.3651,1837,324,polygon,FALSE,TRUE,America/Chicago,3
11277,Capac,Capac,MI,Michigan,26147,St. Clair,43.0074,-82.9271,1837,381,polygon,FALSE,TRUE,America/Detroit,3
11278,Presidential Lakes Estates,Presidential Lakes Estates,NJ,New Jersey,34005,Burlington,39.915,-74.5649,1836,666,polygon,FALSE,FALSE,America/New_York,3
11279,Krugerville,Krugerville,TX,Texas,48121,Denton,33.279,-96.9881,1836,544,polygon,FALSE,TRUE,America/Chicago,3
11280,Trainer,Trainer,PA,Pennsylvania,42045,Delaware,39.8244,-75.4032,1836,670,polygon,FALSE,TRUE,America/New_York,3
11281,Shawsville,Shawsville,VA,Virginia,51121,Montgomery,37.1707,-80.2527,1836,297,polygon,FALSE,FALSE,America/New_York,3
11282,Frankton,Frankton,IN,Indiana,18095,Madison,40.2211,-85.7719,1836,667,polygon,FALSE,TRUE,America/Indiana/Indianapolis,3
11283,Lake Sherwood,Lake Sherwood,CA,California,6111,Ventura,34.1339,-118.8804,1835,225,polygon,FALSE,TRUE,America/Los_Angeles,3
11284,Morgan,Morgan,GA,Georgia,13037,Calhoun,31.5381,-84.6033,1835,541,polygon,FALSE,TRUE,America/New_York,3
11285,West Falmouth,West Falmouth,MA,Massachusetts,25001,Barnstable,41.6011,-70.6364,1835,229,polygon,FALSE,FALSE,America/New_York,3
11286,Medicine Lodge,Medicine Lodge,KS,Kansas,20007,Barber,37.2851,-98.5812,1835,592,polygon,FALSE,TRUE,America/Chicago,3
11287,Sulligent,Sulligent,AL,Alabama,1075,Lamar,33.8912,-88.1266,1834,90,polygon,FALSE,TRUE,America/Chicago,3
11288,Lake Camelot,Lake Camelot,IL,Illinois,17143,Peoria,40.6341,-89.7509,1834,406,polygon,FALSE,FALSE,America/Chicago,3
11289,Colquitt,Colquitt,GA,Georgia,13201,Miller,31.1741,-84.7319,1834,86,polygon,FALSE,TRUE,America/New_York,3
11290,Goldthwaite,Goldthwaite,TX,Texas,48333,Mills,31.4513,-98.5736,1833,350,polygon,FALSE,TRUE,America/Chicago,3
11291,Jacobus,Jacobus,PA,Pennsylvania,42133,York,39.8825,-76.7121,1833,760,polygon,FALSE,TRUE,America/New_York,3
11292,Bloomfield,Bloomfield,MO,Missouri,29207,Stoddard,36.8877,-89.9309,1833,522,polygon,FALSE,TRUE,America/Chicago,3
11293,Memphis,Memphis,MO,Missouri,29199,Scotland,40.4614,-92.1704,1833,454,polygon,FALSE,TRUE,America/Chicago,3
11294,Bangor,Bangor,MI,Michigan,26159,Van Buren,42.312,-86.1135,1833,399,polygon,FALSE,TRUE,America/Detroit,3
11295,Jarrell,Jarrell,TX,Texas,48491,Williamson,30.8127,-97.6132,1832,280,polygon,FALSE,TRUE,America/Chicago,3
11296,Wanchese,Wanchese,NC,North Carolina,37055,Dare,35.8396,-75.6379,1832,151,polygon,FALSE,FALSE,America/New_York,3
11297,Leetonia,Leetonia,OH,Ohio,39029,Columbiana,40.8785,-80.7623,1832,312,polygon,FALSE,TRUE,America/New_York,3
11298,Sandy Valley,Sandy Valley,NV,Nevada,32003,Clark,35.8423,-115.6304,1831,12,polygon,FALSE,FALSE,America/Los_Angeles,3
11299,Howard City,Howard City,MI,Michigan,26117,Montcalm,43.3947,-85.4683,1830,292,polygon,FALSE,TRUE,America/Detroit,3
11300,Clatskanie,Clatskanie,OR,Oregon,41009,Columbia,46.1047,-123.2045,1830,545,polygon,FALSE,TRUE,America/Los_Angeles,3
11301,Mesilla,Mesilla,NM,New Mexico,35013,Doña Ana,32.2691,-106.8086,1828,127,polygon,FALSE,TRUE,America/Denver,3
11302,Lovelock,Lovelock,NV,Nevada,32027,Pershing,40.1789,-118.4773,1828,819,polygon,FALSE,TRUE,America/Los_Angeles,3
11303,Burns Harbor,Burns Harbor,IN,Indiana,18127,Porter,41.6189,-87.1258,1828,109,polygon,FALSE,TRUE,America/Chicago,3
11304,Lake Ozark,Lake Ozark,MO,Missouri,29131,Miller,38.2035,-92.6257,1828,97,polygon,FALSE,TRUE,America/Chicago,3
11305,Parchment,Parchment,MI,Michigan,26077,Kalamazoo,42.3277,-85.5667,1828,769,polygon,FALSE,TRUE,America/Detroit,3
11306,Campbellsport,Campbellsport,WI,Wisconsin,55039,Fond du Lac,43.5975,-88.2814,1827,528,polygon,FALSE,TRUE,America/Chicago,3
11307,Cross Plains,Cross Plains,TN,Tennessee,47147,Robertson,36.5412,-86.6766,1827,81,polygon,FALSE,TRUE,America/Chicago,3
11308,Valencia,Valencia,NM,New Mexico,35061,Valencia,34.8053,-106.6869,1826,355,polygon,FALSE,FALSE,America/Denver,3
11309,Saugerties South,Saugerties South,NY,New York,36111,Ulster,42.0614,-73.9506,1825,739,polygon,FALSE,TRUE,America/New_York,3
11310,Georgetown,Georgetown,CT,Connecticut,9001,Fairfield,41.2494,-73.4343,1824,245,polygon,FALSE,FALSE,America/New_York,3
11311,Fort Washakie,Fort Washakie,WY,Wyoming,56013,Fremont,43.0069,-108.9205,1823,33,polygon,FALSE,FALSE,America/Denver,3
11312,Cedar Bluff,Cedar Bluff,AL,Alabama,1019,Cherokee,34.2217,-85.5877,1823,144,polygon,FALSE,TRUE,America/Chicago,3
11313,Leon,Leon,IA,Iowa,19053,Decatur,40.7407,-93.7546,1823,221,polygon,FALSE,TRUE,America/Chicago,3
11314,Wilder,Wilder,ID,Idaho,16027,Canyon,43.6782,-116.907,1823,984,polygon,FALSE,TRUE,America/Boise,3
11315,Queensland,Queensland,MD,Maryland,24033,Prince George's,38.8021,-76.7839,1823,144,polygon,FALSE,FALSE,America/New_York,3
11316,Brownsville,Brownsville,OR,Oregon,41043,Linn,44.3923,-122.9833,1823,525,polygon,FALSE,TRUE,America/Los_Angeles,3
11317,Delmar,Delmar,DE,Delaware,10005,Sussex,38.465,-75.5552,1822,370,polygon,FALSE,TRUE,America/New_York,3
11318,Spinnerstown,Spinnerstown,PA,Pennsylvania,42017,Bucks,40.4412,-75.4414,1822,372,polygon,FALSE,FALSE,America/New_York,3
11319,North Warren,North Warren,PA,Pennsylvania,42123,Warren,41.8833,-79.1672,1821,85,polygon,FALSE,FALSE,America/New_York,3
11320,Bay,Bay,AR,Arkansas,5031,Craighead,35.7456,-90.5547,1821,227,polygon,FALSE,TRUE,America/Chicago,3
11321,Clarkesville,Clarkesville,GA,Georgia,13137,Habersham,34.6103,-83.5284,1821,286,polygon,FALSE,TRUE,America/New_York,3
11322,Knollwood,Knollwood,IL,Illinois,17097,Lake,42.2846,-87.8793,1820,1163,polygon,FALSE,FALSE,America/Chicago,3
11323,Briarcliff,Briarcliff,TX,Texas,48453,Travis,30.4088,-98.0451,1819,426,polygon,FALSE,TRUE,America/Chicago,3
11324,Angola on the Lake,Angola on the Lake,NY,New York,36029,Erie,42.655,-79.0523,1819,275,polygon,FALSE,FALSE,America/New_York,3
11325,Lakeland,Lakeland,MN,Minnesota,27163,Washington,44.9503,-92.77,1819,339,polygon,FALSE,TRUE,America/Chicago,3
11326,Clearwater,Clearwater,MN,Minnesota,27171,Wright,45.4102,-94.0446,1818,445,polygon,FALSE,TRUE,America/Chicago,3
11327,Bruce,Bruce,MS,Mississippi,28013,Calhoun,33.9909,-89.3454,1818,288,polygon,FALSE,TRUE,America/Chicago,3
11328,Vale,Vale,OR,Oregon,41045,Malheur,43.984,-117.2418,1818,618,polygon,FALSE,TRUE,America/Boise,3
11329,Lake Bryan,Lake Bryan,TX,Texas,48041,Brazos,30.7188,-96.4631,1817,76,polygon,FALSE,FALSE,America/Chicago,3
11330,Driggs,Driggs,ID,Idaho,16081,Teton,43.7297,-111.1033,1817,240,polygon,FALSE,TRUE,America/Boise,3
11331,Long Lake,Long Lake,MN,Minnesota,27053,Hennepin,44.9841,-93.5689,1816,819,polygon,FALSE,TRUE,America/Chicago,3
11332,Braham,Braham,MN,Minnesota,27059,Isanti,45.7223,-93.1717,1816,435,polygon,FALSE,TRUE,America/Chicago,3
11333,Intercourse,Intercourse,PA,Pennsylvania,42071,Lancaster,40.0378,-76.1082,1815,332,polygon,FALSE,FALSE,America/New_York,3
11334,Brooklet,Brooklet,GA,Georgia,13031,Bulloch,32.3898,-81.6668,1815,212,polygon,FALSE,TRUE,America/New_York,3
11335,Oakland,Oakland,MD,Maryland,24023,Garrett,39.4165,-79.4022,1815,258,polygon,FALSE,TRUE,America/New_York,3
11336,Weston,Weston,MO,Missouri,29165,Platte,39.403,-94.886,1815,209,polygon,FALSE,TRUE,America/Chicago,3
11337,Glencoe,Glencoe,FL,Florida,12127,Volusia,29.0005,-80.9604,1814,199,polygon,FALSE,FALSE,America/New_York,3
11338,Nambe,Nambe,NM,New Mexico,35049,Santa Fe,35.8984,-105.9667,1814,80,polygon,FALSE,FALSE,America/Denver,3
11339,Bagdad,Bagdad,AZ,Arizona,4025,Yavapai,34.5771,-113.1771,1814,87,polygon,FALSE,FALSE,America/Phoenix,3
11340,St. Stephen,St. Stephen,SC,South Carolina,45015,Berkeley,33.4046,-79.9264,1814,288,polygon,FALSE,TRUE,America/New_York,3
11341,Morton,Morton,TX,Texas,48079,Cochran,33.7248,-102.7593,1813,465,polygon,FALSE,TRUE,America/Chicago,3
11342,Golden's Bridge,Golden's Bridge,NY,New York,36119,Westchester,41.2877,-73.6681,1813,288,polygon,FALSE,TRUE,America/New_York,3
11343,New Oxford,New Oxford,PA,Pennsylvania,42001,Adams,39.863,-77.0555,1813,1130,polygon,FALSE,TRUE,America/New_York,3
11344,Hudson,Hudson,IL,Illinois,17113,McLean,40.6054,-88.9893,1813,825,polygon,FALSE,TRUE,America/Chicago,3
11345,Mount Zion,Mount Zion,GA,Georgia,13045,Carroll,33.6409,-85.1804,1813,72,polygon,FALSE,TRUE,America/New_York,3
11346,Sunray,Sunray,TX,Texas,48341,Moore,36.0182,-101.8245,1812,415,polygon,FALSE,TRUE,America/Chicago,3
11347,Navarre,Navarre,OH,Ohio,39151,Stark,40.7262,-81.5146,1812,401,polygon,FALSE,TRUE,America/New_York,3
11348,Monson Center,Monson Center,MA,Massachusetts,25013,Hampden,42.099,-72.3048,1811,208,polygon,FALSE,TRUE,America/New_York,3
11349,Coal City,Coal City,WV,West Virginia,54081,Raleigh,37.6776,-81.218,1810,110,polygon,FALSE,FALSE,America/New_York,3
11350,East Washington,East Washington,PA,Pennsylvania,42125,Washington,40.1745,-80.2325,1810,1556,polygon,FALSE,TRUE,America/New_York,3
11351,Lincoln Beach,Lincoln Beach,OR,Oregon,41041,Lincoln,44.8746,-124.031,1810,216,polygon,FALSE,FALSE,America/Los_Angeles,3
11352,Hemby Bridge,Hemby Bridge,NC,North Carolina,37179,Union,35.1055,-80.6258,1809,304,polygon,FALSE,TRUE,America/New_York,3
11353,Patrick Springs,Patrick Springs,VA,Virginia,51141,Patrick,36.6344,-80.1985,1808,44,polygon,FALSE,FALSE,America/New_York,3
11354,Mokuleia,Mokuleia,HI,Hawaii,15003,Honolulu,21.5775,-158.1487,1807,478,polygon,FALSE,FALSE,Pacific/Honolulu,3
11355,Superior,Superior,NE,Nebraska,31129,Nuckolls,40.023,-98.0663,1807,369,polygon,FALSE,TRUE,America/Chicago,3
11356,Lepanto,Lepanto,AR,Arkansas,5111,Poinsett,35.6085,-90.333,1807,446,polygon,FALSE,TRUE,America/Chicago,3
11357,Mona,Mona,UT,Utah,49023,Juab,39.8122,-111.8502,1807,275,polygon,FALSE,TRUE,America/Denver,3
11358,Noel,Noel,MO,Missouri,29119,McDonald,36.5433,-94.4888,1807,348,polygon,FALSE,TRUE,America/Chicago,3
11359,Campbell,Campbell,MO,Missouri,29069,Dunklin,36.493,-90.0762,1807,496,polygon,FALSE,TRUE,America/Chicago,3
11360,Stafford,Stafford,OR,Oregon,41005,Clackamas,45.3786,-122.6823,1807,111,polygon,FALSE,FALSE,America/Los_Angeles,3
11361,Ralls,Ralls,TX,Texas,48107,Crosby,33.6788,-101.3845,1806,516,polygon,FALSE,TRUE,America/Chicago,3
11362,Marissa,Marissa,IL,Illinois,17163,St. Clair,38.2501,-89.7746,1806,96,polygon,FALSE,TRUE,America/Chicago,3
11363,Lookout Mountain,Lookout Mountain,AL,Alabama,1055,Etowah,34.1091,-85.9585,1805,45,polygon,FALSE,TRUE,America/Chicago,3
11364,Lawton,Lawton,MI,Michigan,26159,Van Buren,42.1678,-85.846,1805,302,polygon,FALSE,TRUE,America/Detroit,3
11365,King,King,WI,Wisconsin,55135,Waupaca,44.34,-89.1231,1804,323,polygon,FALSE,FALSE,America/Chicago,3
11366,Pahala,Pahala,HI,Hawaii,15001,Hawaii,19.1995,-155.4794,1804,831,polygon,FALSE,FALSE,Pacific/Honolulu,3
11367,Keeler Farm,Keeler Farm,NM,New Mexico,35029,Luna,32.3161,-107.7602,1804,61,polygon,FALSE,TRUE,America/Denver,3
11368,Peach Lake,Peach Lake,NY,New York,36079,Putnam,41.3682,-73.5778,1804,261,polygon,FALSE,FALSE,America/New_York,3
11369,Shasta,Shasta,CA,California,6089,Shasta,40.591,-122.4797,1804,63,polygon,FALSE,FALSE,America/Los_Angeles,3
11370,Guttenberg,Guttenberg,IA,Iowa,19043,Clayton,42.7886,-91.1059,1804,333,polygon,FALSE,TRUE,America/Chicago,3
11371,Plainville,Plainville,KS,Kansas,20163,Rooks,39.2341,-99.3009,1804,582,polygon,FALSE,TRUE,America/Chicago,3
11372,Lyndhurst,Lyndhurst,VA,Virginia,51015,Augusta,38.0221,-78.9516,1803,115,polygon,FALSE,FALSE,America/New_York,3
11373,Pine Mountain Club,Pine Mountain Club,CA,California,6029,Kern,34.8446,-119.1669,1803,41,polygon,FALSE,FALSE,America/Los_Angeles,3
11374,Inola,Inola,OK,Oklahoma,40131,Rogers,36.1315,-95.5373,1803,104,polygon,FALSE,TRUE,America/Chicago,3
11375,Elida,Elida,OH,Ohio,39003,Allen,40.7868,-84.1995,1803,633,polygon,FALSE,TRUE,America/New_York,3
11376,West Glendive,West Glendive,MT,Montana,30021,Dawson,47.1056,-104.754,1803,181,polygon,FALSE,FALSE,America/Denver,3
11377,Jackson,Jackson,SC,South Carolina,45003,Aiken,33.3284,-81.7925,1803,199,polygon,FALSE,TRUE,America/New_York,3
11378,Mayville,Mayville,ND,North Dakota,38097,Traill,47.4982,-97.3264,1802,369,polygon,FALSE,TRUE,America/Chicago,3
11379,Lebec,Lebec,CA,California,6029,Kern,34.845,-118.8992,1802,45,polygon,FALSE,FALSE,America/Los_Angeles,3
11380,Plymouth,Plymouth,OH,Ohio,39077,Huron,40.9966,-82.6672,1801,274,polygon,FALSE,TRUE,America/New_York,3
11381,Kenyon,Kenyon,MN,Minnesota,27049,Goodhue,44.2726,-92.9858,1801,301,polygon,FALSE,TRUE,America/Chicago,3
11382,Millwood,Millwood,WA,Washington,53063,Spokane,47.6856,-117.2806,1800,998,polygon,FALSE,TRUE,America/Los_Angeles,3
11383,Crandon,Crandon,WI,Wisconsin,55041,Forest,45.5686,-88.8973,1800,133,polygon,FALSE,TRUE,America/Chicago,3
11384,Durand,Durand,WI,Wisconsin,55091,Pepin,44.6271,-91.9607,1800,397,polygon,FALSE,TRUE,America/Chicago,3
11385,Lazy Mountain,Lazy Mountain,AK,Alaska,2170,Matanuska-Susitna,61.6516,-148.902,1800,11,polygon,FALSE,FALSE,America/Anchorage,3
11386,Washington Park,Washington Park,FL,Florida,12011,Broward,26.1304,-80.1801,1799,1711,polygon,FALSE,FALSE,America/New_York,3
11387,Flora Vista,Flora Vista,NM,New Mexico,35045,San Juan,36.8056,-108.0856,1799,150,polygon,FALSE,FALSE,America/Denver,3
11388,Camino,Camino,CA,California,6017,El Dorado,38.7412,-120.6815,1799,308,polygon,FALSE,FALSE,America/Los_Angeles,3
11389,West Liberty,West Liberty,OH,Ohio,39091,Logan,40.2569,-83.7584,1799,569,polygon,FALSE,TRUE,America/New_York,3
11390,Butler,Butler,WI,Wisconsin,55133,Waukesha,43.1085,-88.0713,1798,888,polygon,FALSE,TRUE,America/Chicago,3
11391,Grandview,Grandview,TX,Texas,48251,Johnson,32.2685,-97.1775,1798,383,polygon,FALSE,TRUE,America/Chicago,3
11392,Orion,Orion,IL,Illinois,17073,Henry,41.3515,-90.3767,1798,756,polygon,FALSE,TRUE,America/Chicago,3
11393,Bethlehem Village,Bethlehem Village,CT,Connecticut,9005,Litchfield,41.6401,-73.2031,1798,89,polygon,FALSE,TRUE,America/New_York,3
11394,Lewiston,Lewiston,UT,Utah,49005,Cache,41.9615,-111.8797,1798,27,polygon,FALSE,TRUE,America/Denver,3
11395,Lakeside,Lakeside,OR,Oregon,41011,Coos,43.5795,-124.1732,1798,347,polygon,FALSE,TRUE,America/Los_Angeles,3
11396,East Palatka,East Palatka,FL,Florida,12107,Putnam,29.6502,-81.5998,1797,218,polygon,FALSE,FALSE,America/New_York,3
11397,Westhampton Beach,Westhampton Beach,NY,New York,36103,Suffolk,40.808,-72.6457,1797,236,polygon,FALSE,TRUE,America/New_York,3
11398,Cologne,Cologne,MN,Minnesota,27019,Carver,44.7696,-93.7931,1797,388,polygon,FALSE,TRUE,America/Chicago,3
11399,Elgin,Elgin,OR,Oregon,41061,Union,45.5643,-117.9212,1797,702,polygon,FALSE,TRUE,America/Los_Angeles,3
11400,Yacolt,Yacolt,WA,Washington,53011,Clark,45.8653,-122.4062,1796,1206,polygon,FALSE,TRUE,America/Los_Angeles,3
11401,Lithopolis,Lithopolis,OH,Ohio,39045,Fairfield,39.8113,-82.8155,1796,309,polygon,FALSE,TRUE,America/New_York,3
11402,Henderson,Henderson,LA,Louisiana,22099,St. Martin,30.3186,-91.8039,1795,260,polygon,FALSE,TRUE,America/Chicago,3
11403,Richland,Richland,MO,Missouri,29169,Pulaski,37.861,-92.3993,1795,305,polygon,FALSE,TRUE,America/Chicago,3
11404,Warroad,Warroad,MN,Minnesota,27135,Roseau,48.9169,-95.3272,1795,228,polygon,FALSE,TRUE,America/Chicago,3
11405,Appomattox,Appomattox,VA,Virginia,51011,Appomattox,37.3591,-78.8269,1794,300,polygon,FALSE,TRUE,America/New_York,3
11406,Village of the Branch,Village of the Branch,NY,New York,36103,Suffolk,40.8524,-73.1844,1793,730,polygon,FALSE,TRUE,America/New_York,3
11407,Mount Sterling,Mount Sterling,OH,Ohio,39097,Madison,39.7134,-83.2734,1793,411,polygon,FALSE,TRUE,America/New_York,3
11408,Scenic,Scenic,AZ,Arizona,4015,Mohave,36.7931,-114.0151,1792,42,polygon,FALSE,TRUE,America/Phoenix,3
11409,Coalgate,Coalgate,OK,Oklahoma,40029,Coal,34.5323,-96.2208,1792,379,polygon,FALSE,TRUE,America/Chicago,3
11410,Cridersville,Cridersville,OH,Ohio,39011,Auglaize,40.6509,-84.1427,1792,668,polygon,FALSE,TRUE,America/New_York,3
11411,Jamestown,Jamestown,KY,Kentucky,21207,Russell,36.9896,-85.0662,1791,196,polygon,FALSE,TRUE,America/Chicago,3
11412,South Floral Park,South Floral Park,NY,New York,36059,Nassau,40.7136,-73.7005,1790,7105,polygon,FALSE,TRUE,America/New_York,2
11413,Linden,Linden,CA,California,6077,San Joaquin,38.0186,-121.0994,1790,93,polygon,FALSE,FALSE,America/Los_Angeles,3
11414,Decatur,Decatur,AR,Arkansas,5007,Benton,36.3402,-94.4578,1790,154,polygon,FALSE,TRUE,America/Chicago,3
11415,Cameron,Cameron,WI,Wisconsin,55005,Barron,45.4057,-91.7423,1788,263,polygon,FALSE,TRUE,America/Chicago,3
11416,Lake Holiday,Lake Holiday,VA,Virginia,51069,Frederick,39.3092,-78.3245,1788,203,polygon,FALSE,TRUE,America/New_York,3
11417,Maunabo,Maunabo,PR,Puerto Rico,72095,Maunabo,18.0056,-65.9009,1788,1178,polygon,FALSE,FALSE,America/Puerto_Rico,3
11418,Coushatta,Coushatta,LA,Louisiana,22081,Red River,32.0256,-93.3406,1787,206,polygon,FALSE,TRUE,America/Chicago,3
11419,North Fork,North Fork,AZ,Arizona,4017,Navajo,33.9965,-109.9593,1787,11,polygon,FALSE,TRUE,America/Phoenix,3
11420,Idaho Springs,Idaho Springs,CO,Colorado,8019,Clear Creek,39.7445,-105.5003,1786,306,polygon,FALSE,TRUE,America/Denver,3
11421,Bartonville,Bartonville,TX,Texas,48121,Denton,33.0795,-97.1506,1785,106,polygon,FALSE,TRUE,America/Chicago,3
11422,Sparkill,Sparkill,NY,New York,36087,Rockland,41.0289,-73.9333,1785,1301,polygon,FALSE,FALSE,America/New_York,3
11423,Spring Park,Spring Park,MN,Minnesota,27053,Hennepin,44.9364,-93.6319,1784,1951,polygon,FALSE,TRUE,America/Chicago,3
11424,Edgerton,Edgerton,KS,Kansas,20091,Johnson,38.7717,-94.9705,1784,93,polygon,FALSE,TRUE,America/Chicago,3
11425,Avon-by-the-Sea,Avon-by-the-Sea,NJ,New Jersey,34025,Monmouth,40.1913,-74.0166,1783,1617,polygon,FALSE,TRUE,America/New_York,3
11426,Basile,Basile,LA,Louisiana,22039,Evangeline,30.4855,-92.601,1783,593,polygon,FALSE,TRUE,America/Chicago,3
11427,Braddock Hills,Braddock Hills,PA,Pennsylvania,42003,Allegheny,40.418,-79.8629,1783,726,polygon,FALSE,TRUE,America/New_York,3
11428,Tawas City,Tawas City,MI,Michigan,26069,Iosco,44.2679,-83.5244,1783,405,polygon,FALSE,TRUE,America/Detroit,3
11429,Ortonville,Ortonville,MN,Minnesota,27011,Big Stone,45.3017,-96.4415,1782,164,polygon,FALSE,TRUE,America/Chicago,3
11430,Clarendon,Clarendon,TX,Texas,48129,Donley,34.9366,-100.8918,1781,236,polygon,FALSE,TRUE,America/Chicago,3
11431,Wellsville,Wellsville,KS,Kansas,20059,Franklin,38.7166,-95.0806,1781,488,polygon,FALSE,TRUE,America/Chicago,3
11432,Sturgis,Sturgis,KY,Kentucky,21225,Union,37.5465,-87.9878,1781,438,polygon,FALSE,TRUE,America/Chicago,3
11433,Muhlenberg Park,Muhlenberg Park,PA,Pennsylvania,42011,Berks,40.3867,-75.9398,1780,1185,polygon,FALSE,FALSE,America/New_York,3
11434,Miami,Miami,AZ,Arizona,4007,Gila,33.3951,-110.8721,1780,783,polygon,FALSE,TRUE,America/Phoenix,3
11435,Gilbert,Gilbert,MN,Minnesota,27137,St. Louis,47.4913,-92.4612,1780,58,polygon,FALSE,TRUE,America/Chicago,3
11436,Mora,Mora,PR,Puerto Rico,72071,Isabela,18.4626,-67.0322,1780,2149,polygon,FALSE,FALSE,America/Puerto_Rico,2
11437,Sneads,Sneads,FL,Florida,12063,Jackson,30.7085,-84.9249,1779,156,polygon,FALSE,TRUE,America/Chicago,3
11438,Bovina,Bovina,TX,Texas,48369,Parmer,34.5157,-102.8846,1777,582,polygon,FALSE,TRUE,America/Chicago,3
11439,French Lick,French Lick,IN,Indiana,18117,Orange,38.5462,-86.6202,1777,376,polygon,FALSE,TRUE,America/Indiana/Indianapolis,3
11440,Judson,Judson,SC,South Carolina,45045,Greenville,34.8335,-82.4272,1777,871,polygon,FALSE,FALSE,America/New_York,3
11441,Merritt Park,Merritt Park,NY,New York,36027,Dutchess,41.5385,-73.8724,1776,1549,polygon,FALSE,TRUE,America/New_York,3
11442,Dallas Center,Dallas Center,IA,Iowa,19049,Dallas,41.6854,-93.9816,1776,130,polygon,FALSE,TRUE,America/Chicago,3
11443,Allentown,Allentown,NJ,New Jersey,34025,Monmouth,40.1777,-74.5873,1775,1149,polygon,FALSE,TRUE,America/New_York,3
11444,Folsom,Folsom,NJ,New Jersey,34001,Atlantic,39.5928,-74.8424,1775,82,polygon,FALSE,TRUE,America/New_York,3
11445,Tyler Run,Tyler Run,PA,Pennsylvania,42133,York,39.9304,-76.7011,1775,709,polygon,FALSE,TRUE,America/New_York,3
11446,Port Carbon,Port Carbon,PA,Pennsylvania,42107,Schuylkill,40.6969,-76.1666,1775,908,polygon,FALSE,TRUE,America/New_York,3
11447,Sardis City,Sardis City,AL,Alabama,1055,Etowah,34.1749,-86.1125,1775,87,polygon,FALSE,TRUE,America/Chicago,3
11448,Milan,Milan,MO,Missouri,29211,Sullivan,40.2031,-93.124,1775,386,polygon,FALSE,TRUE,America/Chicago,3
11449,Marion,Marion,KS,Kansas,20115,Marion,38.355,-97.0087,1775,255,polygon,FALSE,TRUE,America/Chicago,3
11450,Orchard Grass Hills,Orchard Grass Hills,KY,Kentucky,21185,Oldham,38.3234,-85.5236,1775,1764,polygon,FALSE,TRUE,America/New_York,3
11451,Lake City,Lake City,TN,Tennessee,47001,Anderson,36.2242,-84.1547,1774,445,polygon,FALSE,TRUE,America/New_York,3
11452,Lynnwood-Pricedale,Lynnwood-Pricedale,PA,Pennsylvania,42129,Westmoreland,40.1303,-79.8515,1774,552,polygon,FALSE,TRUE,America/New_York,3
11453,Friedens,Friedens,PA,Pennsylvania,42111,Somerset,40.0449,-79.0027,1774,218,polygon,FALSE,FALSE,America/New_York,3
11454,Zolfo Springs,Zolfo Springs,FL,Florida,12049,Hardee,27.4926,-81.7869,1773,393,polygon,FALSE,TRUE,America/New_York,3
11455,Long Valley,Long Valley,NJ,New Jersey,34027,Morris,40.7826,-74.7777,1773,149,polygon,FALSE,FALSE,America/New_York,3
11456,Sebastian,Sebastian,TX,Texas,48489,Willacy,26.3454,-97.7964,1772,410,polygon,FALSE,FALSE,America/Chicago,3
11457,Rocky Point,Rocky Point,NC,North Carolina,37141,Pender,34.4441,-77.8909,1772,99,polygon,FALSE,FALSE,America/New_York,3
11458,Kualapuu,Kualapuu,HI,Hawaii,15009,Maui,21.1563,-157.0591,1771,23,polygon,FALSE,FALSE,Pacific/Honolulu,3
11459,Loretto,Loretto,TN,Tennessee,47099,Lawrence,35.0794,-87.4402,1771,183,polygon,FALSE,TRUE,America/Chicago,3
11460,Lake Mohawk,Lake Mohawk,OH,Ohio,39019,Carroll,40.6608,-81.1928,1771,186,polygon,FALSE,FALSE,America/New_York,3
11461,Kapaau,Kapaau,HI,Hawaii,15001,Hawaii,20.2267,-155.805,1770,237,polygon,FALSE,FALSE,Pacific/Honolulu,3
11462,Stinnett,Stinnett,TX,Texas,48233,Hutchinson,35.8231,-101.4436,1770,344,polygon,FALSE,TRUE,America/Chicago,3
11463,Southport,Southport,IN,Indiana,18097,Marion,39.66,-86.1171,1770,1088,polygon,FALSE,TRUE,America/Indiana/Indianapolis,3
11464,Forsyth,Forsyth,MT,Montana,30087,Rosebud,46.2669,-106.6748,1770,593,polygon,FALSE,TRUE,America/Denver,3
11465,Ledbetter,Ledbetter,KY,Kentucky,21139,Livingston,37.0521,-88.4966,1770,133,polygon,FALSE,FALSE,America/Chicago,3
11466,Waterflow,Waterflow,NM,New Mexico,35045,San Juan,36.7575,-108.4711,1769,79,polygon,FALSE,FALSE,America/Denver,3
11467,Humboldt,Humboldt,KS,Kansas,20001,Allen,37.8119,-95.437,1769,477,polygon,FALSE,TRUE,America/Chicago,3
11468,Kiawah Island,Kiawah Island,SC,South Carolina,45019,Charleston,32.6159,-80.0607,1769,62,polygon,FALSE,TRUE,America/New_York,3
11469,Duson,Duson,LA,Louisiana,22055,Lafayette,30.2364,-92.193,1768,227,polygon,FALSE,TRUE,America/Chicago,3
11470,Cannon Beach,Cannon Beach,OR,Oregon,41007,Clatsop,45.8884,-123.9602,1768,434,polygon,FALSE,TRUE,America/Los_Angeles,3
11471,Cherryville,Cherryville,PA,Pennsylvania,42095,Northampton,40.7549,-75.5309,1767,260,polygon,FALSE,FALSE,America/New_York,3
11472,Marlette,Marlette,MI,Michigan,26151,Sanilac,43.3268,-83.0807,1767,422,polygon,FALSE,TRUE,America/Detroit,3
11473,Littlerock,Littlerock,CA,California,6037,Los Angeles,34.5232,-117.9809,1766,369,polygon,FALSE,FALSE,America/Los_Angeles,3
11474,Sea Girt,Sea Girt,NJ,New Jersey,34025,Monmouth,40.1308,-74.0358,1765,642,polygon,FALSE,TRUE,America/New_York,3
11475,Camden,Camden,AL,Alabama,1131,Wilcox,32.0007,-87.2967,1765,162,polygon,FALSE,TRUE,America/Chicago,3
11476,Mechanicsville,Mechanicsville,MD,Maryland,24037,St. Mary's,38.4355,-76.7424,1765,131,polygon,FALSE,FALSE,America/New_York,3
11477,McCleary,McCleary,WA,Washington,53027,Grays Harbor,47.0584,-123.2722,1764,332,polygon,FALSE,TRUE,America/Los_Angeles,3
11478,Shamrock,Shamrock,TX,Texas,48483,Wheeler,35.2153,-100.2461,1764,332,polygon,FALSE,TRUE,America/Chicago,3
11479,Town Line,Town Line,NY,New York,36029,Erie,42.8858,-78.561,1764,147,polygon,FALSE,FALSE,America/New_York,3
11480,Lattingtown,Lattingtown,NY,New York,36059,Nassau,40.8922,-73.5966,1764,181,polygon,FALSE,TRUE,America/New_York,3
11481,WaKeeney,WaKeeney,KS,Kansas,20195,Trego,39.0234,-99.8814,1764,382,polygon,FALSE,TRUE,America/Chicago,3
11482,Aceitunas,Aceitunas,PR,Puerto Rico,72099,Moca,18.4455,-67.0669,1764,2732,polygon,FALSE,FALSE,America/Puerto_Rico,2
11483,Port Edwards,Port Edwards,WI,Wisconsin,55141,Wood,44.3484,-89.854,1763,130,polygon,FALSE,TRUE,America/Chicago,3
11484,Lima,Lima,PA,Pennsylvania,42045,Delaware,39.9194,-75.4417,1763,463,polygon,FALSE,FALSE,America/New_York,3
11485,Shannon,Shannon,MS,Mississippi,28081,Lee,34.1144,-88.6931,1763,168,polygon,FALSE,TRUE,America/Chicago,3
11486,Anna Maria,Anna Maria,FL,Florida,12081,Manatee,27.5297,-82.7339,1762,920,polygon,FALSE,TRUE,America/New_York,3
11487,Slater,Slater,MO,Missouri,29195,Saline,39.2227,-93.065,1762,470,polygon,FALSE,TRUE,America/Chicago,3
11488,Silver Bay,Silver Bay,MN,Minnesota,27075,Lake,47.294,-91.278,1762,89,polygon,FALSE,TRUE,America/Chicago,3
11489,Olivet,Olivet,MI,Michigan,26045,Eaton,42.444,-84.9246,1762,666,polygon,FALSE,TRUE,America/Detroit,3
11490,North Newton,North Newton,KS,Kansas,20079,Harvey,38.0767,-97.3475,1762,744,polygon,FALSE,TRUE,America/Chicago,3
11491,Weyauwega,Weyauwega,WI,Wisconsin,55135,Waupaca,44.324,-88.9332,1761,442,polygon,FALSE,TRUE,America/Chicago,3
11492,Santa Clara,Santa Clara,NM,New Mexico,35017,Grant,32.7773,-108.154,1761,497,polygon,FALSE,TRUE,America/Denver,3
11493,Houghton,Houghton,NY,New York,36003,Allegany,42.4277,-78.1615,1761,274,polygon,FALSE,FALSE,America/New_York,3
11494,Palomas,Palomas,PR,Puerto Rico,72153,Yauco,18.0135,-66.8688,1761,1359,polygon,FALSE,FALSE,America/Puerto_Rico,3
11495,Danbury,Danbury,TX,Texas,48039,Brazoria,29.2274,-95.3461,1760,701,polygon,FALSE,TRUE,America/Chicago,3
11496,Surgoinsville,Surgoinsville,TN,Tennessee,47073,Hawkins,36.4745,-82.8594,1760,118,polygon,FALSE,TRUE,America/New_York,3
11497,Mescal,Mescal,AZ,Arizona,4003,Cochise,31.9675,-110.4368,1760,138,polygon,FALSE,FALSE,America/Phoenix,3
11498,Paradis,Paradis,LA,Louisiana,22089,St. Charles,29.868,-90.4398,1759,105,polygon,FALSE,FALSE,America/Chicago,3
11499,Butler,Butler,GA,Georgia,13269,Taylor,32.557,-84.2377,1759,209,polygon,FALSE,TRUE,America/New_York,3
11500,Luther,Luther,OK,Oklahoma,40109,Oklahoma,35.668,-97.1905,1759,44,polygon,FALSE,TRUE,America/Chicago,3
11501,Elkhart,Elkhart,KS,Kansas,20129,Morton,37.0038,-101.8944,1758,330,polygon,FALSE,TRUE,America/Chicago,3
11502,Palmyra,Palmyra,WI,Wisconsin,55055,Jefferson,42.8811,-88.6,1757,315,polygon,FALSE,TRUE,America/Chicago,3
11503,East Pittsburgh,East Pittsburgh,PA,Pennsylvania,42003,Allegheny,40.3969,-79.8382,1757,1749,polygon,FALSE,TRUE,America/New_York,3
11504,Pomeroy,Pomeroy,OH,Ohio,39105,Meigs,39.0292,-82.034,1757,208,polygon,FALSE,TRUE,America/New_York,3
11505,El Paraiso,El Paraiso,PR,Puerto Rico,72113,Ponce,18.0648,-66.6021,1757,2121,polygon,FALSE,FALSE,America/Puerto_Rico,2
11506,Shelburne Falls,Shelburne Falls,MA,Massachusetts,25011,Franklin,42.6063,-72.7434,1756,267,polygon,FALSE,FALSE,America/New_York,3
11507,Questa,Questa,NM,New Mexico,35055,Taos,36.7114,-105.5935,1755,132,polygon,FALSE,TRUE,America/Denver,3
11508,Lorena,Lorena,TX,Texas,48309,McLennan,31.3818,-97.2127,1755,199,polygon,FALSE,TRUE,America/Chicago,3
11509,Playita,Playita,PR,Puerto Rico,72151,Yabucoa,18.0405,-65.9071,1755,977,polygon,FALSE,FALSE,America/Puerto_Rico,3
11510,Cooperstown,Cooperstown,NY,New York,36077,Otsego,42.6996,-74.93,1754,414,polygon,FALSE,TRUE,America/New_York,3
11511,Bourbon,Bourbon,IN,Indiana,18099,Marshall,41.2993,-86.1167,1754,588,polygon,FALSE,TRUE,America/Indiana/Indianapolis,3
11512,Wright,Wright,WY,Wyoming,56005,Campbell,43.7484,-105.4963,1753,237,polygon,FALSE,TRUE,America/Denver,3
11513,Jeffersonville,Jeffersonville,KY,Kentucky,21173,Montgomery,37.9659,-83.832,1753,246,polygon,FALSE,TRUE,America/New_York,3
11514,Langdon,Langdon,ND,North Dakota,38019,Cavalier,48.7624,-98.3747,1752,437,polygon,FALSE,TRUE,America/Chicago,3
11515,Bellwood,Bellwood,PA,Pennsylvania,42013,Blair,40.6009,-78.3343,1751,1599,polygon,FALSE,TRUE,America/New_York,3
11516,Cedar Hill,Cedar Hill,MO,Missouri,29099,Jefferson,38.3575,-90.6409,1751,294,polygon,FALSE,FALSE,America/Chicago,3
11517,Twin Lake,Twin Lake,MI,Michigan,26121,Muskegon,43.3695,-86.1805,1751,285,polygon,FALSE,FALSE,America/Detroit,3
11518,Central Square,Central Square,NY,New York,36075,Oswego,43.286,-76.1419,1750,354,polygon,FALSE,TRUE,America/New_York,3
11519,Farley,Farley,IA,Iowa,19061,Dubuque,42.4437,-91.0092,1750,417,polygon,FALSE,TRUE,America/Chicago,3
11520,Gallatin,Gallatin,MO,Missouri,29061,Daviess,39.9106,-93.9642,1749,245,polygon,FALSE,TRUE,America/Chicago,3
11521,Rafter J Ranch,Rafter J Ranch,WY,Wyoming,56039,Teton,43.4317,-110.7922,1748,1032,polygon,FALSE,FALSE,America/Denver,3
11522,Randolph,Randolph,WI,Wisconsin,55021,Columbia,43.5396,-89.0029,1747,543,polygon,FALSE,TRUE,America/Chicago,3
11523,Catlettsburg,Catlettsburg,KY,Kentucky,21019,Boyd,38.4189,-82.6024,1747,506,polygon,FALSE,TRUE,America/New_York,3
11524,Spencerville,Spencerville,NM,New Mexico,35045,San Juan,36.8192,-108.056,1746,201,polygon,FALSE,FALSE,America/Denver,3
11525,Elberta,Elberta,AL,Alabama,1003,Baldwin,30.3855,-87.5888,1746,96,polygon,FALSE,TRUE,America/Chicago,3
11526,Calico Rock,Calico Rock,AR,Arkansas,5065,Izard,36.1399,-92.1337,1746,143,polygon,FALSE,TRUE,America/Chicago,3
11527,Lewisburg,Lewisburg,OH,Ohio,39135,Preble,39.8508,-84.5434,1746,627,polygon,FALSE,TRUE,America/New_York,3
11528,McMillin,McMillin,WA,Washington,53053,Pierce,47.1286,-122.2374,1745,407,polygon,FALSE,FALSE,America/Los_Angeles,3
11529,Monon,Monon,IN,Indiana,18181,White,40.8642,-86.8786,1745,761,polygon,FALSE,TRUE,America/Indiana/Indianapolis,3
11530,Grand Ronde,Grand Ronde,OR,Oregon,41053,Polk,45.0739,-123.621,1745,35,polygon,FALSE,FALSE,America/Los_Angeles,3
11531,Davenport,Davenport,WA,Washington,53043,Lincoln,47.655,-118.1519,1744,403,polygon,FALSE,TRUE,America/Los_Angeles,3
11532,Monroe North,Monroe North,WA,Washington,53061,Snohomish,47.8828,-121.9885,1744,283,polygon,FALSE,TRUE,America/Los_Angeles,3
11533,Alum Creek,Alum Creek,WV,West Virginia,54043,Lincoln,38.2876,-81.833,1744,66,polygon,FALSE,FALSE,America/New_York,3
11534,Upper Brookville,Upper Brookville,NY,New York,36059,Nassau,40.8475,-73.5628,1744,156,polygon,FALSE,TRUE,America/New_York,3
11535,Rossmoyne,Rossmoyne,OH,Ohio,39061,Hamilton,39.2145,-84.3886,1744,1146,polygon,FALSE,FALSE,America/New_York,3
11536,Osakis,Osakis,MN,Minnesota,27041,Douglas,45.8649,-95.1524,1744,348,polygon,FALSE,TRUE,America/Chicago,3
11537,Corcovado,Corcovado,PR,Puerto Rico,72065,Hatillo,18.461,-66.7778,1744,1312,polygon,FALSE,FALSE,America/Puerto_Rico,3
11538,Middleport,Middleport,NY,New York,36063,Niagara,43.2117,-78.4757,1743,771,polygon,FALSE,TRUE,America/New_York,3
11539,Woodlands,Woodlands,CA,California,6079,San Luis Obispo,35.0289,-120.5524,1743,407,polygon,FALSE,TRUE,America/Los_Angeles,3
11540,Milam,Milam,TX,Texas,48403,Sabine,31.4541,-93.7979,1742,20,polygon,FALSE,FALSE,America/Chicago,3
11541,Hampton,Hampton,IL,Illinois,17161,Rock Island,41.5555,-90.4047,1742,460,polygon,FALSE,TRUE,America/Chicago,3
11542,Unionville,Unionville,MO,Missouri,29171,Putnam,40.4757,-93.0044,1742,336,polygon,FALSE,TRUE,America/Chicago,3
11543,Fall River,Fall River,WI,Wisconsin,55021,Columbia,43.3856,-89.0456,1741,367,polygon,FALSE,TRUE,America/Chicago,3
11544,Fontana-on-Geneva Lake,Fontana-on-Geneva Lake,WI,Wisconsin,55127,Walworth,42.5453,-88.5702,1741,199,polygon,FALSE,TRUE,America/Chicago,3
11545,Pikeville,Pikeville,TN,Tennessee,47007,Bledsoe,35.6027,-85.1984,1741,275,polygon,FALSE,TRUE,America/Chicago,3
11546,Forest City,Forest City,PA,Pennsylvania,42115,Susquehanna,41.6521,-75.4691,1741,735,polygon,FALSE,TRUE,America/New_York,3
11547,South Whitley,South Whitley,IN,Indiana,18183,Whitley,41.0838,-85.6278,1741,772,polygon,FALSE,TRUE,America/Indiana/Indianapolis,3
11548,Oakley,Oakley,UT,Utah,49043,Summit,40.7257,-111.2788,1740,94,polygon,FALSE,TRUE,America/Denver,3
11549,Esko,Esko,MN,Minnesota,27017,Carlton,46.71,-92.3721,1740,138,polygon,FALSE,FALSE,America/Chicago,3
11550,Elkland,Elkland,PA,Pennsylvania,42117,Tioga,41.989,-77.314,1739,256,polygon,FALSE,TRUE,America/New_York,3
11551,Lacon,Lacon,IL,Illinois,17123,Marshall,41.0228,-89.4062,1739,419,polygon,FALSE,TRUE,America/Chicago,3
11552,Harwich Port,Harwich Port,MA,Massachusetts,25001,Barnstable,41.6723,-70.0641,1739,255,polygon,FALSE,FALSE,America/New_York,3
11553,Gruetli-Laager,Gruetli-Laager,TN,Tennessee,47061,Grundy,35.3725,-85.6375,1738,52,polygon,FALSE,TRUE,America/Chicago,3
11554,South Temple,South Temple,PA,Pennsylvania,42011,Berks,40.399,-75.9224,1738,2002,polygon,FALSE,FALSE,America/New_York,2
11555,Grove Hill,Grove Hill,AL,Alabama,1025,Clarke,31.7006,-87.7748,1738,88,polygon,FALSE,TRUE,America/Chicago,3
11556,New California,New California,OH,Ohio,39159,Union,40.1502,-83.2372,1738,326,polygon,FALSE,FALSE,America/New_York,3
11557,Honey Grove,Honey Grove,TX,Texas,48147,Fannin,33.5866,-95.909,1737,224,polygon,FALSE,TRUE,America/Chicago,3
11558,Huachuca City,Huachuca City,AZ,Arizona,4003,Cochise,31.6308,-110.3422,1736,237,polygon,FALSE,TRUE,America/Phoenix,3
11559,Second Mesa,Second Mesa,AZ,Arizona,4017,Navajo,35.8222,-110.4884,1736,16,polygon,FALSE,FALSE,America/Phoenix,3
11560,Toro Canyon,Toro Canyon,CA,California,6083,Santa Barbara,34.4235,-119.5568,1735,187,polygon,FALSE,FALSE,America/Los_Angeles,3
11561,Toquerville,Toquerville,UT,Utah,49053,Washington,37.2666,-113.2951,1735,30,polygon,FALSE,TRUE,America/Denver,3
11562,Itasca,Itasca,TX,Texas,48217,Hill,32.1586,-97.1478,1733,539,polygon,FALSE,TRUE,America/Chicago,3
11563,Louisa,Louisa,VA,Virginia,51109,Louisa,38.0212,-77.9985,1733,366,polygon,FALSE,TRUE,America/New_York,3
11564,Eaton,Eaton,IN,Indiana,18035,Delaware,40.3218,-85.3591,1733,179,polygon,FALSE,TRUE,America/Indiana/Indianapolis,3
11565,Nissequogue,Nissequogue,NY,New York,36103,Suffolk,40.9023,-73.1923,1732,175,polygon,FALSE,TRUE,America/New_York,3
11566,Chevy Chase Heights,Chevy Chase Heights,PA,Pennsylvania,42063,Indiana,40.6403,-79.1456,1732,527,polygon,FALSE,FALSE,America/New_York,3
11567,Rector,Rector,AR,Arkansas,5021,Clay,36.2642,-90.2935,1732,490,polygon,FALSE,TRUE,America/Chicago,3
11568,Decatur,Decatur,MI,Michigan,26159,Van Buren,42.1075,-85.9746,1732,494,polygon,FALSE,TRUE,America/Detroit,3
11569,Plentywood,Plentywood,MT,Montana,30091,Sheridan,48.7761,-104.5574,1732,492,polygon,FALSE,TRUE,America/Denver,3
11570,Wilson,Wilson,WY,Wyoming,56039,Teton,43.486,-110.8937,1731,29,polygon,FALSE,FALSE,America/Denver,3
11571,Radium Springs,Radium Springs,NM,New Mexico,35013,Doña Ana,32.4783,-106.9031,1731,112,polygon,FALSE,FALSE,America/Denver,3
11572,McEwen,McEwen,TN,Tennessee,47085,Humphreys,36.1099,-87.6355,1731,362,polygon,FALSE,TRUE,America/Chicago,3
11573,Ben Avon,Ben Avon,PA,Pennsylvania,42003,Allegheny,40.5058,-80.0814,1731,1763,polygon,FALSE,TRUE,America/New_York,3
11574,Oberlin,Oberlin,LA,Louisiana,22003,Allen,30.607,-92.7724,1730,152,polygon,FALSE,TRUE,America/Chicago,3
11575,Whitwell,Whitwell,TN,Tennessee,47115,Marion,35.1918,-85.5212,1730,190,polygon,FALSE,TRUE,America/Chicago,3
11576,Los Ranchos,Los Ranchos,CA,California,6079,San Luis Obispo,35.2102,-120.6291,1730,236,polygon,FALSE,TRUE,America/Los_Angeles,3
11577,Pine Grove,Pine Grove,CA,California,6005,Amador,38.4074,-120.6606,1730,95,polygon,FALSE,FALSE,America/Los_Angeles,3
11578,Manitou Beach-Devils Lake,Manitou Beach-Devils Lake,MI,Michigan,26091,Lenawee,41.9756,-84.2862,1730,97,polygon,FALSE,TRUE,America/Detroit,3
11579,Pineville,Pineville,KY,Kentucky,21013,Bell,36.7537,-83.7087,1730,203,polygon,FALSE,TRUE,America/New_York,3
11580,Estell Manor,Estell Manor,NJ,New Jersey,34001,Atlantic,39.3587,-74.7752,1729,12,polygon,FALSE,TRUE,America/New_York,3
11581,Mont Alto,Mont Alto,PA,Pennsylvania,42055,Franklin,39.8404,-77.5555,1729,1186,polygon,FALSE,TRUE,America/New_York,3
11582,Kirkland,Kirkland,IL,Illinois,17037,DeKalb,42.0905,-88.8491,1729,544,polygon,FALSE,TRUE,America/Chicago,3
11583,Pierce,Pierce,NE,Nebraska,31139,Pierce,42.199,-97.5284,1728,736,polygon,FALSE,TRUE,America/Chicago,3
11584,Stuart,Stuart,IA,Iowa,19077,Guthrie,41.5003,-94.3187,1728,242,polygon,FALSE,TRUE,America/Chicago,3
11585,Bridgeport,Bridgeport,OH,Ohio,39013,Belmont,40.0673,-80.7473,1728,488,polygon,FALSE,TRUE,America/New_York,3
11586,Lester Prairie,Lester Prairie,MN,Minnesota,27085,McLeod,44.8829,-94.0374,1728,748,polygon,FALSE,TRUE,America/Chicago,3
11587,Lowry Crossing,Lowry Crossing,TX,Texas,48085,Collin,33.171,-96.5444,1727,257,polygon,FALSE,TRUE,America/Chicago,3
11588,Harpersville,Harpersville,AL,Alabama,1117,Shelby,33.3184,-86.4287,1727,31,polygon,FALSE,TRUE,America/Chicago,3
11589,Pine,Pine,AZ,Arizona,4007,Gila,34.3788,-111.4574,1727,20,polygon,FALSE,FALSE,America/Phoenix,3
11590,Kayak Point,Kayak Point,WA,Washington,53061,Snohomish,48.1387,-122.3342,1726,121,polygon,FALSE,TRUE,America/Los_Angeles,3
11591,Belleville,Belleville,PA,Pennsylvania,42087,Mifflin,40.606,-77.721,1726,333,polygon,FALSE,FALSE,America/New_York,3
11592,Le Grand,Le Grand,CA,California,6047,Merced,37.2288,-120.254,1726,584,polygon,FALSE,FALSE,America/Los_Angeles,3
11593,Westover,Westover,AL,Alabama,1117,Shelby,33.3685,-86.5346,1726,34,polygon,FALSE,TRUE,America/Chicago,3
11594,Plantsville,Plantsville,CT,Connecticut,9003,Hartford,41.5832,-72.8915,1726,714,polygon,FALSE,FALSE,America/New_York,3
11595,Bonner-West Riverside,Bonner-West Riverside,MT,Montana,30063,Missoula,46.8767,-113.8868,1726,437,polygon,FALSE,TRUE,America/Denver,3
11596,Webster,Webster,SD,South Dakota,46037,Day,45.3366,-97.5218,1726,410,polygon,FALSE,TRUE,America/Chicago,3
11597,Carnuel,Carnuel,NM,New Mexico,35001,Bernalillo,35.0609,-106.4587,1724,125,polygon,FALSE,FALSE,America/Denver,3
11598,Corazón,Corazon,PR,Puerto Rico,72057,Guayama,17.994,-66.0832,1724,1200,polygon,FALSE,FALSE,America/Puerto_Rico,3
11599,Amity,Amity,OR,Oregon,41071,Yamhill,45.1155,-123.2034,1724,1104,polygon,FALSE,TRUE,America/Los_Angeles,3
11600,Sparta,Sparta,NC,North Carolina,37005,Alleghany,36.5034,-81.1217,1723,283,polygon,FALSE,TRUE,America/New_York,3
11601,Dravosburg,Dravosburg,PA,Pennsylvania,42003,Allegheny,40.3509,-79.8906,1723,687,polygon,FALSE,TRUE,America/New_York,3
11602,Crested Butte,Crested Butte,CO,Colorado,8051,Gunnison,38.8675,-106.9772,1723,795,polygon,FALSE,TRUE,America/Denver,3
11603,Akron,Akron,CO,Colorado,8121,Washington,40.1635,-103.2202,1723,239,polygon,FALSE,TRUE,America/Denver,3
11604,Chenoa,Chenoa,IL,Illinois,17113,McLean,40.7389,-88.7259,1723,273,polygon,FALSE,TRUE,America/Chicago,3
11605,Five Points,Five Points,OH,Ohio,39165,Warren,39.5595,-84.1867,1723,323,polygon,FALSE,FALSE,America/New_York,3
11606,North Puyallup,North Puyallup,WA,Washington,53053,Pierce,47.2015,-122.2743,1722,634,polygon,FALSE,FALSE,America/Los_Angeles,3
11607,Ragland,Ragland,AL,Alabama,1115,St. Clair,33.7469,-86.1384,1722,39,polygon,FALSE,TRUE,America/Chicago,3
11608,Lamar,Lamar,AR,Arkansas,5071,Johnson,35.4436,-93.3951,1722,144,polygon,FALSE,TRUE,America/Chicago,3
11609,Wesson,Wesson,MS,Mississippi,28029,Copiah,31.7,-90.396,1722,148,polygon,FALSE,TRUE,America/Chicago,3
11610,Las Ollas,Las Ollas,PR,Puerto Rico,72133,Santa Isabel,18.0142,-66.4207,1722,2517,polygon,FALSE,FALSE,America/Puerto_Rico,2
11611,El Valle de Arroyo Seco,El Valle de Arroyo Seco,NM,New Mexico,35049,Santa Fe,35.9526,-106.0262,1721,128,polygon,FALSE,FALSE,America/Denver,3
11612,Whitewright,Whitewright,TX,Texas,48181,Grayson,33.5108,-96.3955,1721,357,polygon,FALSE,TRUE,America/Chicago,3
11613,Pennington Gap,Pennington Gap,VA,Virginia,51105,Lee,36.7594,-83.03,1721,398,polygon,FALSE,TRUE,America/New_York,3
11614,Butler,Butler,AL,Alabama,1023,Choctaw,32.0965,-88.2108,1721,98,polygon,FALSE,TRUE,America/Chicago,3
11615,Deshler,Deshler,OH,Ohio,39069,Henry,41.2075,-83.9056,1721,294,polygon,FALSE,TRUE,America/New_York,3
11616,Bear Creek,Bear Creek,FL,Florida,12103,Pinellas,27.7542,-82.7285,1720,1717,polygon,FALSE,TRUE,America/New_York,3
11617,Warrenton,Warrenton,GA,Georgia,13301,Warren,33.4067,-82.6653,1720,348,polygon,FALSE,TRUE,America/New_York,3
11618,Steep Falls,Steep Falls,ME,Maine,23005,Cumberland,43.7905,-70.6275,1720,66,polygon,FALSE,FALSE,America/New_York,3
11619,Silver Lake,Silver Lake,FL,Florida,12069,Lake,28.8436,-81.8008,1719,316,polygon,FALSE,FALSE,America/New_York,3
11620,West Lawn,West Lawn,PA,Pennsylvania,42011,Berks,40.3289,-75.9939,1719,3126,polygon,FALSE,FALSE,America/New_York,2
11621,Bylas,Bylas,AZ,Arizona,4009,Graham,33.1292,-110.1163,1719,158,polygon,FALSE,FALSE,America/Phoenix,3
11622,Prairie City,Prairie City,IA,Iowa,19099,Jasper,41.5954,-93.2393,1718,535,polygon,FALSE,TRUE,America/Chicago,3
11623,Trumansburg,Trumansburg,NY,New York,36109,Tompkins,42.541,-76.6618,1717,477,polygon,FALSE,TRUE,America/New_York,3
11624,Peebles,Peebles,OH,Ohio,39001,Adams,38.9463,-83.4094,1717,545,polygon,FALSE,TRUE,America/New_York,3
11625,Greilickville,Greilickville,MI,Michigan,26089,Leelanau,44.8049,-85.663,1717,146,polygon,FALSE,FALSE,America/Detroit,3
11626,Hampden-Sydney,Hampden-Sydney,VA,Virginia,51147,Prince Edward,37.2416,-78.4693,1716,170,polygon,FALSE,TRUE,America/New_York,3
11627,Eagleview,Eagleview,PA,Pennsylvania,42029,Chester,40.0598,-75.6789,1715,493,polygon,FALSE,TRUE,America/New_York,3
11628,Meridian Hills,Meridian Hills,IN,Indiana,18097,Marion,39.8874,-86.1567,1715,449,polygon,FALSE,TRUE,America/Indiana/Indianapolis,3
11629,Armada,Armada,MI,Michigan,26099,Macomb,42.8424,-82.8832,1715,898,polygon,FALSE,TRUE,America/Detroit,3
11630,Rosebud,Rosebud,SD,South Dakota,46121,Todd,43.2399,-100.823,1715,51,polygon,FALSE,FALSE,America/Chicago,3
11631,Stonewood,Stonewood,WV,West Virginia,54033,Harrison,39.2501,-80.3055,1714,778,polygon,FALSE,TRUE,America/New_York,3
11632,Moweaqua,Moweaqua,IL,Illinois,17173,Shelby,39.6265,-89.0187,1714,311,polygon,FALSE,TRUE,America/Chicago,3
11633,Dover Beaches North,Dover Beaches North,NJ,New Jersey,34029,Ocean,39.9921,-74.0715,1713,719,polygon,FALSE,FALSE,America/New_York,3
11634,Zeigler,Zeigler,IL,Illinois,17055,Franklin,37.9067,-89.0521,1712,486,polygon,FALSE,TRUE,America/Chicago,3
11635,Stockton,Stockton,IL,Illinois,17085,Jo Daviess,42.3526,-90.0019,1712,353,polygon,FALSE,TRUE,America/Chicago,3
11636,North Judson,North Judson,IN,Indiana,18149,Starke,41.2161,-86.7769,1712,598,polygon,FALSE,TRUE,America/Indiana/Knox,3
11637,Bartonsville,Bartonsville,MD,Maryland,24021,Frederick,39.3866,-77.3434,1712,253,polygon,FALSE,FALSE,America/New_York,3
11638,Baden,Baden,MD,Maryland,24033,Prince George's,38.6719,-76.7428,1712,23,polygon,FALSE,FALSE,America/New_York,3
11639,Chadbourn,Chadbourn,NC,North Carolina,37047,Columbus,34.3251,-78.825,1711,253,polygon,FALSE,TRUE,America/New_York,3
11640,Industry,Industry,PA,Pennsylvania,42007,Beaver,40.6595,-80.4115,1711,65,polygon,FALSE,TRUE,America/New_York,3
11641,Maroa,Maroa,IL,Illinois,17115,Macon,40.0366,-88.9561,1711,374,polygon,FALSE,TRUE,America/Chicago,3
11642,Evans City,Evans City,PA,Pennsylvania,42019,Butler,40.7685,-80.0584,1710,806,polygon,FALSE,TRUE,America/New_York,3
11643,Roanoke,Roanoke,IN,Indiana,18069,Huntington,40.9639,-85.3761,1710,548,polygon,FALSE,TRUE,America/Indiana/Indianapolis,3
11644,Duchesne,Duchesne,UT,Utah,49013,Duchesne,40.1753,-110.394,1710,235,polygon,FALSE,TRUE,America/Denver,3
11645,Choteau,Choteau,MT,Montana,30099,Teton,47.8137,-112.1794,1710,453,polygon,FALSE,TRUE,America/Denver,3
11646,Hughes Springs,Hughes Springs,TX,Texas,48067,Cass,32.9987,-94.631,1709,267,polygon,FALSE,TRUE,America/Chicago,3
11647,Westlake,Westlake,TX,Texas,48439,Tarrant,32.981,-97.2038,1709,98,polygon,FALSE,TRUE,America/Chicago,3
11648,Rafael Capó,Rafael Capo,PR,Puerto Rico,72065,Hatillo,18.3998,-66.7908,1709,461,polygon,FALSE,FALSE,America/Puerto_Rico,3
11649,Leilani Estates,Leilani Estates,HI,Hawaii,15001,Hawaii,19.4659,-154.9157,1708,163,polygon,FALSE,FALSE,Pacific/Honolulu,3
11650,Pumpkin Center,Pumpkin Center,NC,North Carolina,37133,Onslow,34.786,-77.3642,1708,520,polygon,FALSE,FALSE,America/New_York,3
11651,Tekamah,Tekamah,NE,Nebraska,31021,Burt,41.778,-96.2247,1708,419,polygon,FALSE,TRUE,America/Chicago,3
11652,Clinton,Clinton,NY,New York,36065,Oneida,43.0488,-75.3785,1707,1053,polygon,FALSE,TRUE,America/New_York,3
11653,Rivanna,Rivanna,VA,Virginia,51003,Albemarle,37.9945,-78.3788,1707,242,polygon,FALSE,TRUE,America/New_York,3
11654,Bessemer,Bessemer,MI,Michigan,26053,Gogebic,46.4775,-90.0498,1707,119,polygon,FALSE,TRUE,America/Menominee,3
11655,Shamokin Dam,Shamokin Dam,PA,Pennsylvania,42109,Snyder,40.8547,-76.8231,1706,357,polygon,FALSE,TRUE,America/New_York,3
11656,Syracuse,Syracuse,KS,Kansas,20075,Hamilton,37.9619,-101.7782,1706,160,polygon,FALSE,TRUE,America/Denver,3
11657,Whiting,Whiting,WI,Wisconsin,55097,Portage,44.4907,-89.56,1705,363,polygon,FALSE,TRUE,America/Chicago,3
11658,Montverde,Montverde,FL,Florida,12069,Lake,28.5971,-81.6787,1705,393,polygon,FALSE,TRUE,America/New_York,3
11659,Greenvale,Greenvale,NY,New York,36059,Nassau,40.8118,-73.6262,1705,2636,polygon,FALSE,FALSE,America/New_York,2
11660,Bridgeport,Bridgeport,IL,Illinois,17101,Lawrence,38.7095,-87.759,1705,614,polygon,FALSE,TRUE,America/Chicago,3
11661,Decatur,Decatur,MS,Mississippi,28101,Newton,32.4339,-89.1092,1705,119,polygon,FALSE,TRUE,America/Chicago,3
11662,Ridgeville,Ridgeville,SC,South Carolina,45035,Dorchester,33.09,-80.3071,1705,366,polygon,FALSE,TRUE,America/New_York,3
11663,Sorrento,Sorrento,LA,Louisiana,22005,Ascension,30.1828,-90.8674,1704,180,polygon,FALSE,TRUE,America/Chicago,3
11664,Red Lake,Red Lake,MN,Minnesota,27007,Beltrami,47.8707,-95.0052,1704,136,polygon,FALSE,FALSE,America/Chicago,3
11665,Meadowlakes,Meadowlakes,TX,Texas,48053,Burnet,30.5639,-98.2954,1703,864,polygon,FALSE,TRUE,America/Chicago,3
11666,Minorca,Minorca,LA,Louisiana,22029,Concordia,31.5725,-91.4884,1703,147,polygon,FALSE,FALSE,America/Chicago,3
11667,Richlands,Richlands,NC,North Carolina,37133,Onslow,34.9003,-77.5427,1703,402,polygon,FALSE,TRUE,America/New_York,3
11668,Cementon,Cementon,PA,Pennsylvania,42077,Lehigh,40.689,-75.5161,1703,1010,polygon,FALSE,FALSE,America/New_York,3
11669,Warsaw,Warsaw,KY,Kentucky,21077,Gallatin,38.7773,-84.9042,1703,691,polygon,FALSE,TRUE,America/New_York,3
11670,Contoocook,Contoocook,NH,New Hampshire,33013,Merrimack,43.2232,-71.7129,1702,285,polygon,FALSE,FALSE,America/New_York,3
11671,Archer City,Archer City,TX,Texas,48009,Archer,33.5937,-98.6257,1702,299,polygon,FALSE,TRUE,America/Chicago,3
11672,Chilhowie,Chilhowie,VA,Virginia,51173,Smyth,36.8009,-81.6832,1702,259,polygon,FALSE,TRUE,America/New_York,3
11673,La Grulla,La Grulla,TX,Texas,48427,Starr,26.272,-98.6483,1701,701,polygon,FALSE,TRUE,America/Chicago,3
11674,Oakes,Oakes,ND,North Dakota,38021,Dickey,46.1398,-98.0871,1701,419,polygon,FALSE,TRUE,America/Chicago,3
11675,Twin City,Twin City,GA,Georgia,13107,Emanuel,32.5829,-82.1575,1701,183,polygon,FALSE,TRUE,America/New_York,3
11676,Fairfax,Fairfax,OH,Ohio,39061,Hamilton,39.1432,-84.3972,1701,856,polygon,FALSE,TRUE,America/New_York,3
11677,Big Timber,Big Timber,MT,Montana,30097,Sweet Grass,45.8347,-109.9487,1701,712,polygon,FALSE,TRUE,America/Denver,3
11678,Monument Hills,Monument Hills,CA,California,6113,Yolo,38.6641,-121.8756,1700,162,polygon,FALSE,TRUE,America/Los_Angeles,3
11679,Jonesboro,Jonesboro,IL,Illinois,17181,Union,37.451,-89.2666,1700,243,polygon,FALSE,TRUE,America/Chicago,3
11680,Oberlin,Oberlin,KS,Kansas,20039,Decatur,39.823,-100.5308,1700,343,polygon,FALSE,TRUE,America/Chicago,3
11681,Mowbray Mountain,Mowbray Mountain,TN,Tennessee,47065,Hamilton,35.2751,-85.2225,1699,32,polygon,FALSE,TRUE,America/New_York,3
11682,Seeley,Seeley,CA,California,6025,Imperial,32.7899,-115.6842,1699,495,polygon,FALSE,FALSE,America/Los_Angeles,3
11683,Cassopolis,Cassopolis,MI,Michigan,26027,Cass,41.9116,-86.0085,1699,326,polygon,FALSE,TRUE,America/Detroit,3
11684,Gaston,Gaston,SC,South Carolina,45063,Lexington,33.818,-81.0997,1699,123,polygon,FALSE,TRUE,America/New_York,3
11685,South Bend,South Bend,WA,Washington,53049,Pacific,46.6678,-123.8006,1698,399,polygon,FALSE,TRUE,America/Los_Angeles,3
11686,Caddo Mills,Caddo Mills,TX,Texas,48231,Hunt,33.0504,-96.2279,1698,155,polygon,FALSE,TRUE,America/Chicago,3
11687,Calumet,Calumet,PA,Pennsylvania,42129,Westmoreland,40.2189,-79.4892,1698,300,polygon,FALSE,FALSE,America/New_York,3
11688,McMechen,McMechen,WV,West Virginia,54051,Marshall,39.9854,-80.7335,1697,1147,polygon,FALSE,TRUE,America/New_York,3
11689,Bruceville-Eddy,Bruceville-Eddy,TX,Texas,48309,McLennan,31.3103,-97.2478,1697,159,polygon,FALSE,TRUE,America/Chicago,3
11690,North Bennington,North Bennington,VT,Vermont,50003,Bennington,42.924,-73.2411,1697,351,polygon,FALSE,TRUE,America/New_York,3
11691,Haubstadt,Haubstadt,IN,Indiana,18051,Gibson,38.2039,-87.5752,1697,918,polygon,FALSE,TRUE,America/Chicago,3
11692,Ripley,Ripley,OH,Ohio,39015,Brown,38.7325,-83.8346,1697,329,polygon,FALSE,TRUE,America/New_York,3
11693,Pleasantville,Pleasantville,IA,Iowa,19125,Marion,41.3864,-93.2727,1696,258,polygon,FALSE,TRUE,America/Chicago,3
11694,Murphys Estates,Murphys Estates,SC,South Carolina,45037,Edgefield,33.6003,-81.9439,1696,319,polygon,FALSE,FALSE,America/New_York,3
11695,Ocean Park,Ocean Park,WA,Washington,53049,Pacific,46.4961,-124.0443,1695,215,polygon,FALSE,FALSE,America/Los_Angeles,3
11696,Cheswold,Cheswold,DE,Delaware,10001,Kent,39.2189,-75.5883,1695,356,polygon,FALSE,TRUE,America/New_York,3
11697,Wind Point,Wind Point,WI,Wisconsin,55101,Racine,42.7814,-87.7721,1695,517,polygon,FALSE,TRUE,America/Chicago,3
11698,Romney,Romney,WV,West Virginia,54027,Hampshire,39.3454,-78.7564,1695,681,polygon,FALSE,TRUE,America/New_York,3
11699,Mayfield,Mayfield,PA,Pennsylvania,42069,Lackawanna,41.5394,-75.5315,1695,267,polygon,FALSE,TRUE,America/New_York,3
11700,Wilson,Wilson,OK,Oklahoma,40019,Carter,34.1685,-97.426,1695,115,polygon,FALSE,TRUE,America/Chicago,3
11701,Rushford,Rushford,MN,Minnesota,27045,Fillmore,43.8131,-91.7535,1695,396,polygon,FALSE,TRUE,America/Chicago,3
11702,Stony Point,Stony Point,MI,Michigan,26115,Monroe,41.9448,-83.273,1695,590,polygon,FALSE,FALSE,America/Detroit,3
11703,Fox Chase,Fox Chase,PA,Pennsylvania,42011,Berks,40.3952,-75.9634,1694,1879,polygon,FALSE,TRUE,America/New_York,3
11704,Whitley City,Whitley City,KY,Kentucky,21147,McCreary,36.7238,-84.4731,1694,283,polygon,FALSE,FALSE,America/New_York,3
11705,Mulberry,Mulberry,AR,Arkansas,5033,Crawford,35.5102,-94.0734,1692,85,polygon,FALSE,TRUE,America/Chicago,3
11706,Bristol,Bristol,IN,Indiana,18039,Elkhart,41.7183,-85.8227,1692,162,polygon,FALSE,TRUE,America/Indiana/Indianapolis,3
11707,Mapleton,Mapleton,MN,Minnesota,27013,Blue Earth,43.9267,-93.9544,1692,466,polygon,FALSE,TRUE,America/Chicago,3
11708,White Castle,White Castle,LA,Louisiana,22047,Iberville,30.161,-91.1496,1691,890,polygon,FALSE,TRUE,America/Chicago,3
11709,Spencer,Spencer,TN,Tennessee,47175,Van Buren,35.7393,-85.456,1691,99,polygon,FALSE,TRUE,America/Chicago,3
11710,Dresden,Dresden,OH,Ohio,39119,Muskingum,40.122,-82.013,1691,510,polygon,FALSE,TRUE,America/New_York,3
11711,Aquebogue,Aquebogue,NY,New York,36103,Suffolk,40.9425,-72.6149,1690,171,polygon,FALSE,FALSE,America/New_York,3
11712,Concord,Concord,AL,Alabama,1073,Jefferson,33.4674,-87.0392,1690,193,polygon,FALSE,FALSE,America/Chicago,3
11713,Lake Dalecarlia,Lake Dalecarlia,IN,Indiana,18089,Lake,41.337,-87.4036,1690,577,polygon,FALSE,FALSE,America/Chicago,3
11714,Lewisport,Lewisport,KY,Kentucky,21091,Hancock,37.931,-86.9029,1690,684,polygon,FALSE,TRUE,America/Chicago,3
11715,Arapahoe,Arapahoe,WY,Wyoming,56013,Fremont,42.9912,-108.4562,1689,23,polygon,FALSE,FALSE,America/Denver,3
11716,Charenton,Charenton,LA,Louisiana,22101,St. Mary,29.8685,-91.5388,1688,131,polygon,FALSE,FALSE,America/Chicago,3
11717,Three Way,Three Way,TN,Tennessee,47113,Madison,35.772,-88.8572,1688,145,polygon,FALSE,TRUE,America/Chicago,3
11718,Smackover,Smackover,AR,Arkansas,5139,Union,33.3636,-92.7314,1688,149,polygon,FALSE,TRUE,America/Chicago,3
11719,Bunker Hill,Bunker Hill,IL,Illinois,17117,Macoupin,39.0416,-89.9512,1687,513,polygon,FALSE,TRUE,America/Chicago,3
11720,Mammoth,Mammoth,AZ,Arizona,4021,Pinal,32.6853,-110.7292,1687,24,polygon,FALSE,TRUE,America/Phoenix,3
11721,Horton,Horton,KS,Kansas,20013,Brown,39.6627,-95.5327,1685,389,polygon,FALSE,TRUE,America/Chicago,3
11722,Shaw,Shaw,MS,Mississippi,28011,Bolivar,33.6015,-90.772,1685,584,polygon,FALSE,TRUE,America/Chicago,3
11723,Black Rock,Black Rock,NM,New Mexico,35031,McKinley,35.0833,-108.7979,1684,384,polygon,FALSE,FALSE,America/Denver,3
11724,Hamilton,Hamilton,MO,Missouri,29025,Caldwell,39.7426,-94.002,1684,463,polygon,FALSE,TRUE,America/Chicago,3
11725,Nashville,Nashville,MI,Michigan,26015,Barry,42.6032,-85.0941,1684,308,polygon,FALSE,TRUE,America/Detroit,3
11726,Pole Ojea,Pole Ojea,PR,Puerto Rico,72023,Cabo Rojo,17.9743,-67.1832,1684,1170,polygon,FALSE,FALSE,America/Puerto_Rico,3
11727,Lockport Heights,Lockport Heights,LA,Louisiana,22057,Lafourche,29.6564,-90.5486,1683,497,polygon,FALSE,FALSE,America/Chicago,3
11728,Holley,Holley,NY,New York,36073,Orleans,43.2247,-78.0292,1683,512,polygon,FALSE,TRUE,America/New_York,3
11729,De Pue,De Pue,IL,Illinois,17011,Bureau,41.328,-89.2959,1683,233,polygon,FALSE,TRUE,America/Chicago,3
11730,Antwerp,Antwerp,OH,Ohio,39125,Paulding,41.1798,-84.7377,1683,487,polygon,FALSE,TRUE,America/New_York,3
11731,Purdy,Purdy,WA,Washington,53053,Pierce,47.3938,-122.6114,1682,276,polygon,FALSE,FALSE,America/Los_Angeles,3
11732,Lake Como,Lake Como,NJ,New Jersey,34025,Monmouth,40.1706,-74.0262,1682,2579,polygon,FALSE,TRUE,America/New_York,2
11733,East Cleveland,East Cleveland,TN,Tennessee,47011,Bradley,35.1525,-84.8541,1682,519,polygon,FALSE,FALSE,America/New_York,3
11734,South Dos Palos,South Dos Palos,CA,California,6047,Merced,36.9707,-120.6467,1682,423,polygon,FALSE,FALSE,America/Los_Angeles,3
11735,Tuckerman,Tuckerman,AR,Arkansas,5067,Jackson,35.724,-91.2025,1682,218,polygon,FALSE,TRUE,America/Chicago,3
11736,Pleasant Grove,Pleasant Grove,OH,Ohio,39119,Muskingum,39.9513,-81.9593,1682,202,polygon,FALSE,FALSE,America/New_York,3
11737,Panguitch,Panguitch,UT,Utah,49017,Garfield,37.8232,-112.4348,1682,223,polygon,FALSE,TRUE,America/Denver,3
11738,Kersey,Kersey,CO,Colorado,8123,Weld,40.3895,-104.5771,1681,382,polygon,FALSE,TRUE,America/Denver,3
11739,Summerdale,Summerdale,AL,Alabama,1003,Baldwin,30.4783,-87.6904,1681,64,polygon,FALSE,TRUE,America/Chicago,3
11740,Denton,Denton,NC,North Carolina,37057,Davidson,35.6375,-80.1106,1680,309,polygon,FALSE,TRUE,America/New_York,3
11741,Oswego,Oswego,KS,Kansas,20099,Labette,37.1673,-95.1122,1680,271,polygon,FALSE,TRUE,America/Chicago,3
11742,Culver,Culver,OR,Oregon,41031,Jefferson,44.5234,-121.211,1680,933,polygon,FALSE,TRUE,America/Los_Angeles,3
11743,Island Heights,Island Heights,NJ,New Jersey,34029,Ocean,39.9423,-74.1454,1679,1064,polygon,FALSE,TRUE,America/New_York,3
11744,Commercial Point,Commercial Point,OH,Ohio,39129,Pickaway,39.7813,-83.0383,1679,206,polygon,FALSE,TRUE,America/New_York,3
11745,Freeport,Freeport,PA,Pennsylvania,42005,Armstrong,40.6829,-79.6837,1677,509,polygon,FALSE,TRUE,America/New_York,3
11746,Roodhouse,Roodhouse,IL,Illinois,17061,Greene,39.484,-90.3741,1677,574,polygon,FALSE,TRUE,America/Chicago,3
11747,Osseo,Osseo,WI,Wisconsin,55121,Trempealeau,44.5795,-91.212,1676,316,polygon,FALSE,TRUE,America/Chicago,3
11748,Haymarket,Haymarket,VA,Virginia,51153,Prince William,38.8122,-77.6363,1676,1126,polygon,FALSE,TRUE,America/New_York,3
11749,Lake Isabella,Lake Isabella,MI,Michigan,26073,Isabella,43.6417,-85.003,1676,185,polygon,FALSE,TRUE,America/Detroit,3
11750,Oroville,Oroville,WA,Washington,53047,Okanogan,48.9419,-119.4305,1675,382,polygon,FALSE,TRUE,America/Los_Angeles,3
11751,Gunter,Gunter,TX,Texas,48181,Grayson,33.4646,-96.7646,1675,36,polygon,FALSE,TRUE,America/Chicago,3
11752,Pleak,Pleak,TX,Texas,48157,Fort Bend,29.4852,-95.8098,1675,333,polygon,FALSE,TRUE,America/Chicago,3
11753,Cheswick,Cheswick,PA,Pennsylvania,42003,Allegheny,40.5428,-79.8013,1675,1397,polygon,FALSE,TRUE,America/New_York,3
11754,Greenville,Greenville,VA,Virginia,51015,Augusta,38.0036,-79.1522,1675,176,polygon,FALSE,FALSE,America/New_York,3
11755,Kingston,Kingston,OK,Oklahoma,40095,Marshall,33.9979,-96.6952,1675,186,polygon,FALSE,TRUE,America/Chicago,3
11756,South Amherst,South Amherst,OH,Ohio,39093,Lorain,41.3515,-82.2394,1675,261,polygon,FALSE,TRUE,America/New_York,3
11757,Albany,Albany,MO,Missouri,29075,Gentry,40.2479,-94.3335,1675,264,polygon,FALSE,TRUE,America/Chicago,3
11758,Fairfax,Fairfax,SC,South Carolina,45005,Allendale,32.9593,-81.2363,1675,195,polygon,FALSE,TRUE,America/New_York,3
11759,Harrisville,Harrisville,WV,West Virginia,54085,Ritchie,39.2104,-81.0485,1674,408,polygon,FALSE,TRUE,America/New_York,3
11760,Sabinal,Sabinal,TX,Texas,48463,Uvalde,29.3214,-99.4696,1673,543,polygon,FALSE,TRUE,America/Chicago,3
11761,Stanley,Stanley,VA,Virginia,51139,Page,38.5769,-78.5027,1673,450,polygon,FALSE,TRUE,America/New_York,3
11762,Adwolf,Adwolf,VA,Virginia,51173,Smyth,36.793,-81.5927,1673,76,polygon,FALSE,FALSE,America/New_York,3
11763,Hagerstown,Hagerstown,IN,Indiana,18177,Wayne,39.9115,-85.1554,1673,490,polygon,FALSE,TRUE,America/Indiana/Indianapolis,3
11764,Columbus AFB,Columbus AFB,MS,Mississippi,28087,Lowndes,33.6276,-88.4454,1673,422,polygon,TRUE,TRUE,America/Chicago,3
11765,Walnut Grove,Walnut Grove,MS,Mississippi,28079,Leake,32.5932,-89.4578,1673,399,polygon,FALSE,TRUE,America/Chicago,3
11766,Hato Candal,Hato Candal,PR,Puerto Rico,72119,Río Grande,18.3733,-65.7906,1673,1090,polygon,FALSE,FALSE,America/Puerto_Rico,3
11767,Upper Fruitland,Upper Fruitland,NM,New Mexico,35045,San Juan,36.7205,-108.3234,1672,85,polygon,FALSE,FALSE,America/Denver,3
11768,Princeville,Princeville,IL,Illinois,17143,Peoria,40.9348,-89.7547,1672,380,polygon,FALSE,TRUE,America/Chicago,3
11769,West Unity,West Unity,OH,Ohio,39171,Williams,41.5889,-84.4305,1672,421,polygon,FALSE,TRUE,America/New_York,3
11770,John Day,John Day,OR,Oregon,41023,Grant,44.4181,-118.9535,1672,299,polygon,FALSE,TRUE,America/Los_Angeles,3
11771,Lewisville,Lewisville,WA,Washington,53011,Clark,45.8128,-122.5143,1671,119,polygon,FALSE,FALSE,America/Los_Angeles,3
11772,Canby,Canby,MN,Minnesota,27173,Yellow Medicine,44.7157,-96.269,1671,284,polygon,FALSE,TRUE,America/Chicago,3
11773,Ronceverte,Ronceverte,WV,West Virginia,54025,Greenbrier,37.7503,-80.4714,1670,378,polygon,FALSE,TRUE,America/New_York,3
11774,Holliday,Holliday,TX,Texas,48009,Archer,33.8142,-98.6899,1670,263,polygon,FALSE,TRUE,America/Chicago,3
11775,Bluff City,Bluff City,TN,Tennessee,47163,Sullivan,36.4589,-82.2769,1670,369,polygon,FALSE,TRUE,America/New_York,3
11776,Blountsville,Blountsville,AL,Alabama,1009,Blount,34.0814,-86.5867,1670,118,polygon,FALSE,TRUE,America/Chicago,3
11777,Altamont,Altamont,NY,New York,36001,Albany,42.7055,-74.034,1669,508,polygon,FALSE,TRUE,America/New_York,3
11778,Pine Valley,Pine Valley,CA,California,6073,San Diego,32.8415,-116.5107,1669,89,polygon,FALSE,FALSE,America/Los_Angeles,3
11779,Las Maravillas,Las Maravillas,NM,New Mexico,35061,Valencia,34.734,-106.669,1668,637,polygon,FALSE,FALSE,America/Denver,3
11780,Dayton,Dayton,IN,Indiana,18157,Tippecanoe,40.3752,-86.7739,1668,563,polygon,FALSE,TRUE,America/Indiana/Indianapolis,3
11781,Kentland,Kentland,IN,Indiana,18111,Newton,40.774,-87.4465,1668,477,polygon,FALSE,TRUE,America/Chicago,3
11782,LaBarque Creek,LaBarque Creek,MO,Missouri,29099,Jefferson,38.4163,-90.6777,1668,36,polygon,FALSE,TRUE,America/Chicago,3
11783,Wakefield,Wakefield,MI,Michigan,26053,Gogebic,46.4767,-89.9336,1668,81,polygon,FALSE,TRUE,America/Menominee,3
11784,Calhoun City,Calhoun City,MS,Mississippi,28013,Calhoun,33.8588,-89.3145,1668,273,polygon,FALSE,TRUE,America/Chicago,3
11785,Decatur,Decatur,TN,Tennessee,47121,Meigs,35.5291,-84.7933,1667,169,polygon,FALSE,TRUE,America/New_York,3
11786,Bement,Bement,IL,Illinois,17147,Piatt,39.9228,-88.5724,1667,844,polygon,FALSE,TRUE,America/Chicago,3
11787,Thoreau,Thoreau,NM,New Mexico,35031,McKinley,35.4209,-108.2235,1666,40,polygon,FALSE,FALSE,America/Denver,3
11788,Tremont,Tremont,PA,Pennsylvania,42107,Schuylkill,40.6302,-76.3912,1666,886,polygon,FALSE,TRUE,America/New_York,3
11789,Perryopolis,Perryopolis,PA,Pennsylvania,42051,Fayette,40.0868,-79.7528,1666,419,polygon,FALSE,TRUE,America/New_York,3
11790,Raven,Raven,VA,Virginia,51185,Tazewell,37.0937,-81.8601,1666,98,polygon,FALSE,FALSE,America/New_York,3
11791,St. George,St. George,MO,Missouri,29189,St. Louis,38.5376,-90.312,1666,2667,polygon,FALSE,FALSE,America/Chicago,2
11792,Trempealeau,Trempealeau,WI,Wisconsin,55121,Trempealeau,44.003,-91.4285,1664,323,polygon,FALSE,TRUE,America/Chicago,3
11793,Fairlea,Fairlea,WV,West Virginia,54025,Greenbrier,37.7756,-80.4582,1664,171,polygon,FALSE,FALSE,America/New_York,3
11794,Frewsburg,Frewsburg,NY,New York,36013,Chautauqua,42.0576,-79.1482,1664,192,polygon,FALSE,FALSE,America/New_York,3
11795,Rome,Rome,IL,Illinois,17143,Peoria,40.8754,-89.5129,1664,334,polygon,FALSE,FALSE,America/Chicago,3
11796,Southport,Southport,CT,Connecticut,9001,Fairfield,41.135,-73.2874,1664,748,polygon,FALSE,FALSE,America/New_York,3
11797,Coaling,Coaling,AL,Alabama,1125,Tuscaloosa,33.1641,-87.3534,1663,128,polygon,FALSE,TRUE,America/Chicago,3
11798,Cosmopolis,Cosmopolis,WA,Washington,53027,Grays Harbor,46.954,-123.7726,1662,461,polygon,FALSE,TRUE,America/Los_Angeles,3
11799,Arcadia,Arcadia,IN,Indiana,18057,Hamilton,40.1742,-86.021,1662,1164,polygon,FALSE,TRUE,America/Indiana/Indianapolis,3
11800,Millers Creek,Millers Creek,NC,North Carolina,37193,Wilkes,36.1909,-81.2356,1661,143,polygon,FALSE,FALSE,America/New_York,3
11801,Young Harris,Young Harris,GA,Georgia,13281,Towns,34.9349,-83.8472,1661,673,polygon,FALSE,TRUE,America/New_York,3
11802,Blue Grass,Blue Grass,IA,Iowa,19163,Scott,41.5096,-90.7649,1661,219,polygon,FALSE,TRUE,America/Chicago,3
11803,Star Valley Ranch,Star Valley Ranch,WY,Wyoming,56023,Lincoln,42.9798,-110.9617,1659,235,polygon,FALSE,TRUE,America/Denver,3
11804,Munfordville,Munfordville,KY,Kentucky,21099,Hart,37.2795,-85.8982,1659,285,polygon,FALSE,TRUE,America/Chicago,3
11805,Cowan,Cowan,TN,Tennessee,47051,Franklin,35.1629,-86.0142,1658,308,polygon,FALSE,TRUE,America/Chicago,3
11806,Espy,Espy,PA,Pennsylvania,42037,Columbia,41.0055,-76.4164,1658,711,polygon,FALSE,FALSE,America/New_York,3
11807,Trevorton,Trevorton,PA,Pennsylvania,42097,Northumberland,40.7841,-76.6713,1658,149,polygon,FALSE,FALSE,America/New_York,3
11808,Sedgwick,Sedgwick,KS,Kansas,20079,Harvey,37.9157,-97.4215,1658,461,polygon,FALSE,TRUE,America/Chicago,3
11809,Douglass,Douglass,KS,Kansas,20015,Butler,37.5169,-97.0105,1658,602,polygon,FALSE,TRUE,America/Chicago,3
11810,Bay Springs,Bay Springs,MS,Mississippi,28061,Jasper,31.9772,-89.2792,1658,42,polygon,FALSE,TRUE,America/Chicago,3
11811,Brass Castle,Brass Castle,NJ,New Jersey,34041,Warren,40.7621,-75.0141,1657,217,polygon,FALSE,FALSE,America/New_York,3
11812,Plain View,Plain View,NC,North Carolina,37163,Sampson,35.2457,-78.5634,1657,38,polygon,FALSE,FALSE,America/New_York,3
11813,Murphy,Murphy,NC,North Carolina,37039,Cherokee,35.0932,-84.0279,1657,250,polygon,FALSE,TRUE,America/New_York,3
11814,Rehobeth,Rehobeth,AL,Alabama,1069,Houston,31.1242,-85.4382,1657,85,polygon,FALSE,TRUE,America/Chicago,3
11815,North Granby,North Granby,CT,Connecticut,9003,Hartford,42.0152,-72.844,1657,76,polygon,FALSE,FALSE,America/New_York,3
11816,Ridgely,Ridgely,MD,Maryland,24011,Caroline,38.9529,-75.8828,1657,343,polygon,FALSE,TRUE,America/New_York,3
11817,South Rockwood,South Rockwood,MI,Michigan,26115,Monroe,42.0597,-83.2654,1657,195,polygon,FALSE,TRUE,America/Detroit,3
11818,Salyersville,Salyersville,KY,Kentucky,21153,Magoffin,37.7459,-83.0646,1657,259,polygon,FALSE,TRUE,America/New_York,3
11819,Plains,Plains,TX,Texas,48501,Yoakum,33.1896,-102.8272,1655,649,polygon,FALSE,TRUE,America/Chicago,3
11820,Black Point-Green Point,Black Point-Green Point,CA,California,6041,Marin,38.112,-122.5191,1655,226,polygon,FALSE,TRUE,America/Los_Angeles,3
11821,Holland,Holland,OH,Ohio,39095,Lucas,41.6192,-83.7083,1655,645,polygon,FALSE,TRUE,America/New_York,3
11822,Morgantown,Morgantown,MS,Mississippi,28001,Adams,31.5751,-91.3521,1655,779,polygon,FALSE,FALSE,America/Chicago,3
11823,Buffalo,Buffalo,SC,South Carolina,45087,Union,34.7245,-81.6843,1655,158,polygon,FALSE,FALSE,America/New_York,3
11824,Ritzville,Ritzville,WA,Washington,53001,Adams,47.1253,-118.3809,1654,364,polygon,FALSE,TRUE,America/Los_Angeles,3
11825,Baiting Hollow,Baiting Hollow,NY,New York,36103,Suffolk,40.9645,-72.7402,1654,199,polygon,FALSE,FALSE,America/New_York,3
11826,Beaver Dam Lake,Beaver Dam Lake,NY,New York,36071,Orange,41.4441,-74.1178,1654,352,polygon,FALSE,FALSE,America/New_York,3
11827,Del Rey Oaks,Del Rey Oaks,CA,California,6053,Monterey,36.5929,-121.8381,1654,1326,polygon,FALSE,TRUE,America/Los_Angeles,3
11828,Vance,Vance,AL,Alabama,1125,Tuscaloosa,33.1745,-87.2313,1654,62,polygon,FALSE,TRUE,America/Chicago,3
11829,Montpelier,Montpelier,IN,Indiana,18009,Blackford,40.5494,-85.2874,1654,414,polygon,FALSE,TRUE,America/Indiana/Indianapolis,3
11830,Woodland Park,Woodland Park,NE,Nebraska,31167,Stanton,42.0542,-97.3452,1653,408,polygon,FALSE,TRUE,America/Chicago,3
11831,Tillson,Tillson,NY,New York,36111,Ulster,41.8316,-74.0696,1653,272,polygon,FALSE,FALSE,America/New_York,3
11832,Chester Center,Chester Center,CT,Connecticut,9007,Middlesex,41.4014,-72.4523,1653,319,polygon,FALSE,TRUE,America/New_York,3
11833,Olivet,Olivet,TN,Tennessee,47071,Hardin,35.2048,-88.1939,1652,106,polygon,FALSE,FALSE,America/Chicago,3
11834,Rock Creek,Rock Creek,MN,Minnesota,27115,Pine,45.7604,-92.9088,1652,14,polygon,FALSE,TRUE,America/Chicago,3
11835,Twin Grove,Twin Grove,IL,Illinois,17113,McLean,40.4857,-89.0993,1651,160,polygon,FALSE,FALSE,America/Chicago,3
11836,Hatch,Hatch,NM,New Mexico,35013,Doña Ana,32.6682,-107.1642,1650,201,polygon,FALSE,TRUE,America/Denver,3
11837,Grill,Grill,PA,Pennsylvania,42011,Berks,40.3,-75.9344,1650,820,polygon,FALSE,FALSE,America/New_York,3
11838,Steelville,Steelville,MO,Missouri,29055,Crawford,37.9696,-91.3545,1650,263,polygon,FALSE,TRUE,America/Chicago,3
11839,Stockdale,Stockdale,TX,Texas,48493,Wilson,29.2361,-97.9636,1649,377,polygon,FALSE,TRUE,America/Chicago,3
11840,Daleville,Daleville,IN,Indiana,18035,Delaware,40.1189,-85.5573,1648,311,polygon,FALSE,TRUE,America/Indiana/Indianapolis,3
11841,Vevay,Vevay,IN,Indiana,18155,Switzerland,38.7427,-85.0783,1648,438,polygon,FALSE,TRUE,America/Indiana/Vevay,3
11842,Minco,Minco,OK,Oklahoma,40051,Grady,35.3174,-97.9518,1648,51,polygon,FALSE,TRUE,America/Chicago,3
11843,Arenas Valley,Arenas Valley,NM,New Mexico,35017,Grant,32.7765,-108.203,1647,156,polygon,FALSE,FALSE,America/Denver,3
11844,Amelia,Amelia,LA,Louisiana,22101,St. Mary,29.6645,-91.1072,1647,252,polygon,FALSE,FALSE,America/Chicago,3
11845,Burnsville,Burnsville,NC,North Carolina,37199,Yancey,35.9164,-82.2974,1647,403,polygon,FALSE,TRUE,America/New_York,3
11846,Edgeworth,Edgeworth,PA,Pennsylvania,42003,Allegheny,40.5546,-80.1922,1647,424,polygon,FALSE,TRUE,America/New_York,3
11847,Weston,Weston,OH,Ohio,39173,Wood,41.3464,-83.7948,1647,557,polygon,FALSE,TRUE,America/New_York,3
11848,Harvey,Harvey,ND,North Dakota,38103,Wells,47.7766,-99.9301,1646,353,polygon,FALSE,TRUE,America/Chicago,3
11849,Searles Valley,Searles Valley,CA,California,6071,San Bernardino,35.7701,-117.3967,1646,60,polygon,FALSE,FALSE,America/Los_Angeles,3
11850,Dundas,Dundas,MN,Minnesota,27131,Rice,44.4276,-93.2039,1646,345,polygon,FALSE,TRUE,America/Chicago,3
11851,Watervliet,Watervliet,MI,Michigan,26021,Berrien,42.1883,-86.2576,1646,538,polygon,FALSE,TRUE,America/Detroit,3
11852,Duck Hill,Duck Hill,MS,Mississippi,28097,Montgomery,33.6316,-89.7153,1646,614,polygon,FALSE,TRUE,America/Chicago,3
11853,Franklin,Franklin,TX,Texas,48395,Robertson,31.0251,-96.4874,1645,542,polygon,FALSE,TRUE,America/Chicago,3
11854,Muenster,Muenster,TX,Texas,48097,Cooke,33.6586,-97.3874,1645,240,polygon,FALSE,TRUE,America/Chicago,3
11855,Carnegie,Carnegie,OK,Oklahoma,40015,Caddo,35.1024,-98.5995,1645,463,polygon,FALSE,TRUE,America/Chicago,3
11856,Homer,Homer,MI,Michigan,26025,Calhoun,42.1461,-84.8103,1645,455,polygon,FALSE,TRUE,America/Detroit,3
11857,Connelly Springs,Connelly Springs,NC,North Carolina,37023,Burke,35.755,-81.4971,1644,127,polygon,FALSE,TRUE,America/New_York,3
11858,Penn State Erie,Penn State Erie,PA,Pennsylvania,42049,Erie,42.1185,-79.9818,1644,803,polygon,FALSE,TRUE,America/New_York,3
11859,Fredericksburg,Fredericksburg,PA,Pennsylvania,42075,Lebanon,40.4441,-76.4377,1644,330,polygon,FALSE,FALSE,America/New_York,3
11860,Descanso,Descanso,CA,California,6073,San Diego,32.8696,-116.6279,1644,33,polygon,FALSE,FALSE,America/Los_Angeles,3
11861,Honeyville,Honeyville,UT,Utah,49003,Box Elder,41.6361,-112.0857,1644,54,polygon,FALSE,TRUE,America/Denver,3
11862,Fairforest,Fairforest,SC,South Carolina,45083,Spartanburg,34.9532,-82.0157,1644,303,polygon,FALSE,FALSE,America/New_York,3
11863,Coarsegold,Coarsegold,CA,California,6039,Madera,37.2526,-119.7,1643,57,polygon,FALSE,FALSE,America/Los_Angeles,3
11864,Home Garden,Home Garden,CA,California,6031,Kings,36.3025,-119.6362,1643,1282,polygon,FALSE,FALSE,America/Los_Angeles,3
11865,Richland,Richland,GA,Georgia,13259,Stewart,32.0885,-84.6625,1643,198,polygon,FALSE,TRUE,America/New_York,3
11866,Tri-Lakes,Tri-Lakes,IN,Indiana,18183,Whitley,41.2507,-85.4433,1643,185,polygon,FALSE,FALSE,America/Indiana/Indianapolis,3
11867,Jonesboro,Jonesboro,IN,Indiana,18053,Grant,40.4796,-85.6302,1643,710,polygon,FALSE,TRUE,America/Indiana/Indianapolis,3
11868,Peridot,Peridot,AZ,Arizona,4007,Gila,33.3015,-110.4554,1643,123,polygon,FALSE,FALSE,America/Phoenix,3
11869,McArthur,McArthur,OH,Ohio,39163,Vinton,39.2466,-82.4787,1643,477,polygon,FALSE,TRUE,America/New_York,3
11870,Duque,Duque,PR,Puerto Rico,72103,Naguabo,18.2381,-65.7432,1643,2872,polygon,FALSE,FALSE,America/Puerto_Rico,2
11871,Teutopolis,Teutopolis,IL,Illinois,17049,Effingham,39.1319,-88.4793,1642,309,polygon,FALSE,TRUE,America/Chicago,3
11872,Lake City,Lake City,IA,Iowa,19025,Calhoun,42.2676,-94.7311,1642,131,polygon,FALSE,TRUE,America/Chicago,3
11873,Big Lake,Big Lake,WA,Washington,53057,Skagit,48.3933,-122.2422,1641,167,polygon,FALSE,FALSE,America/Los_Angeles,3
11874,Spring Green,Spring Green,WI,Wisconsin,55111,Sauk,43.1776,-90.0688,1641,379,polygon,FALSE,TRUE,America/Chicago,3
11875,Nokesville,Nokesville,VA,Virginia,51153,Prince William,38.694,-77.5757,1641,66,polygon,FALSE,FALSE,America/New_York,3
11876,Westwood,Westwood,KS,Kansas,20091,Johnson,39.0394,-94.6156,1641,1540,polygon,FALSE,TRUE,America/Chicago,3
11877,Bainbridge,Bainbridge,PA,Pennsylvania,42071,Lancaster,40.0915,-76.6581,1639,277,polygon,FALSE,FALSE,America/New_York,3
11878,Woodburn,Woodburn,IN,Indiana,18003,Allen,41.1287,-84.8501,1639,661,polygon,FALSE,TRUE,America/Indiana/Indianapolis,3
11879,Duquesne,Duquesne,MO,Missouri,29097,Jasper,37.0711,-94.4573,1639,341,polygon,FALSE,TRUE,America/Chicago,3
11880,Coto Laurel,Coto Laurel,PR,Puerto Rico,72113,Ponce,18.0491,-66.5517,1639,1680,polygon,FALSE,FALSE,America/Puerto_Rico,3
11881,Prestbury,Prestbury,IL,Illinois,17089,Kane,41.7847,-88.4225,1638,1004,polygon,FALSE,FALSE,America/Chicago,3
11882,McComb,McComb,OH,Ohio,39063,Hancock,41.1068,-83.7898,1638,606,polygon,FALSE,TRUE,America/New_York,3
11883,Garden City,Garden City,MO,Missouri,29037,Cass,38.5629,-94.1958,1638,255,polygon,FALSE,TRUE,America/Chicago,3
11884,Shorewood-Tower Hills-Harbert,Shorewood-Tower Hills-Harbert,MI,Michigan,26021,Berrien,41.8817,-86.6142,1638,139,polygon,FALSE,TRUE,America/Detroit,3
11885,Dayton,Dayton,VA,Virginia,51165,Rockingham,38.4173,-78.9412,1637,612,polygon,FALSE,TRUE,America/New_York,3
11886,Wacousta,Wacousta,MI,Michigan,26037,Clinton,42.8202,-84.6907,1637,70,polygon,FALSE,FALSE,America/Detroit,3
11887,Makaha Valley,Makaha Valley,HI,Hawaii,15003,Honolulu,21.4842,-158.1854,1636,153,polygon,FALSE,FALSE,Pacific/Honolulu,3
11888,Reynolds Heights,Reynolds Heights,PA,Pennsylvania,42085,Mercer,41.3432,-80.4033,1636,217,polygon,FALSE,FALSE,America/New_York,3
11889,Spring Valley,Spring Valley,AZ,Arizona,4025,Yavapai,34.3531,-112.1513,1636,59,polygon,FALSE,FALSE,America/Phoenix,3
11890,Landover Hills,Landover Hills,MD,Maryland,24033,Prince George's,38.9424,-76.8946,1636,1720,polygon,FALSE,TRUE,America/New_York,3
11891,Caledonia,Caledonia,MI,Michigan,26081,Kent,42.7945,-85.5153,1636,470,polygon,FALSE,TRUE,America/Detroit,3
11892,Kettle Falls,Kettle Falls,WA,Washington,53065,Stevens,48.6055,-118.062,1635,586,polygon,FALSE,TRUE,America/Los_Angeles,3
11893,Metlakatla,Metlakatla,AK,Alaska,2198,Prince of Wales-Hyder,55.1182,-131.5689,1635,273,polygon,FALSE,FALSE,America/Metlakatla,3
11894,Moville,Moville,IA,Iowa,19193,Woodbury,42.49,-96.0679,1635,664,polygon,FALSE,TRUE,America/Chicago,3
11895,Charlotte,Charlotte,TN,Tennessee,47043,Dickson,36.1861,-87.3389,1634,155,polygon,FALSE,TRUE,America/Chicago,3
11896,Walcott,Walcott,IA,Iowa,19163,Scott,41.5989,-90.7745,1634,202,polygon,FALSE,TRUE,America/Chicago,3
11897,Pocahontas,Pocahontas,IA,Iowa,19151,Pocahontas,42.7371,-94.6661,1634,312,polygon,FALSE,TRUE,America/Chicago,3
11898,Pinetop Country Club,Pinetop Country Club,AZ,Arizona,4017,Navajo,34.1163,-109.8909,1634,93,polygon,FALSE,TRUE,America/Phoenix,3
11899,Gearhart,Gearhart,OR,Oregon,41007,Clatsop,46.0289,-123.9174,1634,338,polygon,FALSE,TRUE,America/Los_Angeles,3
11900,Quail Creek,Quail Creek,TX,Texas,48469,Victoria,28.7773,-97.0848,1633,204,polygon,FALSE,FALSE,America/Chicago,3
11901,Bayou Vista,Bayou Vista,TX,Texas,48167,Galveston,29.3258,-94.939,1633,1967,polygon,FALSE,TRUE,America/Chicago,3
11902,Hope Valley,Hope Valley,RI,Rhode Island,44009,Washington,41.5151,-71.72,1633,189,polygon,FALSE,FALSE,America/New_York,3
11903,Shawneeland,Shawneeland,VA,Virginia,51069,Frederick,39.1976,-78.3464,1633,85,polygon,FALSE,TRUE,America/New_York,3
11904,Chapin,Chapin,SC,South Carolina,45063,Lexington,34.1645,-81.3449,1633,313,polygon,FALSE,TRUE,America/New_York,3
11905,Nooksack,Nooksack,WA,Washington,53073,Whatcom,48.9276,-122.3211,1631,898,polygon,FALSE,TRUE,America/Los_Angeles,3
11906,Lockney,Lockney,TX,Texas,48153,Floyd,34.1231,-101.4424,1631,407,polygon,FALSE,TRUE,America/Chicago,3
11907,Sebewaing,Sebewaing,MI,Michigan,26063,Huron,43.7321,-83.4511,1631,396,polygon,FALSE,TRUE,America/Detroit,3
11908,Río Blanco,Rio Blanco,PR,Puerto Rico,72103,Naguabo,18.2123,-65.793,1631,819,polygon,FALSE,FALSE,America/Puerto_Rico,3
11909,Wildwood,Wildwood,TX,Texas,48199,Hardin,30.5256,-94.4457,1630,144,polygon,FALSE,FALSE,America/Chicago,3
11910,Dundee,Dundee,NY,New York,36123,Yates,42.5236,-76.9775,1630,571,polygon,FALSE,TRUE,America/New_York,3
11911,Lacoochee,Lacoochee,FL,Florida,12101,Pasco,28.4655,-82.1698,1628,220,polygon,FALSE,FALSE,America/New_York,3
11912,East Bangor,East Bangor,PA,Pennsylvania,42095,Northampton,40.8812,-75.186,1628,741,polygon,FALSE,TRUE,America/New_York,3
11913,Shiremanstown,Shiremanstown,PA,Pennsylvania,42041,Cumberland,40.2223,-76.9555,1628,2052,polygon,FALSE,TRUE,America/New_York,2
11914,Stewartville,Stewartville,AL,Alabama,1037,Coosa,33.0725,-86.2658,1627,26,polygon,FALSE,FALSE,America/Chicago,3
11915,Victoria,Victoria,VA,Virginia,51111,Lunenburg,36.9947,-78.2242,1626,222,polygon,FALSE,TRUE,America/New_York,3
11916,Argos,Argos,IN,Indiana,18099,Marshall,41.2379,-86.2523,1626,488,polygon,FALSE,TRUE,America/Indiana/Indianapolis,3
11917,Reinbeck,Reinbeck,IA,Iowa,19075,Grundy,42.3225,-92.5943,1626,289,polygon,FALSE,TRUE,America/Chicago,3
11918,Pinehurst,Pinehurst,ID,Idaho,16079,Shoshone,47.5364,-116.2327,1626,630,polygon,FALSE,TRUE,America/Los_Angeles,3
11919,Perry,Perry,OH,Ohio,39085,Lake,41.7637,-81.143,1626,276,polygon,FALSE,TRUE,America/New_York,3
11920,Aurora,Aurora,MN,Minnesota,27137,St. Louis,47.5312,-92.2399,1626,165,polygon,FALSE,TRUE,America/Chicago,3
11921,Terrebonne,Terrebonne,OR,Oregon,41017,Deschutes,44.3533,-121.1807,1626,618,polygon,FALSE,FALSE,America/Los_Angeles,3
11922,Ko Olina,Ko Olina,HI,Hawaii,15003,Honolulu,21.3379,-158.1188,1625,581,polygon,FALSE,TRUE,Pacific/Honolulu,3
11923,Marfa,Marfa,TX,Texas,48377,Presidio,30.3107,-104.0255,1625,385,polygon,FALSE,TRUE,America/Chicago,3
11924,St. Francisville,St. Francisville,LA,Louisiana,22125,West Feliciana,30.7852,-91.3787,1625,344,polygon,FALSE,TRUE,America/Chicago,3
11925,Kingsley,Kingsley,MI,Michigan,26055,Grand Traverse,44.5845,-85.5346,1625,515,polygon,FALSE,TRUE,America/Detroit,3
11926,Hillsboro,Hillsboro,ND,North Dakota,38097,Traill,47.403,-97.0635,1624,563,polygon,FALSE,TRUE,America/Chicago,3
11927,Springfield,Springfield,NE,Nebraska,31153,Sarpy,41.0854,-96.1332,1624,845,polygon,FALSE,TRUE,America/Chicago,3
11928,Gordonsville,Gordonsville,VA,Virginia,51137,Orange,38.136,-78.1879,1624,661,polygon,FALSE,TRUE,America/New_York,3
11929,Mitchell,Mitchell,NE,Nebraska,31157,Scotts Bluff,41.9427,-103.8097,1623,933,polygon,FALSE,TRUE,America/Denver,3
11930,Ridgely,Ridgely,TN,Tennessee,47095,Lake,36.2607,-89.4808,1623,380,polygon,FALSE,TRUE,America/Chicago,3
11931,Los Alamos,Los Alamos,CA,California,6083,Santa Barbara,34.7375,-120.2783,1623,162,polygon,FALSE,FALSE,America/Los_Angeles,3
11932,Gold Key Lake,Gold Key Lake,PA,Pennsylvania,42103,Pike,41.3145,-74.9434,1622,275,polygon,FALSE,FALSE,America/New_York,3
11933,Ainsworth,Ainsworth,NE,Nebraska,31017,Brown,42.5485,-99.8574,1620,623,polygon,FALSE,TRUE,America/Chicago,3
11934,Wellington,Wellington,UT,Utah,49007,Carbon,39.5358,-110.7344,1620,122,polygon,FALSE,TRUE,America/Denver,3
11935,Pinebluff,Pinebluff,NC,North Carolina,37125,Moore,35.1088,-79.4713,1619,238,polygon,FALSE,TRUE,America/New_York,3
11936,Mount Ayr,Mount Ayr,IA,Iowa,19159,Ringgold,40.7141,-94.2376,1619,235,polygon,FALSE,TRUE,America/Chicago,3
11937,South Charleston,South Charleston,OH,Ohio,39023,Clark,39.8243,-83.6416,1619,506,polygon,FALSE,TRUE,America/New_York,3
11938,Rand,Rand,WV,West Virginia,54039,Kanawha,38.2817,-81.5654,1618,1354,polygon,FALSE,FALSE,America/New_York,3
11939,Chesilhurst,Chesilhurst,NJ,New Jersey,34007,Camden,39.7307,-74.8786,1618,364,polygon,FALSE,TRUE,America/New_York,3
11940,Rose Hill,Rose Hill,NC,North Carolina,37061,Duplin,34.8263,-78.0259,1618,434,polygon,FALSE,TRUE,America/New_York,3
11941,Key Vista,Key Vista,FL,Florida,12101,Pasco,28.1946,-82.7703,1617,823,polygon,FALSE,TRUE,America/New_York,3
11942,Columbus,Columbus,NM,New Mexico,35029,Luna,31.8273,-107.6423,1617,133,polygon,FALSE,TRUE,America/Denver,3
11943,Kensett,Kensett,AR,Arkansas,5145,White,35.2354,-91.6706,1617,341,polygon,FALSE,TRUE,America/Chicago,3
11944,Remsen,Remsen,IA,Iowa,19149,Plymouth,42.8148,-95.9725,1617,479,polygon,FALSE,TRUE,America/Chicago,3
11945,Quincy,Quincy,MI,Michigan,26023,Branch,41.9432,-84.8844,1617,504,polygon,FALSE,TRUE,America/Detroit,3
11946,Foscoe,Foscoe,NC,North Carolina,37189,Watauga,36.1535,-81.7736,1616,107,polygon,FALSE,FALSE,America/New_York,3
11947,Delavan,Delavan,IL,Illinois,17179,Tazewell,40.371,-89.5461,1616,432,polygon,FALSE,TRUE,America/Chicago,3
11948,Saratoga,Saratoga,WY,Wyoming,56007,Carbon,41.4517,-106.8107,1615,183,polygon,FALSE,TRUE,America/Denver,3
11949,Tryon,Tryon,NC,North Carolina,37149,Polk,35.2086,-82.2379,1615,312,polygon,FALSE,TRUE,America/New_York,3
11950,Lakefield,Lakefield,MN,Minnesota,27063,Jackson,43.678,-95.1695,1615,465,polygon,FALSE,TRUE,America/Chicago,3
11951,Elk Rapids,Elk Rapids,MI,Michigan,26009,Antrim,44.895,-85.4055,1615,377,polygon,FALSE,TRUE,America/Detroit,3
11952,Jauca,Jauca,PR,Puerto Rico,72133,Santa Isabel,17.9627,-66.3682,1615,1484,polygon,FALSE,FALSE,America/Puerto_Rico,3
11953,Bay Park,Bay Park,NY,New York,36059,Nassau,40.6302,-73.667,1614,1241,polygon,FALSE,FALSE,America/New_York,3
11954,Gordo,Gordo,AL,Alabama,1107,Pickens,33.322,-87.904,1614,191,polygon,FALSE,TRUE,America/Chicago,3
11955,Bladenboro,Bladenboro,NC,North Carolina,37017,Bladen,34.5406,-78.7949,1613,281,polygon,FALSE,TRUE,America/New_York,3
11956,Ovid,Ovid,MI,Michigan,26037,Clinton,43.0031,-84.3742,1613,686,polygon,FALSE,TRUE,America/Detroit,3
11957,South Park,South Park,WY,Wyoming,56039,Teton,43.4235,-110.7993,1612,54,polygon,FALSE,FALSE,America/Denver,3
11958,Crosbyton,Crosbyton,TX,Texas,48107,Crosby,33.6413,-101.2377,1612,294,polygon,FALSE,TRUE,America/Chicago,3
11959,Richland,Richland,PA,Pennsylvania,42075,Lebanon,40.3574,-76.2568,1612,448,polygon,FALSE,TRUE,America/New_York,3
11960,Mars,Mars,PA,Pennsylvania,42019,Butler,40.6969,-80.0141,1612,1322,polygon,FALSE,TRUE,America/New_York,3
11961,Harvey,Harvey,MI,Michigan,26103,Marquette,46.4882,-87.3511,1612,312,polygon,FALSE,FALSE,America/Detroit,3
11962,Thorp,Thorp,WI,Wisconsin,55019,Clark,44.958,-90.8021,1611,417,polygon,FALSE,TRUE,America/Chicago,3
11963,Corrigan,Corrigan,TX,Texas,48373,Polk,30.9988,-94.8275,1611,270,polygon,FALSE,TRUE,America/Chicago,3
11964,Bethel,Bethel,NC,North Carolina,37147,Pitt,35.8072,-77.3762,1611,586,polygon,FALSE,TRUE,America/New_York,3
11965,Senath,Senath,MO,Missouri,29069,Dunklin,36.134,-90.1614,1611,323,polygon,FALSE,TRUE,America/Chicago,3
11966,Stateburg,Stateburg,SC,South Carolina,45085,Sumter,33.9753,-80.5264,1611,133,polygon,FALSE,FALSE,America/New_York,3
11967,Berino,Berino,NM,New Mexico,35013,Doña Ana,32.0689,-106.6219,1610,669,polygon,FALSE,FALSE,America/Denver,3
11968,Moodus,Moodus,CT,Connecticut,9007,Middlesex,41.5043,-72.449,1610,214,polygon,FALSE,FALSE,America/New_York,3
11969,Stella,Stella,PR,Puerto Rico,72117,Rincón,18.3235,-67.2462,1610,1878,polygon,FALSE,FALSE,America/Puerto_Rico,3
11970,Elkview,Elkview,WV,West Virginia,54039,Kanawha,38.4327,-81.4771,1609,369,polygon,FALSE,FALSE,America/New_York,3
11971,Maurice,Maurice,LA,Louisiana,22113,Vermilion,30.1041,-92.1211,1609,223,polygon,FALSE,TRUE,America/Chicago,3
11972,Mill Hall,Mill Hall,PA,Pennsylvania,42035,Clinton,41.1045,-77.4888,1608,673,polygon,FALSE,TRUE,America/New_York,3
11973,Georgiana,Georgiana,AL,Alabama,1013,Butler,31.6391,-86.7468,1608,99,polygon,FALSE,TRUE,America/Chicago,3
11974,Ashley,Ashley,OH,Ohio,39041,Delaware,40.4098,-82.9516,1608,942,polygon,FALSE,TRUE,America/New_York,3
11975,Drew,Drew,MS,Mississippi,28133,Sunflower,33.8101,-90.5304,1608,553,polygon,FALSE,TRUE,America/Chicago,3
11976,Port Byron,Port Byron,IL,Illinois,17161,Rock Island,41.616,-90.328,1607,255,polygon,FALSE,TRUE,America/Chicago,3
11977,Collinsville,Collinsville,MS,Mississippi,28075,Lauderdale,32.4912,-88.8452,1606,43,polygon,FALSE,FALSE,America/Chicago,3
11978,Naranjito,Naranjito,PR,Puerto Rico,72105,Naranjito,18.302,-66.246,1605,1883,polygon,FALSE,FALSE,America/Puerto_Rico,3
11979,Montour Falls,Montour Falls,NY,New York,36097,Schuyler,42.3499,-76.8483,1604,205,polygon,FALSE,TRUE,America/New_York,3
11980,Aberdeen,Aberdeen,OH,Ohio,39015,Brown,38.6714,-83.7705,1604,458,polygon,FALSE,TRUE,America/New_York,3
11981,Soap Lake,Soap Lake,WA,Washington,53025,Grant,47.3914,-119.4892,1603,402,polygon,FALSE,TRUE,America/Los_Angeles,3
11982,Belleair Beach,Belleair Beach,FL,Florida,12103,Pinellas,27.9242,-82.8358,1603,1298,polygon,FALSE,TRUE,America/New_York,3
11983,Washington Mills,Washington Mills,NY,New York,36065,Oneida,43.0479,-75.2811,1603,924,polygon,FALSE,FALSE,America/New_York,3
11984,Waverly,Waverly,MN,Minnesota,27171,Wright,45.065,-93.9663,1603,353,polygon,FALSE,TRUE,America/Chicago,3
11985,Dallesport,Dallesport,WA,Washington,53039,Klickitat,45.6316,-121.1749,1602,91,polygon,FALSE,FALSE,America/Los_Angeles,3
11986,Blue Ridge,Blue Ridge,AL,Alabama,1051,Elmore,32.501,-86.1839,1602,79,polygon,FALSE,FALSE,America/Chicago,3
11987,Neoga,Neoga,IL,Illinois,17035,Cumberland,39.3215,-88.4504,1602,444,polygon,FALSE,TRUE,America/Chicago,3
11988,Wagon Wheel,Wagon Wheel,AZ,Arizona,4017,Navajo,34.1976,-110.0273,1602,243,polygon,FALSE,TRUE,America/Phoenix,3
11989,La Alianza,La Alianza,PR,Puerto Rico,72013,Arecibo,18.3975,-66.5995,1602,839,polygon,FALSE,FALSE,America/Puerto_Rico,3
11990,Stevenson,Stevenson,WA,Washington,53059,Skamania,45.6944,-121.8931,1601,375,polygon,FALSE,TRUE,America/Los_Angeles,3
11991,Fern Acres,Fern Acres,HI,Hawaii,15001,Hawaii,19.5082,-155.0785,1601,90,polygon,FALSE,FALSE,Pacific/Honolulu,3
11992,Collings Lakes,Collings Lakes,NJ,New Jersey,34001,Atlantic,39.5939,-74.8821,1601,963,polygon,FALSE,FALSE,America/New_York,3
11993,Ransomville,Ransomville,NY,New York,36063,Niagara,43.2389,-78.9114,1601,99,polygon,FALSE,FALSE,America/New_York,3
11994,Coats Bend,Coats Bend,AL,Alabama,1055,Etowah,34.0774,-85.8742,1600,72,polygon,FALSE,TRUE,America/Chicago,3
11995,Atlanta,Atlanta,IL,Illinois,17107,Logan,40.2637,-89.231,1600,494,polygon,FALSE,TRUE,America/Chicago,3
11996,Corydon,Corydon,IA,Iowa,19185,Wayne,40.7574,-93.3174,1600,443,polygon,FALSE,TRUE,America/Chicago,3
11997,Elk Creek,Elk Creek,KY,Kentucky,21215,Spencer,38.117,-85.3722,1600,106,polygon,FALSE,FALSE,America/New_York,3
11998,Bowman,Bowman,ND,North Dakota,38011,Bowman,46.184,-103.3991,1599,387,polygon,FALSE,TRUE,America/Denver,3
11999,Ethete,Ethete,WY,Wyoming,56013,Fremont,43.0008,-108.723,1598,18,polygon,FALSE,FALSE,America/Denver,3
12000,South Point,South Point,TX,Texas,48061,Cameron,25.873,-97.383,1598,461,polygon,FALSE,FALSE,America/Chicago,3
12001,Ames Lake,Ames Lake,WA,Washington,53033,King,47.6346,-121.9664,1597,385,polygon,FALSE,FALSE,America/Los_Angeles,3
12002,Prosperity,Prosperity,WV,West Virginia,54081,Raleigh,37.8385,-81.1986,1597,250,polygon,FALSE,FALSE,America/New_York,3
12003,Midway,Midway,FL,Florida,12117,Seminole,28.7924,-81.2314,1597,836,polygon,FALSE,FALSE,America/New_York,3
12004,Des Allemands,Des Allemands,LA,Louisiana,22089,St. Charles,29.8162,-90.4746,1597,61,polygon,FALSE,FALSE,America/Chicago,3
12005,Church Hill,Church Hill,PA,Pennsylvania,42087,Mifflin,40.6926,-77.5949,1597,445,polygon,FALSE,FALSE,America/New_York,3
12006,Brooklyn,Brooklyn,IN,Indiana,18109,Morgan,39.5436,-86.3674,1597,923,polygon,FALSE,TRUE,America/Indiana/Indianapolis,3
12007,Teaticket,Teaticket,MA,Massachusetts,25001,Barnstable,41.5624,-70.5858,1597,585,polygon,FALSE,FALSE,America/New_York,3
12008,Adrian,Adrian,MO,Missouri,29013,Bates,38.396,-94.3498,1597,294,polygon,FALSE,TRUE,America/Chicago,3
12009,Galesville,Galesville,WI,Wisconsin,55121,Trempealeau,44.0839,-91.358,1596,473,polygon,FALSE,TRUE,America/Chicago,3
12010,Emerson,Emerson,GA,Georgia,13015,Bartow,34.1303,-84.7484,1596,71,polygon,FALSE,TRUE,America/New_York,3
12011,Fish Lake,Fish Lake,IN,Indiana,18091,LaPorte,41.5616,-86.5513,1596,399,polygon,FALSE,FALSE,America/Chicago,3
12012,Traer,Traer,IA,Iowa,19171,Tama,42.1895,-92.4639,1596,477,polygon,FALSE,TRUE,America/Chicago,3
12013,Brilliant,Brilliant,OH,Ohio,39081,Jefferson,40.2701,-80.6318,1596,352,polygon,FALSE,FALSE,America/New_York,3
12014,Coalville,Coalville,UT,Utah,49043,Summit,40.912,-111.413,1596,98,polygon,FALSE,TRUE,America/Denver,3
12015,Presquille,Presquille,LA,Louisiana,22109,Terrebonne,29.5586,-90.6385,1595,786,polygon,FALSE,FALSE,America/Chicago,3
12016,Lower Lake,Lower Lake,CA,California,6033,Lake,38.9119,-122.6085,1595,230,polygon,FALSE,FALSE,America/Los_Angeles,3
12017,Monette,Monette,AR,Arkansas,5031,Craighead,35.8931,-90.3442,1595,108,polygon,FALSE,TRUE,America/Chicago,3
12018,Edmonton,Edmonton,KY,Kentucky,21169,Metcalfe,36.9854,-85.6193,1595,161,polygon,FALSE,TRUE,America/Chicago,3
12019,Bernice,Bernice,LA,Louisiana,22111,Union,32.8276,-92.6584,1594,190,polygon,FALSE,TRUE,America/Chicago,3
12020,Orwell,Orwell,OH,Ohio,39007,Ashtabula,41.5364,-80.8596,1594,311,polygon,FALSE,TRUE,America/New_York,3
12021,Shoreacres,Shoreacres,TX,Texas,48201,Harris,29.6204,-95.0188,1593,676,polygon,FALSE,TRUE,America/Chicago,3
12022,De Kalb,De Kalb,TX,Texas,48037,Bowie,33.5076,-94.6167,1593,449,polygon,FALSE,TRUE,America/Chicago,3
12023,Lakeside,Lakeside,TX,Texas,48439,Tarrant,32.8219,-97.4869,1593,371,polygon,FALSE,TRUE,America/Chicago,3
12024,Linn,Linn,MO,Missouri,29151,Osage,38.4788,-91.845,1593,527,polygon,FALSE,TRUE,America/Chicago,3
12025,Eagle River,Eagle River,WI,Wisconsin,55125,Vilas,45.9249,-89.2561,1592,189,polygon,FALSE,TRUE,America/Chicago,3
12026,Mayville,Mayville,NY,New York,36013,Chautauqua,42.2532,-79.5031,1592,308,polygon,FALSE,TRUE,America/New_York,3
12027,East Pepperell,East Pepperell,MA,Massachusetts,25017,Middlesex,42.6654,-71.5635,1592,434,polygon,FALSE,FALSE,America/New_York,3
12028,Emigration Canyon,Emigration Canyon,UT,Utah,49035,Salt Lake,40.7886,-111.7414,1592,33,polygon,FALSE,TRUE,America/Denver,3
12029,Cressona,Cressona,PA,Pennsylvania,42107,Schuylkill,40.6304,-76.1938,1591,615,polygon,FALSE,TRUE,America/New_York,3
12030,Buttonwillow,Buttonwillow,CA,California,6029,Kern,35.4092,-119.4406,1591,88,polygon,FALSE,FALSE,America/Los_Angeles,3
12031,Mechanicsburg,Mechanicsburg,OH,Ohio,39021,Champaign,40.0735,-83.5564,1591,626,polygon,FALSE,TRUE,America/New_York,3
12032,San Antonio,San Antonio,PR,Puerto Rico,72115,Quebradillas,18.4382,-66.9362,1591,941,polygon,FALSE,FALSE,America/Puerto_Rico,3
12033,Darien,Darien,WI,Wisconsin,55127,Walworth,42.6008,-88.7127,1590,476,polygon,FALSE,TRUE,America/Chicago,3
12034,MacArthur,MacArthur,WV,West Virginia,54081,Raleigh,37.7553,-81.2078,1590,205,polygon,FALSE,FALSE,America/New_York,3
12035,Natalia,Natalia,TX,Texas,48325,Medina,29.1877,-98.8524,1590,441,polygon,FALSE,TRUE,America/Chicago,3
12036,Warner,Warner,OK,Oklahoma,40101,Muskogee,35.4902,-95.3085,1590,316,polygon,FALSE,TRUE,America/Chicago,3
12037,Woodland Hills,Woodland Hills,UT,Utah,49049,Utah,40.0132,-111.6558,1590,242,polygon,FALSE,TRUE,America/Denver,3
12038,Avon,Avon,MN,Minnesota,27145,Stearns,45.6101,-94.4619,1590,374,polygon,FALSE,TRUE,America/Chicago,3
12039,Nashua,Nashua,IA,Iowa,19037,Chickasaw,42.9502,-92.5417,1589,212,polygon,FALSE,TRUE,America/Chicago,3
12040,LeChee,LeChee,AZ,Arizona,4005,Coconino,36.871,-111.4328,1589,36,polygon,FALSE,FALSE,America/Denver,3
12041,Shelbina,Shelbina,MO,Missouri,29205,Shelby,39.693,-92.0396,1589,262,polygon,FALSE,TRUE,America/Chicago,3
12042,Clark Mills,Clark Mills,NY,New York,36065,Oneida,43.0895,-75.3757,1588,410,polygon,FALSE,FALSE,America/New_York,3
12043,Homer City,Homer City,PA,Pennsylvania,42063,Indiana,40.5403,-79.1597,1588,1110,polygon,FALSE,TRUE,America/New_York,3
12044,Jerome,Jerome,IL,Illinois,17167,Sangamon,39.7677,-89.6785,1588,1318,polygon,FALSE,TRUE,America/Chicago,3
12045,South Lancaster,South Lancaster,MA,Massachusetts,25027,Worcester,42.4373,-71.692,1588,464,polygon,FALSE,FALSE,America/New_York,3
12046,Union City,Union City,OH,Ohio,39037,Darke,40.1996,-84.7943,1588,666,polygon,FALSE,TRUE,America/New_York,3
12047,Rosedale,Rosedale,MS,Mississippi,28011,Bolivar,33.8525,-91.0339,1588,113,polygon,FALSE,TRUE,America/Chicago,3
12048,Eleanor,Eleanor,WV,West Virginia,54079,Putnam,38.5374,-81.9256,1587,288,polygon,FALSE,TRUE,America/New_York,3
12049,Earlville,Earlville,IL,Illinois,17099,LaSalle,41.588,-88.9229,1587,510,polygon,FALSE,TRUE,America/Chicago,3
12050,Kalida,Kalida,OH,Ohio,39137,Putnam,40.9854,-84.1945,1587,364,polygon,FALSE,TRUE,America/New_York,3
12051,Harbor Beach,Harbor Beach,MI,Michigan,26063,Huron,43.8456,-82.6554,1587,356,polygon,FALSE,TRUE,America/Detroit,3
12052,Sutton-Alpine,Sutton-Alpine,AK,Alaska,2170,Matanuska-Susitna,61.7429,-148.8542,1586,10,polygon,FALSE,TRUE,America/Anchorage,3
12053,Northlakes,Northlakes,NC,North Carolina,37027,Caldwell,35.7755,-81.3669,1586,408,polygon,FALSE,FALSE,America/New_York,3
12054,Tecumseh,Tecumseh,NE,Nebraska,31097,Johnson,40.3718,-96.1888,1586,405,polygon,FALSE,TRUE,America/Chicago,3
12055,Fort Montgomery,Fort Montgomery,NY,New York,36071,Orange,41.3401,-73.9853,1586,415,polygon,FALSE,FALSE,America/New_York,3
12056,Hasson Heights,Hasson Heights,PA,Pennsylvania,42121,Venango,41.4487,-79.6765,1586,401,polygon,FALSE,FALSE,America/New_York,3
12057,Murfreesboro,Murfreesboro,AR,Arkansas,5109,Pike,34.0546,-93.6834,1586,162,polygon,FALSE,TRUE,America/Chicago,3
12058,Boaz,Boaz,WV,West Virginia,54107,Wood,39.3671,-81.4854,1585,170,polygon,FALSE,FALSE,America/New_York,3
12059,Rollingwood,Rollingwood,TX,Texas,48453,Travis,30.2736,-97.7867,1585,876,polygon,FALSE,TRUE,America/Chicago,3
12060,Albion,Albion,NE,Nebraska,31011,Boone,41.6872,-97.9987,1585,590,polygon,FALSE,TRUE,America/Chicago,3
12061,Osgood,Osgood,IN,Indiana,18137,Ripley,39.1291,-85.292,1585,422,polygon,FALSE,TRUE,America/Indiana/Indianapolis,3
12062,Kenly,Kenly,NC,North Carolina,37101,Johnston,35.5887,-78.1368,1584,350,polygon,FALSE,TRUE,America/New_York,3
12063,Callender,Callender,CA,California,6079,San Luis Obispo,35.048,-120.5759,1583,267,polygon,FALSE,FALSE,America/Los_Angeles,3
12064,Des Arc,Des Arc,AR,Arkansas,5117,Prairie,34.9777,-91.5068,1582,290,polygon,FALSE,TRUE,America/Chicago,3
12065,Franklin Furnace,Franklin Furnace,OH,Ohio,39145,Scioto,38.6115,-82.8439,1582,259,polygon,FALSE,FALSE,America/New_York,3
12066,Bourbon,Bourbon,MO,Missouri,29055,Crawford,38.1505,-91.2493,1582,456,polygon,FALSE,TRUE,America/Chicago,3
12067,Leona Valley,Leona Valley,CA,California,6037,Los Angeles,34.6147,-118.299,1581,32,polygon,FALSE,FALSE,America/Los_Angeles,3
12068,Sardis,Sardis,MS,Mississippi,28107,Panola,34.4355,-89.9114,1581,305,polygon,FALSE,TRUE,America/Chicago,3
12069,Rosharon,Rosharon,TX,Texas,48039,Brazoria,29.35,-95.453,1580,190,polygon,FALSE,FALSE,America/Chicago,3
12070,Graysville,Graysville,TN,Tennessee,47143,Rhea,35.4493,-85.0763,1580,517,polygon,FALSE,TRUE,America/New_York,3
12071,Sturgeon,Sturgeon,PA,Pennsylvania,42003,Allegheny,40.3835,-80.2153,1580,544,polygon,FALSE,FALSE,America/New_York,3
12072,Langhorne,Langhorne,PA,Pennsylvania,42017,Bucks,40.1777,-74.9212,1580,1239,polygon,FALSE,TRUE,America/New_York,3
12073,Hamilton,Hamilton,IN,Indiana,18151,Steuben,41.541,-84.9204,1580,290,polygon,FALSE,TRUE,America/Indiana/Indianapolis,3
12074,Rocky Point,Rocky Point,WA,Washington,53035,Kitsap,47.5881,-122.6668,1579,861,polygon,FALSE,FALSE,America/Los_Angeles,3
12075,Eldorado,Eldorado,TX,Texas,48413,Schleicher,30.8617,-100.5979,1579,437,polygon,FALSE,TRUE,America/Chicago,3
12076,Belhaven,Belhaven,NC,North Carolina,37013,Beaufort,35.5428,-76.6232,1579,383,polygon,FALSE,TRUE,America/New_York,3
12077,Guayabal,Guayabal,PR,Puerto Rico,72075,Juana Díaz,18.0761,-66.5017,1579,1256,polygon,FALSE,FALSE,America/Puerto_Rico,3
12078,Stratford,Stratford,WI,Wisconsin,55073,Marathon,44.8009,-90.0722,1577,114,polygon,FALSE,TRUE,America/Chicago,3
12079,Brookside Village,Brookside Village,TX,Texas,48039,Brazoria,29.5907,-95.318,1577,294,polygon,FALSE,TRUE,America/Chicago,3
12080,Tuolumne City,Tuolumne City,CA,California,6109,Tuolumne,37.9615,-120.2428,1577,261,polygon,FALSE,FALSE,America/Los_Angeles,3
12081,Wilder,Wilder,VT,Vermont,50027,Windsor,43.673,-72.3109,1577,708,polygon,FALSE,FALSE,America/New_York,3
12082,Hallsville,Hallsville,MO,Missouri,29019,Boone,39.1196,-92.2268,1577,395,polygon,FALSE,TRUE,America/Chicago,3
12083,Wayne,Wayne,WV,West Virginia,54099,Wayne,38.2296,-82.4417,1576,515,polygon,FALSE,TRUE,America/New_York,3
12084,Runaway Bay,Runaway Bay,TX,Texas,48497,Wise,33.1773,-97.871,1576,241,polygon,FALSE,TRUE,America/Chicago,3
12085,East Canton,East Canton,OH,Ohio,39151,Stark,40.7889,-81.285,1576,507,polygon,FALSE,TRUE,America/New_York,3
12086,River Hills,River Hills,WI,Wisconsin,55079,Milwaukee,43.1717,-87.9353,1575,117,polygon,FALSE,TRUE,America/Chicago,3
12087,Lookout Mountain,Lookout Mountain,GA,Georgia,13295,Walker,34.9664,-85.3622,1574,228,polygon,FALSE,TRUE,America/New_York,3
12088,Hartley,Hartley,IA,Iowa,19141,O'Brien,43.179,-95.4768,1574,468,polygon,FALSE,TRUE,America/Chicago,3
12089,Francis,Francis,UT,Utah,49043,Summit,40.6105,-111.2744,1574,228,polygon,FALSE,TRUE,America/Denver,3
12090,Alvord,Alvord,TX,Texas,48497,Wise,33.3569,-97.696,1573,398,polygon,FALSE,TRUE,America/Chicago,3
12091,Marbury,Marbury,AL,Alabama,1001,Autauga,32.6793,-86.4607,1573,26,polygon,FALSE,FALSE,America/Chicago,3
12092,Thorntown,Thorntown,IN,Indiana,18011,Boone,40.1292,-86.6099,1573,990,polygon,FALSE,TRUE,America/Indiana/Indianapolis,3
12093,Owingsville,Owingsville,KY,Kentucky,21011,Bath,38.1364,-83.7603,1573,241,polygon,FALSE,TRUE,America/New_York,3
12094,Whitehall,Whitehall,WI,Wisconsin,55121,Trempealeau,44.3705,-91.3476,1572,105,polygon,FALSE,TRUE,America/Chicago,3
12095,Green Valley,Green Valley,CA,California,6095,Solano,38.2607,-122.1622,1572,72,polygon,FALSE,FALSE,America/Los_Angeles,3
12096,Warren Park,Warren Park,IN,Indiana,18097,Marion,39.7833,-86.0516,1572,1341,polygon,FALSE,TRUE,America/Indiana/Indianapolis,3
12097,Pirtleville,Pirtleville,AZ,Arizona,4003,Cochise,31.3613,-109.5661,1572,325,polygon,FALSE,FALSE,America/Phoenix,3
12098,New Paris,New Paris,OH,Ohio,39135,Preble,39.8565,-84.7922,1572,825,polygon,FALSE,TRUE,America/New_York,3
12099,Estancia,Estancia,NM,New Mexico,35057,Torrance,34.7667,-106.0301,1571,98,polygon,FALSE,TRUE,America/Denver,3
12100,Mount Carroll,Mount Carroll,IL,Illinois,17015,Carroll,42.0947,-89.9769,1571,302,polygon,FALSE,TRUE,America/Chicago,3
12101,Southern View,Southern View,IL,Illinois,17167,Sangamon,39.7559,-89.6511,1570,1147,polygon,FALSE,TRUE,America/Chicago,3
12102,McCord,McCord,OK,Oklahoma,40113,Osage,36.6798,-97.0346,1570,138,polygon,FALSE,FALSE,America/Chicago,3
12103,Smith Center,Smith Center,KS,Kansas,20183,Smith,39.7748,-98.783,1570,474,polygon,FALSE,TRUE,America/Chicago,3
12104,Summit,Summit,MS,Mississippi,28113,Pike,31.2808,-90.467,1570,267,polygon,FALSE,TRUE,America/Chicago,3
12105,Blossom,Blossom,TX,Texas,48277,Lamar,33.6633,-95.3837,1569,237,polygon,FALSE,TRUE,America/Chicago,3
12106,East Dubuque,East Dubuque,IL,Illinois,17085,Jo Daviess,42.4889,-90.6278,1569,220,polygon,FALSE,TRUE,America/Chicago,3
12107,Crownsville,Crownsville,MD,Maryland,24003,Anne Arundel,39.0225,-76.5903,1569,118,polygon,FALSE,FALSE,America/New_York,3
12108,Parcelas de Navarro,Parcelas de Navarro,PR,Puerto Rico,72063,Gurabo,18.2301,-66.0042,1569,4501,polygon,FALSE,TRUE,America/Puerto_Rico,2
12109,Pewee Valley,Pewee Valley,KY,Kentucky,21185,Oldham,38.3105,-85.4895,1569,313,polygon,FALSE,TRUE,America/New_York,3
12110,Clearview Acres,Clearview Acres,WY,Wyoming,56037,Sweetwater,41.5842,-109.2801,1568,504,polygon,FALSE,FALSE,America/Denver,3
12111,Upper Pohatcong,Upper Pohatcong,NJ,New Jersey,34041,Warren,40.6774,-75.1558,1568,936,polygon,FALSE,TRUE,America/New_York,3
12112,Bridgeport,Bridgeport,NY,New York,36053,Madison,43.1545,-75.9734,1568,339,polygon,FALSE,FALSE,America/New_York,3
12113,Del Norte,Del Norte,CO,Colorado,8105,Rio Grande,37.6785,-106.354,1568,615,polygon,FALSE,TRUE,America/Denver,3
12114,Big Pine,Big Pine,CA,California,6027,Inyo,37.1655,-118.2952,1568,204,polygon,FALSE,FALSE,America/Los_Angeles,3
12115,Tonka Bay,Tonka Bay,MN,Minnesota,27053,Hennepin,44.9167,-93.5886,1568,644,polygon,FALSE,TRUE,America/Chicago,3
12116,Boulevard Gardens,Boulevard Gardens,FL,Florida,12011,Broward,26.1252,-80.1822,1567,2410,polygon,FALSE,FALSE,America/New_York,2
12117,Vernon Valley,Vernon Valley,NJ,New Jersey,34037,Sussex,41.2396,-74.4833,1567,227,polygon,FALSE,FALSE,America/New_York,3
12118,Genola,Genola,UT,Utah,49049,Utah,40.0117,-111.8464,1567,43,polygon,FALSE,TRUE,America/Denver,3
12119,Sandia Knolls,Sandia Knolls,NM,New Mexico,35001,Bernalillo,35.1604,-106.2987,1566,215,polygon,FALSE,FALSE,America/Denver,3
12120,Elizabeth,Elizabeth,CO,Colorado,8039,Elbert,39.36,-104.6071,1566,463,polygon,FALSE,TRUE,America/Denver,3
12121,Galena,Galena,IN,Indiana,18043,Floyd,38.3513,-85.9372,1566,226,polygon,FALSE,FALSE,America/Kentucky/Louisville,3
12122,Manson,Manson,IA,Iowa,19025,Calhoun,42.5284,-94.5401,1566,190,polygon,FALSE,TRUE,America/Chicago,3
12123,Blackwater,Blackwater,AZ,Arizona,4021,Pinal,33.0396,-111.5798,1566,33,polygon,FALSE,FALSE,America/Phoenix,3
12124,Random Lake,Random Lake,WI,Wisconsin,55117,Sheboygan,43.5541,-87.9548,1565,424,polygon,FALSE,TRUE,America/Chicago,3
12125,Grayville,Grayville,IL,Illinois,17047,Edwards,38.2554,-87.997,1565,284,polygon,FALSE,TRUE,America/Chicago,3
12126,Milford,Milford,IN,Indiana,18085,Kosciusko,41.4142,-85.8446,1565,416,polygon,FALSE,TRUE,America/Indiana/Indianapolis,3
12127,Bayou L'Ourse,Bayou L'Ourse,LA,Louisiana,22007,Assumption,29.7174,-91.0607,1564,221,polygon,FALSE,TRUE,America/Chicago,3
12128,Temelec,Temelec,CA,California,6097,Sonoma,38.2577,-122.4982,1564,380,polygon,FALSE,FALSE,America/Los_Angeles,3
12129,Dunsmuir,Dunsmuir,CA,California,6093,Siskiyou,41.2318,-122.2714,1564,376,polygon,FALSE,TRUE,America/Los_Angeles,3
12130,Chester,Chester,GA,Georgia,13091,Dodge,32.3945,-83.1551,1564,685,polygon,FALSE,TRUE,America/New_York,3
12131,Kings Mills,Kings Mills,OH,Ohio,39165,Warren,39.3586,-84.2505,1564,524,polygon,FALSE,FALSE,America/New_York,3
12132,Union City,Union City,MI,Michigan,26023,Branch,42.0662,-85.1432,1564,417,polygon,FALSE,TRUE,America/Detroit,3
12133,Duluth,Duluth,WA,Washington,53011,Clark,45.7838,-122.647,1563,101,polygon,FALSE,FALSE,America/Los_Angeles,3
12134,Ada,Ada,MN,Minnesota,27107,Norman,47.2992,-96.5165,1563,445,polygon,FALSE,TRUE,America/Chicago,3
12135,Crescent,Crescent,OK,Oklahoma,40083,Logan,35.9516,-97.5949,1561,580,polygon,FALSE,TRUE,America/Chicago,3
12136,Norwood,Norwood,NY,New York,36089,St. Lawrence,44.7481,-74.997,1560,287,polygon,FALSE,TRUE,America/New_York,3
12137,Miamitown,Miamitown,OH,Ohio,39061,Hamilton,39.2171,-84.7095,1560,449,polygon,FALSE,FALSE,America/New_York,3
12138,Wardsville,Wardsville,MO,Missouri,29051,Cole,38.4901,-92.1791,1560,173,polygon,FALSE,TRUE,America/Chicago,3
12139,Comanche,Comanche,OK,Oklahoma,40137,Stephens,34.3597,-97.9478,1559,132,polygon,FALSE,TRUE,America/Chicago,3
12140,Sharon,Sharon,WI,Wisconsin,55127,Walworth,42.5047,-88.7394,1557,362,polygon,FALSE,TRUE,America/Chicago,3
12141,Joseph City,Joseph City,AZ,Arizona,4017,Navajo,34.9614,-110.3274,1557,81,polygon,FALSE,FALSE,America/Phoenix,3
12142,Belle Plaine,Belle Plaine,KS,Kansas,20191,Sumner,37.3934,-97.2796,1556,722,polygon,FALSE,TRUE,America/Chicago,3
12143,Olive Hill,Olive Hill,KY,Kentucky,21043,Carter,38.3033,-83.1695,1556,315,polygon,FALSE,TRUE,America/New_York,3
12144,Manton,Manton,MI,Michigan,26165,Wexford,44.4114,-85.401,1555,384,polygon,FALSE,TRUE,America/Detroit,3
12145,New Plymouth,New Plymouth,ID,Idaho,16075,Payette,43.9705,-116.8187,1554,872,polygon,FALSE,TRUE,America/Boise,3
12146,Oak Grove,Oak Grove,LA,Louisiana,22123,West Carroll,32.8619,-91.3911,1553,348,polygon,FALSE,TRUE,America/Chicago,3
12147,Sand Lake,Sand Lake,MI,Michigan,26069,Iosco,44.3276,-83.6711,1553,40,polygon,FALSE,FALSE,America/Detroit,3
12148,Vonore,Vonore,TN,Tennessee,47123,Monroe,35.5977,-84.2365,1552,68,polygon,FALSE,TRUE,America/New_York,3
12149,Gray,Gray,TN,Tennessee,47179,Washington,36.4219,-82.4767,1552,401,polygon,FALSE,FALSE,America/New_York,3
12150,University of Pittsburgh Johnstown,University of Pittsburgh Johnstown,PA,Pennsylvania,42021,Cambria,40.263,-78.8296,1552,1079,polygon,FALSE,TRUE,America/New_York,3
12151,Reform,Reform,AL,Alabama,1107,Pickens,33.3788,-88.0173,1552,74,polygon,FALSE,TRUE,America/Chicago,3
12152,Carrier Mills,Carrier Mills,IL,Illinois,17165,Saline,37.6886,-88.6294,1552,496,polygon,FALSE,TRUE,America/Chicago,3
12153,Woodmont,Woodmont,CT,Connecticut,9009,New Haven,41.2282,-72.993,1552,2182,polygon,FALSE,TRUE,America/New_York,2
12154,Moroni,Moroni,UT,Utah,49039,Sanpete,39.5271,-111.5832,1552,562,polygon,FALSE,TRUE,America/Denver,3
12155,Warren,Warren,MN,Minnesota,27089,Marshall,48.194,-96.7688,1552,411,polygon,FALSE,TRUE,America/Chicago,3
12156,East Spencer,East Spencer,NC,North Carolina,37159,Rowan,35.6821,-80.4274,1551,376,polygon,FALSE,TRUE,America/New_York,3
12157,Jackpot,Jackpot,NV,Nevada,32007,Elko,41.9797,-114.6645,1551,153,polygon,FALSE,FALSE,America/Los_Angeles,3
12158,Westville,Westville,OK,Oklahoma,40001,Adair,35.9903,-94.5743,1551,493,polygon,FALSE,TRUE,America/Chicago,3
12159,Sarcoxie,Sarcoxie,MO,Missouri,29097,Jasper,37.0683,-94.1259,1551,427,polygon,FALSE,TRUE,America/Chicago,3
12160,Schoolcraft,Schoolcraft,MI,Michigan,26077,Kalamazoo,42.117,-85.6337,1551,610,polygon,FALSE,TRUE,America/Detroit,3
12161,Fivepointville,Fivepointville,PA,Pennsylvania,42071,Lancaster,40.1828,-76.0553,1550,484,polygon,FALSE,FALSE,America/New_York,3
12162,New Middletown,New Middletown,OH,Ohio,39099,Mahoning,40.9646,-80.5597,1550,685,polygon,FALSE,TRUE,America/New_York,3
12163,Worthington Hills,Worthington Hills,KY,Kentucky,21111,Jefferson,38.3093,-85.527,1550,2336,polygon,FALSE,TRUE,America/New_York,2
12164,Wyoming,Wyoming,DE,Delaware,10001,Kent,39.1147,-75.5631,1549,574,polygon,FALSE,TRUE,America/New_York,3
12165,Hudson Lake,Hudson Lake,IN,Indiana,18091,LaPorte,41.7173,-86.5476,1549,310,polygon,FALSE,FALSE,America/Chicago,3
12166,Fort Valley,Fort Valley,AZ,Arizona,4005,Coconino,35.2554,-111.7253,1549,78,polygon,FALSE,TRUE,America/Phoenix,3
12167,Montrose,Montrose,MI,Michigan,26049,Genesee,43.1765,-83.8932,1549,612,polygon,FALSE,TRUE,America/Detroit,3
12168,Stanfield,Stanfield,NC,North Carolina,37167,Stanly,35.2336,-80.4303,1548,134,polygon,FALSE,TRUE,America/New_York,3
12169,North Eastham,North Eastham,MA,Massachusetts,25001,Barnstable,41.8539,-69.9968,1548,173,polygon,FALSE,FALSE,America/New_York,3
12170,Oglala,Oglala,SD,South Dakota,46102,Oglala Lakota,43.1849,-102.7267,1548,47,polygon,FALSE,FALSE,America/Denver,3
12171,Fall Branch,Fall Branch,TN,Tennessee,47179,Washington,36.4161,-82.6242,1547,132,polygon,FALSE,FALSE,America/New_York,3
12172,Bressler,Bressler,PA,Pennsylvania,42043,Dauphin,40.2319,-76.819,1547,1885,polygon,FALSE,FALSE,America/New_York,3
12173,Beaver Dam,Beaver Dam,AZ,Arizona,4015,Mohave,36.9071,-113.9363,1547,70,polygon,FALSE,FALSE,America/Phoenix,3
12174,Choctaw Lake,Choctaw Lake,OH,Ohio,39097,Madison,39.9609,-83.4874,1547,575,polygon,FALSE,FALSE,America/New_York,3
12175,Lewiston,Lewiston,MN,Minnesota,27169,Winona,43.9823,-91.8695,1547,471,polygon,FALSE,TRUE,America/Chicago,3
12176,Wagner,Wagner,SD,South Dakota,46023,Charles Mix,43.0768,-98.2934,1547,316,polygon,FALSE,TRUE,America/Chicago,3
12177,Rehoboth Beach,Rehoboth Beach,DE,Delaware,10005,Sussex,38.7171,-75.0845,1546,507,polygon,FALSE,TRUE,America/New_York,3
12178,Dover,Dover,TN,Tennessee,47161,Stewart,36.4818,-87.8438,1546,156,polygon,FALSE,TRUE,America/Chicago,3
12179,Paxtang,Paxtang,PA,Pennsylvania,42043,Dauphin,40.2623,-76.8342,1546,1470,polygon,FALSE,TRUE,America/New_York,3
12180,Foresthill,Foresthill,CA,California,6061,Placer,39.0053,-120.8314,1546,53,polygon,FALSE,FALSE,America/Los_Angeles,3
12181,Crothersville,Crothersville,IN,Indiana,18071,Jackson,38.7944,-85.84,1546,511,polygon,FALSE,TRUE,America/Indiana/Indianapolis,3
12182,Wilkinson Heights,Wilkinson Heights,SC,South Carolina,45075,Orangeburg,33.4919,-80.8285,1546,199,polygon,FALSE,FALSE,America/New_York,3
12183,East Berlin,East Berlin,PA,Pennsylvania,42001,Adams,39.9368,-76.9794,1545,848,polygon,FALSE,TRUE,America/New_York,3
12184,Topaz Ranch Estates,Topaz Ranch Estates,NV,Nevada,32005,Douglas,38.7357,-119.5008,1545,41,polygon,FALSE,TRUE,America/Los_Angeles,3
12185,Westwood,Westwood,CA,California,6035,Lassen,40.3049,-121.0045,1545,109,polygon,FALSE,FALSE,America/Los_Angeles,3
12186,North Pekin,North Pekin,IL,Illinois,17179,Tazewell,40.6114,-89.6225,1545,427,polygon,FALSE,TRUE,America/Chicago,3
12187,Rossville,Rossville,IN,Indiana,18023,Clinton,40.4196,-86.5958,1545,1299,polygon,FALSE,TRUE,America/Indiana/Indianapolis,3
12188,Three Oaks,Three Oaks,MI,Michigan,26021,Berrien,41.7987,-86.613,1545,580,polygon,FALSE,TRUE,America/Detroit,3
12189,Hines,Hines,OR,Oregon,41025,Harney,43.557,-119.0803,1545,289,polygon,FALSE,TRUE,America/Los_Angeles,3
12190,Niagara,Niagara,WI,Wisconsin,55075,Marinette,45.7801,-87.9991,1544,215,polygon,FALSE,TRUE,America/Menominee,3
12191,New Fairview,New Fairview,TX,Texas,48497,Wise,33.1122,-97.4489,1544,38,polygon,FALSE,TRUE,America/Chicago,3
12192,Nescopeck,Nescopeck,PA,Pennsylvania,42079,Luzerne,41.0528,-76.2121,1544,574,polygon,FALSE,TRUE,America/New_York,3
12193,Falmouth Foreside,Falmouth Foreside,ME,Maine,23005,Cumberland,43.7348,-70.2152,1544,391,polygon,FALSE,FALSE,America/New_York,3
12194,San Antonio,San Antonio,PR,Puerto Rico,72005,Aguadilla,18.4931,-67.0998,1544,1233,polygon,FALSE,FALSE,America/Puerto_Rico,3
12195,Cedar Glen Lakes,Cedar Glen Lakes,NJ,New Jersey,34029,Ocean,39.9527,-74.3995,1543,857,polygon,FALSE,FALSE,America/New_York,3
12196,Seaside Park,Seaside Park,NJ,New Jersey,34029,Ocean,39.9264,-74.0785,1543,909,polygon,FALSE,TRUE,America/New_York,3
12197,Newfield,Newfield,NJ,New Jersey,34015,Gloucester,39.5484,-75.0167,1543,342,polygon,FALSE,TRUE,America/New_York,3
12198,Hillsdale,Hillsdale,MO,Missouri,29189,St. Louis,38.6858,-90.2869,1542,1738,polygon,FALSE,TRUE,America/Chicago,3
12199,Brookfield Center,Brookfield Center,OH,Ohio,39155,Trumbull,41.2383,-80.5548,1541,203,polygon,FALSE,FALSE,America/New_York,3
12200,Roseto,Roseto,PA,Pennsylvania,42095,Northampton,40.8778,-75.2204,1540,945,polygon,FALSE,TRUE,America/New_York,3
12201,Harlan,Harlan,IN,Indiana,18003,Allen,41.1966,-84.9245,1540,191,polygon,FALSE,FALSE,America/Indiana/Indianapolis,3
12202,Congress,Congress,AZ,Arizona,4025,Yavapai,34.1526,-112.8642,1540,15,polygon,FALSE,FALSE,America/Phoenix,3
12203,Tonto Basin,Tonto Basin,AZ,Arizona,4007,Gila,33.8361,-111.3003,1540,18,polygon,FALSE,FALSE,America/Phoenix,3
12204,Weeki Wachee Gardens,Weeki Wachee Gardens,FL,Florida,12053,Hernando,28.5375,-82.6208,1539,473,polygon,FALSE,FALSE,America/New_York,3
12205,Rosepine,Rosepine,LA,Louisiana,22115,Vernon,30.9208,-93.2857,1539,244,polygon,FALSE,TRUE,America/Chicago,3
12206,Dobson,Dobson,NC,North Carolina,37171,Surry,36.3927,-80.7239,1539,296,polygon,FALSE,TRUE,America/New_York,3
12207,North Ballston Spa,North Ballston Spa,NY,New York,36091,Saratoga,43.0197,-73.851,1539,714,polygon,FALSE,TRUE,America/New_York,3
12208,Willow Creek,Willow Creek,CA,California,6023,Humboldt,40.9385,-123.6412,1539,19,polygon,FALSE,FALSE,America/Los_Angeles,3
12209,Vernon Center,Vernon Center,NJ,New Jersey,34037,Sussex,41.1874,-74.5015,1538,201,polygon,FALSE,TRUE,America/New_York,3
12210,Chapel Hill,Chapel Hill,TN,Tennessee,47117,Marshall,35.6294,-86.6955,1538,187,polygon,FALSE,TRUE,America/Chicago,3
12211,Koontz Lake,Koontz Lake,IN,Indiana,18149,Starke,41.4169,-86.4827,1538,176,polygon,FALSE,FALSE,America/Indiana/Knox,3
12212,Lac du Flambeau,Lac du Flambeau,WI,Wisconsin,55125,Vilas,45.9696,-89.8995,1537,119,polygon,FALSE,FALSE,America/Chicago,3
12213,Logansport,Logansport,LA,Louisiana,22031,De Soto,31.9762,-93.9933,1537,174,polygon,FALSE,TRUE,America/Chicago,3
12214,Pepeekeo,Pepeekeo,HI,Hawaii,15001,Hawaii,19.8316,-155.1061,1536,496,polygon,FALSE,FALSE,Pacific/Honolulu,3
12215,Ramos,Ramos,PR,Puerto Rico,72089,Luquillo,18.3389,-65.7111,1536,541,polygon,FALSE,FALSE,America/Puerto_Rico,3
12216,Sumas,Sumas,WA,Washington,53073,Whatcom,48.9956,-122.2695,1534,403,polygon,FALSE,TRUE,America/Los_Angeles,3
12217,Englewood,Englewood,TN,Tennessee,47107,McMinn,35.4228,-84.4883,1534,310,polygon,FALSE,TRUE,America/New_York,3
12218,Gallitzin,Gallitzin,PA,Pennsylvania,42021,Cambria,40.4809,-78.5547,1534,809,polygon,FALSE,TRUE,America/New_York,3
12219,Garfield,Garfield,TX,Texas,48453,Travis,30.1961,-97.5514,1533,49,polygon,FALSE,FALSE,America/Chicago,3
12220,Walnut Cove,Walnut Cove,NC,North Carolina,37169,Stokes,36.2941,-80.1403,1533,237,polygon,FALSE,TRUE,America/New_York,3
12221,Appalachia,Appalachia,VA,Virginia,51195,Wise,36.9098,-82.7882,1533,259,polygon,FALSE,TRUE,America/New_York,3
12222,Nederland,Nederland,CO,Colorado,8013,Boulder,39.9633,-105.5071,1533,399,polygon,FALSE,TRUE,America/Denver,3
12223,Brookston,Brookston,IN,Indiana,18181,White,40.6008,-86.8665,1533,896,polygon,FALSE,TRUE,America/Indiana/Indianapolis,3
12224,South Windham,South Windham,CT,Connecticut,9015,Windham,41.685,-72.1845,1533,189,polygon,FALSE,FALSE,America/New_York,3
12225,Coldwater,Coldwater,MS,Mississippi,28137,Tate,34.6902,-89.9757,1533,249,polygon,FALSE,TRUE,America/Chicago,3
12226,Owenton,Owenton,KY,Kentucky,21187,Owen,38.5386,-84.8409,1533,311,polygon,FALSE,TRUE,America/New_York,3
12227,Mercersburg,Mercersburg,PA,Pennsylvania,42055,Franklin,39.832,-77.903,1532,655,polygon,FALSE,TRUE,America/New_York,3
12228,Mason,Mason,TN,Tennessee,47167,Tipton,35.4128,-89.5412,1531,298,polygon,FALSE,TRUE,America/Chicago,3
12229,Baxter,Baxter,TN,Tennessee,47141,Putnam,36.1537,-85.6349,1531,188,polygon,FALSE,TRUE,America/Chicago,3
12230,Fort Covington Hamlet,Fort Covington Hamlet,NY,New York,36033,Franklin,44.9761,-74.5097,1530,30,polygon,FALSE,FALSE,America/New_York,3
12231,Smethport,Smethport,PA,Pennsylvania,42083,McKean,41.8071,-78.4435,1530,363,polygon,FALSE,TRUE,America/New_York,3
12232,Sebree,Sebree,KY,Kentucky,21233,Webster,37.604,-87.5187,1530,201,polygon,FALSE,TRUE,America/Chicago,3
12233,Mundys Corner,Mundys Corner,PA,Pennsylvania,42021,Cambria,40.4432,-78.8325,1529,94,polygon,FALSE,FALSE,America/New_York,3
12234,Chepachet,Chepachet,RI,Rhode Island,44007,Providence,41.9105,-71.6653,1529,107,polygon,FALSE,FALSE,America/New_York,3
12235,Hancock,Hancock,MD,Maryland,24043,Washington,39.7054,-78.1749,1529,213,polygon,FALSE,TRUE,America/New_York,3
12236,Fair Grove,Fair Grove,MO,Missouri,29077,Greene,37.3833,-93.1522,1529,185,polygon,FALSE,TRUE,America/Chicago,3
12237,Zilwaukee,Zilwaukee,MI,Michigan,26145,Saginaw,43.4809,-83.9223,1529,267,polygon,FALSE,TRUE,America/Detroit,3
12238,Dunnstown,Dunnstown,PA,Pennsylvania,42035,Clinton,41.1484,-77.4202,1528,717,polygon,FALSE,FALSE,America/New_York,3
12239,Grandview Plaza,Grandview Plaza,KS,Kansas,20061,Geary,39.0327,-96.793,1528,696,polygon,FALSE,TRUE,America/Chicago,3
12240,Bangs,Bangs,TX,Texas,48049,Brown,31.7161,-99.1303,1527,394,polygon,FALSE,TRUE,America/Chicago,3
12241,White Pigeon,White Pigeon,MI,Michigan,26149,St. Joseph,41.7977,-85.6486,1527,418,polygon,FALSE,TRUE,America/Detroit,3
12242,Eureka Mill,Eureka Mill,SC,South Carolina,45023,Chester,34.718,-81.193,1527,468,polygon,FALSE,FALSE,America/New_York,3
12243,Lusk,Lusk,WY,Wyoming,56027,Niobrara,42.7612,-104.4583,1526,284,polygon,FALSE,TRUE,America/Denver,3
12244,South Taft,South Taft,CA,California,6029,Kern,35.1293,-119.4575,1526,547,polygon,FALSE,FALSE,America/Los_Angeles,3
12245,Augusta,Augusta,WI,Wisconsin,55035,Eau Claire,44.6784,-91.1203,1525,266,polygon,FALSE,TRUE,America/Chicago,3
12246,Edgewood,Edgewood,TX,Texas,48467,Van Zandt,32.6947,-95.8833,1525,433,polygon,FALSE,TRUE,America/Chicago,3
12247,Port Dickinson,Port Dickinson,NY,New York,36007,Broome,42.1361,-75.8939,1525,939,polygon,FALSE,TRUE,America/New_York,3
12248,Canton Valley,Canton Valley,CT,Connecticut,9003,Hartford,41.8316,-72.8978,1525,334,polygon,FALSE,FALSE,America/New_York,3
12249,Stratford,Stratford,OK,Oklahoma,40049,Garvin,34.7952,-96.9603,1525,585,polygon,FALSE,TRUE,America/Chicago,3
12250,Oronoco,Oronoco,MN,Minnesota,27109,Olmsted,44.1598,-92.5401,1525,202,polygon,FALSE,TRUE,America/Chicago,3
12251,Westwood Shores,Westwood Shores,TX,Texas,48455,Trinity,30.9376,-95.3254,1524,182,polygon,FALSE,TRUE,America/Chicago,3
12252,Quinlan,Quinlan,TX,Texas,48231,Hunt,32.909,-96.1312,1524,455,polygon,FALSE,TRUE,America/Chicago,3
12253,Kremmling,Kremmling,CO,Colorado,8049,Grand,40.0566,-106.3782,1524,449,polygon,FALSE,TRUE,America/Denver,3
12254,Holley,Holley,FL,Florida,12113,Santa Rosa,30.454,-86.9036,1523,165,polygon,FALSE,FALSE,America/Chicago,3
12255,Kerens,Kerens,TX,Texas,48349,Navarro,32.1308,-96.2251,1523,235,polygon,FALSE,TRUE,America/Chicago,3
12256,Watertown,Watertown,TN,Tennessee,47189,Wilson,36.101,-86.1403,1523,442,polygon,FALSE,TRUE,America/Chicago,3
12257,Apollo,Apollo,PA,Pennsylvania,42005,Armstrong,40.5849,-79.5648,1523,1926,polygon,FALSE,TRUE,America/New_York,3
12258,Fort Loramie,Fort Loramie,OH,Ohio,39149,Shelby,40.3442,-84.3696,1523,586,polygon,FALSE,TRUE,America/New_York,3
12259,Salisbury,Salisbury,MO,Missouri,29041,Chariton,39.4233,-92.8025,1523,439,polygon,FALSE,TRUE,America/Chicago,3
12260,Meade,Meade,KS,Kansas,20119,Meade,37.2836,-100.343,1523,401,polygon,FALSE,TRUE,America/Chicago,3
12261,Salem,Salem,WV,West Virginia,54033,Harrison,39.2849,-80.5645,1522,439,polygon,FALSE,TRUE,America/New_York,3
12262,Hawthorne,Hawthorne,FL,Florida,12001,Alachua,29.5937,-82.0945,1522,79,polygon,FALSE,TRUE,America/New_York,3
12263,Limestone,Limestone,IL,Illinois,17091,Kankakee,41.1337,-87.9599,1522,224,polygon,FALSE,TRUE,America/Chicago,3
12264,Kaibito,Kaibito,AZ,Arizona,4005,Coconino,36.592,-111.1071,1522,36,polygon,FALSE,FALSE,America/Denver,3
12265,Fairmount Heights,Fairmount Heights,MD,Maryland,24033,Prince George's,38.9016,-76.9153,1522,2219,polygon,FALSE,TRUE,America/New_York,2
12266,Oak Hill,Oak Hill,OH,Ohio,39079,Jackson,38.8962,-82.5691,1522,514,polygon,FALSE,TRUE,America/New_York,3
12267,South Browning,South Browning,MT,Montana,30035,Glacier,48.5459,-113.0128,1522,251,polygon,FALSE,FALSE,America/Denver,3
12268,Seven Points,Seven Points,TX,Texas,48213,Henderson,32.3291,-96.2142,1521,213,polygon,FALSE,TRUE,America/Chicago,3
12269,Gordon,Gordon,NE,Nebraska,31161,Sheridan,42.8063,-102.2039,1521,630,polygon,FALSE,TRUE,America/Denver,3
12270,Bennington,Bennington,NE,Nebraska,31055,Douglas,41.3681,-96.1616,1521,703,polygon,FALSE,TRUE,America/Chicago,3
12271,Avoca,Avoca,IA,Iowa,19155,Pottawattamie,41.4829,-95.3372,1521,245,polygon,FALSE,TRUE,America/Chicago,3
12272,Rainelle,Rainelle,WV,West Virginia,54025,Greenbrier,37.9678,-80.7717,1520,527,polygon,FALSE,TRUE,America/New_York,3
12273,Gasport,Gasport,NY,New York,36063,Niagara,43.195,-78.5764,1520,204,polygon,FALSE,FALSE,America/New_York,3
12274,Shreve,Shreve,OH,Ohio,39169,Wayne,40.6813,-82.0217,1520,678,polygon,FALSE,TRUE,America/New_York,3
12275,Anna,Anna,OH,Ohio,39149,Shelby,40.3958,-84.176,1520,585,polygon,FALSE,TRUE,America/New_York,3
12276,Powhatan Point,Powhatan Point,OH,Ohio,39013,Belmont,39.8625,-80.8098,1520,399,polygon,FALSE,TRUE,America/New_York,3
12277,Coal Run Village,Coal Run Village,KY,Kentucky,21195,Pike,37.5372,-82.5578,1520,66,polygon,FALSE,TRUE,America/New_York,3
12278,Lincoln Park,Lincoln Park,PA,Pennsylvania,42011,Berks,40.3147,-75.9886,1519,1865,polygon,FALSE,FALSE,America/New_York,3
12279,Ten Mile Run,Ten Mile Run,NJ,New Jersey,34035,Somerset,40.4219,-74.589,1518,230,polygon,FALSE,FALSE,America/New_York,3
12280,Taos Pueblo,Taos Pueblo,NM,New Mexico,35055,Taos,36.4657,-105.5634,1518,37,polygon,FALSE,FALSE,America/Denver,3
12281,Boyd,Boyd,TX,Texas,48497,Wise,33.0843,-97.5632,1518,143,polygon,FALSE,TRUE,America/Chicago,3
12282,Conashaugh Lakes,Conashaugh Lakes,PA,Pennsylvania,42103,Pike,41.304,-74.9936,1518,223,polygon,FALSE,FALSE,America/New_York,3
12283,Stacy,Stacy,MN,Minnesota,27025,Chisago,45.3841,-92.9938,1518,181,polygon,FALSE,TRUE,America/Chicago,3
12284,Waterville,Waterville,NY,New York,36065,Oneida,42.9306,-75.3802,1517,413,polygon,FALSE,TRUE,America/New_York,3
12285,Mediapolis,Mediapolis,IA,Iowa,19057,Des Moines,41.0078,-91.1636,1517,487,polygon,FALSE,TRUE,America/Chicago,3
12286,Porcupine,Porcupine,SD,South Dakota,46102,Oglala Lakota,43.2687,-102.3353,1517,61,polygon,FALSE,FALSE,America/Denver,3
12287,Cross Roads,Cross Roads,TX,Texas,48121,Denton,33.229,-96.9985,1516,86,polygon,FALSE,TRUE,America/Chicago,3
12288,Forest Meadows,Forest Meadows,CA,California,6009,Calaveras,38.1664,-120.4052,1516,103,polygon,FALSE,FALSE,America/Los_Angeles,3
12289,Leavittsburg,Leavittsburg,OH,Ohio,39155,Trumbull,41.2452,-80.8789,1516,337,polygon,FALSE,FALSE,America/New_York,3
12290,Bells,Bells,TX,Texas,48181,Grayson,33.6166,-96.4126,1515,261,polygon,FALSE,TRUE,America/Chicago,3
12291,Meridian,Meridian,TX,Texas,48035,Bosque,31.9262,-97.6501,1515,280,polygon,FALSE,TRUE,America/Chicago,3
12292,Sun Prairie,Sun Prairie,MT,Montana,30013,Cascade,47.5386,-111.4919,1515,110,polygon,FALSE,FALSE,America/Denver,3
12293,Redfield,Redfield,AR,Arkansas,5069,Jefferson,34.4429,-92.1843,1514,188,polygon,FALSE,TRUE,America/Chicago,3
12294,Heritage Lake,Heritage Lake,IL,Illinois,17179,Tazewell,40.5454,-89.3309,1514,512,polygon,FALSE,FALSE,America/Chicago,3
12295,Claycomo,Claycomo,MO,Missouri,29047,Clay,39.1986,-94.4788,1514,224,polygon,FALSE,TRUE,America/Chicago,3
12296,Fort Belknap Agency,Fort Belknap Agency,MT,Montana,30005,Blaine,48.4278,-108.6829,1514,12,polygon,FALSE,FALSE,America/Denver,3
12297,New Berlinville,New Berlinville,PA,Pennsylvania,42011,Berks,40.3451,-75.6313,1513,387,polygon,FALSE,FALSE,America/New_York,3
12298,Winchester,Winchester,MO,Missouri,29189,St. Louis,38.5897,-90.526,1513,2338,polygon,FALSE,TRUE,America/Chicago,2
12299,Nutter Fort,Nutter Fort,WV,West Virginia,54033,Harrison,39.2604,-80.3265,1512,656,polygon,FALSE,TRUE,America/New_York,3
12300,Aurora,Aurora,TX,Texas,48497,Wise,33.056,-97.5096,1512,156,polygon,FALSE,TRUE,America/Chicago,3
12301,Atlantic Beach,Atlantic Beach,NC,North Carolina,37031,Carteret,34.7011,-76.7403,1512,249,polygon,FALSE,TRUE,America/New_York,3
12302,Snow Hill,Snow Hill,NC,North Carolina,37079,Greene,35.4506,-77.6769,1512,379,polygon,FALSE,TRUE,America/New_York,3
12303,Hummels Wharf,Hummels Wharf,PA,Pennsylvania,42109,Snyder,40.8308,-76.841,1512,740,polygon,FALSE,FALSE,America/New_York,3
12304,Henry Fork,Henry Fork,VA,Virginia,51067,Franklin,36.9679,-79.871,1511,214,polygon,FALSE,FALSE,America/New_York,3
12305,Harwich Center,Harwich Center,MA,Massachusetts,25001,Barnstable,41.6924,-70.0694,1511,259,polygon,FALSE,TRUE,America/New_York,3
12306,West Salem,West Salem,OH,Ohio,39169,Wayne,40.9696,-82.108,1511,553,polygon,FALSE,TRUE,America/New_York,3
12307,Morenci,Morenci,AZ,Arizona,4011,Greenlee,33.0531,-109.3307,1510,606,polygon,FALSE,FALSE,America/Phoenix,3
12308,Pilot Rock,Pilot Rock,OR,Oregon,41059,Umatilla,45.4961,-118.8332,1509,398,polygon,FALSE,TRUE,America/Los_Angeles,3
12309,Marathon City,Marathon City,WI,Wisconsin,55073,Marathon,44.9379,-89.8436,1508,185,polygon,FALSE,TRUE,America/Chicago,3
12310,Granger,Granger,IA,Iowa,19049,Dallas,41.7616,-93.8234,1508,344,polygon,FALSE,TRUE,America/Chicago,3
12311,Moreland,Moreland,ID,Idaho,16011,Bingham,43.2195,-112.4378,1507,238,polygon,FALSE,FALSE,America/Boise,3
12312,Huntsville,Huntsville,MO,Missouri,29175,Randolph,39.4364,-92.544,1507,244,polygon,FALSE,TRUE,America/Chicago,3
12313,Patrick AFB,Patrick AFB,FL,Florida,12009,Brevard,28.2346,-80.6079,1506,188,polygon,TRUE,TRUE,America/New_York,3
12314,Bannockburn,Bannockburn,IL,Illinois,17097,Lake,42.1932,-87.8694,1506,286,polygon,FALSE,TRUE,America/Chicago,3
12315,Granger,Granger,TX,Texas,48491,Williamson,30.718,-97.4411,1505,871,polygon,FALSE,TRUE,America/Chicago,3
12316,Worthington,Worthington,KY,Kentucky,21089,Greenup,38.5509,-82.7349,1505,511,polygon,FALSE,TRUE,America/New_York,3
12317,Dulac,Dulac,LA,Louisiana,22109,Terrebonne,29.3864,-90.7081,1504,36,polygon,FALSE,FALSE,America/Chicago,3
12318,Milroy,Milroy,PA,Pennsylvania,42087,Mifflin,40.7164,-77.5871,1504,575,polygon,FALSE,FALSE,America/New_York,3
12319,Lagunitas-Forest Knolls,Lagunitas-Forest Knolls,CA,California,6041,Marin,38.018,-122.6914,1504,136,polygon,FALSE,TRUE,America/Los_Angeles,3
12320,Herscher,Herscher,IL,Illinois,17091,Kankakee,41.0493,-88.1006,1504,320,polygon,FALSE,TRUE,America/Chicago,3
12321,Monrovia,Monrovia,IN,Indiana,18109,Morgan,39.5841,-86.4793,1504,323,polygon,FALSE,TRUE,America/Indiana/Indianapolis,3
12322,Lincolnton,Lincolnton,GA,Georgia,13181,Lincoln,33.7931,-82.4776,1503,165,polygon,FALSE,TRUE,America/New_York,3
12323,Serenada,Serenada,TX,Texas,48491,Williamson,30.6962,-97.6969,1502,224,polygon,FALSE,FALSE,America/Chicago,3
12324,Clinton,Clinton,LA,Louisiana,22037,East Feliciana,30.8614,-91.015,1502,211,polygon,FALSE,TRUE,America/Chicago,3
12325,Stanton,Stanton,NE,Nebraska,31167,Stanton,41.9472,-97.2172,1502,333,polygon,FALSE,TRUE,America/Chicago,3
12326,De Soto,De Soto,IL,Illinois,17077,Jackson,37.8163,-89.2269,1502,635,polygon,FALSE,TRUE,America/Chicago,3
12327,Shoshone,Shoshone,ID,Idaho,16063,Lincoln,42.9369,-114.4055,1502,494,polygon,FALSE,TRUE,America/Boise,3
12328,Verona,Verona,KY,Kentucky,21015,Boone,38.8122,-84.6649,1502,47,polygon,FALSE,FALSE,America/New_York,3
12329,Neligh,Neligh,NE,Nebraska,31003,Antelope,42.1291,-98.03,1501,396,polygon,FALSE,TRUE,America/Chicago,3
12330,McConnellstown,McConnellstown,PA,Pennsylvania,42061,Huntingdon,40.464,-78.0672,1501,180,polygon,FALSE,FALSE,America/New_York,3
12331,Harleigh,Harleigh,PA,Pennsylvania,42079,Luzerne,40.9862,-75.9702,1501,1012,polygon,FALSE,FALSE,America/New_York,3
12332,Oakland,Oakland,IA,Iowa,19155,Pottawattamie,41.3114,-95.3951,1501,339,polygon,FALSE,TRUE,America/Chicago,3
12333,Utica,Utica,SC,South Carolina,45073,Oconee,34.6778,-82.925,1501,426,polygon,FALSE,FALSE,America/New_York,3
12334,Terra Alta,Terra Alta,WV,West Virginia,54077,Preston,39.4442,-79.5435,1500,488,polygon,FALSE,TRUE,America/New_York,3
12335,Knightsen,Knightsen,CA,California,6013,Contra Costa,37.9633,-121.6511,1500,69,polygon,FALSE,FALSE,America/Los_Angeles,3
12336,Waterman,Waterman,IL,Illinois,17037,DeKalb,41.7683,-88.7659,1500,399,polygon,FALSE,TRUE,America/Chicago,3
12337,Brush Fork,Brush Fork,WV,West Virginia,54055,Mercer,37.2805,-81.245,1499,304,polygon,FALSE,FALSE,America/New_York,3
12338,Woxall,Woxall,PA,Pennsylvania,42091,Montgomery,40.311,-75.4512,1499,239,polygon,FALSE,FALSE,America/New_York,3
12339,Columbine Valley,Columbine Valley,CO,Colorado,8005,Arapahoe,39.5994,-105.0351,1499,581,polygon,FALSE,TRUE,America/Denver,3
12340,Erie,Erie,IL,Illinois,17195,Whiteside,41.6588,-90.0813,1499,419,polygon,FALSE,TRUE,America/Chicago,3
12341,Winfield,Winfield,MO,Missouri,29113,Lincoln,38.9944,-90.7437,1499,903,polygon,FALSE,TRUE,America/Chicago,3
12342,Depoe Bay,Depoe Bay,OR,Oregon,41041,Lincoln,44.8091,-124.0599,1499,319,polygon,FALSE,TRUE,America/Los_Angeles,3
12343,Orfordville,Orfordville,WI,Wisconsin,55105,Rock,42.6294,-89.2572,1498,487,polygon,FALSE,TRUE,America/Chicago,3
12344,Navajo,Navajo,NM,New Mexico,35031,McKinley,35.9024,-109.0321,1498,256,polygon,FALSE,FALSE,America/Denver,3
12345,Del Rey,Del Rey,CA,California,6019,Fresno,36.6562,-119.5993,1498,475,polygon,FALSE,FALSE,America/Los_Angeles,3
12346,Ackley,Ackley,IA,Iowa,19083,Hardin,42.5519,-93.0526,1498,233,polygon,FALSE,TRUE,America/Chicago,3
12347,Dunlap,Dunlap,OH,Ohio,39061,Hamilton,39.2908,-84.6303,1498,88,polygon,FALSE,FALSE,America/New_York,3
12348,Kittitas,Kittitas,WA,Washington,53037,Kittitas,46.9837,-120.419,1497,740,polygon,FALSE,TRUE,America/Los_Angeles,3
12349,La Huerta,La Huerta,NM,New Mexico,35015,Eddy,32.4488,-104.2224,1497,371,polygon,FALSE,FALSE,America/Denver,3
12350,Laguna Park,Laguna Park,TX,Texas,48035,Bosque,31.8643,-97.3862,1497,192,polygon,FALSE,FALSE,America/Chicago,3
12351,East Hazel Crest,East Hazel Crest,IL,Illinois,17031,Cook,41.5758,-87.6503,1497,736,polygon,FALSE,TRUE,America/Chicago,3
12352,Brooklyn Heights,Brooklyn Heights,OH,Ohio,39035,Cuyahoga,41.4178,-81.668,1497,330,polygon,FALSE,TRUE,America/New_York,3
12353,St. Regis Park,St. Regis Park,KY,Kentucky,21111,Jefferson,38.2289,-85.6159,1497,1637,polygon,FALSE,TRUE,America/New_York,3
12354,Long Beach,Long Beach,WA,Washington,53049,Pacific,46.3559,-124.0557,1496,418,polygon,FALSE,TRUE,America/Los_Angeles,3
12355,Legend Lake,Legend Lake,WI,Wisconsin,55078,Menominee,44.8909,-88.544,1496,34,polygon,FALSE,FALSE,America/Chicago,3
12356,Lake Hamilton,Lake Hamilton,FL,Florida,12105,Polk,28.0478,-81.627,1496,185,polygon,FALSE,TRUE,America/New_York,3
12357,Higganum,Higganum,CT,Connecticut,9007,Middlesex,41.49,-72.5562,1496,117,polygon,FALSE,FALSE,America/New_York,3
12358,Ferndale,Ferndale,PA,Pennsylvania,42021,Cambria,40.2884,-78.918,1495,1484,polygon,FALSE,TRUE,America/New_York,3
12359,Hilldale,Hilldale,PA,Pennsylvania,42079,Luzerne,41.2869,-75.8361,1495,705,polygon,FALSE,FALSE,America/New_York,3
12360,Mount Vernon,Mount Vernon,AL,Alabama,1097,Mobile,31.0889,-88.0137,1495,105,polygon,FALSE,TRUE,America/Chicago,3
12361,Ferron,Ferron,UT,Utah,49015,Emery,39.0913,-111.1337,1495,247,polygon,FALSE,TRUE,America/Denver,3
12362,Centerfield,Centerfield,UT,Utah,49039,Sanpete,39.1275,-111.8189,1495,316,polygon,FALSE,TRUE,America/Denver,3
12363,Marion,Marion,MS,Mississippi,28075,Lauderdale,32.4272,-88.6502,1495,198,polygon,FALSE,TRUE,America/Chicago,3
12364,Miranda,Miranda,PR,Puerto Rico,72145,Vega Baja,18.3869,-66.3789,1495,312,polygon,FALSE,FALSE,America/Puerto_Rico,3
12365,Booker,Booker,TX,Texas,48295,Lipscomb,36.4561,-100.5402,1494,551,polygon,FALSE,TRUE,America/Chicago,3
12366,Elizabethville,Elizabethville,PA,Pennsylvania,42043,Dauphin,40.5472,-76.816,1494,1053,polygon,FALSE,TRUE,America/New_York,3
12367,Twin Lakes,Twin Lakes,VA,Virginia,51079,Greene,38.2505,-78.4417,1494,485,polygon,FALSE,FALSE,America/New_York,3
12368,Urbana,Urbana,IA,Iowa,19011,Benton,42.2279,-91.8875,1494,266,polygon,FALSE,TRUE,America/Chicago,3
12369,Guthrie Center,Guthrie Center,IA,Iowa,19077,Guthrie,41.6781,-94.499,1494,233,polygon,FALSE,TRUE,America/Chicago,3
12370,Monterey Park,Monterey Park,NM,New Mexico,35061,Valencia,34.7511,-106.653,1493,217,polygon,FALSE,FALSE,America/Denver,3
12371,Seadrift,Seadrift,TX,Texas,48057,Calhoun,28.4143,-96.7158,1493,472,polygon,FALSE,TRUE,America/Chicago,3
12372,Copper Canyon,Copper Canyon,TX,Texas,48121,Denton,33.0961,-97.0975,1493,127,polygon,FALSE,TRUE,America/Chicago,3
12373,Sylvan Springs,Sylvan Springs,AL,Alabama,1073,Jefferson,33.5287,-87.0312,1492,66,polygon,FALSE,TRUE,America/Chicago,3
12374,Brickerville,Brickerville,PA,Pennsylvania,42071,Lancaster,40.2226,-76.2863,1491,265,polygon,FALSE,FALSE,America/New_York,3
12375,Dale,Dale,IN,Indiana,18147,Spencer,38.1769,-86.9802,1491,238,polygon,FALSE,TRUE,America/Chicago,3
12376,Avis,Avis,PA,Pennsylvania,42035,Clinton,41.1857,-77.3167,1490,1162,polygon,FALSE,TRUE,America/New_York,3
12377,Greenup,Greenup,IL,Illinois,17035,Cumberland,39.2484,-88.1597,1490,328,polygon,FALSE,TRUE,America/Chicago,3
12378,Edmonston,Edmonston,MD,Maryland,24033,Prince George's,38.9502,-76.9332,1490,1408,polygon,FALSE,TRUE,America/New_York,3
12379,Baldwin,Baldwin,FL,Florida,12031,Duval,30.3051,-81.9744,1489,284,polygon,FALSE,TRUE,America/New_York,3
12380,Crugers,Crugers,NY,New York,36119,Westchester,41.2279,-73.926,1489,864,polygon,FALSE,FALSE,America/New_York,3
12381,Duncannon,Duncannon,PA,Pennsylvania,42099,Perry,40.3952,-77.0277,1489,1412,polygon,FALSE,TRUE,America/New_York,3
12382,Colma,Colma,CA,California,6081,San Mateo,37.6767,-122.4526,1489,302,polygon,FALSE,TRUE,America/Los_Angeles,3
12383,Cherokee,Cherokee,OK,Oklahoma,40003,Alfalfa,36.7547,-98.3551,1489,390,polygon,FALSE,TRUE,America/Chicago,3
12384,Wendover,Wendover,UT,Utah,49045,Tooele,40.7241,-114.025,1489,64,polygon,FALSE,TRUE,America/Denver,3
12385,Audubon Park,Audubon Park,KY,Kentucky,21111,Jefferson,38.205,-85.727,1489,1775,polygon,FALSE,TRUE,America/New_York,3
12386,Avon,Avon,PA,Pennsylvania,42075,Lebanon,40.3429,-76.3794,1488,413,polygon,FALSE,FALSE,America/New_York,3
12387,McCrory,McCrory,AR,Arkansas,5147,Woodruff,35.2572,-91.1974,1488,243,polygon,FALSE,TRUE,America/Chicago,3
12388,Port Barrington,Port Barrington,IL,Illinois,17111,McHenry,42.244,-88.1943,1488,506,polygon,FALSE,TRUE,America/Chicago,3
12389,McConnell AFB,McConnell AFB,KS,Kansas,20173,Sedgwick,37.6249,-97.26,1488,138,polygon,TRUE,TRUE,America/Chicago,3
12390,Fulton,Fulton,TX,Texas,48007,Aransas,28.0706,-97.0428,1487,408,polygon,FALSE,TRUE,America/Chicago,3
12391,La Pryor,La Pryor,TX,Texas,48507,Zavala,28.9487,-99.8483,1487,215,polygon,FALSE,FALSE,America/Chicago,3
12392,East Valley,East Valley,NV,Nevada,32005,Douglas,38.9462,-119.7003,1487,61,polygon,FALSE,TRUE,America/Los_Angeles,3
12393,Noank,Noank,CT,Connecticut,9011,New London,41.334,-71.9978,1487,376,polygon,FALSE,FALSE,America/New_York,3
12394,Baird,Baird,TX,Texas,48059,Callahan,32.396,-99.3962,1486,215,polygon,FALSE,TRUE,America/Chicago,3
12395,Warsaw,Warsaw,VA,Virginia,51159,Richmond,37.9603,-76.761,1486,187,polygon,FALSE,TRUE,America/New_York,3
12396,Manito,Manito,IL,Illinois,17125,Mason,40.4201,-89.7806,1486,379,polygon,FALSE,TRUE,America/Chicago,3
12397,Sun Valley,Sun Valley,ID,Idaho,16013,Blaine,43.6837,-114.3337,1486,59,polygon,FALSE,TRUE,America/Boise,3
12398,Shepherd,Shepherd,MI,Michigan,26073,Isabella,43.5235,-84.6927,1486,599,polygon,FALSE,TRUE,America/Detroit,3
12399,Falling Waters,Falling Waters,WV,West Virginia,54003,Berkeley,39.5637,-77.8874,1485,460,polygon,FALSE,FALSE,America/New_York,3
12400,Annandale,Annandale,NJ,New Jersey,34019,Hunterdon,40.6468,-74.8881,1485,395,polygon,FALSE,FALSE,America/New_York,3
12401,Windsor,Windsor,PA,Pennsylvania,42133,York,39.9163,-76.5841,1485,1045,polygon,FALSE,TRUE,America/New_York,3
12402,Oakwood,Oakwood,IL,Illinois,17183,Vermilion,40.1101,-87.7769,1485,617,polygon,FALSE,TRUE,America/Chicago,3
12403,Williamsville,Williamsville,IL,Illinois,17167,Sangamon,39.9527,-89.5489,1485,477,polygon,FALSE,TRUE,America/Chicago,3
12404,Harbor Hills,Harbor Hills,OH,Ohio,39089,Licking,39.9366,-82.4343,1485,208,polygon,FALSE,FALSE,America/New_York,3
12405,Johnsonville,Johnsonville,SC,South Carolina,45041,Florence,33.8149,-79.4444,1485,271,polygon,FALSE,TRUE,America/New_York,3
12406,Oak Leaf,Oak Leaf,TX,Texas,48139,Ellis,32.5138,-96.8563,1484,242,polygon,FALSE,TRUE,America/Chicago,3
12407,Lucasville,Lucasville,OH,Ohio,39145,Scioto,38.8783,-82.9934,1484,227,polygon,FALSE,FALSE,America/New_York,3
12408,Babbitt,Babbitt,MN,Minnesota,27137,St. Louis,47.6445,-91.9458,1484,5,polygon,FALSE,TRUE,America/Chicago,3
12409,Glen Alpine,Glen Alpine,NC,North Carolina,37023,Burke,35.7307,-81.7826,1483,266,polygon,FALSE,TRUE,America/New_York,3
12410,Lynchburg,Lynchburg,OH,Ohio,39071,Highland,39.2401,-83.7883,1483,609,polygon,FALSE,TRUE,America/New_York,3
12411,Lone Star,Lone Star,TX,Texas,48343,Morris,32.9392,-94.7091,1482,289,polygon,FALSE,TRUE,America/Chicago,3
12412,Blossburg,Blossburg,PA,Pennsylvania,42117,Tioga,41.6795,-77.069,1482,123,polygon,FALSE,TRUE,America/New_York,3
12413,Cannelton,Cannelton,IN,Indiana,18123,Perry,37.9106,-86.7377,1481,385,polygon,FALSE,TRUE,America/Chicago,3
12414,Las Palmas II,Las Palmas II,TX,Texas,48061,Cameron,26.2032,-97.7395,1480,1887,polygon,FALSE,TRUE,America/Chicago,3
12415,Wolfe City,Wolfe City,TX,Texas,48231,Hunt,33.3687,-96.072,1480,508,polygon,FALSE,TRUE,America/Chicago,3
12416,Warsaw,Warsaw,IL,Illinois,17067,Hancock,40.3509,-91.4277,1480,87,polygon,FALSE,TRUE,America/Chicago,3
12417,Brownlee Park,Brownlee Park,MI,Michigan,26025,Calhoun,42.3257,-85.1356,1480,282,polygon,FALSE,FALSE,America/Detroit,3
12418,Moose Wilson Road,Moose Wilson Road,WY,Wyoming,56039,Teton,43.5315,-110.834,1479,84,polygon,FALSE,FALSE,America/Denver,3
12419,Belle,Belle,MO,Missouri,29125,Maries,38.2848,-91.7217,1479,427,polygon,FALSE,TRUE,America/Chicago,3
12420,Jagual,Jagual,PR,Puerto Rico,72129,San Lorenzo,18.1611,-65.9997,1479,2639,polygon,FALSE,FALSE,America/Puerto_Rico,2
12421,West Pasco,West Pasco,WA,Washington,53021,Franklin,46.2497,-119.1683,1478,337,polygon,FALSE,FALSE,America/Los_Angeles,3
12422,Porterdale,Porterdale,GA,Georgia,13217,Newton,33.5739,-83.894,1478,239,polygon,FALSE,TRUE,America/New_York,3
12423,Bismarck,Bismarck,MO,Missouri,29187,St. Francois,37.7673,-90.6225,1478,570,polygon,FALSE,TRUE,America/Chicago,3
12424,Siesta Shores,Siesta Shores,TX,Texas,48505,Zapata,26.8548,-99.2605,1477,777,polygon,FALSE,FALSE,America/Chicago,3
12425,Wheeler,Wheeler,TX,Texas,48483,Wheeler,35.4411,-100.2752,1477,372,polygon,FALSE,TRUE,America/Chicago,3
12426,Montrose,Montrose,PA,Pennsylvania,42115,Susquehanna,41.8335,-75.8761,1477,443,polygon,FALSE,TRUE,America/New_York,3
12427,Rustburg,Rustburg,VA,Virginia,51031,Campbell,37.2712,-79.0962,1477,45,polygon,FALSE,FALSE,America/New_York,3
12428,Webb,Webb,AL,Alabama,1069,Houston,31.2572,-85.2896,1477,50,polygon,FALSE,TRUE,America/Chicago,3
12429,Parkston,Parkston,SD,South Dakota,46067,Hutchinson,43.3929,-97.9864,1477,437,polygon,FALSE,TRUE,America/Chicago,3
12430,North Redington Beach,North Redington Beach,FL,Florida,12103,Pinellas,27.8213,-82.819,1476,2180,polygon,FALSE,TRUE,America/New_York,2
12431,Bertram,Bertram,TX,Texas,48053,Burnet,30.7427,-98.064,1476,377,polygon,FALSE,TRUE,America/Chicago,3
12432,Temple,Temple,PA,Pennsylvania,42011,Berks,40.4085,-75.9225,1476,1681,polygon,FALSE,FALSE,America/New_York,3
12433,Elizabeth,Elizabeth,PA,Pennsylvania,42003,Allegheny,40.2716,-79.8872,1476,1664,polygon,FALSE,TRUE,America/New_York,3
12434,Birch Run,Birch Run,MI,Michigan,26145,Saginaw,43.2503,-83.7911,1476,302,polygon,FALSE,TRUE,America/Detroit,3
12435,San Antonio,San Antonio,FL,Florida,12101,Pasco,28.3396,-82.2787,1475,418,polygon,FALSE,TRUE,America/New_York,3
12436,Lincolndale,Lincolndale,NY,New York,36119,Westchester,41.336,-73.7254,1475,591,polygon,FALSE,FALSE,America/New_York,3
12437,Aetna Estates,Aetna Estates,CO,Colorado,8005,Arapahoe,39.7382,-104.6734,1475,4328,polygon,FALSE,TRUE,America/Denver,2
12438,Groton,Groton,SD,South Dakota,46013,Brown,45.4517,-98.1,1475,325,polygon,FALSE,TRUE,America/Chicago,3
12439,Bent Creek,Bent Creek,NC,North Carolina,37021,Buncombe,35.5081,-82.6176,1474,257,polygon,FALSE,FALSE,America/New_York,3
12440,Eatons Neck,Eatons Neck,NY,New York,36103,Suffolk,40.9328,-73.3951,1474,566,polygon,FALSE,FALSE,America/New_York,3
12441,Pittsville,Pittsville,MD,Maryland,24045,Wicomico,38.3939,-75.4074,1474,372,polygon,FALSE,TRUE,America/New_York,3
12442,Axis,Axis,AL,Alabama,1097,Mobile,30.9296,-88.0179,1473,145,polygon,FALSE,FALSE,America/Chicago,3
12443,Cleora,Cleora,OK,Oklahoma,40041,Delaware,36.5738,-94.948,1473,47,polygon,FALSE,FALSE,America/Chicago,3
12444,Taft,Taft,FL,Florida,12095,Orange,28.4284,-81.3677,1472,577,polygon,FALSE,FALSE,America/New_York,3
12445,La Luz,La Luz,NM,New Mexico,35035,Otero,32.9698,-105.9388,1472,53,polygon,FALSE,FALSE,America/Denver,3
12446,Bridgeport,Bridgeport,NE,Nebraska,31123,Morrill,41.6639,-103.0962,1472,495,polygon,FALSE,TRUE,America/Denver,3
12447,Hebron,Hebron,NE,Nebraska,31169,Thayer,40.1681,-97.5872,1472,404,polygon,FALSE,TRUE,America/Chicago,3
12448,Freedom,Freedom,PA,Pennsylvania,42007,Beaver,40.6849,-80.2533,1472,941,polygon,FALSE,TRUE,America/New_York,3
12449,Central Garage,Central Garage,VA,Virginia,51101,King William,37.7458,-77.1315,1472,117,polygon,FALSE,FALSE,America/New_York,3
12450,Monticello,Monticello,MS,Mississippi,28077,Lawrence,31.5525,-90.1145,1472,136,polygon,FALSE,TRUE,America/Chicago,3
12451,Tallaboa Alta,Tallaboa Alta,PR,Puerto Rico,72111,Peñuelas,18.0504,-66.7018,1472,1576,polygon,FALSE,FALSE,America/Puerto_Rico,3
12452,Interlachen,Interlachen,FL,Florida,12107,Putnam,29.6203,-81.8965,1471,95,polygon,FALSE,TRUE,America/New_York,3
12453,Redington Beach,Redington Beach,FL,Florida,12103,Pinellas,27.8128,-82.8096,1471,1582,polygon,FALSE,TRUE,America/New_York,3
12454,Monona,Monona,IA,Iowa,19043,Clayton,43.0513,-91.3912,1471,486,polygon,FALSE,TRUE,America/Chicago,3
12455,South Palm Beach,South Palm Beach,FL,Florida,12099,Palm Beach,26.5899,-80.039,1470,5658,polygon,FALSE,TRUE,America/New_York,2
12456,Victory Gardens,Victory Gardens,NJ,New Jersey,34027,Morris,40.8762,-74.5435,1470,3911,polygon,FALSE,TRUE,America/New_York,2
12457,Weldon,Weldon,NC,North Carolina,37083,Halifax,36.421,-77.6135,1470,199,polygon,FALSE,TRUE,America/New_York,3
12458,Channel Lake,Channel Lake,IL,Illinois,17097,Lake,42.483,-88.1491,1470,314,polygon,FALSE,FALSE,America/Chicago,3
12459,Richmond,Richmond,MN,Minnesota,27145,Stearns,45.4547,-94.5135,1470,480,polygon,FALSE,TRUE,America/Chicago,3
12460,Markham,Markham,TX,Texas,48321,Matagorda,28.9627,-96.0645,1469,252,polygon,FALSE,FALSE,America/Chicago,3
12461,Oakland,Oakland,PA,Pennsylvania,42073,Lawrence,40.9915,-80.3671,1469,618,polygon,FALSE,FALSE,America/New_York,3
12462,Paonia,Paonia,CO,Colorado,8029,Delta,38.8697,-107.5919,1469,690,polygon,FALSE,TRUE,America/Denver,3
12463,Indian Shores,Indian Shores,FL,Florida,12103,Pinellas,27.8536,-82.8438,1468,1697,polygon,FALSE,TRUE,America/New_York,3
12464,Lakeview,Lakeview,LA,Louisiana,22017,Caddo,32.5238,-93.8299,1467,672,polygon,FALSE,FALSE,America/Chicago,3
12465,Winchester,Winchester,IL,Illinois,17171,Scott,39.6298,-90.456,1467,501,polygon,FALSE,TRUE,America/Chicago,3
12466,Crystal Lakes,Crystal Lakes,OH,Ohio,39023,Clark,39.8861,-84.0242,1467,1176,polygon,FALSE,FALSE,America/New_York,3
12467,Colwich,Colwich,KS,Kansas,20173,Sedgwick,37.7818,-97.5362,1467,424,polygon,FALSE,TRUE,America/Chicago,3
12468,Montello,Montello,WI,Wisconsin,55077,Marquette,43.7939,-89.3332,1466,288,polygon,FALSE,TRUE,America/Chicago,3
12469,Olivet,Olivet,NJ,New Jersey,34033,Salem,39.5402,-75.1727,1466,227,polygon,FALSE,FALSE,America/New_York,3
12470,Buchanan Dam,Buchanan Dam,TX,Texas,48299,Llano,30.7807,-98.4393,1466,73,polygon,FALSE,FALSE,America/Chicago,3
12471,Plandome,Plandome,NY,New York,36059,Nassau,40.8069,-73.6996,1466,1144,polygon,FALSE,TRUE,America/New_York,3
12472,Catawissa,Catawissa,PA,Pennsylvania,42037,Columbia,40.9531,-76.4604,1466,1102,polygon,FALSE,TRUE,America/New_York,3
12473,Canyon Day,Canyon Day,AZ,Arizona,4007,Gila,33.7826,-110.0328,1466,112,polygon,FALSE,FALSE,America/Phoenix,3
12474,Big Bend,Big Bend,WI,Wisconsin,55133,Waukesha,42.9023,-88.2122,1465,173,polygon,FALSE,TRUE,America/Chicago,3
12475,Brooklyn,Brooklyn,WI,Wisconsin,55045,Green,42.8524,-89.3723,1465,506,polygon,FALSE,TRUE,America/Chicago,3
12476,Somerville,Somerville,TX,Texas,48051,Burleson,30.346,-96.5311,1465,190,polygon,FALSE,TRUE,America/Chicago,3
12477,Bear Creek,Bear Creek,AK,Alaska,2122,Kenai Peninsula,60.2071,-149.3524,1465,14,polygon,FALSE,FALSE,America/Anchorage,3
12478,Inverness,Inverness,CO,Colorado,8005,Arapahoe,39.5787,-104.8624,1465,379,polygon,FALSE,FALSE,America/Denver,3
12479,Ladera,Ladera,CA,California,6081,San Mateo,37.3996,-122.199,1465,1240,polygon,FALSE,FALSE,America/Los_Angeles,3
12480,Stamps,Stamps,AR,Arkansas,5073,Lafayette,33.3567,-93.4956,1465,185,polygon,FALSE,TRUE,America/Chicago,3
12481,North Lewisburg,North Lewisburg,OH,Ohio,39021,Champaign,40.2205,-83.5581,1465,520,polygon,FALSE,TRUE,America/New_York,3
12482,Jackson Center,Jackson Center,OH,Ohio,39149,Shelby,40.4385,-84.0413,1465,328,polygon,FALSE,TRUE,America/New_York,3
12483,Rapid City,Rapid City,MI,Michigan,26079,Kalkaska,44.8366,-85.2871,1465,104,polygon,FALSE,FALSE,America/Detroit,3
12484,New Haven,New Haven,WV,West Virginia,54053,Mason,38.9876,-81.9655,1464,513,polygon,FALSE,TRUE,America/New_York,3
12485,Colfax,Colfax,LA,Louisiana,22043,Grant,31.5208,-92.7001,1464,379,polygon,FALSE,TRUE,America/Chicago,3
12486,Hartington,Hartington,NE,Nebraska,31027,Cedar,42.6205,-97.2672,1464,564,polygon,FALSE,TRUE,America/Chicago,3
12487,Tipton,Tipton,PA,Pennsylvania,42013,Blair,40.6359,-78.3001,1464,310,polygon,FALSE,FALSE,America/New_York,3
12488,Mount Pulaski,Mount Pulaski,IL,Illinois,17107,Logan,40.0102,-89.2839,1464,498,polygon,FALSE,TRUE,America/Chicago,3
12489,Leland Grove,Leland Grove,IL,Illinois,17167,Sangamon,39.7787,-89.6839,1464,891,polygon,FALSE,TRUE,America/Chicago,3
12490,Robins AFB,Robins AFB,GA,Georgia,13153,Houston,32.6093,-83.5846,1464,205,polygon,TRUE,TRUE,America/New_York,3
12491,Marble Hill,Marble Hill,MO,Missouri,29017,Bollinger,37.3032,-89.9808,1464,341,polygon,FALSE,TRUE,America/Chicago,3
12492,Fosston,Fosston,MN,Minnesota,27119,Polk,47.5855,-95.7579,1464,276,polygon,FALSE,TRUE,America/Chicago,3
12493,Burkesville,Burkesville,KY,Kentucky,21057,Cumberland,36.7906,-85.3674,1464,219,polygon,FALSE,TRUE,America/Chicago,3
12494,Smith Valley,Smith Valley,NV,Nevada,32019,Lyon,38.7845,-119.3444,1463,4,polygon,FALSE,TRUE,America/Los_Angeles,3
12495,Ardmore,Ardmore,AL,Alabama,1083,Limestone,34.9847,-86.8373,1463,276,polygon,FALSE,TRUE,America/Chicago,3
12496,Malvern,Malvern,AL,Alabama,1061,Geneva,31.1428,-85.521,1463,40,polygon,FALSE,TRUE,America/Chicago,3
12497,Cambria,Cambria,IL,Illinois,17199,Williamson,37.7799,-89.119,1463,415,polygon,FALSE,TRUE,America/Chicago,3
12498,Aberdeen,Aberdeen,IN,Indiana,18127,Porter,41.4418,-87.1166,1463,449,polygon,FALSE,FALSE,America/Chicago,3
12499,Clermont,Clermont,IN,Indiana,18097,Marion,39.8167,-86.3207,1463,845,polygon,FALSE,TRUE,America/Indiana/Indianapolis,3
12500,Akron,Akron,IA,Iowa,19149,Plymouth,42.8268,-96.5571,1463,456,polygon,FALSE,TRUE,America/Chicago,3
12501,Garrison,Garrison,ND,North Dakota,38055,McLean,47.6533,-101.4222,1462,411,polygon,FALSE,TRUE,America/Chicago,3
12502,Castleton-on-Hudson,Castleton-on-Hudson,NY,New York,36083,Rensselaer,42.5332,-73.7493,1462,790,polygon,FALSE,TRUE,America/New_York,3
12503,Pine Bush,Pine Bush,NY,New York,36071,Orange,41.6094,-74.2966,1462,268,polygon,FALSE,FALSE,America/New_York,3
12504,Fort Ashby,Fort Ashby,WV,West Virginia,54057,Mineral,39.4973,-78.7646,1461,170,polygon,FALSE,FALSE,America/New_York,3
12505,Versailles,Versailles,PA,Pennsylvania,42003,Allegheny,40.3177,-79.8309,1461,1161,polygon,FALSE,TRUE,America/New_York,3
12506,Blue Ridge,Blue Ridge,GA,Georgia,13111,Fannin,34.8666,-84.3218,1461,210,polygon,FALSE,TRUE,America/New_York,3
12507,Culver,Culver,IN,Indiana,18099,Marshall,41.2159,-86.4236,1461,538,polygon,FALSE,TRUE,America/Indiana/Indianapolis,3
12508,Center Hill,Center Hill,FL,Florida,12119,Sumter,28.6335,-81.9986,1460,92,polygon,FALSE,TRUE,America/New_York,3
12509,Chappaqua,Chappaqua,NY,New York,36119,Westchester,41.1601,-73.7672,1459,1232,polygon,FALSE,FALSE,America/New_York,3
12510,Brodheadsville,Brodheadsville,PA,Pennsylvania,42089,Monroe,40.9267,-75.4017,1459,131,polygon,FALSE,FALSE,America/New_York,3
12511,Head of the Harbor,Head of the Harbor,NY,New York,36103,Suffolk,40.8981,-73.1624,1458,200,polygon,FALSE,TRUE,America/New_York,3
12512,West Milton,West Milton,PA,Pennsylvania,42119,Union,41.0183,-76.8767,1458,678,polygon,FALSE,FALSE,America/New_York,3
12513,Ballplay,Ballplay,AL,Alabama,1055,Etowah,34.0179,-85.7853,1458,23,polygon,FALSE,FALSE,America/Chicago,3
12514,Perryville,Perryville,AR,Arkansas,5105,Perry,35.012,-92.803,1458,131,polygon,FALSE,TRUE,America/Chicago,3
12515,Slater,Slater,IA,Iowa,19169,Story,41.8807,-93.6912,1458,293,polygon,FALSE,TRUE,America/Chicago,3
12516,Fort Recovery,Fort Recovery,OH,Ohio,39107,Mercer,40.4112,-84.7761,1458,480,polygon,FALSE,TRUE,America/New_York,3
12517,El Mangó,El Mango,PR,Puerto Rico,72077,Juncos,18.2345,-65.8751,1458,1118,polygon,FALSE,FALSE,America/Puerto_Rico,3
12518,Wilderness Rim,Wilderness Rim,WA,Washington,53033,King,47.4463,-121.7691,1457,903,polygon,FALSE,TRUE,America/Los_Angeles,3
12519,Burns,Burns,TN,Tennessee,47043,Dickson,36.0507,-87.2983,1456,165,polygon,FALSE,TRUE,America/Chicago,3
12520,South Coatesville,South Coatesville,PA,Pennsylvania,42029,Chester,39.969,-75.8135,1456,323,polygon,FALSE,TRUE,America/New_York,3
12521,Newton,Newton,AL,Alabama,1045,Dale,31.3423,-85.5893,1456,39,polygon,FALSE,TRUE,America/Chicago,3
12522,Cypress Quarters,Cypress Quarters,FL,Florida,12093,Okeechobee,27.2479,-80.8115,1455,210,polygon,FALSE,FALSE,America/New_York,3
12523,Banner Hill,Banner Hill,TN,Tennessee,47171,Unicoi,36.1222,-82.4203,1455,402,polygon,FALSE,FALSE,America/New_York,3
12524,Northville,Northville,NY,New York,36103,Suffolk,40.9723,-72.618,1455,75,polygon,FALSE,FALSE,America/New_York,3
12525,Somerset,Somerset,OH,Ohio,39127,Perry,39.8064,-82.2995,1455,482,polygon,FALSE,TRUE,America/New_York,3
12526,Blades,Blades,DE,Delaware,10005,Sussex,38.6353,-75.6022,1454,1010,polygon,FALSE,TRUE,America/New_York,3
12527,Cleveland,Cleveland,WI,Wisconsin,55071,Manitowoc,43.9177,-87.7469,1454,284,polygon,FALSE,TRUE,America/Chicago,3
12528,Pine Prairie,Pine Prairie,LA,Louisiana,22039,Evangeline,30.7818,-92.4223,1454,348,polygon,FALSE,TRUE,America/Chicago,3
12529,Crump,Crump,TN,Tennessee,47071,Hardin,35.2315,-88.3381,1454,44,polygon,FALSE,TRUE,America/Chicago,3
12530,Colmar Manor,Colmar Manor,MD,Maryland,24033,Prince George's,38.9302,-76.9437,1454,1310,polygon,FALSE,TRUE,America/New_York,3
12531,Gower,Gower,MO,Missouri,29049,Clinton,39.6129,-94.5947,1454,566,polygon,FALSE,TRUE,America/Chicago,3
12532,Towanda,Towanda,KS,Kansas,20015,Butler,37.7954,-96.9963,1454,613,polygon,FALSE,TRUE,America/Chicago,3
12533,Whitmire,Whitmire,SC,South Carolina,45071,Newberry,34.504,-81.6144,1454,453,polygon,FALSE,TRUE,America/New_York,3
12534,Lexington,Lexington,MS,Mississippi,28051,Holmes,33.1163,-90.0498,1453,232,polygon,FALSE,TRUE,America/Chicago,3
12535,Bangor,Bangor,WI,Wisconsin,55063,La Crosse,43.8938,-90.9935,1452,333,polygon,FALSE,TRUE,America/Chicago,3
12536,Bryson City,Bryson City,NC,North Carolina,37173,Swain,35.4262,-83.4474,1452,256,polygon,FALSE,TRUE,America/New_York,3
12537,Sugar City,Sugar City,ID,Idaho,16065,Madison,43.8762,-111.751,1452,282,polygon,FALSE,TRUE,America/Boise,3
12538,Roaming Shores,Roaming Shores,OH,Ohio,39007,Ashtabula,41.6366,-80.8249,1452,267,polygon,FALSE,TRUE,America/New_York,3
12539,Bremen,Bremen,OH,Ohio,39045,Fairfield,39.7059,-82.4296,1452,650,polygon,FALSE,TRUE,America/New_York,3
12540,Adams Center,Adams Center,NY,New York,36045,Jefferson,43.8616,-76.0001,1451,115,polygon,FALSE,FALSE,America/New_York,3
12541,Biola,Biola,CA,California,6019,Fresno,36.8006,-120.0199,1451,1055,polygon,FALSE,FALSE,America/Los_Angeles,3
12542,Forest Lake,Forest Lake,IL,Illinois,17097,Lake,42.2103,-88.0532,1451,1593,polygon,FALSE,FALSE,America/Chicago,3
12543,Burton,Burton,OH,Ohio,39055,Geauga,41.4708,-81.1456,1451,534,polygon,FALSE,TRUE,America/New_York,3
12544,Dixon,Dixon,MO,Missouri,29169,Pulaski,37.9953,-92.0956,1450,536,polygon,FALSE,TRUE,America/Chicago,3
12545,Garrett,Garrett,WA,Washington,53071,Walla Walla,46.063,-118.3885,1449,333,polygon,FALSE,FALSE,America/Los_Angeles,3
12546,Fox Lake,Fox Lake,WI,Wisconsin,55027,Dodge,43.5618,-88.913,1449,356,polygon,FALSE,TRUE,America/Chicago,3
12547,Lake Medina Shores,Lake Medina Shores,TX,Texas,48019,Bandera,29.6383,-98.9869,1449,180,polygon,FALSE,TRUE,America/Chicago,3
12548,Kimball,Kimball,TN,Tennessee,47115,Marion,35.0469,-85.674,1449,105,polygon,FALSE,TRUE,America/Chicago,3
12549,Passapatanzy,Passapatanzy,VA,Virginia,51099,King George,38.2942,-77.3266,1449,274,polygon,FALSE,FALSE,America/New_York,3
12550,Paul,Paul,ID,Idaho,16067,Minidoka,42.6052,-113.7846,1449,849,polygon,FALSE,TRUE,America/Boise,3
12551,Woodbury Center,Woodbury Center,CT,Connecticut,9005,Litchfield,41.5445,-73.2047,1449,287,polygon,FALSE,TRUE,America/New_York,3
12552,Dassel,Dassel,MN,Minnesota,27093,Meeker,45.083,-94.315,1449,339,polygon,FALSE,TRUE,America/Chicago,3
12553,Rancho Alegre,Rancho Alegre,TX,Texas,48249,Jim Wells,27.7392,-98.1027,1448,437,polygon,FALSE,FALSE,America/Chicago,3
12554,Rural Retreat,Rural Retreat,VA,Virginia,51197,Wythe,36.901,-81.2765,1448,245,polygon,FALSE,TRUE,America/New_York,3
12555,Dunlap,Dunlap,IL,Illinois,17143,Peoria,40.8482,-89.6716,1448,246,polygon,FALSE,TRUE,America/Chicago,3
12556,Woodward,Woodward,IA,Iowa,19049,Dallas,41.8527,-93.9208,1448,153,polygon,FALSE,TRUE,America/Chicago,3
12557,Leoti,Leoti,KS,Kansas,20203,Wichita,38.4834,-101.3579,1448,424,polygon,FALSE,TRUE,America/Chicago,3
12558,Ackerman,Ackerman,MS,Mississippi,28019,Choctaw,33.311,-89.1711,1448,248,polygon,FALSE,TRUE,America/Chicago,3
12559,City View,City View,SC,South Carolina,45045,Greenville,34.862,-82.4249,1448,1152,polygon,FALSE,FALSE,America/New_York,3
12560,St. Peter,St. Peter,WI,Wisconsin,55039,Fond du Lac,43.8377,-88.3465,1447,153,polygon,FALSE,FALSE,America/Chicago,3
12561,West Liberty,West Liberty,WV,West Virginia,54069,Ohio,40.1647,-80.5972,1447,511,polygon,FALSE,TRUE,America/New_York,3
12562,Westlake,Westlake,FL,Florida,12099,Palm Beach,26.7549,-80.2984,1447,87,polygon,FALSE,TRUE,America/New_York,3
12563,Russellton,Russellton,PA,Pennsylvania,42003,Allegheny,40.6082,-79.8401,1447,388,polygon,FALSE,FALSE,America/New_York,3
12564,Nellysford,Nellysford,VA,Virginia,51125,Nelson,37.913,-78.8828,1447,58,polygon,FALSE,FALSE,America/New_York,3
12565,Schall Circle,Schall Circle,FL,Florida,12099,Palm Beach,26.7154,-80.1143,1446,1792,polygon,FALSE,FALSE,America/New_York,3
12566,Irwindale,Irwindale,CA,California,6037,Los Angeles,34.1121,-117.9636,1446,63,polygon,FALSE,TRUE,America/Los_Angeles,3
12567,Omao,Omao,HI,Hawaii,15007,Kauai,21.9236,-159.4814,1445,440,polygon,FALSE,FALSE,Pacific/Honolulu,3
12568,Walford,Walford,IA,Iowa,19011,Benton,41.8796,-91.8308,1445,567,polygon,FALSE,TRUE,America/Chicago,3
12569,Ash Grove,Ash Grove,MO,Missouri,29077,Greene,37.3177,-93.581,1444,457,polygon,FALSE,TRUE,America/Chicago,3
12570,Benítez,Benitez,PR,Puerto Rico,72029,Canóvanas,18.2725,-65.8788,1444,1535,polygon,FALSE,FALSE,America/Puerto_Rico,3
12571,Grapeland,Grapeland,TX,Texas,48225,Houston,31.4948,-95.4765,1443,216,polygon,FALSE,TRUE,America/Chicago,3
12572,Muniz,Muniz,TX,Texas,48215,Hidalgo,26.2578,-98.0897,1443,525,polygon,FALSE,FALSE,America/Chicago,3
12573,Pioneer,Pioneer,CA,California,6005,Amador,38.4354,-120.5848,1443,129,polygon,FALSE,FALSE,America/Los_Angeles,3
12574,Ortonville,Ortonville,MI,Michigan,26125,Oakland,42.8511,-83.4427,1443,577,polygon,FALSE,TRUE,America/Detroit,3
12575,Awendaw,Awendaw,SC,South Carolina,45019,Charleston,32.9823,-79.6461,1443,58,polygon,FALSE,TRUE,America/New_York,3
12576,Edgar,Edgar,WI,Wisconsin,55073,Marathon,44.9229,-89.9626,1442,308,polygon,FALSE,TRUE,America/Chicago,3
12577,Chualar,Chualar,CA,California,6053,Monterey,36.5711,-121.5103,1442,889,polygon,FALSE,FALSE,America/Los_Angeles,3
12578,Arlington,Arlington,OH,Ohio,39063,Hancock,40.8939,-83.6529,1442,692,polygon,FALSE,TRUE,America/New_York,3
12579,Woodbranch,Woodbranch,TX,Texas,48339,Montgomery,30.1813,-95.1836,1441,277,polygon,FALSE,TRUE,America/Chicago,3
12580,Lawtell,Lawtell,LA,Louisiana,22097,St. Landry,30.5126,-92.1832,1441,134,polygon,FALSE,FALSE,America/Chicago,3
12581,Fayette,Fayette,IA,Iowa,19065,Fayette,42.8415,-91.8036,1441,376,polygon,FALSE,TRUE,America/Chicago,3
12582,Girardville,Girardville,PA,Pennsylvania,42107,Schuylkill,40.7922,-76.283,1440,1074,polygon,FALSE,TRUE,America/New_York,3
12583,Dover,Dover,AR,Arkansas,5115,Pope,35.391,-93.1143,1440,196,polygon,FALSE,TRUE,America/Chicago,3
12584,Vienna,Vienna,IL,Illinois,17087,Johnson,37.4143,-88.8871,1440,196,polygon,FALSE,TRUE,America/Chicago,3
12585,Alamosa East,Alamosa East,CO,Colorado,8003,Alamosa,37.4767,-105.8397,1439,171,polygon,FALSE,TRUE,America/Denver,3
12586,Lake Catherine,Lake Catherine,IL,Illinois,17097,Lake,42.487,-88.1272,1439,611,polygon,FALSE,FALSE,America/Chicago,3
12587,Encantada-Ranchito-El Calaboz,Encantada-Ranchito-El Calaboz,TX,Texas,48061,Cameron,26.0333,-97.6331,1438,192,polygon,FALSE,TRUE,America/Chicago,3
12588,Rotan,Rotan,TX,Texas,48151,Fisher,32.854,-100.4655,1438,274,polygon,FALSE,TRUE,America/Chicago,3
12589,Cut and Shoot,Cut and Shoot,TX,Texas,48339,Montgomery,30.3404,-95.354,1438,204,polygon,FALSE,TRUE,America/Chicago,3
12590,Grand Isle,Grand Isle,LA,Louisiana,22051,Jefferson,29.2134,-90.0306,1438,86,polygon,FALSE,TRUE,America/Chicago,3
12591,Laflin,Laflin,PA,Pennsylvania,42079,Luzerne,41.2896,-75.7942,1438,411,polygon,FALSE,TRUE,America/New_York,3
12592,Saxonburg,Saxonburg,PA,Pennsylvania,42019,Butler,40.751,-79.815,1438,612,polygon,FALSE,TRUE,America/New_York,3
12593,The Hideout,The Hideout,PA,Pennsylvania,42127,Wayne,41.4398,-75.3478,1438,90,polygon,FALSE,FALSE,America/New_York,3
12594,Robinhood,Robinhood,MS,Mississippi,28121,Rankin,32.2045,-89.9671,1438,109,polygon,FALSE,TRUE,America/Chicago,3
12595,Midtown,Midtown,TN,Tennessee,47145,Roane,35.8813,-84.5716,1437,123,polygon,FALSE,FALSE,America/New_York,3
12596,Huntington Bay,Huntington Bay,NY,New York,36103,Suffolk,40.9014,-73.4163,1437,555,polygon,FALSE,TRUE,America/New_York,3
12597,Startex,Startex,SC,South Carolina,45083,Spartanburg,34.9309,-82.0941,1437,365,polygon,FALSE,FALSE,America/New_York,3
12598,Hurley,Hurley,WI,Wisconsin,55051,Iron,46.4462,-90.1982,1436,170,polygon,FALSE,TRUE,America/Menominee,3
12599,Gretna,Gretna,FL,Florida,12039,Gadsden,30.5901,-84.6861,1436,73,polygon,FALSE,TRUE,America/New_York,3
12600,Ivanhoe,Ivanhoe,TX,Texas,48457,Tyler,30.6799,-94.4154,1436,174,polygon,FALSE,TRUE,America/Chicago,3
12601,Queen City,Queen City,TX,Texas,48067,Cass,33.1507,-94.1524,1436,156,polygon,FALSE,TRUE,America/Chicago,3
12602,State Center,State Center,IA,Iowa,19127,Marshall,42.0149,-93.1652,1436,562,polygon,FALSE,TRUE,America/Chicago,3
12603,Fayette,Fayette,MS,Mississippi,28063,Jefferson,31.7123,-91.062,1436,471,polygon,FALSE,TRUE,America/Chicago,3
12604,Terre Hill,Terre Hill,PA,Pennsylvania,42071,Lancaster,40.1592,-76.0507,1435,1218,polygon,FALSE,TRUE,America/New_York,3
12605,Virginia,Virginia,IL,Illinois,17017,Cass,39.9525,-90.2107,1435,464,polygon,FALSE,TRUE,America/Chicago,3
12606,Sutton,Sutton,NE,Nebraska,31035,Clay,40.6072,-97.8589,1434,318,polygon,FALSE,TRUE,America/Chicago,3
12607,Roxana,Roxana,IL,Illinois,17119,Madison,38.8318,-90.0466,1434,77,polygon,FALSE,TRUE,America/Chicago,3
12608,Kearney Park,Kearney Park,MS,Mississippi,28089,Madison,32.5897,-90.3158,1434,206,polygon,FALSE,FALSE,America/Chicago,3
12609,Iota,Iota,LA,Louisiana,22001,Acadia,30.326,-92.4956,1433,435,polygon,FALSE,TRUE,America/Chicago,3
12610,Raubsville,Raubsville,PA,Pennsylvania,42095,Northampton,40.6295,-75.2024,1433,347,polygon,FALSE,FALSE,America/New_York,3
12611,Corning,Corning,IA,Iowa,19003,Adams,40.9929,-94.7395,1433,348,polygon,FALSE,TRUE,America/Chicago,3
12612,Oakdale,Oakdale,PA,Pennsylvania,42003,Allegheny,40.4001,-80.1872,1432,1178,polygon,FALSE,TRUE,America/New_York,3
12613,West Conshohocken,West Conshohocken,PA,Pennsylvania,42091,Montgomery,40.0702,-75.3189,1432,654,polygon,FALSE,TRUE,America/New_York,3
12614,Bradford,Bradford,RI,Rhode Island,44009,Washington,41.3944,-71.7542,1432,304,polygon,FALSE,FALSE,America/New_York,3
12615,Fayetteville,Fayetteville,AL,Alabama,1121,Talladega,33.1643,-86.4411,1432,31,polygon,FALSE,FALSE,America/Chicago,3
12616,Darmstadt,Darmstadt,IN,Indiana,18163,Vanderburgh,38.0938,-87.5793,1432,122,polygon,FALSE,TRUE,America/Chicago,3
12617,Carbonville,Carbonville,UT,Utah,49007,Carbon,39.6272,-110.8337,1432,100,polygon,FALSE,FALSE,America/Denver,3
12618,Tarkio,Tarkio,MO,Missouri,29005,Atchison,40.443,-95.3835,1432,398,polygon,FALSE,TRUE,America/Chicago,3
12619,Fort Benton,Fort Benton,MT,Montana,30015,Chouteau,47.8291,-110.6557,1432,241,polygon,FALSE,TRUE,America/Denver,3
12620,Capitan,Capitan,NM,New Mexico,35027,Lincoln,33.5392,-105.5983,1431,169,polygon,FALSE,TRUE,America/Denver,3
12621,Flatonia,Flatonia,TX,Texas,48149,Fayette,29.6886,-97.106,1431,341,polygon,FALSE,TRUE,America/Chicago,3
12622,Weissport East,Weissport East,PA,Pennsylvania,42025,Carbon,40.8369,-75.6863,1431,262,polygon,FALSE,TRUE,America/New_York,3
12623,Forest,Forest,OH,Ohio,39065,Hardin,40.8051,-83.5116,1431,382,polygon,FALSE,TRUE,America/New_York,3
12624,Mancos,Mancos,CO,Colorado,8083,Montezuma,37.3466,-108.2939,1430,860,polygon,FALSE,TRUE,America/Denver,3
12625,Bass Lake,Bass Lake,IN,Indiana,18149,Starke,41.2304,-86.5845,1430,60,polygon,FALSE,FALSE,America/Indiana/Knox,3
12626,Lukachukai,Lukachukai,AZ,Arizona,4001,Apache,36.4112,-109.2267,1430,25,polygon,FALSE,FALSE,America/Denver,3
12627,Redland,Redland,TX,Texas,48005,Angelina,31.4033,-94.7182,1429,133,polygon,FALSE,FALSE,America/Chicago,3
12628,Fennville,Fennville,MI,Michigan,26005,Allegan,42.5947,-86.1051,1429,505,polygon,FALSE,TRUE,America/Detroit,3
12629,Winlock,Winlock,WA,Washington,53041,Lewis,46.4907,-122.9342,1428,426,polygon,FALSE,TRUE,America/Los_Angeles,3
12630,La Vernia,La Vernia,TX,Texas,48493,Wilson,29.3542,-98.122,1428,230,polygon,FALSE,TRUE,America/Chicago,3
12631,Curtice,Curtice,OH,Ohio,39123,Ottawa,41.616,-83.3744,1428,149,polygon,FALSE,FALSE,America/New_York,3
12632,Redby,Redby,MN,Minnesota,27007,Beltrami,47.8717,-94.9184,1428,102,polygon,FALSE,FALSE,America/Chicago,3
12633,Tylertown,Tylertown,MS,Mississippi,28147,Walthall,31.1173,-90.1444,1428,168,polygon,FALSE,TRUE,America/Chicago,3
12634,Chatham,Chatham,VA,Virginia,51143,Pittsylvania,36.8185,-79.3967,1427,271,polygon,FALSE,TRUE,America/New_York,3
12635,Thompson Falls,Thompson Falls,MT,Montana,30089,Sanders,47.5993,-115.3425,1427,345,polygon,FALSE,TRUE,America/Denver,3
12636,Navesink,Navesink,NJ,New Jersey,34025,Monmouth,40.4021,-74.0387,1426,622,polygon,FALSE,FALSE,America/New_York,3
12637,Mountain Village,Mountain Village,CO,Colorado,8113,San Miguel,37.9324,-107.8577,1426,166,polygon,FALSE,TRUE,America/Denver,3
12638,Sundown,Sundown,TX,Texas,48219,Hockley,33.4575,-102.4908,1425,361,polygon,FALSE,TRUE,America/Chicago,3
12639,Cadott,Cadott,WI,Wisconsin,55017,Chippewa,44.9502,-91.1532,1424,161,polygon,FALSE,TRUE,America/Chicago,3
12640,West Baraboo,West Baraboo,WI,Wisconsin,55111,Sauk,43.4815,-89.7718,1424,440,polygon,FALSE,TRUE,America/Chicago,3
12641,Langhorne Manor,Langhorne Manor,PA,Pennsylvania,42017,Bucks,40.1658,-74.9174,1424,919,polygon,FALSE,TRUE,America/New_York,3
12642,Penn Valley,Penn Valley,CA,California,6057,Nevada,39.1954,-121.1942,1424,259,polygon,FALSE,FALSE,America/Los_Angeles,3
12643,Westport,Westport,IN,Indiana,18031,Decatur,39.1767,-85.5747,1424,477,polygon,FALSE,TRUE,America/Indiana/Indianapolis,3
12644,Centreville,Centreville,MS,Mississippi,28157,Wilkinson,31.087,-91.0654,1424,237,polygon,FALSE,TRUE,America/Chicago,3
12645,Benld,Benld,IL,Illinois,17117,Macoupin,39.093,-89.8023,1422,517,polygon,FALSE,TRUE,America/Chicago,3
12646,Manning,Manning,IA,Iowa,19027,Carroll,41.9092,-95.0642,1422,220,polygon,FALSE,TRUE,America/Chicago,3
12647,Greenwich,Greenwich,OH,Ohio,39077,Huron,41.0318,-82.5198,1422,361,polygon,FALSE,TRUE,America/New_York,3
12648,Stanton,Stanton,MI,Michigan,26117,Montcalm,43.2928,-85.0788,1422,255,polygon,FALSE,TRUE,America/Detroit,3
12649,Darrington,Darrington,WA,Washington,53061,Snohomish,48.2546,-121.6031,1421,317,polygon,FALSE,TRUE,America/Los_Angeles,3
12650,Hackberry,Hackberry,LA,Louisiana,22023,Cameron,29.9717,-93.3947,1421,19,polygon,FALSE,FALSE,America/Chicago,3
12651,New Beaver,New Beaver,PA,Pennsylvania,42073,Lawrence,40.8773,-80.3702,1421,37,polygon,FALSE,TRUE,America/New_York,3
12652,Bokeelia,Bokeelia,FL,Florida,12071,Lee,26.68,-82.1409,1420,61,polygon,FALSE,FALSE,America/New_York,3
12653,Moody,Moody,TX,Texas,48309,McLennan,31.3086,-97.3596,1420,570,polygon,FALSE,TRUE,America/Chicago,3
12654,Celina,Celina,TN,Tennessee,47027,Clay,36.5469,-85.5043,1420,297,polygon,FALSE,TRUE,America/Chicago,3
12655,Queens Gate,Queens Gate,PA,Pennsylvania,42133,York,39.9406,-76.6874,1420,950,polygon,FALSE,TRUE,America/New_York,3
12656,Morris,Morris,OK,Oklahoma,40111,Okmulgee,35.6152,-95.8624,1420,497,polygon,FALSE,TRUE,America/Chicago,3
12657,Pemberville,Pemberville,OH,Ohio,39173,Wood,41.4096,-83.4588,1420,458,polygon,FALSE,TRUE,America/New_York,3
12658,Arma,Arma,KS,Kansas,20037,Crawford,37.543,-94.7024,1420,483,polygon,FALSE,TRUE,America/Chicago,3
12659,Walls,Walls,MS,Mississippi,28033,DeSoto,34.9257,-90.1604,1420,46,polygon,FALSE,TRUE,America/Chicago,3
12660,Black Earth,Black Earth,WI,Wisconsin,55025,Dane,43.1341,-89.747,1419,648,polygon,FALSE,TRUE,America/Chicago,3
12661,Astor,Astor,FL,Florida,12069,Lake,29.1635,-81.5349,1418,234,polygon,FALSE,FALSE,America/New_York,3
12662,Logan,Logan,IA,Iowa,19085,Harrison,41.6453,-95.7917,1418,545,polygon,FALSE,TRUE,America/Chicago,3
12663,Robie Creek,Robie Creek,ID,Idaho,16015,Boise,43.668,-116.0209,1418,18,polygon,FALSE,TRUE,America/Boise,3
12664,Red Lake Falls,Red Lake Falls,MN,Minnesota,27125,Red Lake,47.8837,-96.2727,1418,260,polygon,FALSE,TRUE,America/Chicago,3
12665,Pueblito del Río,Pueblito del Rio,PR,Puerto Rico,72085,Las Piedras,18.228,-65.8615,1418,2119,polygon,FALSE,FALSE,America/Puerto_Rico,2
12666,Bonduel,Bonduel,WI,Wisconsin,55115,Shawano,44.7383,-88.4475,1417,242,polygon,FALSE,TRUE,America/Chicago,3
12667,Rock Hill,Rock Hill,NY,New York,36105,Sullivan,41.6153,-74.5821,1417,155,polygon,FALSE,FALSE,America/New_York,3
12668,Pine Mountain,Pine Mountain,GA,Georgia,13145,Harris,32.8522,-84.8522,1417,179,polygon,FALSE,TRUE,America/New_York,3
12669,Biltmore Forest,Biltmore Forest,NC,North Carolina,37021,Buncombe,35.5348,-82.5403,1416,187,polygon,FALSE,TRUE,America/New_York,3
12670,Mayo,Mayo,SC,South Carolina,45083,Spartanburg,35.0857,-81.8535,1416,179,polygon,FALSE,FALSE,America/New_York,3
12671,Monarch Mill,Monarch Mill,SC,South Carolina,45087,Union,34.7161,-81.5848,1416,97,polygon,FALSE,TRUE,America/New_York,3
12672,Rockaway Beach,Rockaway Beach,OR,Oregon,41057,Tillamook,45.6186,-123.9398,1416,341,polygon,FALSE,TRUE,America/Los_Angeles,3
12673,South Uniontown,South Uniontown,PA,Pennsylvania,42051,Fayette,39.8939,-79.7465,1415,1201,polygon,FALSE,FALSE,America/New_York,3
12674,Helena,Helena,OK,Oklahoma,40003,Alfalfa,36.5466,-98.2714,1415,1482,polygon,FALSE,TRUE,America/Chicago,3
12675,Chesterfield,Chesterfield,SC,South Carolina,45025,Chesterfield,34.733,-80.078,1415,133,polygon,FALSE,TRUE,America/New_York,3
12676,Felton,Felton,DE,Delaware,10001,Kent,39.0127,-75.5764,1414,692,polygon,FALSE,TRUE,America/New_York,3
12677,Chesapeake,Chesapeake,WV,West Virginia,54039,Kanawha,38.2233,-81.5363,1414,1134,polygon,FALSE,TRUE,America/New_York,3
12678,Redstone Arsenal,Redstone Arsenal,AL,Alabama,1089,Madison,34.6843,-86.647,1414,70,polygon,TRUE,TRUE,America/Chicago,3
12679,Hico,Hico,TX,Texas,48193,Hamilton,31.9859,-98.0291,1413,299,polygon,FALSE,TRUE,America/Chicago,3
12680,Pilot Mountain,Pilot Mountain,NC,North Carolina,37171,Surry,36.3854,-80.4735,1413,267,polygon,FALSE,TRUE,America/New_York,3
12681,Big Sandy,Big Sandy,TX,Texas,48459,Upshur,32.586,-95.1127,1412,334,polygon,FALSE,TRUE,America/Chicago,3
12682,Montezuma,Montezuma,IA,Iowa,19157,Poweshiek,41.5833,-92.5274,1412,219,polygon,FALSE,TRUE,America/Chicago,3
12683,Sweet Springs,Sweet Springs,MO,Missouri,29195,Saline,38.9649,-93.4152,1412,327,polygon,FALSE,TRUE,America/Chicago,3
12684,Cleary,Cleary,MS,Mississippi,28121,Rankin,32.1635,-90.182,1412,110,polygon,FALSE,FALSE,America/Chicago,3
12685,Chisholm,Chisholm,ME,Maine,23007,Franklin,44.4916,-70.1923,1411,249,polygon,FALSE,FALSE,America/New_York,3
12686,Coloma,Coloma,MI,Michigan,26021,Berrien,42.1864,-86.3083,1411,613,polygon,FALSE,TRUE,America/Detroit,3
12687,Raleigh,Raleigh,MS,Mississippi,28129,Smith,32.0322,-89.5247,1411,106,polygon,FALSE,TRUE,America/Chicago,3
12688,Woodsboro,Woodsboro,TX,Texas,48391,Refugio,28.2379,-97.3255,1410,719,polygon,FALSE,TRUE,America/Chicago,3
12689,Toast,Toast,NC,North Carolina,37171,Surry,36.4966,-80.6346,1410,359,polygon,FALSE,FALSE,America/New_York,3
12690,Cedarville,Cedarville,AR,Arkansas,5033,Crawford,35.583,-94.3615,1410,61,polygon,FALSE,TRUE,America/Chicago,3
12691,Dillsboro,Dillsboro,IN,Indiana,18029,Dearborn,39.0185,-85.0531,1410,408,polygon,FALSE,TRUE,America/New_York,3
12692,Earlham,Earlham,IA,Iowa,19121,Madison,41.4945,-94.1222,1410,562,polygon,FALSE,TRUE,America/Chicago,3
12693,Hill City,Hill City,KS,Kansas,20065,Graham,39.3671,-99.8461,1410,542,polygon,FALSE,TRUE,America/Chicago,3
12694,Atglen,Atglen,PA,Pennsylvania,42029,Chester,39.9473,-75.9754,1409,622,polygon,FALSE,TRUE,America/New_York,3
12695,New Paris,New Paris,IN,Indiana,18039,Elkhart,41.5005,-85.8248,1409,408,polygon,FALSE,FALSE,America/Indiana/Indianapolis,3
12696,Guthrie,Guthrie,KY,Kentucky,21219,Todd,36.6502,-87.1741,1409,277,polygon,FALSE,TRUE,America/Chicago,3
12697,Claremont,Claremont,NC,North Carolina,37035,Catawba,35.7101,-81.1533,1408,182,polygon,FALSE,TRUE,America/New_York,3
12698,Indian Hills,Indian Hills,CO,Colorado,8059,Jefferson,39.6294,-105.2509,1408,100,polygon,FALSE,FALSE,America/Denver,3
12699,Cornell,Cornell,WI,Wisconsin,55017,Chippewa,45.1632,-91.1497,1407,143,polygon,FALSE,TRUE,America/Chicago,3
12700,Worthington,Worthington,IN,Indiana,18055,Greene,39.1184,-86.9798,1407,703,polygon,FALSE,TRUE,America/Indiana/Indianapolis,3
12701,Justice,Justice,OK,Oklahoma,40131,Rogers,36.2909,-95.5635,1407,61,polygon,FALSE,FALSE,America/Chicago,3
12702,Benavides,Benavides,TX,Texas,48131,Duval,27.5969,-98.4137,1406,306,polygon,FALSE,TRUE,America/Chicago,3
12703,Hubbard,Hubbard,TX,Texas,48217,Hill,31.847,-96.8003,1406,277,polygon,FALSE,TRUE,America/Chicago,3
12704,Balfour,Balfour,NC,North Carolina,37089,Henderson,35.3494,-82.4824,1406,334,polygon,FALSE,FALSE,America/New_York,3
12705,Millbrook,Millbrook,NY,New York,36027,Dutchess,41.7842,-73.6937,1406,291,polygon,FALSE,TRUE,America/New_York,3
12706,Glade Spring,Glade Spring,VA,Virginia,51191,Washington,36.7899,-81.7726,1406,446,polygon,FALSE,TRUE,America/New_York,3
12707,Talahi Island,Talahi Island,GA,Georgia,13051,Chatham,32.0331,-80.976,1406,421,polygon,FALSE,TRUE,America/New_York,3
12708,Bagley,Bagley,MN,Minnesota,27029,Clearwater,47.5239,-95.4041,1406,273,polygon,FALSE,TRUE,America/Chicago,3
12709,Centreville,Centreville,MI,Michigan,26149,St. Joseph,41.9213,-85.5259,1406,366,polygon,FALSE,TRUE,America/Detroit,3
12710,Silver Lake,Silver Lake,KS,Kansas,20177,Shawnee,39.0993,-95.8564,1406,970,polygon,FALSE,TRUE,America/Chicago,3
12711,Eureka,Eureka,MT,Montana,30053,Lincoln,48.879,-115.0492,1406,409,polygon,FALSE,TRUE,America/Denver,3
12712,Dunes City,Dunes City,OR,Oregon,41039,Lane,43.9079,-124.0985,1406,201,polygon,FALSE,TRUE,America/Los_Angeles,3
12713,Shortsville,Shortsville,NY,New York,36069,Ontario,42.9555,-77.2228,1405,868,polygon,FALSE,TRUE,America/New_York,3
12714,Chatmoss,Chatmoss,VA,Virginia,51089,Henry,36.6758,-79.7981,1405,101,polygon,FALSE,FALSE,America/New_York,3
12715,Menard,Menard,TX,Texas,48327,Menard,30.9185,-99.7837,1404,262,polygon,FALSE,TRUE,America/Chicago,3
12716,Bryn Athyn,Bryn Athyn,PA,Pennsylvania,42091,Montgomery,40.1411,-75.0674,1404,280,polygon,FALSE,TRUE,America/New_York,3
12717,Bay City,Bay City,OR,Oregon,41057,Tillamook,45.5216,-123.8858,1404,429,polygon,FALSE,TRUE,America/Los_Angeles,3
12718,West Marion,West Marion,NC,North Carolina,37111,McDowell,35.6525,-82.0191,1403,363,polygon,FALSE,FALSE,America/New_York,3
12719,Greenland,Greenland,AR,Arkansas,5143,Washington,35.9965,-94.1903,1403,137,polygon,FALSE,TRUE,America/Chicago,3
12720,St. Elmo,St. Elmo,IL,Illinois,17051,Fayette,39.0228,-88.8513,1403,428,polygon,FALSE,TRUE,America/Chicago,3
12721,Kingsley,Kingsley,IA,Iowa,19149,Plymouth,42.5865,-95.9678,1402,336,polygon,FALSE,TRUE,America/Chicago,3
12722,Markesan,Markesan,WI,Wisconsin,55047,Green Lake,43.7099,-88.9907,1401,232,polygon,FALSE,TRUE,America/Chicago,3
12723,Pelzer,Pelzer,SC,South Carolina,45007,Anderson,34.6434,-82.4588,1401,591,polygon,FALSE,TRUE,America/New_York,3
12724,Lake Waccamaw,Lake Waccamaw,NC,North Carolina,37047,Columbus,34.3141,-78.5117,1400,194,polygon,FALSE,TRUE,America/New_York,3
12725,Avondale,Avondale,PA,Pennsylvania,42029,Chester,39.8248,-75.7819,1400,1117,polygon,FALSE,TRUE,America/New_York,3
12726,Crainville,Crainville,IL,Illinois,17199,Williamson,37.7511,-89.06,1400,327,polygon,FALSE,TRUE,America/Chicago,3
12727,Philo,Philo,IL,Illinois,17019,Champaign,40.0033,-88.1563,1400,652,polygon,FALSE,TRUE,America/Chicago,3
12728,Brooklyn,Brooklyn,IA,Iowa,19157,Poweshiek,41.7314,-92.4453,1400,430,polygon,FALSE,TRUE,America/Chicago,3
12729,Madison,Madison,MN,Minnesota,27073,Lac qui Parle,45.0127,-96.1889,1400,515,polygon,FALSE,TRUE,America/Chicago,3
12730,Dawson,Dawson,MN,Minnesota,27073,Lac qui Parle,44.9289,-96.0504,1400,378,polygon,FALSE,TRUE,America/Chicago,3
12731,Vanceburg,Vanceburg,KY,Kentucky,21135,Lewis,38.5937,-83.3212,1400,450,polygon,FALSE,TRUE,America/New_York,3
12732,Beaver,Beaver,OK,Oklahoma,40007,Beaver,36.8151,-100.5235,1399,467,polygon,FALSE,TRUE,America/Chicago,3
12733,Pioneer,Pioneer,OH,Ohio,39171,Williams,41.6773,-84.5524,1399,301,polygon,FALSE,TRUE,America/New_York,3
12734,Parcelas Nuevas,Parcelas Nuevas,PR,Puerto Rico,72041,Cidra,18.14,-66.1702,1399,840,polygon,FALSE,FALSE,America/Puerto_Rico,3
12735,Princeton,Princeton,NC,North Carolina,37101,Johnston,35.4671,-78.1613,1398,474,polygon,FALSE,TRUE,America/New_York,3
12736,South Carthage,South Carthage,TN,Tennessee,47159,Smith,36.2414,-85.9575,1398,210,polygon,FALSE,TRUE,America/Chicago,3
12737,Montague,Montague,CA,California,6093,Siskiyou,41.7276,-122.5304,1398,303,polygon,FALSE,TRUE,America/Los_Angeles,3
12738,Shoal Creek,Shoal Creek,AL,Alabama,1117,Shelby,33.4328,-86.6071,1398,107,polygon,FALSE,TRUE,America/Chicago,3
12739,Gridley,Gridley,IL,Illinois,17113,McLean,40.7437,-88.8809,1398,440,polygon,FALSE,TRUE,America/Chicago,3
12740,New Windsor,New Windsor,MD,Maryland,24013,Carroll,39.5442,-77.1016,1398,726,polygon,FALSE,TRUE,America/New_York,3
12741,Nellieburg,Nellieburg,MS,Mississippi,28075,Lauderdale,32.3973,-88.783,1398,76,polygon,FALSE,FALSE,America/Chicago,3
12742,Tracy City,Tracy City,TN,Tennessee,47061,Grundy,35.262,-85.7515,1397,115,polygon,FALSE,TRUE,America/Chicago,3
12743,Sackets Harbor,Sackets Harbor,NY,New York,36045,Jefferson,43.9418,-76.1182,1397,233,polygon,FALSE,TRUE,America/New_York,3
12744,Rome City,Rome City,IN,Indiana,18113,Noble,41.4892,-85.361,1397,366,polygon,FALSE,TRUE,America/Indiana/Indianapolis,3
12745,Bel-Nor,Bel-Nor,MO,Missouri,29189,St. Louis,38.7017,-90.318,1397,855,polygon,FALSE,TRUE,America/Chicago,3
12746,Middletown,Middletown,VA,Virginia,51069,Frederick,39.0288,-78.278,1396,695,polygon,FALSE,TRUE,America/New_York,3
12747,Midpines,Midpines,CA,California,6043,Mariposa,37.5531,-119.9485,1396,21,polygon,FALSE,FALSE,America/Los_Angeles,3
12748,Edison,Edison,GA,Georgia,13037,Calhoun,31.5608,-84.7374,1396,230,polygon,FALSE,TRUE,America/New_York,3
12749,Elmore,Elmore,OH,Ohio,39123,Ottawa,41.4707,-83.2912,1396,696,polygon,FALSE,TRUE,America/New_York,3
12750,Mendon,Mendon,UT,Utah,49005,Cache,41.7102,-111.9776,1396,376,polygon,FALSE,TRUE,America/Denver,3
12751,Luna Pier,Luna Pier,MI,Michigan,26115,Monroe,41.8049,-83.4426,1396,361,polygon,FALSE,TRUE,America/Detroit,3
12752,Pomeroy,Pomeroy,WA,Washington,53023,Garfield,46.4737,-117.5965,1395,303,polygon,FALSE,TRUE,America/Los_Angeles,3
12753,Bruceton,Bruceton,TN,Tennessee,47017,Carroll,36.0349,-88.2466,1395,320,polygon,FALSE,TRUE,America/Chicago,3
12754,Cumberland Head,Cumberland Head,NY,New York,36019,Clinton,44.7165,-73.3966,1395,153,polygon,FALSE,FALSE,America/New_York,3
12755,Brocton,Brocton,NY,New York,36013,Chautauqua,42.39,-79.4429,1395,311,polygon,FALSE,TRUE,America/New_York,3
12756,Kettleman City,Kettleman City,CA,California,6031,Kings,36.009,-119.9627,1395,2552,polygon,FALSE,FALSE,America/Los_Angeles,2
12757,Wellman,Wellman,IA,Iowa,19183,Washington,41.4693,-91.8354,1395,507,polygon,FALSE,TRUE,America/Chicago,3
12758,Locust Grove,Locust Grove,OK,Oklahoma,40097,Mayes,36.1978,-95.1685,1395,307,polygon,FALSE,TRUE,America/Chicago,3
12759,Clarks Green,Clarks Green,PA,Pennsylvania,42069,Lackawanna,41.5009,-75.6952,1394,1008,polygon,FALSE,TRUE,America/New_York,3
12760,Kilmarnock,Kilmarnock,VA,Virginia,51103,Lancaster,37.7118,-76.3834,1394,157,polygon,FALSE,TRUE,America/New_York,3
12761,Durand,Durand,IL,Illinois,17201,Winnebago,42.4341,-89.327,1394,617,polygon,FALSE,TRUE,America/Chicago,3
12762,Salina,Salina,OK,Oklahoma,40097,Mayes,36.2907,-95.1519,1394,545,polygon,FALSE,TRUE,America/Chicago,3
12763,Milford,Milford,UT,Utah,49001,Beaver,38.3945,-113.0123,1394,251,polygon,FALSE,TRUE,America/Denver,3
12764,Hillsboro,Hillsboro,WI,Wisconsin,55123,Vernon,43.6559,-90.3365,1393,382,polygon,FALSE,TRUE,America/Chicago,3
12765,Loving,Loving,NM,New Mexico,35015,Eddy,32.2866,-104.097,1393,459,polygon,FALSE,TRUE,America/Denver,3
12766,New Sarpy,New Sarpy,LA,Louisiana,22089,St. Charles,29.9809,-90.3833,1393,473,polygon,FALSE,FALSE,America/Chicago,3
12767,Surrey,Surrey,ND,North Dakota,38101,Ward,48.2435,-101.1339,1393,254,polygon,FALSE,TRUE,America/Chicago,3
12768,Golden Valley,Golden Valley,NV,Nevada,32031,Washoe,39.6177,-119.8231,1393,148,polygon,FALSE,FALSE,America/Los_Angeles,3
12769,Flomaton,Flomaton,AL,Alabama,1053,Escambia,31.0127,-87.2541,1393,105,polygon,FALSE,TRUE,America/Chicago,3
12770,Apache,Apache,OK,Oklahoma,40015,Caddo,34.8938,-98.3581,1393,266,polygon,FALSE,TRUE,America/Chicago,3
12771,Parks,Parks,AZ,Arizona,4005,Coconino,35.2939,-111.9771,1392,3,polygon,FALSE,FALSE,America/Phoenix,3
12772,Piedra Gorda,Piedra Gorda,PR,Puerto Rico,72027,Camuy,18.4342,-66.8861,1392,788,polygon,FALSE,FALSE,America/Puerto_Rico,3
12773,Woodway,Woodway,WA,Washington,53061,Snohomish,47.7904,-122.3851,1391,459,polygon,FALSE,TRUE,America/Los_Angeles,3
12774,Parsons,Parsons,WV,West Virginia,54093,Tucker,39.0942,-79.6786,1391,478,polygon,FALSE,TRUE,America/New_York,3
12775,Tariffville,Tariffville,CT,Connecticut,9003,Hartford,41.9076,-72.7682,1391,896,polygon,FALSE,FALSE,America/New_York,3
12776,Rice,Rice,MN,Minnesota,27009,Benton,45.7525,-94.2317,1391,94,polygon,FALSE,TRUE,America/Chicago,3
12777,Frazee,Frazee,MN,Minnesota,27005,Becker,46.7282,-95.7026,1391,486,polygon,FALSE,TRUE,America/Chicago,3
12778,El Ojo,El Ojo,PR,Puerto Rico,72133,Santa Isabel,18.0038,-66.3919,1391,3361,polygon,FALSE,FALSE,America/Puerto_Rico,2
12779,Yorktown Heights,Yorktown Heights,NY,New York,36119,Westchester,41.2696,-73.7755,1390,587,polygon,FALSE,FALSE,America/New_York,3
12780,Piney Mountain,Piney Mountain,VA,Virginia,51003,Albemarle,38.1591,-78.4156,1390,467,polygon,FALSE,TRUE,America/New_York,3
12781,New Pekin,New Pekin,IN,Indiana,18175,Washington,38.5029,-86.0152,1390,225,polygon,FALSE,TRUE,America/Indiana/Indianapolis,3
12782,Holiday Valley,Holiday Valley,OH,Ohio,39023,Clark,39.8536,-83.962,1390,294,polygon,FALSE,FALSE,America/New_York,3
12783,Palmarejo,Palmarejo,PR,Puerto Rico,72079,Lajas,18.0412,-67.0764,1390,1836,polygon,FALSE,FALSE,America/Puerto_Rico,3
12784,New Union,New Union,TN,Tennessee,47031,Coffee,35.534,-86.0832,1389,139,polygon,FALSE,FALSE,America/Chicago,3
12785,Lenox,Lenox,IA,Iowa,19173,Taylor,40.883,-94.5583,1389,270,polygon,FALSE,TRUE,America/Chicago,3
12786,Lakeshire,Lakeshire,MO,Missouri,29189,St. Louis,38.54,-90.3384,1389,2407,polygon,FALSE,TRUE,America/Chicago,2
12787,Mishicot,Mishicot,WI,Wisconsin,55071,Manitowoc,44.2303,-87.6422,1388,210,polygon,FALSE,TRUE,America/Chicago,3
12788,Blawnox,Blawnox,PA,Pennsylvania,42003,Allegheny,40.4923,-79.86,1388,1807,polygon,FALSE,TRUE,America/New_York,3
12789,Shoemakersville,Shoemakersville,PA,Pennsylvania,42011,Berks,40.5004,-75.97,1388,996,polygon,FALSE,TRUE,America/New_York,3
12790,White Cloud,White Cloud,MI,Michigan,26123,Newaygo,43.5541,-85.772,1387,277,polygon,FALSE,TRUE,America/Detroit,3
12791,Sherwood Shores,Sherwood Shores,TX,Texas,48181,Grayson,33.8478,-96.8147,1386,187,polygon,FALSE,FALSE,America/Chicago,3
12792,Morrisonville,Morrisonville,NY,New York,36019,Clinton,44.6922,-73.5505,1386,204,polygon,FALSE,FALSE,America/New_York,3
12793,Kingsford Heights,Kingsford Heights,IN,Indiana,18091,LaPorte,41.4784,-86.693,1386,602,polygon,FALSE,TRUE,America/Chicago,3
12794,Heidelberg,Heidelberg,TX,Texas,48215,Hidalgo,26.1831,-97.885,1385,211,polygon,FALSE,FALSE,America/Chicago,3
12795,Mount Wolf,Mount Wolf,PA,Pennsylvania,42133,York,40.0616,-76.7053,1385,1020,polygon,FALSE,TRUE,America/New_York,3
12796,Odon,Odon,IN,Indiana,18027,Daviess,38.8423,-86.9894,1385,577,polygon,FALSE,TRUE,America/Indiana/Vincennes,3
12797,Woodbine,Woodbine,IA,Iowa,19085,Harrison,41.7346,-95.7067,1385,418,polygon,FALSE,TRUE,America/Chicago,3
12798,Benson,Benson,UT,Utah,49005,Cache,41.7489,-111.9169,1385,17,polygon,FALSE,FALSE,America/Denver,3
12799,Beaver,Beaver,WV,West Virginia,54081,Raleigh,37.7356,-81.15,1384,122,polygon,FALSE,FALSE,America/New_York,3
12800,Tatum,Tatum,TX,Texas,48401,Rusk,32.3158,-94.5189,1384,141,polygon,FALSE,TRUE,America/Chicago,3
12801,Swepsonville,Swepsonville,NC,North Carolina,37001,Alamance,36.0285,-79.355,1384,374,polygon,FALSE,TRUE,America/New_York,3
12802,Weston Mills,Weston Mills,NY,New York,36009,Cattaraugus,42.0752,-78.3727,1384,80,polygon,FALSE,FALSE,America/New_York,3
12803,Billington Heights,Billington Heights,NY,New York,36029,Erie,42.7862,-78.6237,1384,169,polygon,FALSE,FALSE,America/New_York,3
12804,Bodfish,Bodfish,CA,California,6029,Kern,35.5765,-118.4764,1384,65,polygon,FALSE,FALSE,America/Los_Angeles,3
12805,Bedford,Bedford,IA,Iowa,19173,Taylor,40.6711,-94.724,1384,333,polygon,FALSE,TRUE,America/Chicago,3
12806,Watts Mills,Watts Mills,SC,South Carolina,45059,Laurens,34.5164,-81.9857,1384,233,polygon,FALSE,TRUE,America/New_York,3
12807,Lake Brownwood,Lake Brownwood,TX,Texas,48049,Brown,31.8177,-99.1045,1383,93,polygon,FALSE,FALSE,America/Chicago,3
12808,Russell,Russell,PA,Pennsylvania,42123,Warren,41.9394,-79.1393,1383,151,polygon,FALSE,FALSE,America/New_York,3
12809,Grandview,Grandview,IL,Illinois,17167,Sangamon,39.8175,-89.6181,1383,1572,polygon,FALSE,TRUE,America/Chicago,3
12810,Standish,Standish,MI,Michigan,26011,Arenac,43.9794,-83.9637,1382,244,polygon,FALSE,TRUE,America/Detroit,3
12811,Pelahatchie,Pelahatchie,MS,Mississippi,28121,Rankin,32.3148,-89.8082,1382,89,polygon,FALSE,TRUE,America/Chicago,3
12812,Barker Heights,Barker Heights,NC,North Carolina,37089,Henderson,35.3104,-82.4412,1381,533,polygon,FALSE,FALSE,America/New_York,3
12813,Lakewood Shores,Lakewood Shores,IL,Illinois,17197,Will,41.2712,-88.1361,1381,233,polygon,FALSE,FALSE,America/Chicago,3
12814,Gardner,Gardner,IL,Illinois,17063,Grundy,41.1931,-88.3146,1381,183,polygon,FALSE,TRUE,America/Chicago,3
12815,Sanborn,Sanborn,IA,Iowa,19141,O'Brien,43.1814,-95.6553,1381,281,polygon,FALSE,TRUE,America/Chicago,3
12816,Lone Tree,Lone Tree,IA,Iowa,19103,Johnson,41.4859,-91.4267,1381,499,polygon,FALSE,TRUE,America/Chicago,3
12817,Auburn,Auburn,KY,Kentucky,21141,Logan,36.8654,-86.7107,1380,286,polygon,FALSE,TRUE,America/Chicago,3
12818,Schwenksville,Schwenksville,PA,Pennsylvania,42091,Montgomery,40.2574,-75.4662,1379,1330,polygon,FALSE,TRUE,America/New_York,3
12819,Duenweg,Duenweg,MO,Missouri,29097,Jasper,37.0842,-94.4119,1379,174,polygon,FALSE,TRUE,America/Chicago,3
12820,Cassville,Cassville,WV,West Virginia,54061,Monongalia,39.675,-80.0678,1378,150,polygon,FALSE,FALSE,America/New_York,3
12821,Banks Springs,Banks Springs,LA,Louisiana,22021,Caldwell,32.0764,-92.085,1378,169,polygon,FALSE,FALSE,America/Chicago,3
12822,Cactus Flats,Cactus Flats,AZ,Arizona,4009,Graham,32.7642,-109.7205,1378,86,polygon,FALSE,TRUE,America/Phoenix,3
12823,Keshena,Keshena,WI,Wisconsin,55078,Menominee,44.8697,-88.6002,1377,63,polygon,FALSE,FALSE,America/Chicago,3
12824,Neuse Forest,Neuse Forest,NC,North Carolina,37049,Craven,34.966,-76.94,1377,168,polygon,FALSE,FALSE,America/New_York,3
12825,Oakland,Oakland,PA,Pennsylvania,42021,Cambria,40.3055,-78.8819,1377,375,polygon,FALSE,FALSE,America/New_York,3
12826,Gleason,Gleason,TN,Tennessee,47183,Weakley,36.2174,-88.6107,1376,236,polygon,FALSE,TRUE,America/Chicago,3
12827,Redwood Valley,Redwood Valley,CA,California,6045,Mendocino,39.269,-123.2023,1376,194,polygon,FALSE,FALSE,America/Los_Angeles,3
12828,West Yellowstone,West Yellowstone,MT,Montana,30031,Gallatin,44.6627,-111.1057,1376,673,polygon,FALSE,TRUE,America/Denver,3
12829,Olla,Olla,LA,Louisiana,22059,LaSalle,31.8981,-92.2404,1375,134,polygon,FALSE,TRUE,America/Chicago,3
12830,Youngsville,Youngsville,NC,North Carolina,37069,Franklin,36.0245,-78.481,1375,305,polygon,FALSE,TRUE,America/New_York,3
12831,New Market,New Market,TN,Tennessee,47089,Jefferson,36.1096,-83.5493,1375,125,polygon,FALSE,TRUE,America/New_York,3
12832,Springfield,Springfield,CO,Colorado,8009,Baca,37.4049,-102.6189,1375,471,polygon,FALSE,TRUE,America/Denver,3
12833,Manson,Manson,WA,Washington,53007,Chelan,47.8858,-120.1563,1374,423,polygon,FALSE,FALSE,America/Los_Angeles,3
12834,César Chávez,Cesar Chavez,TX,Texas,48215,Hidalgo,26.3118,-98.1117,1374,205,polygon,FALSE,FALSE,America/Chicago,3
12835,Godley,Godley,TX,Texas,48251,Johnson,32.4513,-97.5322,1373,319,polygon,FALSE,TRUE,America/Chicago,3
12836,Great River,Great River,NY,New York,36103,Suffolk,40.7164,-73.1603,1373,115,polygon,FALSE,FALSE,America/New_York,3
12837,Glyndon,Glyndon,MN,Minnesota,27027,Clay,46.8709,-96.5784,1373,335,polygon,FALSE,TRUE,America/Chicago,3
12838,Exmore,Exmore,VA,Virginia,51131,Northampton,37.5295,-75.8283,1372,203,polygon,FALSE,TRUE,America/New_York,3
12839,Kincaid,Kincaid,IL,Illinois,17021,Christian,39.5868,-89.4167,1372,648,polygon,FALSE,TRUE,America/Chicago,3
12840,Glen Dale,Glen Dale,WV,West Virginia,54051,Marshall,39.9466,-80.7564,1371,622,polygon,FALSE,TRUE,America/New_York,3
12841,Milton,Milton,NY,New York,36111,Ulster,41.6587,-73.9664,1371,178,polygon,FALSE,FALSE,America/New_York,3
12842,Oblong,Oblong,IL,Illinois,17033,Crawford,39.0022,-87.9107,1371,487,polygon,FALSE,TRUE,America/Chicago,3
12843,Rodney Village,Rodney Village,DE,Delaware,10001,Kent,39.1284,-75.5396,1370,901,polygon,FALSE,FALSE,America/New_York,3
12844,St. Leo,St. Leo,FL,Florida,12101,Pasco,28.3363,-82.2589,1370,470,polygon,FALSE,TRUE,America/New_York,3
12845,Ringgold,Ringgold,LA,Louisiana,22013,Bienville,32.3261,-93.2837,1370,228,polygon,FALSE,TRUE,America/Chicago,3
12846,Plattsburgh West,Plattsburgh West,NY,New York,36019,Clinton,44.6837,-73.5037,1370,279,polygon,FALSE,TRUE,America/New_York,3
12847,Holstein,Holstein,IA,Iowa,19093,Ida,42.4869,-95.5429,1370,335,polygon,FALSE,TRUE,America/Chicago,3
12848,Mound Bayou,Mound Bayou,MS,Mississippi,28011,Bolivar,33.8808,-90.728,1370,603,polygon,FALSE,TRUE,America/Chicago,3
12849,Toa Baja,Toa Baja,PR,Puerto Rico,72137,Toa Baja,18.4439,-66.2547,1370,900,polygon,FALSE,FALSE,America/Puerto_Rico,3
12850,Claysburg,Claysburg,PA,Pennsylvania,42013,Blair,40.2896,-78.4482,1369,205,polygon,FALSE,FALSE,America/New_York,3
12851,Moorefield Station,Moorefield Station,VA,Virginia,51107,Loudoun,38.9981,-77.4971,1369,465,polygon,FALSE,FALSE,America/New_York,3
12852,Rock Creek,Rock Creek,AL,Alabama,1073,Jefferson,33.4772,-87.0812,1369,175,polygon,FALSE,FALSE,America/Chicago,3
12853,Carbondale,Carbondale,KS,Kansas,20139,Osage,38.8192,-95.6932,1369,723,polygon,FALSE,TRUE,America/Chicago,3
12854,Verdi,Verdi,NV,Nevada,32031,Washoe,39.5143,-119.9769,1368,158,polygon,FALSE,FALSE,America/Los_Angeles,3
12855,Bell Acres,Bell Acres,PA,Pennsylvania,42003,Allegheny,40.5898,-80.1738,1367,98,polygon,FALSE,TRUE,America/New_York,3
12856,Vian,Vian,OK,Oklahoma,40135,Sequoyah,35.5018,-94.9698,1367,396,polygon,FALSE,TRUE,America/Chicago,3
12857,Oakland,Oakland,MO,Missouri,29189,St. Louis,38.5768,-90.3849,1367,875,polygon,FALSE,TRUE,America/Chicago,3
12858,Indios,Indios,PR,Puerto Rico,72059,Guayanilla,17.9942,-66.821,1367,519,polygon,FALSE,FALSE,America/Puerto_Rico,3
12859,Marmet,Marmet,WV,West Virginia,54039,Kanawha,38.2458,-81.5711,1366,414,polygon,FALSE,TRUE,America/New_York,3
12860,Ama,Ama,LA,Louisiana,22089,St. Charles,29.944,-90.2967,1366,150,polygon,FALSE,FALSE,America/Chicago,3
12861,Chadwicks,Chadwicks,NY,New York,36065,Oneida,43.0291,-75.271,1366,397,polygon,FALSE,FALSE,America/New_York,3
12862,Mancelona,Mancelona,MI,Michigan,26009,Antrim,44.9024,-85.0613,1366,525,polygon,FALSE,TRUE,America/Detroit,3
12863,Maple Park,Maple Park,IL,Illinois,17089,Kane,41.9086,-88.6063,1365,254,polygon,FALSE,TRUE,America/Chicago,3
12864,Pierz,Pierz,MN,Minnesota,27097,Morrison,45.9772,-94.1008,1365,382,polygon,FALSE,TRUE,America/Chicago,3
12865,North DeLand,North DeLand,FL,Florida,12127,Volusia,29.0484,-81.2966,1364,1004,polygon,FALSE,FALSE,America/New_York,3
12866,Crystal Falls,Crystal Falls,MI,Michigan,26071,Iron,46.0967,-88.3264,1364,150,polygon,FALSE,TRUE,America/Menominee,3
12867,Reese,Reese,MI,Michigan,26157,Tuscola,43.4528,-83.6893,1364,391,polygon,FALSE,TRUE,America/Detroit,3
12868,Cacao,Cacao,PR,Puerto Rico,72115,Quebradillas,18.4524,-66.9559,1364,638,polygon,FALSE,FALSE,America/Puerto_Rico,3
12869,Wakefield,Wakefield,NE,Nebraska,31051,Dixon,42.2665,-96.8632,1363,495,polygon,FALSE,TRUE,America/Chicago,3
12870,The Galena Territory,The Galena Territory,IL,Illinois,17085,Jo Daviess,42.3956,-90.3159,1363,46,polygon,FALSE,TRUE,America/Chicago,3
12871,Valencia,Valencia,PA,Pennsylvania,42019,Butler,40.6767,-79.9881,1362,1574,polygon,FALSE,TRUE,America/New_York,3
12872,Hudson,Hudson,PA,Pennsylvania,42079,Luzerne,41.2773,-75.8312,1362,1392,polygon,FALSE,FALSE,America/New_York,3
12873,Allendale,Allendale,CA,California,6095,Solano,38.4426,-121.9814,1362,85,polygon,FALSE,FALSE,America/Los_Angeles,3
12874,Capron,Capron,IL,Illinois,17007,Boone,42.3986,-88.7393,1362,678,polygon,FALSE,TRUE,America/Chicago,3
12875,Panama,Panama,OK,Oklahoma,40079,Le Flore,35.1716,-94.6707,1362,332,polygon,FALSE,TRUE,America/Chicago,3
12876,Mescalero,Mescalero,NM,New Mexico,35035,Otero,33.1448,-105.7897,1361,29,polygon,FALSE,FALSE,America/Denver,3
12877,Harkers Island,Harkers Island,NC,North Carolina,37031,Carteret,34.7002,-76.5612,1361,234,polygon,FALSE,FALSE,America/New_York,3
12878,Clarendon,Clarendon,AR,Arkansas,5095,Monroe,34.6935,-91.3062,1361,287,polygon,FALSE,TRUE,America/Chicago,3
12879,Callahan,Callahan,FL,Florida,12089,Nassau,30.5619,-81.832,1360,374,polygon,FALSE,TRUE,America/New_York,3
12880,Rosenhayn,Rosenhayn,NJ,New Jersey,34011,Cumberland,39.4787,-75.138,1360,198,polygon,FALSE,FALSE,America/New_York,3
12881,Montgomery,Montgomery,TX,Texas,48339,Montgomery,30.3921,-95.6958,1360,104,polygon,FALSE,TRUE,America/Chicago,3
12882,Faxon,Faxon,PA,Pennsylvania,42081,Lycoming,41.2556,-76.9771,1360,1109,polygon,FALSE,FALSE,America/New_York,3
12883,Baidland,Baidland,PA,Pennsylvania,42125,Washington,40.1888,-79.9533,1360,268,polygon,FALSE,FALSE,America/New_York,3
12884,Okawville,Okawville,IL,Illinois,17189,Washington,38.4344,-89.548,1360,259,polygon,FALSE,TRUE,America/Chicago,3
12885,Tripoli,Tripoli,IA,Iowa,19017,Bremer,42.8083,-92.2578,1360,377,polygon,FALSE,TRUE,America/Chicago,3
12886,Velda City,Velda City,MO,Missouri,29189,St. Louis,38.6941,-90.2934,1360,3221,polygon,FALSE,FALSE,America/Chicago,2
12887,Powells Crossroads,Powells Crossroads,TN,Tennessee,47115,Marion,35.1848,-85.4848,1359,107,polygon,FALSE,TRUE,America/Chicago,3
12888,Stottville,Stottville,NY,New York,36021,Columbia,42.2913,-73.7532,1359,125,polygon,FALSE,FALSE,America/New_York,3
12889,Thermal,Thermal,CA,California,6065,Riverside,33.6262,-116.1308,1359,55,polygon,FALSE,FALSE,America/Los_Angeles,3
12890,Geneva,Geneva,IN,Indiana,18001,Adams,40.5975,-84.9568,1359,475,polygon,FALSE,TRUE,America/Indiana/Indianapolis,3
12891,Rose Lodge,Rose Lodge,OR,Oregon,41041,Lincoln,45.0187,-123.8881,1359,54,polygon,FALSE,FALSE,America/Los_Angeles,3
12892,Wainaku,Wainaku,HI,Hawaii,15001,Hawaii,19.7449,-155.0985,1358,396,polygon,FALSE,FALSE,Pacific/Honolulu,3
12893,Ravenna,Ravenna,NE,Nebraska,31019,Buffalo,41.0276,-98.8947,1358,315,polygon,FALSE,TRUE,America/Chicago,3
12894,Fairview,Fairview,UT,Utah,49039,Sanpete,39.6299,-111.4368,1358,415,polygon,FALSE,TRUE,America/Denver,3
12895,Nashotah,Nashotah,WI,Wisconsin,55133,Waukesha,43.0938,-88.4037,1357,320,polygon,FALSE,TRUE,America/Chicago,3
12896,Walnut Grove,Walnut Grove,GA,Georgia,13297,Walton,33.7452,-83.8512,1357,184,polygon,FALSE,TRUE,America/New_York,3
12897,Crane,Crane,MO,Missouri,29209,Stone,36.9027,-93.5716,1357,344,polygon,FALSE,TRUE,America/Chicago,3
12898,Grand Marais,Grand Marais,MN,Minnesota,27031,Cook,47.7586,-90.3443,1357,180,polygon,FALSE,TRUE,America/Chicago,3
12899,Ohkay Owingeh,Ohkay Owingeh,NM,New Mexico,35039,Rio Arriba,36.0439,-106.0565,1356,136,polygon,FALSE,FALSE,America/Denver,3
12900,Cottage City,Cottage City,MD,Maryland,24033,Prince George's,38.9385,-76.9492,1356,1923,polygon,FALSE,TRUE,America/New_York,3
12901,Minneota,Minneota,MN,Minnesota,27083,Lyon,44.5626,-95.9827,1356,360,polygon,FALSE,TRUE,America/Chicago,3
12902,Saxapahaw,Saxapahaw,NC,North Carolina,37001,Alamance,35.9489,-79.321,1355,100,polygon,FALSE,FALSE,America/New_York,3
12903,Rutledge,Rutledge,TN,Tennessee,47057,Grainger,36.2757,-83.5311,1355,94,polygon,FALSE,TRUE,America/New_York,3
12904,Farmingdale,Farmingdale,NJ,New Jersey,34025,Monmouth,40.1983,-74.1701,1354,1004,polygon,FALSE,TRUE,America/New_York,3
12905,Kodiak Station,Kodiak Station,AK,Alaska,2150,Kodiak Island,57.7451,-152.5443,1354,22,polygon,TRUE,TRUE,America/Anchorage,3
12906,Willacoochee,Willacoochee,GA,Georgia,13003,Atkinson,31.3358,-83.0446,1354,136,polygon,FALSE,TRUE,America/New_York,3
12907,Nora Springs,Nora Springs,IA,Iowa,19067,Floyd,43.1445,-93.0094,1354,238,polygon,FALSE,TRUE,America/Chicago,3
12908,Charlack,Charlack,MO,Missouri,29189,St. Louis,38.7029,-90.3427,1354,1938,polygon,FALSE,TRUE,America/Chicago,3
12909,Woodville,Woodville,WI,Wisconsin,55109,St. Croix,44.9483,-92.2851,1353,290,polygon,FALSE,TRUE,America/Chicago,3
12910,Emory,Emory,TX,Texas,48379,Rains,32.8765,-95.7677,1353,266,polygon,FALSE,TRUE,America/Chicago,3
12911,Herlong,Herlong,CA,California,6035,Lassen,40.1419,-120.1399,1353,320,polygon,TRUE,TRUE,America/Los_Angeles,3
12912,Uintah,Uintah,UT,Utah,49057,Weber,41.1427,-111.9334,1353,420,polygon,FALSE,TRUE,America/Denver,3
12913,Kinsley,Kinsley,KS,Kansas,20047,Edwards,37.9224,-99.4114,1353,403,polygon,FALSE,TRUE,America/Chicago,3
12914,Mansura,Mansura,LA,Louisiana,22009,Avoyelles,31.0673,-92.0528,1352,182,polygon,FALSE,TRUE,America/Chicago,3
12915,Ferndale,Ferndale,CA,California,6023,Humboldt,40.5799,-124.2619,1352,508,polygon,FALSE,TRUE,America/Los_Angeles,3
12916,Woodbine,Woodbine,GA,Georgia,13039,Camden,30.9595,-81.7175,1352,207,polygon,FALSE,TRUE,America/New_York,3
12917,Frenchtown,Frenchtown,NJ,New Jersey,34019,Hunterdon,40.5273,-75.0571,1351,462,polygon,FALSE,TRUE,America/New_York,3
12918,Elmo,Elmo,TX,Texas,48257,Kaufman,32.7315,-96.159,1351,126,polygon,FALSE,FALSE,America/Chicago,3
12919,Fellsburg,Fellsburg,PA,Pennsylvania,42129,Westmoreland,40.1842,-79.8269,1351,421,polygon,FALSE,FALSE,America/New_York,3
12920,Eldridge,Eldridge,CA,California,6097,Sonoma,38.3339,-122.5065,1351,800,polygon,FALSE,FALSE,America/Los_Angeles,3
12921,Mariposa,Mariposa,CA,California,6043,Mariposa,37.4873,-119.9682,1351,171,polygon,FALSE,FALSE,America/Los_Angeles,3
12922,Enigma,Enigma,GA,Georgia,13019,Berrien,31.4076,-83.3291,1350,160,polygon,FALSE,TRUE,America/New_York,3
12923,The Pinehills,The Pinehills,MA,Massachusetts,25023,Plymouth,41.8882,-70.6,1350,473,polygon,FALSE,TRUE,America/New_York,3
12924,East Brooklyn,East Brooklyn,CT,Connecticut,9015,Windham,41.7948,-71.8992,1350,306,polygon,FALSE,FALSE,America/New_York,3
12925,Monroeville,Monroeville,OH,Ohio,39077,Huron,41.244,-82.7018,1350,372,polygon,FALSE,TRUE,America/New_York,3
12926,Beechwood Village,Beechwood Village,KY,Kentucky,21111,Jefferson,38.2555,-85.6295,1350,1873,polygon,FALSE,TRUE,America/New_York,3
12927,Pine Knot,Pine Knot,KY,Kentucky,21147,McCreary,36.6648,-84.4395,1350,81,polygon,FALSE,FALSE,America/New_York,3
12928,Newell,Newell,WV,West Virginia,54029,Hancock,40.6179,-80.6,1349,704,polygon,FALSE,FALSE,America/New_York,3
12929,Rosebud,Rosebud,TX,Texas,48145,Falls,31.0756,-96.9749,1349,647,polygon,FALSE,TRUE,America/Chicago,3
12930,Maury,Maury,NC,North Carolina,37079,Greene,35.4792,-77.5902,1349,494,polygon,FALSE,FALSE,America/New_York,3
12931,Sneedville,Sneedville,TN,Tennessee,47067,Hancock,36.5366,-83.2099,1349,226,polygon,FALSE,TRUE,America/New_York,3
12932,Rheems,Rheems,PA,Pennsylvania,42071,Lancaster,40.1256,-76.5734,1349,440,polygon,FALSE,FALSE,America/New_York,3
12933,Hughestown,Hughestown,PA,Pennsylvania,42079,Luzerne,41.3291,-75.7698,1349,571,polygon,FALSE,TRUE,America/New_York,3
12934,Spring Valley,Spring Valley,WI,Wisconsin,55093,Pierce,44.85,-92.2443,1348,129,polygon,FALSE,TRUE,America/Chicago,3
12935,Gueydan,Gueydan,LA,Louisiana,22113,Vermilion,30.0291,-92.5071,1348,569,polygon,FALSE,TRUE,America/Chicago,3
12936,Harrisville,Harrisville,RI,Rhode Island,44007,Providence,41.9687,-71.6767,1348,640,polygon,FALSE,FALSE,America/New_York,3
12937,Byron,Byron,CA,California,6013,Contra Costa,37.8756,-121.642,1348,79,polygon,FALSE,FALSE,America/Los_Angeles,3
12938,Elmore,Elmore,AL,Alabama,1051,Elmore,32.5552,-86.3425,1348,82,polygon,FALSE,TRUE,America/Chicago,3
12939,Munford,Munford,AL,Alabama,1121,Talladega,33.5259,-85.9554,1348,203,polygon,FALSE,TRUE,America/Chicago,3
12940,Mississippi Valley State University,Mississippi Valley State University,MS,Mississippi,28083,Leflore,33.5172,-90.3444,1348,289,polygon,FALSE,TRUE,America/Chicago,3
12941,Lavalette,Lavalette,WV,West Virginia,54099,Wayne,38.3224,-82.4479,1347,199,polygon,FALSE,FALSE,America/New_York,3
12942,Inglis,Inglis,FL,Florida,12075,Levy,29.0323,-82.6603,1347,152,polygon,FALSE,TRUE,America/New_York,3
12943,Newville,Newville,PA,Pennsylvania,42041,Cumberland,40.1702,-77.4015,1347,1239,polygon,FALSE,TRUE,America/New_York,3
12944,Cerro Gordo,Cerro Gordo,IL,Illinois,17147,Piatt,39.8894,-88.7347,1347,701,polygon,FALSE,TRUE,America/Chicago,3
12945,Owensville,Owensville,IN,Indiana,18051,Gibson,38.2719,-87.6918,1347,914,polygon,FALSE,TRUE,America/Chicago,3
12946,Winthrop,Winthrop,MN,Minnesota,27143,Sibley,44.5427,-94.361,1347,440,polygon,FALSE,TRUE,America/Chicago,3
12947,Tangent,Tangent,OR,Oregon,41043,Linn,44.5477,-123.1109,1347,137,polygon,FALSE,TRUE,America/Los_Angeles,3
12948,Blair,Blair,WI,Wisconsin,55121,Trempealeau,44.3082,-91.2424,1346,120,polygon,FALSE,TRUE,America/Chicago,3
12949,Clarksville,Clarksville,IA,Iowa,19023,Butler,42.7799,-92.6679,1346,394,polygon,FALSE,TRUE,America/Chicago,3
12950,Eagle Butte,Eagle Butte,SD,South Dakota,46041,Dewey,44.9907,-101.2275,1346,443,polygon,FALSE,TRUE,America/Denver,3
12951,Toughkenamon,Toughkenamon,PA,Pennsylvania,42029,Chester,39.8313,-75.7565,1345,251,polygon,FALSE,FALSE,America/New_York,3
12952,Prince's Lakes,Prince's Lakes,IN,Indiana,18081,Johnson,39.3514,-86.1094,1345,389,polygon,FALSE,TRUE,America/Indiana/Indianapolis,3
12953,Trafalgar,Trafalgar,IN,Indiana,18081,Johnson,39.4124,-86.1499,1345,202,polygon,FALSE,TRUE,America/Indiana/Indianapolis,3
12954,Linntown,Linntown,PA,Pennsylvania,42119,Union,40.9566,-76.9002,1344,731,polygon,FALSE,FALSE,America/New_York,3
12955,Hazen,Hazen,AR,Arkansas,5117,Prairie,34.7966,-91.5725,1344,147,polygon,FALSE,TRUE,America/Chicago,3
12956,Parker City,Parker City,IN,Indiana,18135,Randolph,40.1898,-85.2037,1344,902,polygon,FALSE,TRUE,America/Indiana/Indianapolis,3
12957,Robersonville,Robersonville,NC,North Carolina,37117,Martin,35.8248,-77.2529,1343,423,polygon,FALSE,TRUE,America/New_York,3
12958,Clintondale,Clintondale,NY,New York,36111,Ulster,41.6927,-74.0458,1343,93,polygon,FALSE,FALSE,America/New_York,3
12959,Hayden,Hayden,AL,Alabama,1009,Blount,33.8822,-86.7839,1343,129,polygon,FALSE,TRUE,America/Chicago,3
12960,Johnson City,Johnson City,KS,Kansas,20187,Stanton,37.5703,-101.7447,1343,242,polygon,FALSE,TRUE,America/Chicago,3
12961,Lambert,Lambert,MS,Mississippi,28119,Quitman,34.2006,-90.2845,1343,612,polygon,FALSE,TRUE,America/Chicago,3
12962,Browntown,Browntown,PA,Pennsylvania,42079,Luzerne,41.3138,-75.7826,1342,1118,polygon,FALSE,FALSE,America/New_York,3
12963,Hartford,Hartford,IL,Illinois,17119,Madison,38.8182,-90.0915,1341,100,polygon,FALSE,TRUE,America/Chicago,3
12964,Forreston,Forreston,IL,Illinois,17141,Ogle,42.1273,-89.5784,1341,548,polygon,FALSE,TRUE,America/Chicago,3
12965,Monroeville,Monroeville,IN,Indiana,18003,Allen,40.9732,-84.8673,1341,711,polygon,FALSE,TRUE,America/Indiana/Indianapolis,3
12966,Kenwood Estates,Kenwood Estates,FL,Florida,12099,Palm Beach,26.6276,-80.1151,1340,2870,polygon,FALSE,TRUE,America/New_York,2
12967,Wood River,Wood River,NE,Nebraska,31079,Hall,40.8208,-98.6003,1340,651,polygon,FALSE,TRUE,America/Chicago,3
12968,Rockvale,Rockvale,TN,Tennessee,47149,Rutherford,35.7668,-86.521,1340,118,polygon,FALSE,FALSE,America/Chicago,3
12969,Salix,Salix,PA,Pennsylvania,42021,Cambria,40.296,-78.7599,1340,533,polygon,FALSE,FALSE,America/New_York,3
12970,Lewiston,Lewiston,CA,California,6105,Trinity,40.6969,-122.8225,1340,25,polygon,FALSE,FALSE,America/Los_Angeles,3
12971,Morristown,Morristown,IN,Indiana,18145,Shelby,39.6738,-85.7051,1340,207,polygon,FALSE,TRUE,America/Indiana/Indianapolis,3
12972,Winnebago,Winnebago,MN,Minnesota,27043,Faribault,43.7644,-94.1703,1340,220,polygon,FALSE,TRUE,America/Chicago,3
12973,Chapman,Chapman,KS,Kansas,20041,Dickinson,38.9746,-97.0236,1340,554,polygon,FALSE,TRUE,America/Chicago,3
12974,Tioga,Tioga,ND,North Dakota,38105,Williams,48.3947,-102.9431,1339,154,polygon,FALSE,TRUE,America/Chicago,3
12975,New Rockford,New Rockford,ND,North Dakota,38027,Eddy,47.6798,-99.1377,1339,300,polygon,FALSE,TRUE,America/Chicago,3
12976,Plum Creek,Plum Creek,VA,Virginia,51121,Montgomery,37.1268,-80.5047,1339,333,polygon,FALSE,FALSE,America/New_York,3
12977,Sublette,Sublette,KS,Kansas,20081,Haskell,37.4822,-100.8465,1339,492,polygon,FALSE,TRUE,America/Chicago,3
12978,Paisley,Paisley,FL,Florida,12069,Lake,28.985,-81.5404,1338,164,polygon,FALSE,FALSE,America/New_York,3
12979,Sea Bright,Sea Bright,NJ,New Jersey,34025,Monmouth,40.3653,-73.9769,1338,717,polygon,FALSE,TRUE,America/New_York,3
12980,Cresson,Cresson,TX,Texas,48221,Hood,32.5299,-97.6155,1338,44,polygon,FALSE,TRUE,America/Chicago,3
12981,Park River,Park River,ND,North Dakota,38099,Walsh,48.3911,-97.7428,1338,199,polygon,FALSE,TRUE,America/Chicago,3
12982,Sperry,Sperry,OK,Oklahoma,40143,Tulsa,36.2978,-95.9917,1338,309,polygon,FALSE,TRUE,America/Chicago,3
12983,Highpoint,Highpoint,OH,Ohio,39061,Hamilton,39.2892,-84.3472,1338,1500,polygon,FALSE,FALSE,America/New_York,3
12984,Malaga,Malaga,CA,California,6019,Fresno,36.6816,-119.7318,1337,1884,polygon,FALSE,FALSE,America/Los_Angeles,3
12985,Pheasant Run,Pheasant Run,OH,Ohio,39093,Lorain,41.2072,-82.1481,1337,552,polygon,FALSE,TRUE,America/New_York,3
12986,Hayfield,Hayfield,MN,Minnesota,27039,Dodge,43.8903,-92.8471,1337,409,polygon,FALSE,TRUE,America/Chicago,3
12987,Phillips,Phillips,WI,Wisconsin,55099,Price,45.6958,-90.4018,1336,196,polygon,FALSE,TRUE,America/Chicago,3
12988,Wymore,Wymore,NE,Nebraska,31067,Gage,40.1221,-96.6642,1336,275,polygon,FALSE,TRUE,America/Chicago,3
12989,Marshall,Marshall,AR,Arkansas,5129,Searcy,35.9083,-92.6459,1336,126,polygon,FALSE,TRUE,America/Chicago,3
12990,North Utica,North Utica,IL,Illinois,17099,LaSalle,41.3536,-89.0109,1336,149,polygon,FALSE,TRUE,America/Chicago,3
12991,Aragon,Aragon,GA,Georgia,13233,Polk,34.0459,-85.0571,1336,474,polygon,FALSE,TRUE,America/New_York,3
12992,Advance,Advance,MO,Missouri,29207,Stoddard,37.1038,-89.9119,1336,461,polygon,FALSE,TRUE,America/Chicago,3
12993,Lake Marcel-Stillwater,Lake Marcel-Stillwater,WA,Washington,53033,King,47.6926,-121.9152,1335,403,polygon,FALSE,TRUE,America/Los_Angeles,3
12994,Coal Fork,Coal Fork,WV,West Virginia,54039,Kanawha,38.3185,-81.5229,1335,100,polygon,FALSE,FALSE,America/New_York,3
12995,Mineville,Mineville,NY,New York,36031,Essex,44.0933,-73.5246,1335,139,polygon,FALSE,FALSE,America/New_York,3
12996,West Fairview,West Fairview,PA,Pennsylvania,42041,Cumberland,40.2777,-76.9195,1335,1613,polygon,FALSE,FALSE,America/New_York,3
12997,Dauphin Island,Dauphin Island,AL,Alabama,1097,Mobile,30.2525,-88.1438,1335,82,polygon,FALSE,TRUE,America/Chicago,3
12998,Hyde,Hyde,PA,Pennsylvania,42033,Clearfield,41.0075,-78.4688,1334,309,polygon,FALSE,FALSE,America/New_York,3
12999,Apple Mountain Lake,Apple Mountain Lake,VA,Virginia,51187,Warren,38.9231,-78.1033,1334,300,polygon,FALSE,FALSE,America/New_York,3
13000,Suffield Depot,Suffield Depot,CT,Connecticut,9003,Hartford,41.983,-72.6463,1334,261,polygon,FALSE,FALSE,America/New_York,3
13001,Milan,Milan,OH,Ohio,39043,Erie,41.2883,-82.5995,1334,434,polygon,FALSE,TRUE,America/New_York,3
13002,Inman,Inman,KS,Kansas,20113,McPherson,38.2323,-97.7714,1334,668,polygon,FALSE,TRUE,America/Chicago,3
13003,Miller,Miller,SD,South Dakota,46059,Hand,44.5205,-98.9869,1334,520,polygon,FALSE,TRUE,America/Chicago,3
13004,Tye,Tye,TX,Texas,48441,Taylor,32.4522,-99.8665,1333,107,polygon,FALSE,TRUE,America/Chicago,3
13005,Lanark,Lanark,IL,Illinois,17015,Carroll,42.1019,-89.8328,1333,457,polygon,FALSE,TRUE,America/Chicago,3
13006,New Berlin,New Berlin,IL,Illinois,17167,Sangamon,39.726,-89.9144,1333,455,polygon,FALSE,TRUE,America/Chicago,3
13007,Peach Springs,Peach Springs,AZ,Arizona,4015,Mohave,35.5315,-113.4319,1333,65,polygon,FALSE,FALSE,America/Phoenix,3
13008,Tennessee Ridge,Tennessee Ridge,TN,Tennessee,47083,Houston,36.3194,-87.7632,1332,137,polygon,FALSE,TRUE,America/Chicago,3
13009,St. David,St. David,AZ,Arizona,4003,Cochise,31.8992,-110.2251,1332,96,polygon,FALSE,FALSE,America/Phoenix,3
13010,Beverly,Beverly,OH,Ohio,39167,Washington,39.55,-81.6362,1332,753,polygon,FALSE,TRUE,America/New_York,3
13011,Earlington,Earlington,KY,Kentucky,21107,Hopkins,37.2754,-87.5066,1332,182,polygon,FALSE,TRUE,America/Chicago,3
13012,Okarche,Okarche,OK,Oklahoma,40017,Canadian,35.7189,-97.9757,1331,273,polygon,FALSE,TRUE,America/Chicago,3
13013,Sawyerwood,Sawyerwood,OH,Ohio,39153,Summit,41.0344,-81.4413,1331,696,polygon,FALSE,FALSE,America/New_York,3
13014,Litchfield,Litchfield,MI,Michigan,26059,Hillsdale,42.041,-84.7567,1331,203,polygon,FALSE,TRUE,America/Detroit,3
13015,Averill Park,Averill Park,NY,New York,36083,Rensselaer,42.6361,-73.5529,1330,175,polygon,FALSE,FALSE,America/New_York,3
13016,Lillian,Lillian,AL,Alabama,1003,Baldwin,30.4122,-87.432,1330,268,polygon,FALSE,FALSE,America/Chicago,3
13017,Oriskany,Oriskany,NY,New York,36065,Oneida,43.1569,-75.3336,1329,648,polygon,FALSE,TRUE,America/New_York,3
13018,Brookside,Brookside,AL,Alabama,1073,Jefferson,33.638,-86.9014,1329,80,polygon,FALSE,TRUE,America/Chicago,3
13019,Joanna,Joanna,SC,South Carolina,45059,Laurens,34.4149,-81.8086,1329,163,polygon,FALSE,FALSE,America/New_York,3
13020,Laverne,Laverne,OK,Oklahoma,40059,Harper,36.7054,-99.8971,1328,665,polygon,FALSE,TRUE,America/Chicago,3
13021,Saranac,Saranac,MI,Michigan,26067,Ionia,42.9294,-85.2105,1328,445,polygon,FALSE,TRUE,America/Detroit,3
13022,Black Hammock,Black Hammock,FL,Florida,12117,Seminole,28.7107,-81.1801,1327,48,polygon,FALSE,TRUE,America/New_York,3
13023,Pine Knoll Shores,Pine Knoll Shores,NC,North Carolina,37031,Carteret,34.6974,-76.8205,1327,231,polygon,FALSE,TRUE,America/New_York,3
13024,Quinebaug,Quinebaug,CT,Connecticut,9015,Windham,42.0107,-71.937,1327,117,polygon,FALSE,FALSE,America/New_York,3
13025,Crooks,Crooks,SD,South Dakota,46099,Minnehaha,43.6596,-96.8092,1327,666,polygon,FALSE,TRUE,America/Chicago,3
13026,Flemington,Flemington,PA,Pennsylvania,42035,Clinton,41.1273,-77.4703,1326,1136,polygon,FALSE,TRUE,America/New_York,3
13027,Springville,Springville,VA,Virginia,51185,Tazewell,37.194,-81.3999,1326,68,polygon,FALSE,FALSE,America/New_York,3
13028,Arlington,Arlington,GA,Georgia,13037,Calhoun,31.4383,-84.7253,1326,128,polygon,FALSE,TRUE,America/New_York,3
13029,Orangeville,Orangeville,UT,Utah,49015,Emery,39.2308,-111.0591,1326,357,polygon,FALSE,TRUE,America/Denver,3
13030,Mullens,Mullens,WV,West Virginia,54109,Wyoming,37.5812,-81.3855,1325,277,polygon,FALSE,TRUE,America/New_York,3
13031,Morrow,Morrow,OH,Ohio,39165,Warren,39.35,-84.1231,1325,251,polygon,FALSE,TRUE,America/New_York,3
13032,West Alexandria,West Alexandria,OH,Ohio,39135,Preble,39.7451,-84.5362,1325,592,polygon,FALSE,TRUE,America/New_York,3
13033,Appleton,Appleton,MN,Minnesota,27151,Swift,45.1997,-96.0225,1325,273,polygon,FALSE,TRUE,America/Chicago,3
13034,Iva,Iva,SC,South Carolina,45007,Anderson,34.307,-82.6636,1325,555,polygon,FALSE,TRUE,America/New_York,3
13035,Blowing Rock,Blowing Rock,NC,North Carolina,37189,Watauga,36.1291,-81.6713,1324,169,polygon,FALSE,TRUE,America/New_York,3
13036,Granville South,Granville South,OH,Ohio,39089,Licking,40.0521,-82.5415,1324,83,polygon,FALSE,TRUE,America/New_York,3
13037,Au Sable,Au Sable,MI,Michigan,26069,Iosco,44.4105,-83.3423,1324,243,polygon,FALSE,FALSE,America/Detroit,3
13038,Leesburg,Leesburg,OH,Ohio,39071,Highland,39.3418,-83.552,1323,437,polygon,FALSE,TRUE,America/New_York,3
13039,Lone Jack,Lone Jack,MO,Missouri,29095,Jackson,38.8725,-94.174,1323,136,polygon,FALSE,TRUE,America/Chicago,3
13040,Killian,Killian,LA,Louisiana,22063,Livingston,30.353,-90.5795,1322,46,polygon,FALSE,TRUE,America/Chicago,3
13041,Bridgehampton,Bridgehampton,NY,New York,36103,Suffolk,40.9427,-72.3101,1322,39,polygon,FALSE,FALSE,America/New_York,3
13042,Flippin,Flippin,AR,Arkansas,5089,Marion,36.2774,-92.5935,1322,271,polygon,FALSE,TRUE,America/Chicago,3
13043,Hawkins,Hawkins,TX,Texas,48499,Wood,32.5917,-95.2027,1321,231,polygon,FALSE,TRUE,America/Chicago,3
13044,China Grove,China Grove,TX,Texas,48029,Bexar,29.393,-98.3443,1321,118,polygon,FALSE,TRUE,America/Chicago,3
13045,Troy,Troy,TN,Tennessee,47131,Obion,36.3419,-89.1583,1321,377,polygon,FALSE,TRUE,America/Chicago,3
13046,Ruckersville,Ruckersville,VA,Virginia,51079,Greene,38.2314,-78.3756,1321,185,polygon,FALSE,FALSE,America/New_York,3
13047,Clifton,Clifton,IL,Illinois,17075,Iroquois,40.9348,-87.9343,1321,548,polygon,FALSE,TRUE,America/Chicago,3
13048,Wauregan,Wauregan,CT,Connecticut,9015,Windham,41.75,-71.9091,1321,553,polygon,FALSE,FALSE,America/New_York,3
13049,Minerva Park,Minerva Park,OH,Ohio,39049,Franklin,40.077,-82.9407,1321,788,polygon,FALSE,TRUE,America/New_York,3
13050,Yates Center,Yates Center,KS,Kansas,20207,Woodson,37.868,-95.7535,1321,192,polygon,FALSE,TRUE,America/Chicago,3
13051,Pecos,Pecos,NM,New Mexico,35047,San Miguel,35.5754,-105.6787,1320,292,polygon,FALSE,TRUE,America/Denver,3
13052,Sutherland,Sutherland,NE,Nebraska,31111,Lincoln,41.1602,-101.1228,1320,391,polygon,FALSE,TRUE,America/Chicago,3
13053,Helena West Side,Helena West Side,MT,Montana,30049,Lewis and Clark,46.5966,-112.1138,1320,35,polygon,FALSE,TRUE,America/Denver,3
13054,Kurtistown,Kurtistown,HI,Hawaii,15001,Hawaii,19.5833,-155.0721,1319,85,polygon,FALSE,FALSE,Pacific/Honolulu,3
13055,Buxton,Buxton,NC,North Carolina,37055,Dare,35.2608,-75.5392,1319,171,polygon,FALSE,FALSE,America/New_York,3
13056,St. Jacob,St. Jacob,IL,Illinois,17119,Madison,38.7197,-89.768,1319,614,polygon,FALSE,TRUE,America/Chicago,3
13057,Honaker,Honaker,VA,Virginia,51167,Russell,37.0156,-81.9685,1318,303,polygon,FALSE,TRUE,America/New_York,3
13058,Marsing,Marsing,ID,Idaho,16073,Owyhee,43.5466,-116.8094,1318,746,polygon,FALSE,TRUE,America/Boise,3
13059,Buckeystown,Buckeystown,MD,Maryland,24021,Frederick,39.3301,-77.4316,1318,332,polygon,FALSE,FALSE,America/New_York,3
13060,Central Aguirre,Central Aguirre,PR,Puerto Rico,72123,Salinas,17.9559,-66.2264,1318,985,polygon,FALSE,FALSE,America/Puerto_Rico,3
13061,Schuylerville,Schuylerville,NY,New York,36091,Saratoga,43.1015,-73.5808,1317,953,polygon,FALSE,TRUE,America/New_York,3
13062,Boston,Boston,GA,Georgia,13275,Thomas,30.792,-83.7899,1317,225,polygon,FALSE,TRUE,America/New_York,3
13063,Rich Hill,Rich Hill,MO,Missouri,29013,Bates,38.0958,-94.3633,1317,372,polygon,FALSE,TRUE,America/Chicago,3
13064,Harper,Harper,KS,Kansas,20077,Harper,37.285,-98.0277,1317,314,polygon,FALSE,TRUE,America/Chicago,3
13065,New Hope,New Hope,OR,Oregon,41033,Josephine,42.3693,-123.359,1317,132,polygon,FALSE,FALSE,America/Los_Angeles,3
13066,East Griffin,East Griffin,GA,Georgia,13255,Spalding,33.2439,-84.2318,1316,354,polygon,FALSE,FALSE,America/New_York,3
13067,Frazeysburg,Frazeysburg,OH,Ohio,39119,Muskingum,40.1191,-82.1177,1316,494,polygon,FALSE,TRUE,America/New_York,3
13068,Flat Lick,Flat Lick,KY,Kentucky,21121,Knox,36.8353,-83.7598,1316,106,polygon,FALSE,FALSE,America/New_York,3
13069,West Jefferson,West Jefferson,NC,North Carolina,37009,Ashe,36.3943,-81.4896,1315,231,polygon,FALSE,TRUE,America/New_York,3
13070,Arlington,Arlington,NE,Nebraska,31177,Washington,41.4548,-96.3562,1315,848,polygon,FALSE,TRUE,America/Chicago,3
13071,Goodwater,Goodwater,AL,Alabama,1037,Coosa,33.0608,-86.0516,1315,78,polygon,FALSE,TRUE,America/Chicago,3
13072,Leupp,Leupp,AZ,Arizona,4005,Coconino,35.2966,-111.0027,1314,37,polygon,FALSE,FALSE,America/Denver,3
13073,Boston Heights,Boston Heights,OH,Ohio,39153,Summit,41.2539,-81.509,1314,72,polygon,FALSE,TRUE,America/New_York,3
13074,Naples,Naples,TX,Texas,48343,Morris,33.203,-94.6776,1313,214,polygon,FALSE,TRUE,America/Chicago,3
13075,Loganville,Loganville,PA,Pennsylvania,42133,York,39.8558,-76.7078,1313,514,polygon,FALSE,TRUE,America/New_York,3
13076,Arnolds Park,Arnolds Park,IA,Iowa,19059,Dickinson,43.3601,-95.1265,1313,318,polygon,FALSE,TRUE,America/Chicago,3
13077,Dysart,Dysart,IA,Iowa,19171,Tama,42.1721,-92.3091,1313,407,polygon,FALSE,TRUE,America/Chicago,3
13078,Gerald,Gerald,MO,Missouri,29071,Franklin,38.3992,-91.3305,1313,343,polygon,FALSE,TRUE,America/Chicago,3
13079,Greenfield,Greenfield,MO,Missouri,29057,Dade,37.4162,-93.8432,1313,446,polygon,FALSE,TRUE,America/Chicago,3
13080,Hawi,Hawi,HI,Hawaii,15001,Hawaii,20.2392,-155.8305,1312,428,polygon,FALSE,FALSE,Pacific/Honolulu,3
13081,Glenmora,Glenmora,LA,Louisiana,22079,Rapides,30.9733,-92.5824,1312,292,polygon,FALSE,TRUE,America/Chicago,3
13082,Ester,Ester,AK,Alaska,2090,Fairbanks North Star,64.8646,-148.0916,1312,7,polygon,FALSE,FALSE,America/Anchorage,3
13083,Marshallton,Marshallton,PA,Pennsylvania,42097,Northumberland,40.7853,-76.5366,1312,583,polygon,FALSE,FALSE,America/New_York,3
13084,Fairview Park,Fairview Park,IN,Indiana,18165,Vermillion,39.6821,-87.4143,1312,579,polygon,FALSE,TRUE,America/Indiana/Indianapolis,3
13085,Port Gibson,Port Gibson,MS,Mississippi,28021,Claiborne,31.9558,-90.9834,1312,288,polygon,FALSE,TRUE,America/Chicago,3
13086,Maple Bluff,Maple Bluff,WI,Wisconsin,55025,Dane,43.1132,-89.3719,1311,721,polygon,FALSE,TRUE,America/Chicago,3
13087,Fort Totten,Fort Totten,ND,North Dakota,38005,Benson,47.9716,-98.9971,1311,58,polygon,FALSE,FALSE,America/Chicago,3
13088,Shell Lake,Shell Lake,WI,Wisconsin,55129,Washburn,45.7322,-91.9033,1310,86,polygon,FALSE,TRUE,America/Chicago,3
13089,Elephant Butte,Elephant Butte,NM,New Mexico,35051,Sierra,33.1806,-107.2269,1310,121,polygon,FALSE,TRUE,America/Denver,3
13090,Spring Hope,Spring Hope,NC,North Carolina,37127,Nash,35.9441,-78.109,1310,334,polygon,FALSE,TRUE,America/New_York,3
13091,Yutan,Yutan,NE,Nebraska,31155,Saunders,41.2431,-96.3959,1310,881,polygon,FALSE,TRUE,America/Chicago,3
13092,Verplanck,Verplanck,NY,New York,36119,Westchester,41.2558,-73.9585,1310,795,polygon,FALSE,FALSE,America/New_York,3
13093,Webberville,Webberville,MI,Michigan,26065,Ingham,42.6642,-84.1797,1310,277,polygon,FALSE,TRUE,America/Detroit,3
13094,Fairacres,Fairacres,NM,New Mexico,35013,Doña Ana,32.3047,-106.8366,1309,239,polygon,FALSE,FALSE,America/Denver,3
13095,Juarez,Juarez,TX,Texas,48061,Cameron,26.2009,-97.7296,1309,2556,polygon,FALSE,TRUE,America/Chicago,2
13096,Falling Water,Falling Water,TN,Tennessee,47065,Hamilton,35.1962,-85.2604,1309,94,polygon,FALSE,FALSE,America/New_York,3
13097,Haverford College,Haverford College,PA,Pennsylvania,42045,Delaware,40.0082,-75.3064,1309,1691,polygon,FALSE,TRUE,America/New_York,3
13098,Pierce City,Pierce City,MO,Missouri,29109,Lawrence,36.9465,-94.0032,1309,391,polygon,FALSE,TRUE,America/Chicago,3
13099,Langley,Langley,SC,South Carolina,45003,Aiken,33.512,-81.8343,1309,445,polygon,FALSE,FALSE,America/New_York,3
13100,Tieton,Tieton,WA,Washington,53077,Yakima,46.7026,-120.756,1308,576,polygon,FALSE,TRUE,America/Los_Angeles,3
13101,Black Creek,Black Creek,WI,Wisconsin,55087,Outagamie,44.4741,-88.4507,1308,507,polygon,FALSE,TRUE,America/Chicago,3
13102,Elmer,Elmer,NJ,New Jersey,34033,Salem,39.5919,-75.174,1308,565,polygon,FALSE,TRUE,America/New_York,3
13103,Granville,Granville,IL,Illinois,17155,Putnam,41.2637,-89.23,1308,515,polygon,FALSE,TRUE,America/Chicago,3
13104,La Plata,La Plata,MO,Missouri,29121,Macon,40.0241,-92.4914,1308,317,polygon,FALSE,TRUE,America/Chicago,3
13105,Taylorsville,Taylorsville,KY,Kentucky,21215,Spencer,38.0368,-85.3336,1308,555,polygon,FALSE,TRUE,America/New_York,3
13106,Emerald Bay,Emerald Bay,TX,Texas,48423,Smith,32.1602,-95.438,1307,655,polygon,FALSE,TRUE,America/Chicago,3
13107,Bloomfield,Bloomfield,NY,New York,36069,Ontario,42.8991,-77.4241,1307,358,polygon,FALSE,TRUE,America/New_York,3
13108,Claypool Hill,Claypool Hill,VA,Virginia,51185,Tazewell,37.0633,-81.7506,1307,91,polygon,FALSE,FALSE,America/New_York,3
13109,Meadow View,Meadow View,VA,Virginia,51191,Washington,36.7638,-81.8728,1307,108,polygon,FALSE,FALSE,America/New_York,3
13110,Byers,Byers,CO,Colorado,8005,Arapahoe,39.7101,-104.219,1307,44,polygon,FALSE,FALSE,America/Denver,3
13111,Stony Prairie,Stony Prairie,OH,Ohio,39143,Sandusky,41.3521,-83.1519,1307,314,polygon,FALSE,FALSE,America/New_York,3
13112,Canyon Creek,Canyon Creek,TX,Texas,48221,Hood,32.3927,-97.7406,1306,214,polygon,FALSE,TRUE,America/Chicago,3
13113,Louisville,Louisville,NE,Nebraska,31025,Cass,40.9965,-96.1614,1306,776,polygon,FALSE,TRUE,America/Chicago,3
13114,Emory,Emory,VA,Virginia,51191,Washington,36.78,-81.828,1306,123,polygon,FALSE,FALSE,America/New_York,3
13115,Mountain Ranch,Mountain Ranch,CA,California,6009,Calaveras,38.2509,-120.5119,1306,12,polygon,FALSE,FALSE,America/Los_Angeles,3
13116,Cleveland,Cleveland,AL,Alabama,1009,Blount,33.9965,-86.5671,1306,64,polygon,FALSE,TRUE,America/Chicago,3
13117,Walnut,Walnut,IL,Illinois,17011,Bureau,41.557,-89.5911,1306,626,polygon,FALSE,TRUE,America/Chicago,3
13118,Green Springs,Green Springs,OH,Ohio,39143,Sandusky,41.257,-83.0529,1306,434,polygon,FALSE,TRUE,America/New_York,3
13119,Inman Mills,Inman Mills,SC,South Carolina,45083,Spartanburg,35.041,-82.1021,1306,443,polygon,FALSE,FALSE,America/New_York,3
13120,Ansted,Ansted,WV,West Virginia,54019,Fayette,38.1357,-81.1037,1305,303,polygon,FALSE,TRUE,America/New_York,3
13121,Melville,Melville,RI,Rhode Island,44005,Newport,41.5587,-71.2953,1305,240,polygon,TRUE,TRUE,America/New_York,3
13122,Shelby,Shelby,AL,Alabama,1117,Shelby,33.1068,-86.5825,1305,26,polygon,FALSE,FALSE,America/Chicago,3
13123,Siletz,Siletz,OR,Oregon,41041,Lincoln,44.7219,-123.9187,1305,797,polygon,FALSE,TRUE,America/Los_Angeles,3
13124,Hays,Hays,NC,North Carolina,37193,Wilkes,36.2469,-81.1142,1304,81,polygon,FALSE,FALSE,America/New_York,3
13125,Cedar Point,Cedar Point,NC,North Carolina,37031,Carteret,34.6862,-77.0833,1304,226,polygon,FALSE,TRUE,America/New_York,3
13126,Rutherford College,Rutherford College,NC,North Carolina,37023,Burke,35.7515,-81.527,1304,219,polygon,FALSE,TRUE,America/New_York,3
13127,Clyde,Clyde,NC,North Carolina,37087,Haywood,35.533,-82.9107,1304,580,polygon,FALSE,TRUE,America/New_York,3
13128,Warren,Warren,IL,Illinois,17085,Jo Daviess,42.4948,-89.9913,1304,487,polygon,FALSE,TRUE,America/Chicago,3
13129,Independence,Independence,WI,Wisconsin,55121,Trempealeau,44.3328,-91.4172,1303,120,polygon,FALSE,TRUE,America/Chicago,3
13130,Elroy,Elroy,WI,Wisconsin,55057,Juneau,43.7419,-90.2704,1303,255,polygon,FALSE,TRUE,America/Chicago,3
13131,Five Points,Five Points,FL,Florida,12023,Columbia,30.2225,-82.6465,1303,201,polygon,FALSE,FALSE,America/New_York,3
13132,Wallis,Wallis,TX,Texas,48015,Austin,29.6317,-96.0638,1303,336,polygon,FALSE,TRUE,America/Chicago,3
13133,Woodacre,Woodacre,CA,California,6041,Marin,38.0052,-122.6384,1303,280,polygon,FALSE,FALSE,America/Los_Angeles,3
13134,Tombstone,Tombstone,AZ,Arizona,4003,Cochise,31.7234,-110.0798,1303,54,polygon,FALSE,TRUE,America/Phoenix,3
13135,Glenns Ferry,Glenns Ferry,ID,Idaho,16039,Elmore,42.9503,-115.3068,1303,257,polygon,FALSE,TRUE,America/Boise,3
13136,Bellevue,Bellevue,MI,Michigan,26045,Eaton,42.4443,-85.0187,1303,494,polygon,FALSE,TRUE,America/Detroit,3
13137,Ness City,Ness City,KS,Kansas,20135,Ness,38.454,-99.9047,1303,345,polygon,FALSE,TRUE,America/Chicago,3
13138,Irwin,Irwin,SC,South Carolina,45057,Lancaster,34.6942,-80.8198,1303,168,polygon,FALSE,FALSE,America/New_York,3
13139,Orange Grove,Orange Grove,TX,Texas,48249,Jim Wells,27.9562,-97.9386,1302,464,polygon,FALSE,TRUE,America/Chicago,3
13140,Thorndale,Thorndale,TX,Texas,48331,Milam,30.6141,-97.2068,1302,522,polygon,FALSE,TRUE,America/Chicago,3
13141,Jordan,Jordan,NY,New York,36067,Onondaga,43.0671,-76.4728,1302,436,polygon,FALSE,TRUE,America/New_York,3
13142,Menahga,Menahga,MN,Minnesota,27159,Wadena,46.7471,-95.1012,1302,135,polygon,FALSE,TRUE,America/Chicago,3
13143,Yaurel,Yaurel,PR,Puerto Rico,72015,Arroyo,18.0301,-66.056,1302,423,polygon,FALSE,FALSE,America/Puerto_Rico,3
13144,Sunriver,Sunriver,OR,Oregon,41017,Deschutes,43.8816,-121.4368,1302,56,polygon,FALSE,FALSE,America/Los_Angeles,3
13145,Urania,Urania,LA,Louisiana,22059,LaSalle,31.8639,-92.2913,1301,366,polygon,FALSE,TRUE,America/Chicago,3
13146,Riverdale Park,Riverdale Park,CA,California,6099,Stanislaus,37.6028,-121.0425,1301,345,polygon,FALSE,FALSE,America/Los_Angeles,3
13147,Callender Lake,Callender Lake,TX,Texas,48467,Van Zandt,32.3675,-95.6983,1300,121,polygon,FALSE,TRUE,America/Chicago,3
13148,Shell Valley,Shell Valley,ND,North Dakota,38079,Rolette,48.8108,-99.8273,1300,33,polygon,FALSE,FALSE,America/Chicago,3
13149,Walnut Grove,Walnut Grove,CA,California,6067,Sacramento,38.2478,-121.528,1300,49,polygon,FALSE,FALSE,America/Los_Angeles,3
13150,Moenkopi,Moenkopi,AZ,Arizona,4005,Coconino,36.1124,-111.2212,1300,333,polygon,FALSE,FALSE,America/Phoenix,3
13151,Stryker,Stryker,OH,Ohio,39171,Williams,41.5026,-84.4183,1300,554,polygon,FALSE,TRUE,America/New_York,3
13152,Elkhart,Elkhart,TX,Texas,48001,Anderson,31.6276,-95.5789,1299,325,polygon,FALSE,TRUE,America/Chicago,3
13153,Brightwood,Brightwood,VA,Virginia,51113,Madison,38.4132,-78.188,1299,100,polygon,FALSE,FALSE,America/New_York,3
13154,Bayou Country Club,Bayou Country Club,LA,Louisiana,22057,Lafourche,29.78,-90.7894,1298,603,polygon,FALSE,TRUE,America/Chicago,3
13155,Coosada,Coosada,AL,Alabama,1051,Elmore,32.4983,-86.3279,1298,72,polygon,FALSE,TRUE,America/Chicago,3
13156,Buena Vista,Buena Vista,PR,Puerto Rico,72015,Arroyo,17.9962,-66.052,1298,1916,polygon,FALSE,FALSE,America/Puerto_Rico,3
13157,Coyote Acres,Coyote Acres,TX,Texas,48249,Jim Wells,27.7132,-98.1346,1297,97,polygon,FALSE,FALSE,America/Chicago,3
13158,Fairchilds,Fairchilds,TX,Texas,48157,Fort Bend,29.4398,-95.7777,1297,251,polygon,FALSE,TRUE,America/Chicago,3
13159,Pocono Ranch Lands,Pocono Ranch Lands,PA,Pennsylvania,42103,Pike,41.1779,-74.9584,1297,249,polygon,FALSE,FALSE,America/New_York,3
13160,Richlandtown,Richlandtown,PA,Pennsylvania,42017,Bucks,40.4726,-75.3212,1297,1923,polygon,FALSE,TRUE,America/New_York,3
13161,Stanleytown,Stanleytown,VA,Virginia,51089,Henry,36.7512,-79.9521,1297,184,polygon,FALSE,FALSE,America/New_York,3
13162,Meggett,Meggett,SC,South Carolina,45019,Charleston,32.6971,-80.2731,1297,27,polygon,FALSE,TRUE,America/New_York,3
13163,Vienna,Vienna,NJ,New Jersey,34041,Warren,40.8698,-74.881,1296,171,polygon,FALSE,FALSE,America/New_York,3
13164,Central City,Central City,IA,Iowa,19113,Linn,42.2024,-91.5248,1296,452,polygon,FALSE,TRUE,America/Chicago,3
13165,Tsaile,Tsaile,AZ,Arizona,4001,Apache,36.3033,-109.2157,1296,84,polygon,FALSE,FALSE,America/Denver,3
13166,Waukomis,Waukomis,OK,Oklahoma,40047,Garfield,36.2833,-97.9038,1296,151,polygon,FALSE,TRUE,America/Chicago,3
13167,Gold Hill,Gold Hill,OR,Oregon,41029,Jackson,42.4358,-123.0526,1296,654,polygon,FALSE,TRUE,America/Los_Angeles,3
13168,Gillett,Gillett,WI,Wisconsin,55083,Oconto,44.8897,-88.3063,1295,370,polygon,FALSE,TRUE,America/Chicago,3
13169,Maharishi Vedic City,Maharishi Vedic City,IA,Iowa,19101,Jefferson,41.0542,-92.0142,1295,146,polygon,FALSE,TRUE,America/Chicago,3
13170,Horine,Horine,MO,Missouri,29099,Jefferson,38.2669,-90.4324,1295,701,polygon,FALSE,FALSE,America/Chicago,3
13171,Eden,Eden,TX,Texas,48095,Concho,31.2162,-99.844,1294,209,polygon,FALSE,TRUE,America/Chicago,3
13172,Uhland,Uhland,TX,Texas,48055,Caldwell,29.9624,-97.7953,1294,192,polygon,FALSE,TRUE,America/Chicago,3
13173,Wathena,Wathena,KS,Kansas,20043,Doniphan,39.7602,-94.9396,1294,213,polygon,FALSE,TRUE,America/Chicago,3
13174,Beulaville,Beulaville,NC,North Carolina,37061,Duplin,34.9228,-77.7725,1293,328,polygon,FALSE,TRUE,America/New_York,3
13175,New Sharon,New Sharon,IA,Iowa,19123,Mahaska,41.4701,-92.6509,1293,532,polygon,FALSE,TRUE,America/Chicago,3
13176,Winona,Winona,MO,Missouri,29203,Shannon,37.0042,-91.327,1293,131,polygon,FALSE,TRUE,America/Chicago,3
13177,Deadwood,Deadwood,SD,South Dakota,46081,Lawrence,44.3871,-103.7207,1293,101,polygon,FALSE,TRUE,America/Denver,3
13178,Sundance,Sundance,WY,Wyoming,56011,Crook,44.4048,-104.3623,1292,163,polygon,FALSE,TRUE,America/Denver,3
13179,Uvalde Estates,Uvalde Estates,TX,Texas,48463,Uvalde,29.1695,-99.8329,1292,84,polygon,FALSE,FALSE,America/Chicago,3
13180,Elm City,Elm City,NC,North Carolina,37195,Wilson,35.8087,-77.8622,1292,644,polygon,FALSE,TRUE,America/New_York,3
13181,Harristown,Harristown,IL,Illinois,17115,Macon,39.8428,-89.0607,1292,277,polygon,FALSE,TRUE,America/Chicago,3
13182,Van Meter,Van Meter,IA,Iowa,19049,Dallas,41.5207,-93.9454,1292,248,polygon,FALSE,TRUE,America/Chicago,3
13183,Lakewood Club,Lakewood Club,MI,Michigan,26121,Muskegon,43.3761,-86.2563,1292,260,polygon,FALSE,TRUE,America/Detroit,3
13184,St. Francis,St. Francis,KS,Kansas,20023,Cheyenne,39.7714,-101.8015,1292,582,polygon,FALSE,TRUE,America/Chicago,3
13185,Prosperity,Prosperity,SC,South Carolina,45071,Newberry,34.2121,-81.5327,1292,252,polygon,FALSE,TRUE,America/New_York,3
13186,Stowell,Stowell,TX,Texas,48071,Chambers,29.7814,-94.3794,1291,49,polygon,FALSE,FALSE,America/Chicago,3
13187,Farwell,Farwell,TX,Texas,48369,Parmer,34.3855,-103.0373,1291,607,polygon,FALSE,TRUE,America/Denver,3
13188,Cornersville,Cornersville,TN,Tennessee,47117,Marshall,35.3628,-86.8583,1291,87,polygon,FALSE,TRUE,America/Chicago,3
13189,Frankfort,Frankfort,MI,Michigan,26019,Benzie,44.6361,-86.2332,1290,359,polygon,FALSE,TRUE,America/Detroit,3
13190,Lyons,Lyons,OR,Oregon,41043,Linn,44.7776,-122.6098,1290,573,polygon,FALSE,TRUE,America/Los_Angeles,3
13191,Asotin,Asotin,WA,Washington,53003,Asotin,46.3366,-117.0414,1289,435,polygon,FALSE,TRUE,America/Los_Angeles,3
13192,Fall Creek,Fall Creek,WI,Wisconsin,55035,Eau Claire,44.7639,-91.2783,1289,242,polygon,FALSE,TRUE,America/Chicago,3
13193,Northwest Ithaca,Northwest Ithaca,NY,New York,36109,Tompkins,42.4706,-76.5414,1289,171,polygon,FALSE,TRUE,America/New_York,3
13194,Dewart,Dewart,PA,Pennsylvania,42097,Northumberland,41.1099,-76.8707,1289,244,polygon,FALSE,FALSE,America/New_York,3
13195,Preston,Preston,MN,Minnesota,27045,Fillmore,43.6726,-92.0828,1289,201,polygon,FALSE,TRUE,America/Chicago,3
13196,Livermore,Livermore,KY,Kentucky,21149,McLean,37.4919,-87.1342,1289,481,polygon,FALSE,TRUE,America/Chicago,3
13197,Larimore,Larimore,ND,North Dakota,38035,Grand Forks,47.9091,-97.6269,1288,826,polygon,FALSE,TRUE,America/Chicago,3
13198,Parshall,Parshall,ND,North Dakota,38061,Mountrail,47.9557,-102.1342,1288,888,polygon,FALSE,TRUE,America/Chicago,3
13199,Tahoe Vista,Tahoe Vista,CA,California,6061,Placer,39.2483,-120.0535,1288,183,polygon,FALSE,FALSE,America/Los_Angeles,3
13200,Colchester,Colchester,IL,Illinois,17109,McDonough,40.4273,-90.7923,1288,498,polygon,FALSE,TRUE,America/Chicago,3
13201,Arizona Village,Arizona Village,AZ,Arizona,4015,Mohave,34.8548,-114.5893,1288,312,polygon,FALSE,FALSE,America/Phoenix,3
13202,Many Farms,Many Farms,AZ,Arizona,4001,Apache,36.3532,-109.6271,1288,60,polygon,FALSE,FALSE,America/Denver,3
13203,Wheaton,Wheaton,MN,Minnesota,27155,Traverse,45.8059,-96.498,1288,286,polygon,FALSE,TRUE,America/Chicago,3
13204,Von Ormy,Von Ormy,TX,Texas,48029,Bexar,29.2802,-98.6556,1287,263,polygon,FALSE,TRUE,America/Chicago,3
13205,Shenandoah Heights,Shenandoah Heights,PA,Pennsylvania,42107,Schuylkill,40.8322,-76.2061,1287,616,polygon,FALSE,FALSE,America/New_York,3
13206,Bull Run Mountain Estates,Bull Run Mountain Estates,VA,Virginia,51153,Prince William,38.9107,-77.6638,1287,282,polygon,FALSE,FALSE,America/New_York,3
13207,Buffalo,Buffalo,OK,Oklahoma,40059,Harper,36.8373,-99.6464,1287,440,polygon,FALSE,TRUE,America/Chicago,3
13208,Van Vleck,Van Vleck,TX,Texas,48321,Matagorda,29.0278,-95.88,1286,68,polygon,FALSE,FALSE,America/Chicago,3
13209,Broadway,Broadway,NC,North Carolina,37105,Lee,35.4579,-79.0547,1286,383,polygon,FALSE,TRUE,America/New_York,3
13210,Hemlock,Hemlock,MI,Michigan,26145,Saginaw,43.418,-84.2326,1286,197,polygon,FALSE,FALSE,America/Detroit,3
13211,Roscoe,Roscoe,TX,Texas,48353,Nolan,32.4419,-100.5322,1285,153,polygon,FALSE,TRUE,America/Chicago,3
13212,Diamond Ridge,Diamond Ridge,AK,Alaska,2122,Kenai Peninsula,59.7024,-151.5545,1285,11,polygon,FALSE,FALSE,America/Anchorage,3
13213,Crosby,Crosby,ND,North Dakota,38023,Divide,48.9161,-103.2966,1285,351,polygon,FALSE,TRUE,America/Chicago,3
13214,Pocono Springs,Pocono Springs,PA,Pennsylvania,42127,Wayne,41.2797,-75.4016,1285,130,polygon,FALSE,FALSE,America/New_York,3
13215,Laingsburg,Laingsburg,MI,Michigan,26155,Shiawassee,42.8906,-84.35,1285,312,polygon,FALSE,TRUE,America/Detroit,3
13216,Latta,Latta,SC,South Carolina,45033,Dillon,34.339,-79.4337,1285,452,polygon,FALSE,TRUE,America/New_York,3
13217,Salem,Salem,SD,South Dakota,46087,McCook,43.7228,-97.3894,1285,396,polygon,FALSE,TRUE,America/Chicago,3
13218,Cedar Glen West,Cedar Glen West,NJ,New Jersey,34029,Ocean,40.0418,-74.2852,1284,467,polygon,FALSE,FALSE,America/New_York,3
13219,New Castle Northwest,New Castle Northwest,PA,Pennsylvania,42073,Lawrence,41.0221,-80.3566,1284,569,polygon,FALSE,TRUE,America/New_York,3
13220,Clintwood,Clintwood,VA,Virginia,51051,Dickenson,37.1507,-82.4573,1284,238,polygon,FALSE,TRUE,America/New_York,3
13221,Hansen,Hansen,ID,Idaho,16083,Twin Falls,42.5313,-114.3012,1284,1420,polygon,FALSE,TRUE,America/Boise,3
13222,Enosburg Falls,Enosburg Falls,VT,Vermont,50011,Franklin,44.9083,-72.8029,1283,138,polygon,FALSE,TRUE,America/New_York,3
13223,Wetherington,Wetherington,OH,Ohio,39017,Butler,39.3633,-84.3767,1283,546,polygon,FALSE,FALSE,America/New_York,3
13224,Sistersville,Sistersville,WV,West Virginia,54095,Tyler,39.5599,-80.9987,1282,942,polygon,FALSE,TRUE,America/New_York,3
13225,Basin,Basin,WY,Wyoming,56003,Big Horn,44.3804,-108.0466,1282,209,polygon,FALSE,TRUE,America/Denver,3
13226,Dryden,Dryden,VA,Virginia,51105,Lee,36.7764,-82.9433,1282,70,polygon,FALSE,FALSE,America/New_York,3
13227,Caraway,Caraway,AR,Arkansas,5031,Craighead,35.7598,-90.3224,1282,214,polygon,FALSE,TRUE,America/Chicago,3
13228,Redkey,Redkey,IN,Indiana,18075,Jay,40.3483,-85.1539,1282,568,polygon,FALSE,TRUE,America/Indiana/Indianapolis,3
13229,Grantsburg,Grantsburg,WI,Wisconsin,55013,Burnett,45.7813,-92.6836,1281,164,polygon,FALSE,TRUE,America/Chicago,3
13230,Dover Beaches South,Dover Beaches South,NJ,New Jersey,34029,Ocean,39.9549,-74.0756,1281,876,polygon,FALSE,FALSE,America/New_York,3
13231,Shell Ridge,Shell Ridge,CA,California,6013,Contra Costa,37.906,-122.0345,1281,1150,polygon,FALSE,TRUE,America/Los_Angeles,3
13232,Fredonia,Fredonia,AZ,Arizona,4005,Coconino,36.9617,-112.5195,1281,55,polygon,FALSE,TRUE,America/Phoenix,3
13233,Entiat,Entiat,WA,Washington,53007,Chelan,47.678,-120.2176,1280,226,polygon,FALSE,TRUE,America/Los_Angeles,3
13234,Erin,Erin,TN,Tennessee,47083,Houston,36.3159,-87.7026,1280,126,polygon,FALSE,TRUE,America/Chicago,3
13235,Ruhenstroth,Ruhenstroth,NV,Nevada,32005,Douglas,38.8913,-119.6833,1280,174,polygon,FALSE,TRUE,America/Los_Angeles,3
13236,Barrackville,Barrackville,WV,West Virginia,54049,Marion,39.5013,-80.1696,1279,716,polygon,FALSE,TRUE,America/New_York,3
13237,Bradenton Beach,Bradenton Beach,FL,Florida,12081,Manatee,27.4649,-82.6957,1279,958,polygon,FALSE,TRUE,America/New_York,3
13238,Brownsboro,Brownsboro,TX,Texas,48213,Henderson,32.2985,-95.613,1279,208,polygon,FALSE,TRUE,America/Chicago,3
13239,Morningside,Morningside,MD,Maryland,24033,Prince George's,38.8266,-76.8895,1279,859,polygon,FALSE,TRUE,America/New_York,3
13240,Vardaman,Vardaman,MS,Mississippi,28013,Calhoun,33.8822,-89.1778,1279,363,polygon,FALSE,TRUE,America/Chicago,3
13241,Benwood,Benwood,WV,West Virginia,54051,Marshall,40.0139,-80.7328,1278,380,polygon,FALSE,TRUE,America/New_York,3
13242,Benton,Benton,TN,Tennessee,47139,Polk,35.1749,-84.6516,1278,162,polygon,FALSE,TRUE,America/New_York,3
13243,Dunnigan,Dunnigan,CA,California,6113,Yolo,38.8926,-121.9741,1278,94,polygon,FALSE,FALSE,America/Los_Angeles,3
13244,Janesville,Janesville,CA,California,6035,Lassen,40.2809,-120.5335,1278,37,polygon,FALSE,FALSE,America/Los_Angeles,3
13245,Manly,Manly,IA,Iowa,19195,Worth,43.2881,-93.201,1278,336,polygon,FALSE,TRUE,America/Chicago,3
13246,Claypool,Claypool,AZ,Arizona,4007,Gila,33.406,-110.8421,1278,420,polygon,FALSE,FALSE,America/Phoenix,3
13247,Buhler,Buhler,KS,Kansas,20155,Reno,38.1383,-97.7704,1278,692,polygon,FALSE,TRUE,America/Chicago,3
13248,Tower City,Tower City,PA,Pennsylvania,42107,Schuylkill,40.5884,-76.553,1277,1567,polygon,FALSE,TRUE,America/New_York,3
13249,Snyder,Snyder,OK,Oklahoma,40075,Kiowa,34.6552,-98.9533,1277,388,polygon,FALSE,TRUE,America/Chicago,3
13250,Roan Mountain,Roan Mountain,TN,Tennessee,47019,Carter,36.1866,-82.0705,1276,74,polygon,FALSE,FALSE,America/New_York,3
13251,Fincastle,Fincastle,TN,Tennessee,47013,Campbell,36.4038,-84.048,1276,134,polygon,FALSE,FALSE,America/New_York,3
13252,Lampeter,Lampeter,PA,Pennsylvania,42071,Lancaster,39.9909,-76.242,1276,287,polygon,FALSE,FALSE,America/New_York,3
13253,Donovan Estates,Donovan Estates,AZ,Arizona,4027,Yuma,32.7094,-114.6782,1276,4061,polygon,FALSE,TRUE,America/Tijuana,2
13254,De Graff,De Graff,OH,Ohio,39091,Logan,40.3127,-83.9167,1276,490,polygon,FALSE,TRUE,America/New_York,3
13255,Clara City,Clara City,MN,Minnesota,27023,Chippewa,44.9583,-95.3672,1276,280,polygon,FALSE,TRUE,America/Chicago,3
13256,Boulder,Boulder,MT,Montana,30043,Jefferson,46.2358,-112.1198,1276,438,polygon,FALSE,TRUE,America/Denver,3
13257,Hurley,Hurley,MS,Mississippi,28059,Jackson,30.6638,-88.4994,1276,95,polygon,FALSE,FALSE,America/Chicago,3
13258,Munday,Munday,TX,Texas,48275,Knox,33.4471,-99.624,1275,344,polygon,FALSE,TRUE,America/Chicago,3
13259,Shell Rock,Shell Rock,IA,Iowa,19023,Butler,42.7126,-92.5816,1275,307,polygon,FALSE,TRUE,America/Chicago,3
13260,Freeman,Freeman,SD,South Dakota,46067,Hutchinson,43.35,-97.4288,1275,420,polygon,FALSE,TRUE,America/Chicago,3
13261,Mount Hope,Mount Hope,WV,West Virginia,54019,Fayette,37.8976,-81.1738,1274,315,polygon,FALSE,TRUE,America/New_York,3
13262,Batesville,Batesville,TX,Texas,48507,Zavala,28.9553,-99.6237,1274,83,polygon,FALSE,FALSE,America/Chicago,3
13263,Florence,Florence,TX,Texas,48491,Williamson,30.8406,-97.7927,1274,575,polygon,FALSE,TRUE,America/Chicago,3
13264,Light Oak,Light Oak,NC,North Carolina,37045,Cleveland,35.2867,-81.4775,1274,342,polygon,FALSE,FALSE,America/New_York,3
13265,St. Vincent College,St. Vincent College,PA,Pennsylvania,42129,Westmoreland,40.2914,-79.4054,1274,976,polygon,FALSE,TRUE,America/New_York,3
13266,Clio,Clio,AL,Alabama,1005,Barbour,31.7085,-85.6109,1274,48,polygon,FALSE,TRUE,America/Chicago,3
13267,Germantown,Germantown,IL,Illinois,17027,Clinton,38.5552,-89.5412,1274,485,polygon,FALSE,TRUE,America/Chicago,3
13268,Rock Hall,Rock Hall,MD,Maryland,24029,Kent,39.1392,-76.2428,1274,367,polygon,FALSE,TRUE,America/New_York,3
13269,Tiltonsville,Tiltonsville,OH,Ohio,39081,Jefferson,40.1721,-80.6973,1274,937,polygon,FALSE,TRUE,America/New_York,3
13270,Ravenna,Ravenna,MI,Michigan,26121,Muskegon,43.1889,-85.9416,1274,413,polygon,FALSE,TRUE,America/Detroit,3
13271,Ceredo,Ceredo,WV,West Virginia,54099,Wayne,38.3961,-82.5536,1273,374,polygon,FALSE,TRUE,America/New_York,3
13272,Avila Beach,Avila Beach,CA,California,6079,San Luis Obispo,35.1969,-120.7191,1273,80,polygon,FALSE,TRUE,America/Los_Angeles,3
13273,Avilla,Avilla,AR,Arkansas,5125,Saline,34.6988,-92.5813,1273,83,polygon,FALSE,FALSE,America/Chicago,3
13274,Long Creek,Long Creek,IL,Illinois,17115,Macon,39.8052,-88.8474,1273,173,polygon,FALSE,TRUE,America/Chicago,3
13275,Wyoming,Wyoming,IL,Illinois,17175,Stark,41.0638,-89.7729,1273,575,polygon,FALSE,TRUE,America/Chicago,3
13276,Palestine,Palestine,IL,Illinois,17033,Crawford,39.0016,-87.6126,1273,622,polygon,FALSE,TRUE,America/Chicago,3
13277,Somerset,Somerset,MD,Maryland,24031,Montgomery,38.9666,-77.0963,1273,1790,polygon,FALSE,TRUE,America/New_York,3
13278,Breckenridge,Breckenridge,MI,Michigan,26057,Gratiot,43.4074,-84.4784,1273,462,polygon,FALSE,TRUE,America/Detroit,3
13279,Britton,Britton,SD,South Dakota,46091,Marshall,45.7924,-97.7529,1273,675,polygon,FALSE,TRUE,America/Chicago,3
13280,Manawa,Manawa,WI,Wisconsin,55135,Waupaca,44.4613,-88.9204,1272,301,polygon,FALSE,TRUE,America/Chicago,3
13281,Hewlett Harbor,Hewlett Harbor,NY,New York,36059,Nassau,40.6327,-73.6842,1272,677,polygon,FALSE,TRUE,America/New_York,3
13282,Hagaman,Hagaman,NY,New York,36057,Montgomery,42.9728,-74.1545,1272,327,polygon,FALSE,TRUE,America/New_York,3
13283,Buffalo,Buffalo,IA,Iowa,19163,Scott,41.4666,-90.717,1272,72,polygon,FALSE,TRUE,America/Chicago,3
13284,Dike,Dike,IA,Iowa,19075,Grundy,42.4641,-92.6255,1272,353,polygon,FALSE,TRUE,America/Chicago,3
13285,West Chatham,West Chatham,MA,Massachusetts,25001,Barnstable,41.6804,-69.9918,1272,167,polygon,FALSE,FALSE,America/New_York,3
13286,Osborne,Osborne,KS,Kansas,20141,Osborne,39.4405,-98.6994,1272,318,polygon,FALSE,TRUE,America/Chicago,3
13287,West Buechel,West Buechel,KY,Kentucky,21111,Jefferson,38.195,-85.6678,1272,768,polygon,FALSE,TRUE,America/New_York,3
13288,Stuart,Stuart,VA,Virginia,51141,Patrick,36.6404,-80.2687,1271,161,polygon,FALSE,TRUE,America/New_York,3
13289,North Grosvenor Dale,North Grosvenor Dale,CT,Connecticut,9015,Windham,41.9862,-71.9034,1271,216,polygon,FALSE,FALSE,America/New_York,3
13290,Walnut Creek,Walnut Creek,OH,Ohio,39075,Holmes,40.5427,-81.7213,1271,220,polygon,FALSE,FALSE,America/New_York,3
13291,Middleburg,Middleburg,PA,Pennsylvania,42109,Snyder,40.7892,-77.0445,1270,555,polygon,FALSE,TRUE,America/New_York,3
13292,Goodwell,Goodwell,OK,Oklahoma,40139,Texas,36.5943,-101.6326,1270,414,polygon,FALSE,TRUE,America/Chicago,3
13293,Starbuck,Starbuck,MN,Minnesota,27121,Pope,45.6121,-95.5333,1270,305,polygon,FALSE,TRUE,America/Chicago,3
13294,Mayo,Mayo,FL,Florida,12067,Lafayette,30.0512,-83.1768,1269,552,polygon,FALSE,TRUE,America/New_York,3
13295,Roseland,Roseland,FL,Florida,12061,Indian River,27.8361,-80.4884,1269,259,polygon,FALSE,FALSE,America/New_York,3
13296,North Bend,North Bend,NE,Nebraska,31053,Dodge,41.462,-96.7858,1269,438,polygon,FALSE,TRUE,America/Chicago,3
13297,Huntsville,Huntsville,TN,Tennessee,47151,Scott,36.4112,-84.5053,1269,121,polygon,FALSE,TRUE,America/New_York,3
13298,Waymart,Waymart,PA,Pennsylvania,42127,Wayne,41.5866,-75.4047,1269,182,polygon,FALSE,TRUE,America/New_York,3
13299,Toluca,Toluca,IL,Illinois,17123,Marshall,41.0044,-89.1339,1269,461,polygon,FALSE,TRUE,America/Chicago,3
13300,Woodsboro,Woodsboro,MD,Maryland,24021,Frederick,39.5328,-77.3096,1269,692,polygon,FALSE,TRUE,America/New_York,3
13301,Lake Winnebago,Lake Winnebago,MO,Missouri,29037,Cass,38.8234,-94.3612,1269,212,polygon,FALSE,TRUE,America/Chicago,3
13302,Hometown,Hometown,PA,Pennsylvania,42107,Schuylkill,40.8216,-75.9865,1268,245,polygon,FALSE,FALSE,America/New_York,3
13303,Calverton Park,Calverton Park,MO,Missouri,29189,St. Louis,38.7656,-90.3103,1268,1190,polygon,FALSE,TRUE,America/Chicago,3
13304,Piney View,Piney View,WV,West Virginia,54081,Raleigh,37.835,-81.1275,1267,120,polygon,FALSE,FALSE,America/New_York,3
13305,Lomas,Lomas,PR,Puerto Rico,72029,Canóvanas,18.2687,-65.9091,1267,1430,polygon,FALSE,FALSE,America/Puerto_Rico,3
13306,Westfield,Westfield,WI,Wisconsin,55077,Marquette,43.8851,-89.4926,1266,309,polygon,FALSE,TRUE,America/Chicago,3
13307,Clymer,Clymer,PA,Pennsylvania,42063,Indiana,40.6686,-79.0132,1266,858,polygon,FALSE,TRUE,America/New_York,3
13308,Captains Cove,Captains Cove,VA,Virginia,51001,Accomack,38.0003,-75.4173,1266,165,polygon,FALSE,FALSE,America/New_York,3
13309,Lumpkin,Lumpkin,GA,Georgia,13259,Stewart,32.0487,-84.7981,1266,308,polygon,FALSE,TRUE,America/New_York,3
13310,Tyhee,Tyhee,ID,Idaho,16005,Bannock,42.9552,-112.4563,1266,173,polygon,FALSE,FALSE,America/Boise,3
13311,Spring Grove,Spring Grove,MN,Minnesota,27055,Houston,43.5607,-91.637,1266,489,polygon,FALSE,TRUE,America/Chicago,3
13312,Heppner,Heppner,OR,Oregon,41049,Morrow,45.3547,-119.5559,1266,397,polygon,FALSE,TRUE,America/Los_Angeles,3
13313,Colony Park,Colony Park,PA,Pennsylvania,42011,Berks,40.3465,-75.9827,1265,1298,polygon,FALSE,FALSE,America/New_York,3
13314,Waldo,Waldo,AR,Arkansas,5027,Columbia,33.3528,-93.2949,1265,209,polygon,FALSE,TRUE,America/Chicago,3
13315,Chrisman,Chrisman,IL,Illinois,17045,Edgar,39.8044,-87.6749,1265,679,polygon,FALSE,TRUE,America/Chicago,3
13316,Mount Airy,Mount Airy,GA,Georgia,13137,Habersham,34.5221,-83.4977,1265,201,polygon,FALSE,TRUE,America/New_York,3
13317,Otterbein,Otterbein,IN,Indiana,18007,Benton,40.4882,-87.0854,1265,414,polygon,FALSE,TRUE,America/Indiana/Indianapolis,3
13318,Eastport,Eastport,ME,Maine,23029,Washington,44.9137,-67.0183,1265,134,polygon,FALSE,TRUE,America/Moncton,3
13319,Fairfax,Fairfax,OK,Oklahoma,40113,Osage,36.5698,-96.708,1265,638,polygon,FALSE,TRUE,America/Chicago,3
13320,Geary,Geary,OK,Oklahoma,40011,Blaine,35.5927,-98.2914,1265,117,polygon,FALSE,TRUE,America/Chicago,3
13321,Washburn,Washburn,ND,North Dakota,38055,McLean,47.292,-101.0278,1264,289,polygon,FALSE,TRUE,America/Chicago,3
13322,Onarga,Onarga,IL,Illinois,17075,Iroquois,40.7153,-88.0108,1264,291,polygon,FALSE,TRUE,America/Chicago,3
13323,Mabscott,Mabscott,WV,West Virginia,54081,Raleigh,37.7694,-81.2133,1263,564,polygon,FALSE,TRUE,America/New_York,3
13324,Palm Beach Shores,Palm Beach Shores,FL,Florida,12099,Palm Beach,26.7775,-80.0367,1262,1662,polygon,FALSE,TRUE,America/New_York,3
13325,Roseland,Roseland,LA,Louisiana,22105,Tangipahoa,30.7646,-90.5114,1262,234,polygon,FALSE,TRUE,America/Chicago,3
13326,Craig,Craig,AK,Alaska,2198,Prince of Wales-Hyder,55.4913,-133.1165,1262,72,polygon,FALSE,TRUE,America/Sitka,3
13327,Fremont,Fremont,NC,North Carolina,37191,Wayne,35.5436,-77.9751,1262,359,polygon,FALSE,TRUE,America/New_York,3
13328,Niverville,Niverville,NY,New York,36021,Columbia,42.4484,-73.6497,1262,169,polygon,FALSE,FALSE,America/New_York,3
13329,Mounds,Mounds,OK,Oklahoma,40037,Creek,35.8789,-96.0682,1262,220,polygon,FALSE,TRUE,America/Chicago,3
13330,Clear Lake,Clear Lake,SD,South Dakota,46039,Deuel,44.7646,-96.6767,1262,157,polygon,FALSE,TRUE,America/Chicago,3
13331,North Charleroi,North Charleroi,PA,Pennsylvania,42125,Washington,40.15,-79.9083,1261,1894,polygon,FALSE,TRUE,America/New_York,3
13332,New Brockton,New Brockton,AL,Alabama,1031,Coffee,31.3784,-85.9228,1261,60,polygon,FALSE,TRUE,America/Chicago,3
13333,Buffalo,Buffalo,WV,West Virginia,54079,Putnam,38.6116,-81.982,1260,347,polygon,FALSE,TRUE,America/New_York,3
13334,Dodson Branch,Dodson Branch,TN,Tennessee,47087,Jackson,36.3148,-85.5322,1260,43,polygon,FALSE,FALSE,America/Chicago,3
13335,Cascade-Chipita Park,Cascade-Chipita Park,CO,Colorado,8041,El Paso,38.9433,-105.0024,1260,36,polygon,FALSE,TRUE,America/Denver,3
13336,Fort Thompson,Fort Thompson,SD,South Dakota,46017,Buffalo,44.0527,-99.4079,1260,46,polygon,FALSE,FALSE,America/Chicago,3
13337,Gerber,Gerber,CA,California,6103,Tehama,40.0614,-122.1482,1259,524,polygon,FALSE,FALSE,America/Los_Angeles,3
13338,Galveston,Galveston,IN,Indiana,18017,Cass,40.5767,-86.1924,1259,845,polygon,FALSE,TRUE,America/Indiana/Indianapolis,3
13339,Smithville,Smithville,OH,Ohio,39169,Wayne,40.8625,-81.8604,1259,394,polygon,FALSE,TRUE,America/New_York,3
13340,Lubeck,Lubeck,WV,West Virginia,54107,Wood,39.2276,-81.6265,1258,114,polygon,FALSE,FALSE,America/New_York,3
13341,Philmont,Philmont,NY,New York,36021,Columbia,42.2477,-73.6463,1258,409,polygon,FALSE,TRUE,America/New_York,3
13342,Cripple Creek,Cripple Creek,CO,Colorado,8119,Teller,38.7466,-105.185,1258,320,polygon,FALSE,TRUE,America/Denver,3
13343,Hackleburg,Hackleburg,AL,Alabama,1093,Marion,34.2693,-87.8303,1258,31,polygon,FALSE,TRUE,America/Chicago,3
13344,Hampton,Hampton,AR,Arkansas,5013,Calhoun,33.5363,-92.4661,1258,160,polygon,FALSE,TRUE,America/Chicago,3
13345,Gnadenhutten,Gnadenhutten,OH,Ohio,39157,Tuscarawas,40.3594,-81.4293,1258,503,polygon,FALSE,TRUE,America/New_York,3
13346,Platte,Platte,SD,South Dakota,46023,Charles Mix,43.3868,-98.8437,1258,471,polygon,FALSE,TRUE,America/Chicago,3
13347,Nevada,Nevada,TX,Texas,48085,Collin,33.0463,-96.3811,1257,203,polygon,FALSE,TRUE,America/Chicago,3
13348,West Canton,West Canton,NC,North Carolina,37087,Haywood,35.5384,-82.8671,1257,353,polygon,FALSE,FALSE,America/New_York,3
13349,Stoneville,Stoneville,NC,North Carolina,37157,Rockingham,36.4653,-79.9064,1257,339,polygon,FALSE,TRUE,America/New_York,3
13350,Falkville,Falkville,AL,Alabama,1103,Morgan,34.3793,-86.9086,1257,128,polygon,FALSE,TRUE,America/Chicago,3
13351,Lumber City,Lumber City,GA,Georgia,13271,Telfair,31.933,-82.6828,1257,252,polygon,FALSE,TRUE,America/New_York,3
13352,Algonquin,Algonquin,MD,Maryland,24019,Dorchester,38.5839,-76.0978,1257,646,polygon,FALSE,FALSE,America/New_York,3
13353,Shattuck,Shattuck,OK,Oklahoma,40045,Ellis,36.2651,-99.8774,1257,217,polygon,FALSE,TRUE,America/Chicago,3
13354,Dimondale,Dimondale,MI,Michigan,26045,Eaton,42.6485,-84.6475,1257,545,polygon,FALSE,TRUE,America/Detroit,3
13355,Stockton,Stockton,KS,Kansas,20163,Rooks,39.4251,-99.2764,1257,293,polygon,FALSE,TRUE,America/Chicago,3
13356,Mission,Mission,SD,South Dakota,46121,Todd,43.3063,-100.661,1257,826,polygon,FALSE,TRUE,America/Chicago,3
13357,Bloomfield,Bloomfield,PA,Pennsylvania,42099,Perry,40.4189,-77.189,1256,794,polygon,FALSE,TRUE,America/New_York,3
13358,Rush Springs,Rush Springs,OK,Oklahoma,40051,Grady,34.7792,-97.9572,1256,424,polygon,FALSE,TRUE,America/Chicago,3
13359,Medford,Medford,MN,Minnesota,27147,Steele,44.1685,-93.2472,1256,405,polygon,FALSE,TRUE,America/Chicago,3
13360,Seeley Lake,Seeley Lake,MT,Montana,30063,Missoula,47.1614,-113.4525,1256,39,polygon,FALSE,FALSE,America/Denver,3
13361,Harriston,Harriston,VA,Virginia,51015,Augusta,38.212,-78.8283,1255,307,polygon,FALSE,FALSE,America/New_York,3
13362,Cottonwood,Cottonwood,AL,Alabama,1069,Houston,31.0552,-85.3007,1255,83,polygon,FALSE,TRUE,America/Chicago,3
13363,Kingston,Kingston,NJ,New Jersey,34035,Somerset,40.3816,-74.6114,1254,215,polygon,FALSE,FALSE,America/New_York,3
13364,Roland,Roland,IA,Iowa,19169,Story,42.1661,-93.5029,1254,422,polygon,FALSE,TRUE,America/Chicago,3
13365,Pleasant Hill,Pleasant Hill,OH,Ohio,39109,Miami,40.0506,-84.3462,1254,769,polygon,FALSE,TRUE,America/New_York,3
13366,Chinook,Chinook,MT,Montana,30005,Blaine,48.5901,-109.2318,1254,926,polygon,FALSE,TRUE,America/Denver,3
13367,Fuig,Fuig,PR,Puerto Rico,72055,Guánica,17.9857,-66.917,1253,1622,polygon,FALSE,FALSE,America/Puerto_Rico,3
13368,Rogers,Rogers,TX,Texas,48027,Bell,30.93,-97.2291,1252,468,polygon,FALSE,TRUE,America/Chicago,3
13369,Rolla,Rolla,ND,North Dakota,38079,Rolette,48.8527,-99.6142,1252,342,polygon,FALSE,TRUE,America/Chicago,3
13370,Wells,Wells,NV,Nevada,32007,Elko,41.1132,-114.9535,1252,70,polygon,FALSE,TRUE,America/Los_Angeles,3
13371,Santa Margarita,Santa Margarita,CA,California,6079,San Luis Obispo,35.3893,-120.6084,1252,934,polygon,FALSE,FALSE,America/Los_Angeles,3
13372,West Blocton,West Blocton,AL,Alabama,1007,Bibb,33.1186,-87.1253,1252,100,polygon,FALSE,TRUE,America/Chicago,3
13373,Oquawka,Oquawka,IL,Illinois,17071,Henderson,40.9379,-90.9499,1252,329,polygon,FALSE,TRUE,America/Chicago,3
13374,Colbert,Colbert,OK,Oklahoma,40013,Bryan,33.8578,-96.5043,1252,437,polygon,FALSE,TRUE,America/Chicago,3
13375,DeLisle,DeLisle,MS,Mississippi,28047,Harrison,30.3848,-89.2746,1252,92,polygon,FALSE,TRUE,America/Chicago,3
13376,Barneveld,Barneveld,WI,Wisconsin,55049,Iowa,43.0117,-89.8968,1251,251,polygon,FALSE,TRUE,America/Chicago,3
13377,San Rafael,San Rafael,NM,New Mexico,35006,Cibola,35.0878,-107.8895,1251,46,polygon,FALSE,FALSE,America/Denver,3
13378,Funny River,Funny River,AK,Alaska,2122,Kenai Peninsula,60.4873,-150.7808,1251,18,polygon,FALSE,FALSE,America/Anchorage,3
13379,Rogersville,Rogersville,AL,Alabama,1077,Lauderdale,34.8251,-87.2821,1251,159,polygon,FALSE,TRUE,America/Chicago,3
13380,Marmaduke,Marmaduke,AR,Arkansas,5055,Greene,36.1901,-90.3851,1251,345,polygon,FALSE,TRUE,America/Chicago,3
13381,Farmland,Farmland,IN,Indiana,18135,Randolph,40.1895,-85.1273,1251,909,polygon,FALSE,TRUE,America/Indiana/Indianapolis,3
13382,Clinton,Clinton,KY,Kentucky,21105,Hickman,36.6662,-88.9939,1251,299,polygon,FALSE,TRUE,America/Chicago,3
13383,Holiday Lakes,Holiday Lakes,TX,Texas,48039,Brazoria,29.2083,-95.5146,1250,548,polygon,FALSE,TRUE,America/Chicago,3
13384,West Easton,West Easton,PA,Pennsylvania,42095,Northampton,40.6781,-75.2357,1250,1580,polygon,FALSE,TRUE,America/New_York,3
13385,Sheridan,Sheridan,CA,California,6061,Placer,38.969,-121.3559,1250,18,polygon,FALSE,FALSE,America/Los_Angeles,3
13386,Ontonagon,Ontonagon,MI,Michigan,26131,Ontonagon,46.8665,-89.3122,1250,130,polygon,FALSE,TRUE,America/Detroit,3
13387,Stockbridge,Stockbridge,MI,Michigan,26065,Ingham,42.4483,-84.1757,1250,321,polygon,FALSE,TRUE,America/Detroit,3
13388,Brown City,Brown City,MI,Michigan,26151,Sanilac,43.2115,-82.9879,1250,425,polygon,FALSE,TRUE,America/Detroit,3
13389,Barbourmeade,Barbourmeade,KY,Kentucky,21111,Jefferson,38.2986,-85.6009,1250,1223,polygon,FALSE,TRUE,America/New_York,3
13390,Grant Park,Grant Park,IL,Illinois,17091,Kankakee,41.2429,-87.6353,1249,141,polygon,FALSE,TRUE,America/Chicago,3
13391,Goodman,Goodman,MO,Missouri,29119,McDonald,36.7388,-94.4091,1249,363,polygon,FALSE,TRUE,America/Chicago,3
13392,Valmeyer,Valmeyer,IL,Illinois,17133,Monroe,38.3064,-90.2979,1248,141,polygon,FALSE,TRUE,America/Chicago,3
13393,Alton,Alton,IA,Iowa,19167,Sioux,42.9876,-96.0095,1248,253,polygon,FALSE,TRUE,America/Chicago,3
13394,Dickson,Dickson,OK,Oklahoma,40019,Carter,34.1877,-96.997,1248,34,polygon,FALSE,TRUE,America/Chicago,3
13395,LaCoste,LaCoste,TX,Texas,48325,Medina,29.31,-98.8116,1247,763,polygon,FALSE,FALSE,America/Chicago,3
13396,Barry,Barry,IL,Illinois,17149,Pike,39.6983,-91.0399,1247,336,polygon,FALSE,TRUE,America/Chicago,3
13397,Millbury,Millbury,OH,Ohio,39173,Wood,41.5648,-83.4255,1247,483,polygon,FALSE,TRUE,America/New_York,3
13398,Wolf Creek,Wolf Creek,UT,Utah,49057,Weber,41.3253,-111.8288,1247,152,polygon,FALSE,FALSE,America/Denver,3
13399,Pinopolis,Pinopolis,SC,South Carolina,45015,Berkeley,33.2287,-80.0386,1247,336,polygon,FALSE,FALSE,America/New_York,3
13400,Ellendale,Ellendale,ND,North Dakota,38021,Dickey,46.0043,-98.5254,1246,339,polygon,FALSE,TRUE,America/Chicago,3
13401,Shell Knob,Shell Knob,MO,Missouri,29009,Barry,36.6105,-93.6042,1246,58,polygon,FALSE,FALSE,America/Chicago,3
13402,Country Club Hills,Country Club Hills,MO,Missouri,29189,St. Louis,38.7208,-90.2751,1246,2580,polygon,FALSE,TRUE,America/Chicago,2
13403,Bethany Beach,Bethany Beach,DE,Delaware,10005,Sussex,38.5391,-75.066,1245,418,polygon,FALSE,TRUE,America/New_York,3
13404,Midway,Midway,LA,Louisiana,22059,LaSalle,31.6788,-92.1493,1245,158,polygon,FALSE,FALSE,America/Chicago,3
13405,Gordonsville,Gordonsville,TN,Tennessee,47159,Smith,36.1817,-85.9324,1245,67,polygon,FALSE,TRUE,America/Chicago,3
13406,Cortland West,Cortland West,NY,New York,36023,Cortland,42.5942,-76.2258,1245,93,polygon,FALSE,TRUE,America/New_York,3
13407,Bally,Bally,PA,Pennsylvania,42011,Berks,40.4004,-75.5876,1245,937,polygon,FALSE,TRUE,America/New_York,3
13408,Blue Lake,Blue Lake,CA,California,6023,Humboldt,40.8813,-123.9931,1245,810,polygon,FALSE,TRUE,America/Los_Angeles,3
13409,Mansfield,Mansfield,MO,Missouri,29229,Wright,37.1102,-92.5804,1245,255,polygon,FALSE,TRUE,America/Chicago,3
13410,Taylorsville,Taylorsville,MS,Mississippi,28129,Smith,31.8322,-89.434,1245,124,polygon,FALSE,TRUE,America/Chicago,3
13411,Hemphill,Hemphill,TX,Texas,48403,Sabine,31.3431,-93.8512,1244,189,polygon,FALSE,TRUE,America/Chicago,3
13412,Melcher-Dallas,Melcher-Dallas,IA,Iowa,19125,Marion,41.2275,-93.2411,1244,482,polygon,FALSE,TRUE,America/Chicago,3
13413,Kamiah,Kamiah,ID,Idaho,16061,Lewis,46.2269,-116.0283,1244,437,polygon,FALSE,TRUE,America/Los_Angeles,3
13414,Eaton Estates,Eaton Estates,OH,Ohio,39093,Lorain,41.3061,-82.0114,1244,552,polygon,FALSE,FALSE,America/New_York,3
13415,Quebrada del Agua,Quebrada del Agua,PR,Puerto Rico,72113,Ponce,18.0379,-66.6846,1244,849,polygon,FALSE,TRUE,America/Puerto_Rico,3
13416,Muscoda,Muscoda,WI,Wisconsin,55043,Grant,43.1873,-90.4334,1243,314,polygon,FALSE,TRUE,America/Chicago,3
13417,Dexter,Dexter,NM,New Mexico,35005,Chaves,33.1954,-104.3689,1243,657,polygon,FALSE,TRUE,America/Denver,3
13418,Olmito,Olmito,TX,Texas,48061,Cameron,26.0232,-97.5379,1243,749,polygon,FALSE,FALSE,America/Chicago,3
13419,Río Cañas Abajo,Rio Canas Abajo,PR,Puerto Rico,72075,Juana Díaz,18.0391,-66.4679,1242,1936,polygon,FALSE,FALSE,America/Puerto_Rico,3
13420,Gregory,Gregory,SD,South Dakota,46053,Gregory,43.2299,-99.4208,1242,278,polygon,FALSE,TRUE,America/Chicago,3
13421,Marion,Marion,TX,Texas,48187,Guadalupe,29.5726,-98.143,1241,613,polygon,FALSE,TRUE,America/Chicago,3
13422,Black River,Black River,NY,New York,36045,Jefferson,44.0089,-75.7966,1241,268,polygon,FALSE,TRUE,America/New_York,3
13423,Berry Creek,Berry Creek,CA,California,6007,Butte,39.6314,-121.4052,1241,8,polygon,FALSE,FALSE,America/Los_Angeles,3
13424,Fayette,Fayette,OH,Ohio,39051,Fulton,41.6727,-84.3284,1241,491,polygon,FALSE,TRUE,America/New_York,3
13425,Ranchos Penitas West,Ranchos Penitas West,TX,Texas,48479,Webb,27.6745,-99.6035,1240,231,polygon,FALSE,FALSE,America/Chicago,3
13426,Alto,Alto,TX,Texas,48073,Cherokee,31.6509,-95.0708,1240,280,polygon,FALSE,TRUE,America/Chicago,3
13427,Palm Valley,Palm Valley,TX,Texas,48061,Cameron,26.2015,-97.7546,1240,801,polygon,FALSE,TRUE,America/Chicago,3
13428,Bayboro,Bayboro,NC,North Carolina,37137,Pamlico,35.1474,-76.7692,1240,258,polygon,FALSE,TRUE,America/New_York,3
13429,Sunrise Lake,Sunrise Lake,PA,Pennsylvania,42103,Pike,41.3136,-74.9638,1239,261,polygon,FALSE,FALSE,America/New_York,3
13430,Woodland Heights,Woodland Heights,PA,Pennsylvania,42121,Venango,41.4109,-79.7047,1239,293,polygon,FALSE,FALSE,America/New_York,3
13431,Bethany,Bethany,IL,Illinois,17139,Moultrie,39.6441,-88.7413,1239,464,polygon,FALSE,TRUE,America/Chicago,3
13432,Millers Falls,Millers Falls,MA,Massachusetts,25011,Franklin,42.5792,-72.4925,1239,524,polygon,FALSE,FALSE,America/New_York,3
13433,King Arthur Park,King Arthur Park,MT,Montana,30031,Gallatin,45.6664,-111.1268,1239,1057,polygon,FALSE,FALSE,America/Denver,3
13434,Mapleton,Mapleton,ND,North Dakota,38017,Cass,46.8915,-97.0533,1238,122,polygon,FALSE,TRUE,America/Chicago,3
13435,Cavalier,Cavalier,ND,North Dakota,38067,Pembina,48.7939,-97.6226,1238,558,polygon,FALSE,TRUE,America/Chicago,3
13436,Houston,Houston,PA,Pennsylvania,42125,Washington,40.2494,-80.211,1238,1163,polygon,FALSE,TRUE,America/New_York,3
13437,Simpson,Simpson,PA,Pennsylvania,42069,Lackawanna,41.5945,-75.4813,1238,541,polygon,FALSE,FALSE,America/New_York,3
13438,Edwardsburg,Edwardsburg,MI,Michigan,26027,Cass,41.7965,-86.0835,1238,522,polygon,FALSE,TRUE,America/Detroit,3
13439,Maggie Valley,Maggie Valley,NC,North Carolina,37087,Haywood,35.5239,-83.0643,1237,146,polygon,FALSE,TRUE,America/New_York,3
13440,Keenesburg,Keenesburg,CO,Colorado,8123,Weld,40.1112,-104.504,1237,144,polygon,FALSE,TRUE,America/Denver,3
13441,Tidmore Bend,Tidmore Bend,AL,Alabama,1055,Etowah,34.0324,-85.9254,1237,49,polygon,FALSE,TRUE,America/Chicago,3
13442,Deatsville,Deatsville,AL,Alabama,1051,Elmore,32.5863,-86.3918,1237,99,polygon,FALSE,TRUE,America/Chicago,3
13443,Winterville,Winterville,GA,Georgia,13059,Clarke,33.9666,-83.2815,1237,182,polygon,FALSE,TRUE,America/New_York,3
13444,Beggs,Beggs,OK,Oklahoma,40111,Okmulgee,35.7772,-96.0278,1237,113,polygon,FALSE,TRUE,America/Chicago,3
13445,Haskins,Haskins,OH,Ohio,39173,Wood,41.4648,-83.7043,1237,290,polygon,FALSE,TRUE,America/New_York,3
13446,Avalon,Avalon,NJ,New Jersey,34009,Cape May,39.0906,-74.7357,1236,111,polygon,FALSE,TRUE,America/New_York,3
13447,Kemp,Kemp,TX,Texas,48257,Kaufman,32.4349,-96.2234,1236,263,polygon,FALSE,TRUE,America/Chicago,3
13448,Loch Sheldrake,Loch Sheldrake,NY,New York,36105,Sullivan,41.7733,-74.6558,1236,75,polygon,FALSE,FALSE,America/New_York,3
13449,Big Bass Lake,Big Bass Lake,PA,Pennsylvania,42069,Lackawanna,41.2525,-75.4795,1236,115,polygon,FALSE,FALSE,America/New_York,3
13450,Mountain Mesa,Mountain Mesa,CA,California,6029,Kern,35.6411,-118.4047,1236,550,polygon,FALSE,FALSE,America/Los_Angeles,3
13451,Centennial Park,Centennial Park,AZ,Arizona,4015,Mohave,36.9538,-112.9813,1236,220,polygon,FALSE,TRUE,America/Phoenix,3
13452,Cottonwood,Cottonwood,MN,Minnesota,27083,Lyon,44.6106,-95.672,1236,479,polygon,FALSE,TRUE,America/Chicago,3
13453,Pinetops,Pinetops,NC,North Carolina,37065,Edgecombe,35.7912,-77.6378,1235,475,polygon,FALSE,TRUE,America/New_York,3
13454,Whitaker,Whitaker,PA,Pennsylvania,42003,Allegheny,40.4007,-79.8864,1235,1609,polygon,FALSE,TRUE,America/New_York,3
13455,Del Rio,Del Rio,CA,California,6099,Stanislaus,37.7432,-121.0091,1235,228,polygon,FALSE,FALSE,America/Los_Angeles,3
13456,Glide,Glide,OR,Oregon,41019,Douglas,43.3029,-123.0666,1235,47,polygon,FALSE,FALSE,America/Los_Angeles,3
13457,Palmona Park,Palmona Park,FL,Florida,12071,Lee,26.6892,-81.8946,1234,570,polygon,FALSE,FALSE,America/New_York,3
13458,Monteagle,Monteagle,TN,Tennessee,47115,Marion,35.2367,-85.8513,1234,50,polygon,FALSE,TRUE,America/Chicago,3
13459,Lake Michigan Beach,Lake Michigan Beach,MI,Michigan,26021,Berrien,42.2127,-86.376,1234,124,polygon,FALSE,FALSE,America/Detroit,3
13460,Loyal,Loyal,WI,Wisconsin,55019,Clark,44.7366,-90.4959,1233,347,polygon,FALSE,TRUE,America/Chicago,3
13461,Roslyn Estates,Roslyn Estates,NY,New York,36059,Nassau,40.7937,-73.6611,1233,1088,polygon,FALSE,TRUE,America/New_York,3
13462,Troy,Troy,PA,Pennsylvania,42015,Bradford,41.784,-76.7897,1233,621,polygon,FALSE,TRUE,America/New_York,3
13463,Highland Park,Highland Park,PA,Pennsylvania,42087,Mifflin,40.6216,-77.5707,1233,643,polygon,FALSE,FALSE,America/New_York,3
13464,Arivaca Junction,Arivaca Junction,AZ,Arizona,4019,Pima,31.739,-111.0738,1233,162,polygon,FALSE,FALSE,America/Phoenix,3
13465,Royalton,Royalton,MN,Minnesota,27097,Morrison,45.8302,-94.2931,1233,246,polygon,FALSE,TRUE,America/Chicago,3
13466,Helena,Helena,MS,Mississippi,28059,Jackson,30.4881,-88.5056,1233,113,polygon,FALSE,FALSE,America/Chicago,3
13467,Lannon,Lannon,WI,Wisconsin,55133,Waukesha,43.1522,-88.1604,1232,192,polygon,FALSE,TRUE,America/Chicago,3
13468,Newark,Newark,TX,Texas,48497,Wise,33.0049,-97.4856,1232,531,polygon,FALSE,TRUE,America/Chicago,3
13469,Coon Rapids,Coon Rapids,IA,Iowa,19027,Carroll,41.8748,-94.6785,1232,266,polygon,FALSE,TRUE,America/Chicago,3
13470,Wolfhurst,Wolfhurst,OH,Ohio,39013,Belmont,40.069,-80.781,1232,983,polygon,FALSE,FALSE,America/New_York,3
13471,La Crosse,La Crosse,KS,Kansas,20165,Rush,38.5318,-99.3095,1232,459,polygon,FALSE,TRUE,America/Chicago,3
13472,Bartolo,Bartolo,PR,Puerto Rico,72119,Río Grande,18.362,-65.8414,1232,2569,polygon,FALSE,FALSE,America/Puerto_Rico,2
13473,Waitsburg,Waitsburg,WA,Washington,53071,Walla Walla,46.2696,-118.151,1231,400,polygon,FALSE,TRUE,America/Los_Angeles,3
13474,Sophia,Sophia,WV,West Virginia,54081,Raleigh,37.7117,-81.2524,1231,680,polygon,FALSE,TRUE,America/New_York,3
13475,Martindale,Martindale,TX,Texas,48055,Caldwell,29.8448,-97.8396,1231,230,polygon,FALSE,TRUE,America/Chicago,3
13476,Mahnomen,Mahnomen,MN,Minnesota,27087,Mahnomen,47.3146,-95.9673,1231,453,polygon,FALSE,TRUE,America/Chicago,3
13477,Masonville,Masonville,KY,Kentucky,21059,Daviess,37.6718,-87.0511,1231,45,polygon,FALSE,FALSE,America/Chicago,3
13478,Republic,Republic,PA,Pennsylvania,42051,Fayette,39.9664,-79.8767,1230,656,polygon,FALSE,FALSE,America/New_York,3
13479,Omega,Omega,GA,Georgia,13277,Tift,31.3389,-83.5949,1230,266,polygon,FALSE,TRUE,America/New_York,3
13480,Tubac,Tubac,AZ,Arizona,4023,Santa Cruz,31.6111,-111.0585,1230,43,polygon,FALSE,FALSE,America/Phoenix,3
13481,Pinconning,Pinconning,MI,Michigan,26017,Bay,43.8573,-83.9638,1230,551,polygon,FALSE,TRUE,America/Detroit,3
13482,Atkinson,Atkinson,NE,Nebraska,31089,Holt,42.5309,-98.9747,1229,290,polygon,FALSE,TRUE,America/Chicago,3
13483,Bon Aqua Junction,Bon Aqua Junction,TN,Tennessee,47081,Hickman,35.9281,-87.3124,1229,100,polygon,FALSE,FALSE,America/Chicago,3
13484,Kersey,Kersey,PA,Pennsylvania,42047,Elk,41.357,-78.6101,1229,304,polygon,FALSE,FALSE,America/New_York,3
13485,Russell,Russell,GA,Georgia,13013,Barrow,33.9797,-83.6922,1229,397,polygon,FALSE,FALSE,America/New_York,3
13486,Crandon Lakes,Crandon Lakes,NJ,New Jersey,34037,Sussex,41.1234,-74.8403,1228,185,polygon,FALSE,FALSE,America/New_York,3
13487,Ore City,Ore City,TX,Texas,48459,Upshur,32.8008,-94.7182,1228,219,polygon,FALSE,TRUE,America/Chicago,3
13488,Vienna Bend,Vienna Bend,LA,Louisiana,22069,Natchitoches,31.7372,-93.0343,1228,219,polygon,FALSE,FALSE,America/Chicago,3
13489,Centre Hall,Centre Hall,PA,Pennsylvania,42027,Centre,40.8448,-77.685,1228,763,polygon,FALSE,TRUE,America/New_York,3
13490,Zebulon,Zebulon,GA,Georgia,13231,Pike,33.0926,-84.3423,1228,98,polygon,FALSE,TRUE,America/New_York,3
13491,New Vienna,New Vienna,OH,Ohio,39027,Clinton,39.3256,-83.6937,1228,555,polygon,FALSE,TRUE,America/New_York,3
13492,Liborio Negrón Torres,Liborio Negron Torres,PR,Puerto Rico,72121,Sabana Grande,18.0431,-66.9426,1228,1994,polygon,FALSE,FALSE,America/Puerto_Rico,3
13493,Hoback,Hoback,WY,Wyoming,56039,Teton,43.3082,-110.7443,1227,10,polygon,FALSE,FALSE,America/Denver,3
13494,Cottonwood Shores,Cottonwood Shores,TX,Texas,48053,Burnet,30.5521,-98.325,1227,235,polygon,FALSE,TRUE,America/Chicago,3
13495,Hooper Bay,Hooper Bay,AK,Alaska,2158,Kusilvak,61.5262,-166.1146,1227,63,polygon,FALSE,TRUE,America/Nome,3
13496,Marshallville,Marshallville,GA,Georgia,13193,Macon,32.4564,-83.9407,1227,151,polygon,FALSE,TRUE,America/New_York,3
13497,Canaan,Canaan,CT,Connecticut,9005,Litchfield,42.0347,-73.3323,1227,271,polygon,FALSE,FALSE,America/New_York,3
13498,Latta,Latta,OK,Oklahoma,40123,Pontotoc,34.7531,-96.7088,1227,188,polygon,FALSE,FALSE,America/Chicago,3
13499,Terry,Terry,MS,Mississippi,28049,Hinds,32.1047,-90.298,1227,124,polygon,FALSE,TRUE,America/Chicago,3
13500,Mountain View,Mountain View,WY,Wyoming,56041,Uinta,41.2723,-110.3344,1226,547,polygon,FALSE,TRUE,America/Denver,3
13501,Tower Lakes,Tower Lakes,IL,Illinois,17097,Lake,42.2315,-88.1538,1226,517,polygon,FALSE,FALSE,America/Chicago,3
13502,La Croft,La Croft,OH,Ohio,39029,Columbiana,40.6469,-80.5998,1226,414,polygon,FALSE,FALSE,America/New_York,3
13503,Bevil Oaks,Bevil Oaks,TX,Texas,48245,Jefferson,30.1517,-94.2711,1225,232,polygon,FALSE,TRUE,America/Chicago,3
13504,Hillcrest,Hillcrest,IL,Illinois,17141,Ogle,41.9684,-89.0654,1225,149,polygon,FALSE,TRUE,America/Chicago,3
13505,Topeka,Topeka,IN,Indiana,18087,LaGrange,41.5394,-85.5475,1225,293,polygon,FALSE,TRUE,America/Indiana/Indianapolis,3
13506,Yale,Yale,OK,Oklahoma,40119,Payne,36.115,-96.7012,1225,514,polygon,FALSE,TRUE,America/Chicago,3
13507,Grawn,Grawn,MI,Michigan,26055,Grand Traverse,44.6611,-85.6881,1225,746,polygon,FALSE,FALSE,America/Detroit,3
13508,Coto Norte,Coto Norte,PR,Puerto Rico,72091,Manatí,18.4328,-66.4409,1225,1663,polygon,FALSE,FALSE,America/Puerto_Rico,3
13509,Grayson,Grayson,CA,California,6099,Stanislaus,37.565,-121.1794,1224,2119,polygon,FALSE,FALSE,America/Los_Angeles,2
13510,Cordry Sweetwater Lakes,Cordry Sweetwater Lakes,IN,Indiana,18013,Brown,39.3085,-86.1227,1224,177,polygon,FALSE,FALSE,America/Indiana/Indianapolis,3
13511,Coldstream,Coldstream,OH,Ohio,39061,Hamilton,39.0479,-84.3474,1224,169,polygon,FALSE,TRUE,America/New_York,3
13512,Livingston Manor,Livingston Manor,NY,New York,36105,Sullivan,41.8935,-74.8265,1223,153,polygon,FALSE,FALSE,America/New_York,3
13513,Hurt,Hurt,VA,Virginia,51143,Pittsylvania,37.0954,-79.3029,1223,135,polygon,FALSE,TRUE,America/New_York,3
13514,New York Mills,New York Mills,MN,Minnesota,27111,Otter Tail,46.5198,-95.3733,1223,324,polygon,FALSE,TRUE,America/Chicago,3
13515,Iraan,Iraan,TX,Texas,48371,Pecos,30.9129,-101.9001,1222,764,polygon,FALSE,TRUE,America/Chicago,3
13516,Lexington,Lexington,TX,Texas,48287,Lee,30.4147,-97.0093,1222,380,polygon,FALSE,TRUE,America/Chicago,3
13517,Fullerton,Fullerton,NE,Nebraska,31125,Nance,41.3648,-97.9725,1222,362,polygon,FALSE,TRUE,America/Chicago,3
13518,Marion,Marion,PA,Pennsylvania,42055,Franklin,39.8607,-77.7016,1222,238,polygon,FALSE,FALSE,America/New_York,3
13519,Sunnyside-Tahoe City,Sunnyside-Tahoe City,CA,California,6061,Placer,39.1504,-120.1613,1222,139,polygon,FALSE,TRUE,America/Los_Angeles,3
13520,Airport,Airport,CA,California,6099,Stanislaus,37.6324,-120.9774,1222,821,polygon,FALSE,TRUE,America/Los_Angeles,3
13521,Converse,Converse,IN,Indiana,18103,Miami,40.5773,-85.878,1222,517,polygon,FALSE,TRUE,America/Indiana/Indianapolis,3
13522,Spicer,Spicer,MN,Minnesota,27067,Kandiyohi,45.2329,-94.9401,1222,398,polygon,FALSE,TRUE,America/Chicago,3
13523,Fowler,Fowler,MI,Michigan,26037,Clinton,43.0041,-84.7411,1222,367,polygon,FALSE,TRUE,America/Detroit,3
13524,Robbins,Robbins,NC,North Carolina,37125,Moore,35.4279,-79.5829,1221,296,polygon,FALSE,TRUE,America/New_York,3
13525,Ardmore,Ardmore,TN,Tennessee,47055,Giles,35.0031,-86.8547,1221,100,polygon,FALSE,TRUE,America/Chicago,3
13526,West Leechburg,West Leechburg,PA,Pennsylvania,42129,Westmoreland,40.6338,-79.617,1221,493,polygon,FALSE,TRUE,America/New_York,3
13527,Keedysville,Keedysville,MD,Maryland,24043,Washington,39.4867,-77.6979,1221,520,polygon,FALSE,TRUE,America/New_York,3
13528,El Negro,El Negro,PR,Puerto Rico,72151,Yabucoa,18.037,-65.8494,1221,1481,polygon,FALSE,FALSE,America/Puerto_Rico,3
13529,Beattyville,Beattyville,KY,Kentucky,21129,Lee,37.5862,-83.7065,1221,205,polygon,FALSE,TRUE,America/New_York,3
13530,Riddle,Riddle,OR,Oregon,41019,Douglas,42.9542,-123.3646,1221,749,polygon,FALSE,TRUE,America/Los_Angeles,3
13531,Hazel Green,Hazel Green,WI,Wisconsin,55043,Grant,42.5341,-90.4361,1220,371,polygon,FALSE,TRUE,America/Chicago,3
13532,Hagerman,Hagerman,NM,New Mexico,35005,Chaves,33.1147,-104.3283,1220,347,polygon,FALSE,TRUE,America/Denver,3
13533,Jewett,Jewett,TX,Texas,48289,Leon,31.3627,-96.1455,1220,229,polygon,FALSE,TRUE,America/Chicago,3
13534,Stiles,Stiles,PA,Pennsylvania,42077,Lehigh,40.6666,-75.5072,1220,2190,polygon,FALSE,FALSE,America/New_York,2
13535,Homer,Homer,GA,Georgia,13011,Banks,34.335,-83.4987,1220,48,polygon,FALSE,TRUE,America/New_York,3
13536,Mulberry,Mulberry,IN,Indiana,18023,Clinton,40.3458,-86.6672,1220,882,polygon,FALSE,TRUE,America/Indiana/Indianapolis,3
13537,Pamplico,Pamplico,SC,South Carolina,45041,Florence,33.9957,-79.5698,1220,290,polygon,FALSE,TRUE,America/New_York,3
13538,Greenback,Greenback,TN,Tennessee,47105,Loudon,35.6487,-84.1724,1219,56,polygon,FALSE,TRUE,America/New_York,3
13539,Grimsley,Grimsley,TN,Tennessee,47049,Fentress,36.2761,-84.997,1219,43,polygon,FALSE,FALSE,America/Chicago,3
13540,Biglerville,Biglerville,PA,Pennsylvania,42001,Adams,39.9303,-77.2462,1219,722,polygon,FALSE,TRUE,America/New_York,3
13541,Mitchell,Mitchell,IL,Illinois,17119,Madison,38.7631,-90.0816,1219,842,polygon,FALSE,FALSE,America/Chicago,3
13542,Vander,Vander,NC,North Carolina,37051,Cumberland,35.0347,-78.7888,1218,126,polygon,FALSE,FALSE,America/New_York,3
13543,Mifflinville,Mifflinville,PA,Pennsylvania,42037,Columbia,41.0307,-76.2995,1218,343,polygon,FALSE,FALSE,America/New_York,3
13544,Strawberry Point,Strawberry Point,IA,Iowa,19043,Clayton,42.6804,-91.5349,1218,222,polygon,FALSE,TRUE,America/Chicago,3
13545,St. Michaels,St. Michaels,AZ,Arizona,4001,Apache,35.6606,-109.0962,1218,123,polygon,FALSE,FALSE,America/Denver,3
13546,Salineville,Salineville,OH,Ohio,39029,Columbiana,40.6207,-80.8345,1218,212,polygon,FALSE,TRUE,America/New_York,3
13547,Adrian,Adrian,MN,Minnesota,27105,Nobles,43.6332,-95.933,1218,404,polygon,FALSE,TRUE,America/Chicago,3
13548,Conway Springs,Conway Springs,KS,Kansas,20191,Sumner,37.3899,-97.643,1218,476,polygon,FALSE,TRUE,America/Chicago,3
13549,Elwood,Elwood,NJ,New Jersey,34001,Atlantic,39.5731,-74.7148,1217,147,polygon,FALSE,FALSE,America/New_York,3
13550,Cohoe,Cohoe,AK,Alaska,2122,Kenai Peninsula,60.2681,-151.2843,1217,6,polygon,FALSE,FALSE,America/Anchorage,3
13551,Rossville,Rossville,IL,Illinois,17183,Vermilion,40.3815,-87.67,1217,336,polygon,FALSE,TRUE,America/Chicago,3
13552,Shelburn,Shelburn,IN,Indiana,18153,Sullivan,39.1791,-87.3971,1217,680,polygon,FALSE,TRUE,America/Indiana/Indianapolis,3
13553,Elkader,Elkader,IA,Iowa,19043,Clayton,42.8572,-91.4024,1217,341,polygon,FALSE,TRUE,America/Chicago,3
13554,Atwood,Atwood,KS,Kansas,20153,Rawlins,39.8103,-101.0418,1217,442,polygon,FALSE,TRUE,America/Chicago,3
13555,Lenape Heights,Lenape Heights,PA,Pennsylvania,42005,Armstrong,40.7633,-79.5217,1216,614,polygon,FALSE,FALSE,America/New_York,3
13556,Hughes,Hughes,AR,Arkansas,5123,St. Francis,34.9483,-90.4707,1216,207,polygon,FALSE,TRUE,America/Chicago,3
13557,Clear Lake Shores,Clear Lake Shores,TX,Texas,48167,Galveston,29.5456,-95.0329,1215,1072,polygon,FALSE,TRUE,America/Chicago,3
13558,Walker Valley,Walker Valley,NY,New York,36111,Ulster,41.6386,-74.3775,1215,221,polygon,FALSE,FALSE,America/New_York,3
13559,Courtland,Courtland,VA,Virginia,51175,Southampton,36.7123,-77.062,1215,511,polygon,FALSE,TRUE,America/New_York,3
13560,Dilkon,Dilkon,AZ,Arizona,4017,Navajo,35.3606,-110.3155,1215,28,polygon,FALSE,FALSE,America/Denver,3
13561,Salome,Salome,AZ,Arizona,4012,La Paz,33.7778,-113.6061,1215,14,polygon,FALSE,FALSE,America/Phoenix,3
13562,Geronimo,Geronimo,OK,Oklahoma,40031,Comanche,34.4852,-98.3893,1215,309,polygon,FALSE,TRUE,America/Chicago,3
13563,Oran,Oran,MO,Missouri,29201,Scott,37.0855,-89.6534,1215,445,polygon,FALSE,TRUE,America/Chicago,3
13564,Sandoval,Sandoval,IL,Illinois,17121,Marion,38.6121,-89.1193,1214,470,polygon,FALSE,TRUE,America/Chicago,3
13565,Waterville,Waterville,WA,Washington,53017,Douglas,47.648,-120.0707,1213,541,polygon,FALSE,TRUE,America/Los_Angeles,3
13566,Liberty,Liberty,UT,Utah,49057,Weber,41.3426,-111.8649,1213,80,polygon,FALSE,FALSE,America/Denver,3
13567,Lluveras,Lluveras,PR,Puerto Rico,72121,Sabana Grande,18.0381,-66.9037,1213,643,polygon,FALSE,FALSE,America/Puerto_Rico,3
13568,Rison,Rison,AR,Arkansas,5025,Cleveland,33.96,-92.1937,1212,142,polygon,FALSE,TRUE,America/Chicago,3
13569,Bethesda,Bethesda,OH,Ohio,39013,Belmont,40.0164,-81.0727,1212,750,polygon,FALSE,TRUE,America/New_York,3
13570,Victoria,Victoria,KS,Kansas,20051,Ellis,38.8538,-99.1473,1212,780,polygon,FALSE,TRUE,America/Chicago,3
13571,Tornado,Tornado,WV,West Virginia,54039,Kanawha,38.3369,-81.8551,1211,130,polygon,FALSE,FALSE,America/New_York,3
13572,North Pearsall,North Pearsall,TX,Texas,48163,Frio,28.9227,-99.0944,1211,308,polygon,FALSE,FALSE,America/Chicago,3
13573,Onancock,Onancock,VA,Virginia,51001,Accomack,37.7102,-75.7433,1211,446,polygon,FALSE,TRUE,America/New_York,3
13574,Weber City,Weber City,VA,Virginia,51169,Scott,36.6236,-82.5631,1211,273,polygon,FALSE,TRUE,America/New_York,3
13575,Warren,Warren,IN,Indiana,18069,Huntington,40.6878,-85.425,1211,431,polygon,FALSE,TRUE,America/Indiana/Indianapolis,3
13576,Scottville,Scottville,MI,Michigan,26105,Mason,43.9511,-86.2798,1211,313,polygon,FALSE,TRUE,America/Detroit,3
13577,Auburn,Auburn,KS,Kansas,20177,Shawnee,38.9077,-95.8158,1211,671,polygon,FALSE,TRUE,America/Chicago,3
13578,Claude,Claude,TX,Texas,48011,Armstrong,35.1075,-101.3628,1210,272,polygon,FALSE,TRUE,America/Chicago,3
13579,Halifax,Halifax,VA,Virginia,51083,Halifax,36.7612,-78.9279,1210,123,polygon,FALSE,TRUE,America/New_York,3
13580,Mantorville,Mantorville,MN,Minnesota,27039,Dodge,44.0656,-92.7537,1210,333,polygon,FALSE,TRUE,America/Chicago,3
13581,Byhalia,Byhalia,MS,Mississippi,28093,Marshall,34.869,-89.689,1210,65,polygon,FALSE,TRUE,America/Chicago,3
13582,Cayuco,Cayuco,PR,Puerto Rico,72141,Utuado,18.2922,-66.7348,1210,1555,polygon,FALSE,FALSE,America/Puerto_Rico,3
13583,Newburg,Newburg,WI,Wisconsin,55131,Washington,43.432,-88.0477,1209,515,polygon,FALSE,TRUE,America/Chicago,3
13584,Ola,Ola,AR,Arkansas,5149,Yell,35.031,-93.2244,1209,274,polygon,FALSE,TRUE,America/Chicago,3
13585,Clinton,Clinton,OH,Ohio,39153,Summit,40.9284,-81.6304,1209,130,polygon,FALSE,TRUE,America/New_York,3
13586,Comunas,Comunas,PR,Puerto Rico,72151,Yabucoa,18.0871,-65.8404,1209,746,polygon,FALSE,FALSE,America/Puerto_Rico,3
13587,Skyline-Ganipa,Skyline-Ganipa,NM,New Mexico,35006,Cibola,35.0328,-107.614,1208,75,polygon,FALSE,TRUE,America/Denver,3
13588,Diaz,Diaz,AR,Arkansas,5067,Jackson,35.6478,-91.262,1208,78,polygon,FALSE,TRUE,America/Chicago,3
13589,Fulda,Fulda,MN,Minnesota,27101,Murray,43.8691,-95.6023,1208,460,polygon,FALSE,TRUE,America/Chicago,3
13590,Conehatta,Conehatta,MS,Mississippi,28101,Newton,32.4601,-89.2785,1208,29,polygon,FALSE,FALSE,America/Chicago,3
13591,Heidelberg,Heidelberg,PA,Pennsylvania,42003,Allegheny,40.3914,-80.0923,1207,1644,polygon,FALSE,TRUE,America/New_York,3
13592,Buena,Buena,WA,Washington,53077,Yakima,46.4299,-120.3176,1206,684,polygon,FALSE,FALSE,America/Los_Angeles,3
13593,Iola,Iola,WI,Wisconsin,55135,Waupaca,44.5091,-89.1249,1206,278,polygon,FALSE,TRUE,America/Chicago,3
13594,China,China,TX,Texas,48245,Jefferson,30.0522,-94.3332,1206,363,polygon,FALSE,TRUE,America/Chicago,3
13595,Porter Heights,Porter Heights,TX,Texas,48339,Montgomery,30.1501,-95.3217,1206,144,polygon,FALSE,FALSE,America/Chicago,3
13596,Nixon,Nixon,PA,Pennsylvania,42019,Butler,40.7844,-79.934,1206,173,polygon,FALSE,FALSE,America/New_York,3
13597,Bogart,Bogart,GA,Georgia,13219,Oconee,33.9479,-83.5341,1206,185,polygon,FALSE,TRUE,America/New_York,3
13598,Theresa,Theresa,WI,Wisconsin,55027,Dodge,43.5164,-88.454,1205,578,polygon,FALSE,TRUE,America/Chicago,3
13599,Beach Haven,Beach Haven,NJ,New Jersey,34029,Ocean,39.566,-74.2492,1205,475,polygon,FALSE,TRUE,America/New_York,3
13600,Renovo,Renovo,PA,Pennsylvania,42035,Clinton,41.3313,-77.7478,1205,442,polygon,FALSE,TRUE,America/New_York,3
13601,New Market,New Market,AL,Alabama,1089,Madison,34.8892,-86.4226,1205,26,polygon,FALSE,FALSE,America/Chicago,3
13602,Harbor Springs,Harbor Springs,MI,Michigan,26047,Emmet,45.4324,-84.989,1205,360,polygon,FALSE,TRUE,America/Detroit,3
13603,Groveton,Groveton,NH,New Hampshire,33007,Coos,44.6048,-71.5201,1204,225,polygon,FALSE,FALSE,America/New_York,3
13604,McCaysville,McCaysville,GA,Georgia,13111,Fannin,34.9811,-84.3706,1204,308,polygon,FALSE,TRUE,America/New_York,3
13605,Hanover,Hanover,OH,Ohio,39089,Licking,40.0819,-82.2761,1204,254,polygon,FALSE,TRUE,America/New_York,3
13606,Hallstead,Hallstead,PA,Pennsylvania,42115,Susquehanna,41.9617,-75.7471,1203,1112,polygon,FALSE,TRUE,America/New_York,3
13607,Maysville,Maysville,OK,Oklahoma,40049,Garvin,34.8544,-97.3878,1203,297,polygon,FALSE,TRUE,America/Chicago,3
13608,Coleman,Coleman,MI,Michigan,26111,Midland,43.7588,-84.587,1203,372,polygon,FALSE,TRUE,America/Detroit,3
13609,Due West,Due West,SC,South Carolina,45001,Abbeville,34.3335,-82.3886,1203,284,polygon,FALSE,TRUE,America/New_York,3
13610,Monticello,Monticello,WI,Wisconsin,55045,Green,42.7456,-89.5899,1202,389,polygon,FALSE,TRUE,America/Chicago,3
13611,Wetumka,Wetumka,OK,Oklahoma,40063,Hughes,35.2409,-96.239,1202,243,polygon,FALSE,TRUE,America/Chicago,3
13612,Archie,Archie,MO,Missouri,29037,Cass,38.4826,-94.3502,1202,401,polygon,FALSE,TRUE,America/Chicago,3
13613,Glenwood City,Glenwood City,WI,Wisconsin,55109,St. Croix,45.057,-92.1714,1201,186,polygon,FALSE,TRUE,America/Chicago,3
13614,Ames,Ames,TX,Texas,48291,Liberty,30.0451,-94.7373,1201,140,polygon,FALSE,TRUE,America/Chicago,3
13615,Burlington,Burlington,ND,North Dakota,38101,Ward,48.2573,-101.4146,1201,243,polygon,FALSE,TRUE,America/Chicago,3
13616,North Apollo,North Apollo,PA,Pennsylvania,42005,Armstrong,40.5938,-79.5564,1201,853,polygon,FALSE,TRUE,America/New_York,3
13617,Saticoy,Saticoy,CA,California,6111,Ventura,34.2819,-119.1452,1201,1236,polygon,FALSE,FALSE,America/Los_Angeles,3
13618,New Madison,New Madison,OH,Ohio,39037,Darke,39.9676,-84.708,1201,1068,polygon,FALSE,TRUE,America/New_York,3
13619,Marthasville,Marthasville,MO,Missouri,29219,Warren,38.631,-91.0573,1201,542,polygon,FALSE,TRUE,America/Chicago,3
13620,Yalaha,Yalaha,FL,Florida,12069,Lake,28.7509,-81.8194,1200,81,polygon,FALSE,FALSE,America/New_York,3
13621,Shokan,Shokan,NY,New York,36111,Ulster,41.9809,-74.213,1200,119,polygon,FALSE,FALSE,America/New_York,3
13622,Vinco,Vinco,PA,Pennsylvania,42021,Cambria,40.4111,-78.8446,1200,118,polygon,FALSE,FALSE,America/New_York,3
13623,Morton,Morton,WA,Washington,53041,Lewis,46.5575,-122.2815,1199,563,polygon,FALSE,TRUE,America/Los_Angeles,3
13624,Tildenville,Tildenville,FL,Florida,12095,Orange,28.5385,-81.6026,1199,2230,polygon,FALSE,FALSE,America/New_York,2
13625,Surf City,Surf City,NJ,New Jersey,34029,Ocean,39.6646,-74.1711,1199,621,polygon,FALSE,TRUE,America/New_York,3
13626,Spur,Spur,TX,Texas,48125,Dickens,33.4701,-100.8556,1199,288,polygon,FALSE,TRUE,America/Chicago,3
13627,Alamo,Alamo,NV,Nevada,32017,Lincoln,37.3648,-115.163,1199,15,polygon,FALSE,FALSE,America/Los_Angeles,3
13628,Redway,Redway,CA,California,6023,Humboldt,40.1209,-123.822,1199,370,polygon,FALSE,FALSE,America/Los_Angeles,3
13629,Newark,Newark,AR,Arkansas,5063,Independence,35.7083,-91.4432,1199,268,polygon,FALSE,TRUE,America/Chicago,3
13630,Geneva-on-the-Lake,Geneva-on-the-Lake,OH,Ohio,39007,Ashtabula,41.8562,-80.9493,1199,210,polygon,FALSE,TRUE,America/New_York,3
13631,Archer,Archer,FL,Florida,12001,Alachua,29.54,-82.5186,1198,72,polygon,FALSE,TRUE,America/New_York,3
13632,Rapids,Rapids,NY,New York,36063,Niagara,43.0976,-78.644,1198,126,polygon,FALSE,FALSE,America/New_York,3
13633,Prices Fork,Prices Fork,VA,Virginia,51121,Montgomery,37.207,-80.4851,1198,229,polygon,FALSE,FALSE,America/New_York,3
13634,Alto,Alto,GA,Georgia,13011,Banks,34.4649,-83.5727,1198,407,polygon,FALSE,TRUE,America/New_York,3
13635,Bowling Green,Bowling Green,MD,Maryland,24001,Allegany,39.6272,-78.805,1198,480,polygon,FALSE,FALSE,America/New_York,3
13636,Byng,Byng,OK,Oklahoma,40123,Pontotoc,34.8659,-96.6678,1198,70,polygon,FALSE,TRUE,America/Chicago,3
13637,Thomas,Thomas,OK,Oklahoma,40039,Custer,35.7476,-98.7494,1198,390,polygon,FALSE,TRUE,America/Chicago,3
13638,Kenbridge,Kenbridge,VA,Virginia,51111,Lunenburg,36.9608,-78.1283,1197,200,polygon,FALSE,TRUE,America/New_York,3
13639,Locust Fork,Locust Fork,AL,Alabama,1009,Blount,33.8957,-86.6301,1197,119,polygon,FALSE,TRUE,America/Chicago,3
13640,Konawa,Konawa,OK,Oklahoma,40133,Seminole,34.9582,-96.7535,1197,352,polygon,FALSE,TRUE,America/Chicago,3
13641,Stapleton,Stapleton,AL,Alabama,1003,Baldwin,30.7394,-87.7943,1196,42,polygon,FALSE,FALSE,America/Chicago,3
13642,Broxton,Broxton,GA,Georgia,13069,Coffee,31.6248,-82.8877,1196,142,polygon,FALSE,TRUE,America/New_York,3
13643,Charlestown,Charlestown,MD,Maryland,24015,Cecil,39.579,-75.9812,1196,395,polygon,FALSE,TRUE,America/New_York,3
13644,Kenton,Kenton,TN,Tennessee,47131,Obion,36.2021,-89.0155,1195,236,polygon,FALSE,TRUE,America/Chicago,3
13645,Ladd,Ladd,IL,Illinois,17011,Bureau,41.3814,-89.2154,1195,360,polygon,FALSE,TRUE,America/Chicago,3
13646,St. Martins,St. Martins,MO,Missouri,29051,Cole,38.5943,-92.3312,1195,239,polygon,FALSE,TRUE,America/Chicago,3
13647,Plymptonville,Plymptonville,PA,Pennsylvania,42033,Clearfield,41.0426,-78.4466,1194,355,polygon,FALSE,FALSE,America/New_York,3
13648,Waverly,Waverly,IL,Illinois,17137,Morgan,39.5925,-89.9528,1194,445,polygon,FALSE,TRUE,America/Chicago,3
13649,Lincoln,Lincoln,MO,Missouri,29015,Benton,38.394,-93.3313,1194,485,polygon,FALSE,TRUE,America/Chicago,3
13650,Drain,Drain,OR,Oregon,41019,Douglas,43.662,-123.3142,1194,757,polygon,FALSE,TRUE,America/Los_Angeles,3
13651,Shullsburg,Shullsburg,WI,Wisconsin,55065,Lafayette,42.5733,-90.2348,1193,345,polygon,FALSE,TRUE,America/Chicago,3
13652,Oyster Creek,Oyster Creek,TX,Texas,48039,Brazoria,28.9978,-95.3282,1193,243,polygon,FALSE,TRUE,America/Chicago,3
13653,Watson,Watson,LA,Louisiana,22063,Livingston,30.575,-90.9508,1193,480,polygon,FALSE,FALSE,America/Chicago,3
13654,Catahoula,Catahoula,LA,Louisiana,22099,St. Martin,30.2125,-91.7127,1193,150,polygon,FALSE,FALSE,America/Chicago,3
13655,Georgetown,Georgetown,PA,Pennsylvania,42071,Lancaster,39.9426,-76.0789,1193,113,polygon,FALSE,FALSE,America/New_York,3
13656,St. Anne,St. Anne,IL,Illinois,17091,Kankakee,41.023,-87.7179,1193,554,polygon,FALSE,TRUE,America/Chicago,3
13657,Hoxie,Hoxie,KS,Kansas,20179,Sheridan,39.3558,-100.4397,1193,535,polygon,FALSE,TRUE,America/Chicago,3
13658,French Settlement,French Settlement,LA,Louisiana,22063,Livingston,30.3159,-90.8033,1192,168,polygon,FALSE,TRUE,America/Chicago,3
13659,Plainview,Plainview,NE,Nebraska,31139,Pierce,42.3534,-97.7871,1192,425,polygon,FALSE,TRUE,America/Chicago,3
13660,Maricopa,Maricopa,CA,California,6029,Kern,35.0516,-119.4054,1192,306,polygon,FALSE,TRUE,America/Los_Angeles,3
13661,Hanna City,Hanna City,IL,Illinois,17143,Peoria,40.6935,-89.8058,1192,354,polygon,FALSE,TRUE,America/Chicago,3
13662,Franklin Springs,Franklin Springs,GA,Georgia,13119,Franklin,34.284,-83.1459,1192,211,polygon,FALSE,TRUE,America/New_York,3
13663,Grand Meadow,Grand Meadow,MN,Minnesota,27099,Mower,43.7062,-92.5702,1192,674,polygon,FALSE,TRUE,America/Chicago,3
13664,Edmore,Edmore,MI,Michigan,26117,Montcalm,43.4073,-85.0367,1192,302,polygon,FALSE,TRUE,America/Detroit,3
13665,Elwood,Elwood,KS,Kansas,20043,Doniphan,39.7518,-94.8889,1192,158,polygon,FALSE,TRUE,America/Chicago,3
13666,Point Roberts,Point Roberts,WA,Washington,53073,Whatcom,48.9883,-123.0576,1191,94,polygon,FALSE,FALSE,America/Los_Angeles,3
13667,Sidney,Sidney,IL,Illinois,17019,Champaign,40.025,-88.0721,1191,737,polygon,FALSE,TRUE,America/Chicago,3
13668,Ashland,Ashland,IL,Illinois,17017,Cass,39.8885,-90.0079,1191,614,polygon,FALSE,TRUE,America/Chicago,3
13669,Moody AFB,Moody AFB,GA,Georgia,13185,Lowndes,30.9715,-83.1954,1191,113,polygon,TRUE,TRUE,America/New_York,3
13670,Rock Port,Rock Port,MO,Missouri,29005,Atchison,40.4109,-95.5332,1191,165,polygon,FALSE,TRUE,America/Chicago,3
13671,Saucier,Saucier,MS,Mississippi,28047,Harrison,30.6239,-89.1432,1191,66,polygon,FALSE,FALSE,America/Chicago,3
13672,Little Round Lake,Little Round Lake,WI,Wisconsin,55113,Sawyer,45.9697,-91.367,1190,51,polygon,FALSE,FALSE,America/Chicago,3
13673,Velva,Velva,ND,North Dakota,38049,McHenry,48.0582,-100.9329,1190,476,polygon,FALSE,TRUE,America/Chicago,3
13674,Loretto,Loretto,PA,Pennsylvania,42021,Cambria,40.5086,-78.635,1190,479,polygon,FALSE,TRUE,America/New_York,3
13675,Gretna,Gretna,VA,Virginia,51143,Pittsylvania,36.9492,-79.3646,1190,275,polygon,FALSE,TRUE,America/New_York,3
13676,Toledo,Toledo,IL,Illinois,17035,Cumberland,39.2729,-88.2419,1190,517,polygon,FALSE,TRUE,America/Chicago,3
13677,Minier,Minier,IL,Illinois,17179,Tazewell,40.4337,-89.314,1190,806,polygon,FALSE,TRUE,America/Chicago,3
13678,Potomac Heights,Potomac Heights,MD,Maryland,24017,Charles,38.5987,-77.1372,1190,428,polygon,FALSE,FALSE,America/New_York,3
13679,Animas,Animas,PR,Puerto Rico,72013,Arecibo,18.4457,-66.6365,1190,1996,polygon,FALSE,FALSE,America/Puerto_Rico,3
13680,Fort Clark Springs,Fort Clark Springs,TX,Texas,48271,Kinney,29.2937,-100.4245,1189,154,polygon,FALSE,FALSE,America/Chicago,3
13681,Kensington,Kensington,NY,New York,36059,Nassau,40.7931,-73.7221,1189,1805,polygon,FALSE,TRUE,America/New_York,3
13682,Port Byron,Port Byron,NY,New York,36011,Cayuga,43.0366,-76.6263,1189,503,polygon,FALSE,TRUE,America/New_York,3
13683,Pioche,Pioche,NV,Nevada,32017,Lincoln,37.952,-114.4435,1189,74,polygon,FALSE,FALSE,America/Los_Angeles,3
13684,Renville,Renville,MN,Minnesota,27129,Renville,44.7908,-95.2048,1189,346,polygon,FALSE,TRUE,America/Chicago,3
13685,Irvington,Irvington,KY,Kentucky,21027,Breckinridge,37.8779,-86.2846,1189,523,polygon,FALSE,TRUE,America/Chicago,3
13686,Dalton,Dalton,PA,Pennsylvania,42069,Lackawanna,41.5382,-75.739,1188,151,polygon,FALSE,TRUE,America/New_York,3
13687,Haven,Haven,KS,Kansas,20155,Reno,37.9016,-97.7831,1188,590,polygon,FALSE,TRUE,America/Chicago,3
13688,Como,Como,MS,Mississippi,28107,Panola,34.5134,-89.9391,1188,242,polygon,FALSE,TRUE,America/Chicago,3
13689,Anderson Island,Anderson Island,WA,Washington,53053,Pierce,47.1579,-122.7041,1187,57,polygon,FALSE,TRUE,America/Los_Angeles,3
13690,Franklinville,Franklinville,NC,North Carolina,37151,Randolph,35.7421,-79.6893,1187,282,polygon,FALSE,TRUE,America/New_York,3
13691,Battle Creek,Battle Creek,NE,Nebraska,31119,Madison,41.9981,-97.5994,1187,649,polygon,FALSE,TRUE,America/Chicago,3
13692,Richfield Springs,Richfield Springs,NY,New York,36077,Otsego,42.8537,-74.9862,1187,455,polygon,FALSE,TRUE,America/New_York,3
13693,Kent City,Kent City,MI,Michigan,26081,Kent,43.2203,-85.7539,1187,342,polygon,FALSE,TRUE,America/Detroit,3
13694,Punaluu,Punaluu,HI,Hawaii,15003,Honolulu,21.5811,-157.8901,1186,286,polygon,FALSE,FALSE,Pacific/Honolulu,3
13695,Boswell,Boswell,PA,Pennsylvania,42111,Somerset,40.1615,-79.0275,1186,619,polygon,FALSE,TRUE,America/New_York,3
13696,Ashaway,Ashaway,RI,Rhode Island,44009,Washington,41.4259,-71.7852,1186,192,polygon,FALSE,FALSE,America/New_York,3
13697,Harris,Harris,MN,Minnesota,27025,Chisago,45.5976,-92.9869,1186,22,polygon,FALSE,TRUE,America/Chicago,3
13698,Silver Grove,Silver Grove,KY,Kentucky,21037,Campbell,39.0404,-84.3996,1186,405,polygon,FALSE,TRUE,America/New_York,3
13699,Johnstonville,Johnstonville,CA,California,6035,Lassen,40.3789,-120.5846,1185,54,polygon,FALSE,FALSE,America/Los_Angeles,3
13700,Ak-Chin Village,Ak-Chin Village,AZ,Arizona,4021,Pinal,33.0197,-112.0808,1185,43,polygon,FALSE,FALSE,America/Phoenix,3
13701,Candelero Arriba,Candelero Arriba,PR,Puerto Rico,72069,Humacao,18.1017,-65.8342,1184,1189,polygon,FALSE,FALSE,America/Puerto_Rico,3
13702,Great Neck Gardens,Great Neck Gardens,NY,New York,36059,Nassau,40.7969,-73.7229,1183,2679,polygon,FALSE,FALSE,America/New_York,2
13703,Hebron,Hebron,IL,Illinois,17111,McHenry,42.4649,-88.4343,1183,248,polygon,FALSE,TRUE,America/Chicago,3
13704,Chatom,Chatom,AL,Alabama,1129,Washington,31.4691,-88.246,1182,42,polygon,FALSE,TRUE,America/Chicago,3
13705,South Barre,South Barre,VT,Vermont,50023,Washington,44.1646,-72.5038,1182,232,polygon,FALSE,FALSE,America/New_York,3
13706,Baltic,Baltic,CT,Connecticut,9011,New London,41.614,-72.0866,1182,366,polygon,FALSE,FALSE,America/New_York,3
13707,New Richland,New Richland,MN,Minnesota,27161,Waseca,43.8938,-93.4939,1182,766,polygon,FALSE,TRUE,America/Chicago,3
13708,Culebra,Culebra,PR,Puerto Rico,72049,Culebra,18.3105,-65.3029,1182,559,polygon,FALSE,FALSE,America/Puerto_Rico,3
13709,Kaaawa,Kaaawa,HI,Hawaii,15003,Honolulu,21.5485,-157.8534,1181,572,polygon,FALSE,FALSE,Pacific/Honolulu,3
13710,Howey-in-the-Hills,Howey-in-the-Hills,FL,Florida,12069,Lake,28.7098,-81.7798,1181,144,polygon,FALSE,TRUE,America/New_York,3
13711,West Crossett,West Crossett,AR,Arkansas,5003,Ashley,33.1488,-92.0221,1181,38,polygon,FALSE,FALSE,America/Chicago,3
13712,South Woodstock,South Woodstock,CT,Connecticut,9015,Windham,41.9275,-71.9627,1181,87,polygon,FALSE,FALSE,America/New_York,3
13713,Lincoln Center,Lincoln Center,KS,Kansas,20105,Lincoln,39.0429,-98.1468,1181,364,polygon,FALSE,TRUE,America/Chicago,3
13714,Crocker,Crocker,WA,Washington,53053,Pierce,47.0843,-122.1225,1180,63,polygon,FALSE,TRUE,America/Los_Angeles,3
13715,Valley Mills,Valley Mills,TX,Texas,48035,Bosque,31.6582,-97.4714,1180,600,polygon,FALSE,TRUE,America/Chicago,3
13716,McGill,McGill,NV,Nevada,32033,White Pine,39.402,-114.777,1180,419,polygon,FALSE,FALSE,America/Los_Angeles,3
13717,Apple Creek,Apple Creek,OH,Ohio,39169,Wayne,40.7486,-81.8333,1180,776,polygon,FALSE,TRUE,America/New_York,3
13718,New Waterford,New Waterford,OH,Ohio,39029,Columbiana,40.8478,-80.6188,1180,503,polygon,FALSE,TRUE,America/New_York,3
13719,Brodhead,Brodhead,KY,Kentucky,21203,Rockcastle,37.4027,-84.4144,1180,261,polygon,FALSE,TRUE,America/New_York,3
13720,San Antonito,San Antonito,NM,New Mexico,35001,Bernalillo,35.1575,-106.3476,1179,186,polygon,FALSE,FALSE,America/Denver,3
13721,Oakland,Oakland,NE,Nebraska,31021,Burt,41.8356,-96.4668,1179,476,polygon,FALSE,TRUE,America/Chicago,3
13722,Westfield Center,Westfield Center,OH,Ohio,39103,Medina,41.0282,-81.9314,1179,215,polygon,FALSE,TRUE,America/New_York,3
13723,Beaverton,Beaverton,MI,Michigan,26051,Gladwin,43.8811,-84.4887,1179,443,polygon,FALSE,TRUE,America/Detroit,3
13724,Marion,Marion,WI,Wisconsin,55135,Waupaca,44.6744,-88.8902,1178,185,polygon,FALSE,TRUE,America/Chicago,3
13725,Mount Gay-Shamrock,Mount Gay-Shamrock,WV,West Virginia,54045,Logan,37.8512,-82.0229,1178,60,polygon,FALSE,TRUE,America/New_York,3
13726,Randolph AFB,Randolph AFB,TX,Texas,48029,Bexar,29.5301,-98.2787,1178,110,polygon,TRUE,TRUE,America/Chicago,3
13727,Birchwood Lakes,Birchwood Lakes,PA,Pennsylvania,42103,Pike,41.2513,-74.9103,1178,364,polygon,FALSE,FALSE,America/New_York,3
13728,Comer,Comer,GA,Georgia,13195,Madison,34.0625,-83.1263,1178,140,polygon,FALSE,TRUE,America/New_York,3
13729,Pylesville,Pylesville,MD,Maryland,24025,Harford,39.688,-76.3876,1178,95,polygon,FALSE,FALSE,America/New_York,3
13730,Holly Hill,Holly Hill,SC,South Carolina,45075,Orangeburg,33.3245,-80.413,1178,348,polygon,FALSE,TRUE,America/New_York,3
13731,Baltic,Baltic,SD,South Dakota,46099,Minnehaha,43.7603,-96.7371,1178,616,polygon,FALSE,TRUE,America/Chicago,3
13732,Chico,Chico,TX,Texas,48497,Wise,33.2961,-97.7986,1177,299,polygon,FALSE,TRUE,America/Chicago,3
13733,Williamsburg,Williamsburg,PA,Pennsylvania,42013,Blair,40.4627,-78.2045,1177,1241,polygon,FALSE,TRUE,America/New_York,3
13734,Owyhee,Owyhee,NV,Nevada,32007,Elko,41.9166,-116.1822,1177,2,polygon,FALSE,FALSE,America/Los_Angeles,3
13735,Goodhue,Goodhue,MN,Minnesota,27049,Goodhue,44.4007,-92.6255,1177,493,polygon,FALSE,TRUE,America/Chicago,3
13736,Lewiston,Lewiston,MI,Michigan,26119,Montmorency,44.873,-84.3281,1177,74,polygon,FALSE,FALSE,America/Detroit,3
13737,Memphis,Memphis,MI,Michigan,26099,Macomb,42.8956,-82.7689,1177,405,polygon,FALSE,TRUE,America/Detroit,3
13738,Hebron Estates,Hebron Estates,KY,Kentucky,21029,Bullitt,38.0501,-85.6682,1177,769,polygon,FALSE,TRUE,America/New_York,3
13739,Hurley,Hurley,NM,New Mexico,35017,Grant,32.6982,-108.1321,1176,445,polygon,FALSE,TRUE,America/Denver,3
13740,Krotz Springs,Krotz Springs,LA,Louisiana,22097,St. Landry,30.5323,-91.7518,1176,262,polygon,FALSE,TRUE,America/Chicago,3
13741,Buchanan,Buchanan,GA,Georgia,13143,Haralson,33.803,-85.1803,1176,304,polygon,FALSE,TRUE,America/New_York,3
13742,Bray,Bray,OK,Oklahoma,40137,Stephens,34.616,-97.8207,1176,7,polygon,FALSE,TRUE,America/Chicago,3
13743,St. John,St. John,KS,Kansas,20185,Stafford,38,-98.7611,1176,233,polygon,FALSE,TRUE,America/Chicago,3
13744,Bowling Green,Bowling Green,VA,Virginia,51033,Caroline,38.0535,-77.3473,1175,282,polygon,FALSE,TRUE,America/New_York,3
13745,Laytonville,Laytonville,CA,California,6045,Mendocino,39.6715,-123.4945,1175,84,polygon,FALSE,FALSE,America/Los_Angeles,3
13746,Oologah,Oologah,OK,Oklahoma,40131,Rogers,36.4436,-95.7085,1175,363,polygon,FALSE,TRUE,America/Chicago,3
13747,Stanberry,Stanberry,MO,Missouri,29075,Gentry,40.2166,-94.5381,1175,323,polygon,FALSE,TRUE,America/Chicago,3
13748,Tatamy,Tatamy,PA,Pennsylvania,42095,Northampton,40.7409,-75.2561,1174,817,polygon,FALSE,TRUE,America/New_York,3
13749,Buchanan,Buchanan,VA,Virginia,51023,Botetourt,37.5211,-79.6894,1174,208,polygon,FALSE,TRUE,America/New_York,3
13750,Boley,Boley,OK,Oklahoma,40107,Okfuskee,35.4903,-96.4793,1174,275,polygon,FALSE,TRUE,America/Chicago,3
13751,Madison Lake,Madison Lake,MN,Minnesota,27013,Blue Earth,44.2044,-93.8162,1174,428,polygon,FALSE,TRUE,America/Chicago,3
13752,Pastos,Pastos,PR,Puerto Rico,72009,Aibonito,18.1193,-66.2601,1174,887,polygon,FALSE,FALSE,America/Puerto_Rico,3
13753,Lemmon,Lemmon,SD,South Dakota,46105,Perkins,45.9385,-102.1589,1174,437,polygon,FALSE,TRUE,America/Denver,3
13754,Lyles,Lyles,TN,Tennessee,47081,Hickman,35.9195,-87.345,1173,172,polygon,FALSE,FALSE,America/Chicago,3
13755,Lowell,Lowell,OR,Oregon,41039,Lane,43.9209,-122.7819,1173,523,polygon,FALSE,TRUE,America/Los_Angeles,3
13756,Jeffersonville,Jeffersonville,OH,Ohio,39047,Fayette,39.6522,-83.555,1172,270,polygon,FALSE,TRUE,America/New_York,3
13757,East Sumter,East Sumter,SC,South Carolina,45085,Sumter,33.9261,-80.295,1172,136,polygon,FALSE,FALSE,America/New_York,3
13758,Holland,Holland,TX,Texas,48027,Bell,30.8834,-97.4026,1171,273,polygon,FALSE,TRUE,America/Chicago,3
13759,West Hills,West Hills,PA,Pennsylvania,42005,Armstrong,40.8289,-79.5452,1171,138,polygon,FALSE,FALSE,America/New_York,3
13760,Duboistown,Duboistown,PA,Pennsylvania,42081,Lycoming,41.2228,-77.038,1171,818,polygon,FALSE,TRUE,America/New_York,3
13761,Christiana,Christiana,PA,Pennsylvania,42071,Lancaster,39.9545,-75.997,1171,857,polygon,FALSE,TRUE,America/New_York,3
13762,Milford,Milford,IL,Illinois,17075,Iroquois,40.6276,-87.6963,1171,681,polygon,FALSE,TRUE,America/Chicago,3
13763,Frankston,Frankston,TX,Texas,48001,Anderson,32.0561,-95.5043,1170,182,polygon,FALSE,TRUE,America/Chicago,3
13764,New Summerfield,New Summerfield,TX,Texas,48073,Cherokee,31.9807,-95.115,1170,96,polygon,FALSE,TRUE,America/Chicago,3
13765,Wisner,Wisner,NE,Nebraska,31039,Cuming,41.9878,-96.9133,1170,400,polygon,FALSE,TRUE,America/Chicago,3
13766,Silverhill,Silverhill,AL,Alabama,1003,Baldwin,30.5455,-87.7505,1170,359,polygon,FALSE,TRUE,America/Chicago,3
13767,Cuba,Cuba,IL,Illinois,17057,Fulton,40.4936,-90.1933,1170,831,polygon,FALSE,TRUE,America/Chicago,3
13768,Coburg,Coburg,OR,Oregon,41039,Lane,44.1393,-123.0588,1170,437,polygon,FALSE,TRUE,America/Los_Angeles,3
13769,Princeton,Princeton,WI,Wisconsin,55047,Green Lake,43.8526,-89.1305,1169,291,polygon,FALSE,TRUE,America/Chicago,3
13770,Terrytown,Terrytown,NE,Nebraska,31157,Scotts Bluff,41.8465,-103.6705,1169,954,polygon,FALSE,TRUE,America/Denver,3
13771,Kingston,Kingston,IL,Illinois,17037,DeKalb,42.1008,-88.7619,1169,458,polygon,FALSE,TRUE,America/Chicago,3
13772,Mooreland,Mooreland,OK,Oklahoma,40153,Woodward,36.4379,-99.2045,1169,537,polygon,FALSE,TRUE,America/Chicago,3
13773,Bushyhead,Bushyhead,OK,Oklahoma,40131,Rogers,36.4596,-95.5164,1169,30,polygon,FALSE,FALSE,America/Chicago,3
13774,Nicollet,Nicollet,MN,Minnesota,27103,Nicollet,44.2747,-94.1885,1169,477,polygon,FALSE,TRUE,America/Chicago,3
13775,Yamhill,Yamhill,OR,Oregon,41071,Yamhill,45.3412,-123.1851,1169,1067,polygon,FALSE,TRUE,America/Los_Angeles,3
13776,Skidmore,Skidmore,TX,Texas,48025,Bee,28.2626,-97.6855,1168,42,polygon,FALSE,FALSE,America/Chicago,3
13777,Pine Grove Mills,Pine Grove Mills,PA,Pennsylvania,42027,Centre,40.7315,-77.8884,1168,180,polygon,FALSE,FALSE,America/New_York,3
13778,Babson Park,Babson Park,FL,Florida,12105,Polk,27.8342,-81.5281,1167,295,polygon,FALSE,FALSE,America/New_York,3
13779,Roseboro,Roseboro,NC,North Carolina,37163,Sampson,34.9536,-78.5121,1167,372,polygon,FALSE,TRUE,America/New_York,3
13780,Factoryville,Factoryville,PA,Pennsylvania,42131,Wyoming,41.5602,-75.7822,1167,580,polygon,FALSE,TRUE,America/New_York,3
13781,Newcastle,Newcastle,CA,California,6061,Placer,38.8677,-121.1318,1167,188,polygon,FALSE,FALSE,America/Los_Angeles,3
13782,Paris,Paris,MO,Missouri,29137,Monroe,39.4773,-92.0039,1167,357,polygon,FALSE,TRUE,America/Chicago,3
13783,La Villita,La Villita,NM,New Mexico,35039,Rio Arriba,36.1001,-106.0514,1166,330,polygon,FALSE,FALSE,America/Denver,3
13784,Clarksville,Clarksville,VA,Virginia,51117,Mecklenburg,36.6172,-78.5639,1166,154,polygon,FALSE,TRUE,America/New_York,3
13785,Fountain Green,Fountain Green,UT,Utah,49039,Sanpete,39.6281,-111.6413,1166,359,polygon,FALSE,TRUE,America/Denver,3
13786,Covelo,Covelo,CA,California,6045,Mendocino,39.8025,-123.2499,1165,63,polygon,FALSE,FALSE,America/Los_Angeles,3
13787,Leadwood,Leadwood,MO,Missouri,29187,St. Francois,37.8618,-90.5892,1165,388,polygon,FALSE,TRUE,America/Chicago,3
13788,Home,Home,WA,Washington,53053,Pierce,47.279,-122.7744,1164,71,polygon,FALSE,FALSE,America/Los_Angeles,3
13789,Bellefonte,Bellefonte,DE,Delaware,10003,New Castle,39.7669,-75.4982,1164,2536,polygon,FALSE,TRUE,America/New_York,2
13790,Potter Lake,Potter Lake,WI,Wisconsin,55127,Walworth,42.8196,-88.3487,1164,427,polygon,FALSE,FALSE,America/Chicago,3
13791,West Mayfield,West Mayfield,PA,Pennsylvania,42007,Beaver,40.7802,-80.3387,1164,565,polygon,FALSE,TRUE,America/New_York,3
13792,Aguila,Aguila,AZ,Arizona,4013,Maricopa,33.9376,-113.1665,1164,286,polygon,FALSE,FALSE,America/Phoenix,3
13793,Central High,Central High,OK,Oklahoma,40137,Stephens,34.617,-98.0892,1164,8,polygon,FALSE,TRUE,America/Chicago,3
13794,Goodman,Goodman,MS,Mississippi,28051,Holmes,32.9677,-89.9128,1164,546,polygon,FALSE,TRUE,America/Chicago,3
13795,Molino,Molino,FL,Florida,12033,Escambia,30.7123,-87.324,1163,64,polygon,FALSE,FALSE,America/Chicago,3
13796,Harbor Isle,Harbor Isle,NY,New York,36059,Nassau,40.6019,-73.6647,1163,2574,polygon,FALSE,FALSE,America/New_York,2
13797,Duncansville,Duncansville,PA,Pennsylvania,42013,Blair,40.4263,-78.4303,1163,843,polygon,FALSE,TRUE,America/New_York,3
13798,Wiggins,Wiggins,CO,Colorado,8087,Morgan,40.2286,-104.0724,1163,339,polygon,FALSE,TRUE,America/Denver,3
13799,Harold,Harold,FL,Florida,12113,Santa Rosa,30.6771,-86.831,1162,30,polygon,FALSE,FALSE,America/Chicago,3
13800,Bellerose,Bellerose,NY,New York,36059,Nassau,40.7242,-73.7167,1162,3606,polygon,FALSE,TRUE,America/New_York,2
13801,Seneca,Seneca,PA,Pennsylvania,42121,Venango,41.377,-79.7073,1162,199,polygon,FALSE,FALSE,America/New_York,3
13802,Pleasanton,Pleasanton,KS,Kansas,20107,Linn,38.179,-94.7053,1162,215,polygon,FALSE,TRUE,America/Chicago,3
13803,Burwell,Burwell,NE,Nebraska,31071,Garfield,41.78,-99.1341,1161,432,polygon,FALSE,TRUE,America/Chicago,3
13804,Telford,Telford,TN,Tennessee,47179,Washington,36.2534,-82.5478,1161,181,polygon,FALSE,FALSE,America/New_York,3
13805,Loma,Loma,CO,Colorado,8077,Mesa,39.2075,-108.805,1161,41,polygon,FALSE,FALSE,America/Denver,3
13806,Sea Ranch,Sea Ranch,CA,California,6097,Sonoma,38.7165,-123.4527,1161,27,polygon,FALSE,FALSE,America/Los_Angeles,3
13807,Toulon,Toulon,IL,Illinois,17175,Stark,41.0935,-89.8633,1161,440,polygon,FALSE,TRUE,America/Chicago,3
13808,Ucon,Ucon,ID,Idaho,16019,Bonneville,43.5935,-111.9595,1161,560,polygon,FALSE,TRUE,America/Boise,3
13809,Coldstream,Coldstream,KY,Kentucky,21111,Jefferson,38.3144,-85.5264,1161,2027,polygon,FALSE,TRUE,America/New_York,2
13810,Cascade Locks,Cascade Locks,OR,Oregon,41027,Hood River,45.6763,-121.8719,1161,215,polygon,FALSE,TRUE,America/Los_Angeles,3
13811,Lecompte,Lecompte,LA,Louisiana,22079,Rapides,31.0881,-92.3999,1160,421,polygon,FALSE,TRUE,America/Chicago,3
13812,Sibley,Sibley,LA,Louisiana,22119,Webster,32.5423,-93.2947,1160,115,polygon,FALSE,TRUE,America/Chicago,3
13813,Tok,Tok,AK,Alaska,2240,Southeast Fairbanks,63.329,-143.0379,1160,3,polygon,FALSE,FALSE,America/Anchorage,3
13814,Millbourne,Millbourne,PA,Pennsylvania,42045,Delaware,39.9638,-75.2527,1160,6042,polygon,FALSE,TRUE,America/New_York,2
13815,Pine Bluffs,Pine Bluffs,WY,Wyoming,56021,Laramie,41.1803,-104.0692,1159,138,polygon,FALSE,TRUE,America/Denver,3
13816,Pine Island,Pine Island,TX,Texas,48473,Waller,30.0554,-96.0253,1159,47,polygon,FALSE,TRUE,America/Chicago,3
13817,Deville,Deville,LA,Louisiana,22079,Rapides,31.3398,-92.1389,1159,34,polygon,FALSE,FALSE,America/Chicago,3
13818,Albany,Albany,LA,Louisiana,22063,Livingston,30.4996,-90.584,1159,346,polygon,FALSE,TRUE,America/Chicago,3
13819,Squirrel Mountain Valley,Squirrel Mountain Valley,CA,California,6029,Kern,35.6176,-118.4046,1159,248,polygon,FALSE,FALSE,America/Los_Angeles,3
13820,Homer,Homer,IL,Illinois,17019,Champaign,40.0335,-87.9578,1159,456,polygon,FALSE,TRUE,America/Chicago,3
13821,Hiram,Hiram,OH,Ohio,39133,Portage,41.3113,-81.1429,1159,408,polygon,FALSE,TRUE,America/New_York,3
13822,Bratenahl,Bratenahl,OH,Ohio,39035,Cuyahoga,41.5546,-81.6046,1159,436,polygon,FALSE,TRUE,America/New_York,3
13823,Wellsville,Wellsville,MO,Missouri,29139,Montgomery,39.0734,-91.5692,1159,291,polygon,FALSE,TRUE,America/Chicago,3
13824,Colfax,Colfax,WI,Wisconsin,55033,Dunn,44.997,-91.7264,1158,322,polygon,FALSE,TRUE,America/Chicago,3
13825,Malta,Malta,IL,Illinois,17037,DeKalb,41.9291,-88.867,1158,731,polygon,FALSE,TRUE,America/Chicago,3
13826,Atwood,Atwood,IL,Illinois,17041,Douglas,39.7992,-88.4626,1158,722,polygon,FALSE,TRUE,America/Chicago,3
13827,Long Beach,Long Beach,IN,Indiana,18091,LaPorte,41.7435,-86.8521,1158,428,polygon,FALSE,TRUE,America/Chicago,3
13828,Botkins,Botkins,OH,Ohio,39149,Shelby,40.4587,-84.1782,1158,354,polygon,FALSE,TRUE,America/New_York,3
13829,Colon,Colon,MI,Michigan,26149,St. Joseph,41.9592,-85.3229,1158,325,polygon,FALSE,TRUE,America/Detroit,3
13830,South Gull Lake,South Gull Lake,MI,Michigan,26077,Kalamazoo,42.3901,-85.4008,1158,331,polygon,FALSE,FALSE,America/Detroit,3
13831,Palm Shores,Palm Shores,FL,Florida,12009,Brevard,28.1918,-80.6593,1157,743,polygon,FALSE,TRUE,America/New_York,3
13832,Leetsdale,Leetsdale,PA,Pennsylvania,42003,Allegheny,40.5656,-80.2142,1157,446,polygon,FALSE,TRUE,America/New_York,3
13833,Mapleton,Mapleton,IA,Iowa,19133,Monona,42.1671,-95.7904,1157,278,polygon,FALSE,TRUE,America/Chicago,3
13834,Ponderay,Ponderay,ID,Idaho,16017,Bonner,48.3091,-116.539,1157,152,polygon,FALSE,TRUE,America/Los_Angeles,3
13835,Stone Ridge,Stone Ridge,NY,New York,36111,Ulster,41.8414,-74.1539,1156,86,polygon,FALSE,FALSE,America/New_York,3
13836,Avonia,Avonia,PA,Pennsylvania,42049,Erie,42.047,-80.2765,1156,169,polygon,FALSE,FALSE,America/New_York,3
13837,Monte Rio,Monte Rio,CA,California,6097,Sonoma,38.4683,-123.0147,1156,234,polygon,FALSE,FALSE,America/Los_Angeles,3
13838,Yellville,Yellville,AR,Arkansas,5089,Marion,36.2289,-92.686,1156,179,polygon,FALSE,TRUE,America/Chicago,3
13839,Oglethorpe,Oglethorpe,GA,Georgia,13193,Macon,32.2935,-84.0623,1156,223,polygon,FALSE,TRUE,America/New_York,3
13840,Komatke,Komatke,AZ,Arizona,4013,Maricopa,33.2953,-112.1615,1156,199,polygon,FALSE,FALSE,America/Phoenix,3
13841,Riverside,Riverside,ID,Idaho,16011,Bingham,43.1965,-112.4356,1156,208,polygon,FALSE,FALSE,America/Boise,3
13842,Brushy,Brushy,OK,Oklahoma,40135,Sequoyah,35.5578,-94.7434,1156,17,polygon,FALSE,FALSE,America/Chicago,3
13843,Hettinger,Hettinger,ND,North Dakota,38001,Adams,46.0034,-102.635,1155,537,polygon,FALSE,TRUE,America/Denver,3
13844,Fort Deposit,Fort Deposit,AL,Alabama,1085,Lowndes,31.9863,-86.5664,1155,78,polygon,FALSE,TRUE,America/Chicago,3
13845,Remington,Remington,IN,Indiana,18073,Jasper,40.765,-87.1556,1155,356,polygon,FALSE,TRUE,America/Indiana/Indianapolis,3
13846,Lake Lure,Lake Lure,NC,North Carolina,37161,Rutherford,35.4404,-82.2064,1154,33,polygon,FALSE,TRUE,America/New_York,3
13847,Wallenpaupack Lake Estates,Wallenpaupack Lake Estates,PA,Pennsylvania,42127,Wayne,41.3957,-75.2731,1154,257,polygon,FALSE,FALSE,America/New_York,3
13848,Hastings,Hastings,PA,Pennsylvania,42021,Cambria,40.6647,-78.7094,1154,803,polygon,FALSE,TRUE,America/New_York,3
13849,Lakeville,Lakeville,CT,Connecticut,9005,Litchfield,41.9594,-73.4467,1154,141,polygon,FALSE,FALSE,America/New_York,3
13850,Ship Bottom,Ship Bottom,NJ,New Jersey,34029,Ocean,39.6459,-74.1835,1153,625,polygon,FALSE,TRUE,America/New_York,3
13851,Hawley,Hawley,PA,Pennsylvania,42127,Wayne,41.4765,-75.1779,1153,766,polygon,FALSE,TRUE,America/New_York,3
13852,Frisco City,Frisco City,AL,Alabama,1099,Monroe,31.4353,-87.4037,1153,110,polygon,FALSE,TRUE,America/Chicago,3
13853,Ohatchee,Ohatchee,AL,Alabama,1015,Calhoun,33.7877,-86.028,1153,75,polygon,FALSE,TRUE,America/Chicago,3
13854,Taos,Taos,MO,Missouri,29051,Cole,38.5157,-92.0647,1153,69,polygon,FALSE,TRUE,America/Chicago,3
13855,Elbow Lake,Elbow Lake,MN,Minnesota,27051,Grant,45.9905,-95.9776,1153,334,polygon,FALSE,TRUE,America/Chicago,3
13856,Valley Falls,Valley Falls,KS,Kansas,20087,Jefferson,39.3408,-95.4612,1153,632,polygon,FALSE,TRUE,America/Chicago,3
13857,Port Orford,Port Orford,OR,Oregon,41015,Curry,42.7497,-124.4973,1153,285,polygon,FALSE,TRUE,America/Los_Angeles,3
13858,Lucama,Lucama,NC,North Carolina,37195,Wilson,35.6447,-78.0072,1152,717,polygon,FALSE,TRUE,America/New_York,3
13859,Meadowlands,Meadowlands,PA,Pennsylvania,42125,Washington,40.2173,-80.23,1152,503,polygon,FALSE,TRUE,America/New_York,3
13860,Julesburg,Julesburg,CO,Colorado,8115,Sedgwick,40.9849,-102.2627,1152,294,polygon,FALSE,TRUE,America/Denver,3
13861,Grabill,Grabill,IN,Indiana,18003,Allen,41.2098,-84.9681,1152,720,polygon,FALSE,TRUE,America/Indiana/Indianapolis,3
13862,Clarkton,Clarkton,MO,Missouri,29069,Dunklin,36.4521,-89.9681,1152,393,polygon,FALSE,TRUE,America/Chicago,3
13863,Cloverport,Cloverport,KY,Kentucky,21027,Breckinridge,37.8312,-86.6304,1152,304,polygon,FALSE,TRUE,America/Chicago,3
13864,Webster,Webster,FL,Florida,12119,Sumter,28.6115,-82.0509,1151,334,polygon,FALSE,TRUE,America/New_York,3
13865,Laguna,Laguna,NM,New Mexico,35006,Cibola,35.0504,-107.4071,1151,40,polygon,FALSE,FALSE,America/Denver,3
13866,Palo Cedro,Palo Cedro,CA,California,6089,Shasta,40.5511,-122.2363,1151,120,polygon,FALSE,FALSE,America/Los_Angeles,3
13867,Elkhorn,Elkhorn,CA,California,6053,Monterey,36.8103,-121.7212,1151,92,polygon,FALSE,FALSE,America/Los_Angeles,3
13868,Windsor,Windsor,IL,Illinois,17173,Shelby,39.4389,-88.5953,1151,705,polygon,FALSE,TRUE,America/Chicago,3
13869,Norris City,Norris City,IL,Illinois,17193,White,37.979,-88.3279,1151,379,polygon,FALSE,TRUE,America/Chicago,3
13870,Catawba,Catawba,SC,South Carolina,45091,York,34.8464,-80.9061,1151,44,polygon,FALSE,FALSE,America/New_York,3
13871,West Swanzey,West Swanzey,NH,New Hampshire,33005,Cheshire,42.8707,-72.3225,1150,172,polygon,FALSE,FALSE,America/New_York,3
13872,White Plains,White Plains,NC,North Carolina,37171,Surry,36.4451,-80.6351,1150,110,polygon,FALSE,FALSE,America/New_York,3
13873,March ARB,March ARB,CA,California,6065,Riverside,33.8888,-117.2776,1150,37,polygon,TRUE,TRUE,America/Los_Angeles,3
13874,Griggsville,Griggsville,IL,Illinois,17149,Pike,39.7078,-90.7275,1150,401,polygon,FALSE,TRUE,America/Chicago,3
13875,Barnsdall,Barnsdall,OK,Oklahoma,40113,Osage,36.5609,-96.1626,1150,759,polygon,FALSE,TRUE,America/Chicago,3
13876,Chums Corner,Chums Corner,MI,Michigan,26055,Grand Traverse,44.6767,-85.6564,1150,166,polygon,FALSE,FALSE,America/Detroit,3
13877,Whitehall,Whitehall,MT,Montana,30043,Jefferson,45.8709,-112.0975,1150,629,polygon,FALSE,TRUE,America/Denver,3
13878,Nortonville,Nortonville,KY,Kentucky,21107,Hopkins,37.186,-87.4556,1150,382,polygon,FALSE,TRUE,America/Chicago,3
13879,Yarrow Point,Yarrow Point,WA,Washington,53033,King,47.6488,-122.2188,1149,1211,polygon,FALSE,TRUE,America/Los_Angeles,3
13880,Monongah,Monongah,WV,West Virginia,54049,Marion,39.4598,-80.2185,1149,909,polygon,FALSE,TRUE,America/New_York,3
13881,Lindsay,Lindsay,TX,Texas,48097,Cooke,33.6415,-97.2186,1149,272,polygon,FALSE,TRUE,America/Chicago,3
13882,Banner Elk,Banner Elk,NC,North Carolina,37011,Avery,36.1588,-81.8677,1149,231,polygon,FALSE,TRUE,America/New_York,3
13883,Riner,Riner,VA,Virginia,51121,Montgomery,37.0675,-80.4405,1149,304,polygon,FALSE,FALSE,America/New_York,3
13884,Oxford,Oxford,IN,Indiana,18007,Benton,40.5214,-87.2482,1149,810,polygon,FALSE,TRUE,America/Indiana/Indianapolis,3
13885,Grandview,Grandview,OH,Ohio,39061,Hamilton,39.1922,-84.7245,1149,102,polygon,FALSE,FALSE,America/New_York,3
13886,Fruitport,Fruitport,MI,Michigan,26121,Muskegon,43.1248,-86.1561,1149,488,polygon,FALSE,TRUE,America/Detroit,3
13887,Cornwells Heights,Cornwells Heights,PA,Pennsylvania,42017,Bucks,40.0771,-74.9516,1148,932,polygon,FALSE,FALSE,America/New_York,3
13888,Mineral Springs,Mineral Springs,AR,Arkansas,5061,Howard,33.8767,-93.9218,1148,197,polygon,FALSE,TRUE,America/Chicago,3
13889,Andalusia,Andalusia,IL,Illinois,17161,Rock Island,41.4374,-90.7165,1148,377,polygon,FALSE,TRUE,America/Chicago,3
13890,Bingham Farms,Bingham Farms,MI,Michigan,26125,Oakland,42.5176,-83.278,1148,364,polygon,FALSE,TRUE,America/Detroit,3
13891,Augusta,Augusta,KY,Kentucky,21023,Bracken,38.7723,-84.0003,1148,372,polygon,FALSE,TRUE,America/New_York,3
13892,Reedsville,Reedsville,WI,Wisconsin,55071,Manitowoc,44.1525,-87.9517,1147,363,polygon,FALSE,TRUE,America/Chicago,3
13893,Bronson,Bronson,FL,Florida,12075,Levy,29.4501,-82.6391,1147,103,polygon,FALSE,TRUE,America/New_York,3
13894,Union Springs,Union Springs,NY,New York,36011,Cayuga,42.8458,-76.691,1147,253,polygon,FALSE,TRUE,America/New_York,3
13895,Gilbert,Gilbert,IA,Iowa,19169,Story,42.1062,-93.6461,1147,401,polygon,FALSE,TRUE,America/Chicago,3
13896,Garretson,Garretson,SD,South Dakota,46099,Minnehaha,43.7149,-96.5026,1147,304,polygon,FALSE,TRUE,America/Chicago,3
13897,Tenaha,Tenaha,TX,Texas,48419,Shelby,31.944,-94.2457,1146,118,polygon,FALSE,TRUE,America/Chicago,3
13898,Apalachin,Apalachin,NY,New York,36107,Tioga,42.0705,-76.1626,1146,303,polygon,FALSE,FALSE,America/New_York,3
13899,Third Lake,Third Lake,IL,Illinois,17097,Lake,42.3708,-88.0122,1146,754,polygon,FALSE,TRUE,America/Chicago,3
13900,Kellyville,Kellyville,OK,Oklahoma,40037,Creek,35.9482,-96.2143,1146,376,polygon,FALSE,TRUE,America/Chicago,3
13901,Minturn,Minturn,CO,Colorado,8037,Eagle,39.5461,-106.3873,1145,57,polygon,FALSE,TRUE,America/Denver,3
13902,Big River,Big River,CA,California,6071,San Bernardino,34.1393,-114.3604,1145,40,polygon,FALSE,FALSE,America/Los_Angeles,3
13903,Castle Hill,Castle Hill,CA,California,6013,Contra Costa,37.8729,-122.0573,1145,607,polygon,FALSE,TRUE,America/Los_Angeles,3
13904,Grass Lake,Grass Lake,MI,Michigan,26075,Jackson,42.2511,-84.2075,1145,470,polygon,FALSE,TRUE,America/Detroit,3
13905,Killdeer,Killdeer,ND,North Dakota,38025,Dunn,47.3673,-102.7535,1144,484,polygon,FALSE,TRUE,America/Denver,3
13906,Elk Run Heights,Elk Run Heights,IA,Iowa,19013,Black Hawk,42.4662,-92.2501,1144,415,polygon,FALSE,TRUE,America/Chicago,3
13907,Camargo,Camargo,KY,Kentucky,21173,Montgomery,37.997,-83.8926,1144,201,polygon,FALSE,TRUE,America/New_York,3
13908,Athena,Athena,OR,Oregon,41059,Umatilla,45.8132,-118.4924,1144,776,polygon,FALSE,TRUE,America/Los_Angeles,3
13909,Boonville,Boonville,NC,North Carolina,37197,Yadkin,36.234,-80.7093,1143,368,polygon,FALSE,TRUE,America/New_York,3
13910,Pala,Pala,CA,California,6073,San Diego,33.3617,-117.0696,1143,105,polygon,FALSE,FALSE,America/Los_Angeles,3
13911,La Harpe,La Harpe,IL,Illinois,17067,Hancock,40.5848,-90.9698,1143,323,polygon,FALSE,TRUE,America/Chicago,3
13912,Fletcher,Fletcher,OK,Oklahoma,40031,Comanche,34.8224,-98.2391,1143,536,polygon,FALSE,TRUE,America/Chicago,3
13913,Corvallis,Corvallis,MT,Montana,30081,Ravalli,46.314,-114.1121,1143,765,polygon,FALSE,FALSE,America/Denver,3
13914,Woodworth,Woodworth,LA,Louisiana,22079,Rapides,31.1655,-92.5096,1142,49,polygon,FALSE,TRUE,America/Chicago,3
13915,Mount Gilead,Mount Gilead,NC,North Carolina,37123,Montgomery,35.2163,-80.0047,1142,126,polygon,FALSE,TRUE,America/New_York,3
13916,Villisca,Villisca,IA,Iowa,19137,Montgomery,40.9298,-94.9819,1142,231,polygon,FALSE,TRUE,America/Chicago,3
13917,Manasota Key,Manasota Key,FL,Florida,12015,Charlotte,26.9226,-82.3537,1141,421,polygon,FALSE,FALSE,America/New_York,3
13918,Elton,Elton,LA,Louisiana,22053,Jefferson Davis,30.4812,-92.6976,1141,267,polygon,FALSE,TRUE,America/Chicago,3
13919,Alma,Alma,NE,Nebraska,31083,Harlan,40.1036,-99.3656,1141,383,polygon,FALSE,TRUE,America/Chicago,3
13920,Bradford Woods,Bradford Woods,PA,Pennsylvania,42003,Allegheny,40.6369,-80.0809,1141,495,polygon,FALSE,TRUE,America/New_York,3
13921,Fowler,Fowler,CO,Colorado,8089,Otero,38.1304,-104.0264,1141,787,polygon,FALSE,TRUE,America/Denver,3
13922,Shandon,Shandon,CA,California,6079,San Luis Obispo,35.6536,-120.3831,1141,149,polygon,FALSE,FALSE,America/Los_Angeles,3
13923,Nahunta,Nahunta,GA,Georgia,13025,Brantley,31.2065,-81.9814,1141,156,polygon,FALSE,TRUE,America/New_York,3
13924,Meeker,Meeker,OK,Oklahoma,40081,Lincoln,35.4852,-96.8951,1141,155,polygon,FALSE,TRUE,America/Chicago,3
13925,Langley,Langley,WA,Washington,53029,Island,48.0337,-122.4084,1140,436,polygon,FALSE,TRUE,America/Los_Angeles,3
13926,Discovery Harbour,Discovery Harbour,HI,Hawaii,15001,Hawaii,19.0415,-155.6254,1140,123,polygon,FALSE,FALSE,Pacific/Honolulu,3
13927,Kempner,Kempner,TX,Texas,48281,Lampasas,31.0755,-97.9727,1140,214,polygon,FALSE,TRUE,America/Chicago,3
13928,Riceville,Riceville,TN,Tennessee,47107,McMinn,35.3895,-84.699,1140,202,polygon,FALSE,FALSE,America/New_York,3
13929,Oakland,Oakland,OK,Oklahoma,40095,Marshall,34.0975,-96.7978,1140,364,polygon,FALSE,TRUE,America/Chicago,3
13930,Oakland,Oakland,SC,South Carolina,45085,Sumter,33.9868,-80.4972,1140,647,polygon,FALSE,FALSE,America/New_York,3
13931,Greenwood,Greenwood,DE,Delaware,10005,Sussex,38.8066,-75.5897,1139,518,polygon,FALSE,TRUE,America/New_York,3
13932,Stromsburg,Stromsburg,NE,Nebraska,31143,Polk,41.116,-97.591,1139,434,polygon,FALSE,TRUE,America/Chicago,3
13933,Payne,Payne,OH,Ohio,39125,Paulding,41.0797,-84.7272,1139,648,polygon,FALSE,TRUE,America/New_York,3
13934,Marcellus,Marcellus,MI,Michigan,26027,Cass,42.0261,-85.8131,1139,644,polygon,FALSE,TRUE,America/Detroit,3
13935,Plains,Plains,MT,Montana,30089,Sanders,47.4602,-114.8842,1139,715,polygon,FALSE,TRUE,America/Denver,3
13936,Runge,Runge,TX,Texas,48255,Karnes,28.8859,-97.7134,1138,373,polygon,FALSE,TRUE,America/Chicago,3
13937,Lorenzo,Lorenzo,TX,Texas,48107,Crosby,33.6703,-101.5361,1138,460,polygon,FALSE,TRUE,America/Chicago,3
13938,Okeene,Okeene,OK,Oklahoma,40011,Blaine,36.1171,-98.3165,1138,190,polygon,FALSE,TRUE,America/Chicago,3
13939,Reno,Reno,OH,Ohio,39167,Washington,39.3769,-81.3932,1138,572,polygon,FALSE,FALSE,America/New_York,3
13940,White Sands,White Sands,NM,New Mexico,35013,Doña Ana,32.3808,-106.4836,1137,127,polygon,TRUE,TRUE,America/Denver,3
13941,Southmayd,Southmayd,TX,Texas,48181,Grayson,33.6233,-96.7286,1137,157,polygon,FALSE,TRUE,America/Chicago,3
13942,Farm Loop,Farm Loop,AK,Alaska,2170,Matanuska-Susitna,61.6394,-149.1471,1137,63,polygon,FALSE,TRUE,America/Anchorage,3
13943,Palmdale,Palmdale,PA,Pennsylvania,42043,Dauphin,40.2963,-76.6233,1137,295,polygon,FALSE,FALSE,America/New_York,3
13944,Andrews,Andrews,IN,Indiana,18069,Huntington,40.8604,-85.6023,1137,692,polygon,FALSE,TRUE,America/Indiana/Indianapolis,3
13945,Springville,Springville,IA,Iowa,19113,Linn,42.0529,-91.4458,1137,614,polygon,FALSE,TRUE,America/Chicago,3
13946,Lapwai,Lapwai,ID,Idaho,16069,Nez Perce,46.4034,-116.8041,1137,580,polygon,FALSE,TRUE,America/Los_Angeles,3
13947,Lake Lorelei,Lake Lorelei,OH,Ohio,39015,Brown,39.1875,-83.9716,1137,199,polygon,FALSE,TRUE,America/New_York,3
13948,Little Rock,Little Rock,MN,Minnesota,27007,Beltrami,47.8667,-95.106,1137,60,polygon,FALSE,FALSE,America/Chicago,3
13949,Plantersville,Plantersville,MS,Mississippi,28081,Lee,34.2103,-88.6655,1137,209,polygon,FALSE,TRUE,America/Chicago,3
13950,Terramuggus,Terramuggus,CT,Connecticut,9003,Hartford,41.6342,-72.4692,1136,381,polygon,FALSE,FALSE,America/New_York,3
13951,Sardinia,Sardinia,OH,Ohio,39015,Brown,39.0072,-83.8022,1136,255,polygon,FALSE,TRUE,America/New_York,3
13952,Yemassee,Yemassee,SC,South Carolina,45049,Hampton,32.6722,-80.8508,1136,56,polygon,FALSE,TRUE,America/New_York,3
13953,Dane,Dane,WI,Wisconsin,55025,Dane,43.2499,-89.4996,1135,382,polygon,FALSE,TRUE,America/Chicago,3
13954,Rocksprings,Rocksprings,TX,Texas,48137,Edwards,30.0172,-100.2128,1135,360,polygon,FALSE,TRUE,America/Chicago,3
13955,Gruver,Gruver,TX,Texas,48195,Hansford,36.2562,-101.4122,1135,397,polygon,FALSE,TRUE,America/Chicago,3
13956,Lost Creek,Lost Creek,TX,Texas,48453,Travis,30.3024,-97.8498,1135,217,polygon,FALSE,FALSE,America/Chicago,3
13957,Albers,Albers,IL,Illinois,17027,Clinton,38.5452,-89.6142,1135,518,polygon,FALSE,TRUE,America/Chicago,3
13958,Forrest,Forrest,IL,Illinois,17105,Livingston,40.7511,-88.4097,1135,678,polygon,FALSE,TRUE,America/Chicago,3
13959,La Monte,La Monte,MO,Missouri,29159,Pettis,38.772,-93.4236,1135,387,polygon,FALSE,TRUE,America/Chicago,3
13960,Timpson,Timpson,TX,Texas,48419,Shelby,31.9065,-94.3971,1134,174,polygon,FALSE,TRUE,America/Chicago,3
13961,Matheny,Matheny,CA,California,6107,Tulare,36.1707,-119.3516,1134,1022,polygon,FALSE,TRUE,America/Los_Angeles,3
13962,East Newnan,East Newnan,GA,Georgia,13077,Coweta,33.3461,-84.7763,1134,154,polygon,FALSE,FALSE,America/New_York,3
13963,Oolitic,Oolitic,IN,Indiana,18093,Lawrence,38.8935,-86.5254,1134,656,polygon,FALSE,TRUE,America/Indiana/Indianapolis,3
13964,Cole Camp,Cole Camp,MO,Missouri,29015,Benton,38.4595,-93.2025,1134,336,polygon,FALSE,TRUE,America/Chicago,3
13965,Lake Koshkonong,Lake Koshkonong,WI,Wisconsin,55055,Jefferson,42.8838,-88.9424,1133,30,polygon,FALSE,FALSE,America/Chicago,3
13966,Waelder,Waelder,TX,Texas,48177,Gonzales,29.6943,-97.2972,1133,342,polygon,FALSE,TRUE,America/Chicago,3
13967,Pierce,Pierce,CO,Colorado,8123,Weld,40.6335,-104.7551,1133,521,polygon,FALSE,TRUE,America/Denver,3
13968,Mi-Wuk Village,Mi-Wuk Village,CA,California,6109,Tuolumne,38.057,-120.179,1133,157,polygon,FALSE,FALSE,America/Los_Angeles,3
13969,Fairbank,Fairbank,IA,Iowa,19019,Buchanan,42.64,-92.0477,1133,597,polygon,FALSE,TRUE,America/Chicago,3
13970,Heritage Creek,Heritage Creek,KY,Kentucky,21111,Jefferson,38.0952,-85.6125,1133,968,polygon,FALSE,TRUE,America/New_York,3
13971,Petersburg,Petersburg,TX,Texas,48189,Hale,33.871,-101.5974,1132,540,polygon,FALSE,TRUE,America/Chicago,3
13972,Red Boiling Springs,Red Boiling Springs,TN,Tennessee,47111,Macon,36.5301,-85.8481,1132,249,polygon,FALSE,TRUE,America/Chicago,3
13973,Sanborn,Sanborn,NY,New York,36063,Niagara,43.1451,-78.8777,1132,165,polygon,FALSE,FALSE,America/New_York,3
13974,Olcott,Olcott,NY,New York,36063,Niagara,43.3302,-78.7104,1132,96,polygon,FALSE,FALSE,America/New_York,3
13975,Baxter,Baxter,IA,Iowa,19099,Jasper,41.8252,-93.1525,1132,668,polygon,FALSE,TRUE,America/Chicago,3
13976,Floyd Hill,Floyd Hill,CO,Colorado,8019,Clear Creek,39.7241,-105.4306,1131,82,polygon,FALSE,TRUE,America/Denver,3
13977,Fairfax,Fairfax,MN,Minnesota,27129,Renville,44.5283,-94.7231,1131,333,polygon,FALSE,TRUE,America/Chicago,3
13978,Cool Valley,Cool Valley,MO,Missouri,29189,St. Louis,38.725,-90.3058,1130,950,polygon,FALSE,TRUE,America/Chicago,3
13979,Satanta,Satanta,KS,Kansas,20081,Haskell,37.4378,-100.988,1130,713,polygon,FALSE,TRUE,America/Chicago,3
13980,Big Rock,Big Rock,IL,Illinois,17089,Kane,41.7668,-88.5265,1129,101,polygon,FALSE,TRUE,America/Chicago,3
13981,Mechanicsville,Mechanicsville,IA,Iowa,19031,Cedar,41.9056,-91.2536,1129,528,polygon,FALSE,TRUE,America/Chicago,3
13982,Stevensville,Stevensville,MI,Michigan,26021,Berrien,42.0139,-86.5243,1129,417,polygon,FALSE,TRUE,America/Detroit,3
13983,Harmony,Harmony,RI,Rhode Island,44007,Providence,41.8964,-71.6051,1128,147,polygon,FALSE,FALSE,America/New_York,3
13984,Purdy,Purdy,MO,Missouri,29009,Barry,36.8187,-93.9206,1128,675,polygon,FALSE,TRUE,America/Chicago,3
13985,Petersburg,Petersburg,MI,Michigan,26115,Monroe,41.8993,-83.7136,1128,902,polygon,FALSE,TRUE,America/Detroit,3
13986,Boyceville,Boyceville,WI,Wisconsin,55033,Dunn,45.0427,-92.0384,1127,115,polygon,FALSE,TRUE,America/Chicago,3
13987,Marianne,Marianne,PA,Pennsylvania,42031,Clarion,41.2441,-79.431,1127,300,polygon,FALSE,FALSE,America/New_York,3
13988,Inverness,Inverness,CA,California,6041,Marin,38.082,-122.8471,1127,67,polygon,FALSE,FALSE,America/Los_Angeles,3
13989,Belle,Belle,WV,West Virginia,54039,Kanawha,38.2336,-81.5385,1126,629,polygon,FALSE,TRUE,America/New_York,3
13990,Bruno,Bruno,WV,West Virginia,54045,Logan,37.688,-81.8737,1126,335,polygon,FALSE,FALSE,America/New_York,3
13991,Calvert,Calvert,TX,Texas,48395,Robertson,30.9791,-96.6716,1126,111,polygon,FALSE,TRUE,America/Chicago,3
13992,Chula Vista,Chula Vista,TX,Texas,48507,Zavala,28.6563,-99.8077,1126,821,polygon,FALSE,FALSE,America/Chicago,3
13993,Dale,Dale,PA,Pennsylvania,42021,Cambria,40.312,-78.9049,1126,2474,polygon,FALSE,TRUE,America/New_York,2
13994,Garberville,Garberville,CA,California,6023,Humboldt,40.1003,-123.7948,1126,162,polygon,FALSE,FALSE,America/Los_Angeles,3
13995,Warrensburg,Warrensburg,IL,Illinois,17115,Macon,39.932,-89.0629,1126,596,polygon,FALSE,TRUE,America/Chicago,3
13996,Dellwood,Dellwood,MN,Minnesota,27163,Washington,45.0986,-92.9672,1126,162,polygon,FALSE,TRUE,America/Chicago,3
13997,Williams,Williams,OR,Oregon,41033,Josephine,42.2194,-123.2922,1126,38,polygon,FALSE,FALSE,America/Los_Angeles,3
13998,Lone Oak,Lone Oak,TN,Tennessee,47153,Sequatchie,35.2007,-85.3685,1125,67,polygon,FALSE,FALSE,America/Chicago,3
13999,Edgerton,Edgerton,MN,Minnesota,27117,Pipestone,43.8753,-96.1304,1125,368,polygon,FALSE,TRUE,America/Chicago,3
14000,Garrochales,Garrochales,PR,Puerto Rico,72017,Barceloneta,18.4572,-66.5675,1125,658,polygon,FALSE,FALSE,America/Puerto_Rico,3
14001,Rock Island,Rock Island,WA,Washington,53017,Douglas,47.3739,-120.1382,1124,529,polygon,FALSE,TRUE,America/Los_Angeles,3
14002,Guernsey,Guernsey,WY,Wyoming,56031,Platte,42.2657,-104.743,1124,423,polygon,FALSE,TRUE,America/Denver,3
14003,Daisetta,Daisetta,TX,Texas,48291,Liberty,30.1135,-94.6426,1124,293,polygon,FALSE,TRUE,America/Chicago,3
14004,Ransom Canyon,Ransom Canyon,TX,Texas,48303,Lubbock,33.5303,-101.6838,1124,552,polygon,FALSE,TRUE,America/Chicago,3
14005,Edina,Edina,MO,Missouri,29103,Knox,40.168,-92.1732,1124,332,polygon,FALSE,TRUE,America/Chicago,3
14006,Rossville,Rossville,KS,Kansas,20177,Shawnee,39.1358,-95.9496,1124,783,polygon,FALSE,TRUE,America/Chicago,3
14007,Hillsboro,Hillsboro,MS,Mississippi,28123,Scott,32.4491,-89.4889,1124,47,polygon,FALSE,FALSE,America/Chicago,3
14008,Joseph,Joseph,OR,Oregon,41063,Wallowa,45.3526,-117.2303,1124,471,polygon,FALSE,TRUE,America/Los_Angeles,3
14009,Limestone Creek,Limestone Creek,FL,Florida,12099,Palm Beach,26.9433,-80.1408,1123,1108,polygon,FALSE,FALSE,America/New_York,3
14010,Wamac,Wamac,IL,Illinois,17027,Clinton,38.4973,-89.1457,1123,308,polygon,FALSE,TRUE,America/Chicago,3
14011,Lake Park,Lake Park,IA,Iowa,19059,Dickinson,43.4472,-95.3247,1123,294,polygon,FALSE,TRUE,America/Chicago,3
14012,Bunkerville,Bunkerville,NV,Nevada,32003,Clark,36.7198,-114.1221,1122,10,polygon,FALSE,FALSE,America/Los_Angeles,3
14013,Tonasket,Tonasket,WA,Washington,53047,Okanogan,48.7077,-119.4413,1121,458,polygon,FALSE,TRUE,America/Los_Angeles,3
14014,Lamar,Lamar,TX,Texas,48007,Aransas,28.1439,-96.9888,1121,141,polygon,FALSE,FALSE,America/Chicago,3
14015,Sunnyside,Sunnyside,GA,Georgia,13299,Ware,31.2406,-82.3411,1121,305,polygon,FALSE,FALSE,America/New_York,3
14016,Ansonia,Ansonia,OH,Ohio,39037,Darke,40.2141,-84.6344,1121,551,polygon,FALSE,TRUE,America/New_York,3
14017,Liberty Center,Liberty Center,OH,Ohio,39069,Henry,41.4436,-84.0078,1121,419,polygon,FALSE,TRUE,America/New_York,3
14018,Laurens,Laurens,IA,Iowa,19151,Pocahontas,42.8477,-94.8482,1120,590,polygon,FALSE,TRUE,America/Chicago,3
14019,St. Ansgar,St. Ansgar,IA,Iowa,19131,Mitchell,43.3797,-92.9178,1120,400,polygon,FALSE,TRUE,America/Chicago,3
14020,Pigeon,Pigeon,MI,Michigan,26063,Huron,43.8295,-83.2702,1120,543,polygon,FALSE,TRUE,America/Detroit,3
14021,Sabana Eneas,Sabana Eneas,PR,Puerto Rico,72125,San Germán,18.0809,-67.0852,1120,1137,polygon,FALSE,FALSE,America/Puerto_Rico,3
14022,Knox City,Knox City,TX,Texas,48275,Knox,33.4176,-99.8157,1119,518,polygon,FALSE,TRUE,America/Chicago,3
14023,Zena,Zena,NY,New York,36111,Ulster,42.0209,-74.0855,1119,148,polygon,FALSE,FALSE,America/New_York,3
14024,Laurys Station,Laurys Station,PA,Pennsylvania,42077,Lehigh,40.7232,-75.5366,1119,264,polygon,FALSE,FALSE,America/New_York,3
14025,Russiaville,Russiaville,IN,Indiana,18067,Howard,40.4185,-86.2731,1119,535,polygon,FALSE,TRUE,America/Indiana/Indianapolis,3
14026,Atwater,Atwater,MN,Minnesota,27067,Kandiyohi,45.1356,-94.7769,1119,420,polygon,FALSE,TRUE,America/Chicago,3
14027,La Cygne,La Cygne,KS,Kansas,20107,Linn,38.3479,-94.7613,1119,282,polygon,FALSE,TRUE,America/Chicago,3
14028,Playa Fortuna,Playa Fortuna,PR,Puerto Rico,72089,Luquillo,18.3768,-65.7455,1119,708,polygon,FALSE,FALSE,America/Puerto_Rico,3
14029,Gholson,Gholson,TX,Texas,48309,McLennan,31.7123,-97.2359,1118,49,polygon,FALSE,TRUE,America/Chicago,3
14030,Lexington,Lexington,MI,Michigan,26151,Sanilac,43.2671,-82.537,1118,312,polygon,FALSE,TRUE,America/Detroit,3
14031,Royalton,Royalton,IL,Illinois,17055,Franklin,37.8773,-89.1142,1117,386,polygon,FALSE,TRUE,America/Chicago,3
14032,Hamilton,Hamilton,GA,Georgia,13145,Harris,32.7648,-84.8752,1117,126,polygon,FALSE,TRUE,America/New_York,3
14033,South Coventry,South Coventry,CT,Connecticut,9013,Tolland,41.7695,-72.3064,1117,133,polygon,FALSE,FALSE,America/New_York,3
14034,Cavetown,Cavetown,MD,Maryland,24043,Washington,39.6426,-77.5932,1117,226,polygon,FALSE,FALSE,America/New_York,3
14035,Shafer,Shafer,MN,Minnesota,27025,Chisago,45.3901,-92.7531,1117,344,polygon,FALSE,TRUE,America/Chicago,3
14036,Fieldale,Fieldale,VA,Virginia,51089,Henry,36.7009,-79.9424,1116,277,polygon,FALSE,FALSE,America/New_York,3
14037,Parachute,Parachute,CO,Colorado,8045,Garfield,39.4501,-108.0549,1116,270,polygon,FALSE,TRUE,America/Denver,3
14038,Grant,Grant,NE,Nebraska,31135,Perkins,40.8445,-101.7256,1115,561,polygon,FALSE,TRUE,America/Denver,3
14039,Sykesville,Sykesville,PA,Pennsylvania,42065,Jefferson,41.0475,-78.8185,1115,271,polygon,FALSE,TRUE,America/New_York,3
14040,Central City,Central City,IL,Illinois,17121,Marion,38.5485,-89.1284,1115,761,polygon,FALSE,TRUE,America/Chicago,3
14041,Chatsworth,Chatsworth,IL,Illinois,17105,Livingston,40.7294,-88.2975,1115,155,polygon,FALSE,TRUE,America/Chicago,3
14042,Malvern,Malvern,IA,Iowa,19129,Mills,41.004,-95.5842,1115,268,polygon,FALSE,TRUE,America/Chicago,3
14043,Mexico Beach,Mexico Beach,FL,Florida,12005,Bay,29.948,-85.4157,1114,188,polygon,FALSE,TRUE,America/Chicago,3
14044,Hill Country Village,Hill Country Village,TX,Texas,48029,Bexar,29.5831,-98.4893,1114,197,polygon,FALSE,TRUE,America/Chicago,3
14045,Lewisville,Lewisville,AR,Arkansas,5073,Lafayette,33.3643,-93.5751,1114,200,polygon,FALSE,TRUE,America/Chicago,3
14046,Wooster,Wooster,AR,Arkansas,5045,Faulkner,35.1998,-92.4503,1113,149,polygon,FALSE,TRUE,America/Chicago,3
14047,South Windham,South Windham,ME,Maine,23005,Cumberland,43.738,-70.4236,1113,359,polygon,FALSE,FALSE,America/New_York,3
14048,Greenup,Greenup,KY,Kentucky,21089,Greenup,38.5728,-82.8303,1113,531,polygon,FALSE,TRUE,America/New_York,3
14049,Cashton,Cashton,WI,Wisconsin,55081,Monroe,43.7413,-90.7866,1112,336,polygon,FALSE,TRUE,America/Chicago,3
14050,Clint,Clint,TX,Texas,48141,El Paso,31.5901,-106.2289,1112,218,polygon,FALSE,TRUE,America/Denver,3
14051,Georgetown,Georgetown,CO,Colorado,8019,Clear Creek,39.7181,-105.694,1112,430,polygon,FALSE,TRUE,America/Denver,3
14052,Macon,Macon,IL,Illinois,17115,Macon,39.7117,-88.9965,1112,295,polygon,FALSE,TRUE,America/Chicago,3
14053,Marbleton,Marbleton,WY,Wyoming,56035,Sublette,42.5574,-110.1004,1111,472,polygon,FALSE,TRUE,America/Denver,3
14054,Blue Jay,Blue Jay,OH,Ohio,39061,Hamilton,39.2308,-84.7443,1111,97,polygon,FALSE,FALSE,America/New_York,3
14055,Billings,Billings,MO,Missouri,29043,Christian,37.0626,-93.5539,1111,480,polygon,FALSE,TRUE,America/Chicago,3
14056,Carson City,Carson City,MI,Michigan,26117,Montcalm,43.1816,-84.8463,1111,375,polygon,FALSE,TRUE,America/Detroit,3
14057,Mantachie,Mantachie,MS,Mississippi,28057,Itawamba,34.325,-88.4961,1111,108,polygon,FALSE,TRUE,America/Chicago,3
14058,El Rito,El Rito,NM,New Mexico,35039,Rio Arriba,36.338,-106.1844,1110,104,polygon,FALSE,FALSE,America/Denver,3
14059,Tornillo,Tornillo,TX,Texas,48141,El Paso,31.4366,-106.1033,1110,122,polygon,FALSE,FALSE,America/Denver,3
14060,Yosemite Valley,Yosemite Valley,CA,California,6043,Mariposa,37.7407,-119.5779,1110,208,polygon,FALSE,TRUE,America/Los_Angeles,3
14061,Craig Beach,Craig Beach,OH,Ohio,39099,Mahoning,41.116,-80.9828,1110,546,polygon,FALSE,TRUE,America/New_York,3
14062,Annville,Annville,KY,Kentucky,21109,Jackson,37.3255,-83.9622,1110,53,polygon,FALSE,FALSE,America/New_York,3
14063,Prospect,Prospect,PA,Pennsylvania,42019,Butler,40.8992,-80.0487,1109,104,polygon,FALSE,TRUE,America/New_York,3
14064,Energy,Energy,IL,Illinois,17199,Williamson,37.7739,-89.0244,1109,358,polygon,FALSE,TRUE,America/Chicago,3
14065,Merryville,Merryville,LA,Louisiana,22011,Beauregard,30.7571,-93.5245,1108,43,polygon,FALSE,TRUE,America/Chicago,3
14066,Pender,Pender,NE,Nebraska,31173,Thurston,42.1108,-96.7113,1108,605,polygon,FALSE,TRUE,America/Chicago,3
14067,Roslyn Harbor,Roslyn Harbor,NY,New York,36059,Nassau,40.8157,-73.6378,1108,360,polygon,FALSE,TRUE,America/New_York,3
14068,Greenville,Greenville,CA,California,6063,Plumas,40.1336,-120.9454,1108,53,polygon,FALSE,FALSE,America/Los_Angeles,3
14069,Mountain City,Mountain City,GA,Georgia,13241,Rabun,34.9196,-83.3854,1108,235,polygon,FALSE,TRUE,America/New_York,3
14070,Lake Telemark,Lake Telemark,NJ,New Jersey,34027,Morris,40.9605,-74.4968,1107,193,polygon,FALSE,FALSE,America/New_York,3
14071,Enlow,Enlow,PA,Pennsylvania,42003,Allegheny,40.4523,-80.2317,1107,592,polygon,FALSE,FALSE,America/New_York,3
14072,Highland,Highland,AR,Arkansas,5135,Sharp,36.2657,-91.5186,1107,48,polygon,FALSE,TRUE,America/Chicago,3
14073,Lonaconing,Lonaconing,MD,Maryland,24001,Allegany,39.5658,-78.9789,1107,1180,polygon,FALSE,TRUE,America/New_York,3
14074,Pandora,Pandora,OH,Ohio,39137,Putnam,40.9474,-83.9567,1107,401,polygon,FALSE,TRUE,America/New_York,3
14075,Maineville,Maineville,OH,Ohio,39165,Warren,39.3126,-84.1985,1107,269,polygon,FALSE,TRUE,America/New_York,3
14076,Hayes,Hayes,LA,Louisiana,22019,Calcasieu,30.1112,-92.9236,1106,153,polygon,FALSE,FALSE,America/Chicago,3
14077,Gilcrest,Gilcrest,CO,Colorado,8123,Weld,40.2842,-104.782,1106,526,polygon,FALSE,TRUE,America/Denver,3
14078,Sheffield,Sheffield,IA,Iowa,19069,Franklin,42.8928,-93.2086,1106,76,polygon,FALSE,TRUE,America/Chicago,3
14079,Glidden,Glidden,IA,Iowa,19027,Carroll,42.0576,-94.7267,1106,385,polygon,FALSE,TRUE,America/Chicago,3
14080,Lakeview,Lakeview,OH,Ohio,39091,Logan,40.4875,-83.9266,1106,603,polygon,FALSE,TRUE,America/New_York,3
14081,Gun Club Estates,Gun Club Estates,FL,Florida,12099,Palm Beach,26.6753,-80.108,1105,3571,polygon,FALSE,FALSE,America/New_York,2
14082,Indian Hills,Indian Hills,NM,New Mexico,35057,Torrance,34.9832,-106.1398,1105,74,polygon,FALSE,TRUE,America/Denver,3
14083,Schaefferstown,Schaefferstown,PA,Pennsylvania,42075,Lebanon,40.2969,-76.2938,1105,158,polygon,FALSE,FALSE,America/New_York,3
14084,Divernon,Divernon,IL,Illinois,17167,Sangamon,39.5707,-89.6546,1105,544,polygon,FALSE,TRUE,America/Chicago,3
14085,Akron,Akron,IN,Indiana,18049,Fulton,41.0388,-86.0249,1105,929,polygon,FALSE,TRUE,America/Indiana/Indianapolis,3
14086,East Conemaugh,East Conemaugh,PA,Pennsylvania,42021,Cambria,40.3476,-78.886,1104,1577,polygon,FALSE,TRUE,America/New_York,3
14087,Cayuga,Cayuga,IN,Indiana,18165,Vermillion,39.9473,-87.4647,1104,420,polygon,FALSE,TRUE,America/Indiana/Indianapolis,3
14088,Sweetser,Sweetser,IN,Indiana,18053,Grant,40.5687,-85.7669,1104,422,polygon,FALSE,TRUE,America/Indiana/Indianapolis,3
14089,Caddo,Caddo,OK,Oklahoma,40013,Bryan,34.1288,-96.2678,1104,167,polygon,FALSE,TRUE,America/Chicago,3
14090,Rockford,Rockford,OH,Ohio,39107,Mercer,40.6915,-84.6502,1104,520,polygon,FALSE,TRUE,America/New_York,3
14091,Lauderdale Lakes,Lauderdale Lakes,WI,Wisconsin,55127,Walworth,42.7709,-88.5778,1103,99,polygon,FALSE,TRUE,America/Chicago,3
14092,Clear Lake,Clear Lake,WI,Wisconsin,55095,Polk,45.2491,-92.2675,1103,163,polygon,FALSE,TRUE,America/Chicago,3
14093,Ellport,Ellport,PA,Pennsylvania,42073,Lawrence,40.8618,-80.2625,1103,993,polygon,FALSE,TRUE,America/New_York,3
14094,Glasgow,Glasgow,VA,Virginia,51163,Rockbridge,37.6348,-79.4514,1103,279,polygon,FALSE,TRUE,America/New_York,3
14095,Rochelle,Rochelle,GA,Georgia,13315,Wilcox,31.9488,-83.4568,1103,223,polygon,FALSE,TRUE,America/New_York,3
14096,Saybrook Manor,Saybrook Manor,CT,Connecticut,9007,Middlesex,41.2825,-72.4063,1103,551,polygon,FALSE,FALSE,America/New_York,3
14097,Elwood,Elwood,UT,Utah,49003,Box Elder,41.6758,-112.1377,1103,52,polygon,FALSE,TRUE,America/Denver,3
14098,Leonville,Leonville,LA,Louisiana,22097,St. Landry,30.4661,-91.9811,1102,156,polygon,FALSE,TRUE,America/Chicago,3
14099,Lake Holiday,Lake Holiday,IN,Indiana,18107,Montgomery,39.9642,-86.9607,1102,164,polygon,FALSE,FALSE,America/Indiana/Indianapolis,3
14100,Hotevilla-Bacavi,Hotevilla-Bacavi,AZ,Arizona,4017,Navajo,35.9225,-110.6569,1102,36,polygon,FALSE,TRUE,America/Phoenix,3
14101,Shongopovi,Shongopovi,AZ,Arizona,4017,Navajo,35.8195,-110.5331,1102,268,polygon,FALSE,FALSE,America/Phoenix,3
14102,Redwater,Redwater,TX,Texas,48037,Bowie,33.3586,-94.2551,1101,213,polygon,FALSE,TRUE,America/Chicago,3
14103,Bracey,Bracey,VA,Virginia,51117,Mecklenburg,36.5762,-78.1107,1101,32,polygon,FALSE,FALSE,America/New_York,3
14104,Continental,Continental,OH,Ohio,39137,Putnam,41.1001,-84.2727,1101,363,polygon,FALSE,TRUE,America/New_York,3
14105,Peabody,Peabody,KS,Kansas,20115,Marion,38.1683,-97.1043,1101,335,polygon,FALSE,TRUE,America/Chicago,3
14106,Clendenin,Clendenin,WV,West Virginia,54039,Kanawha,38.4859,-81.3503,1100,294,polygon,FALSE,TRUE,America/New_York,3
14107,Great Bend,Great Bend,NY,New York,36045,Jefferson,44.0197,-75.7075,1100,73,polygon,FALSE,FALSE,America/New_York,3
14108,White Haven,White Haven,PA,Pennsylvania,42079,Luzerne,41.0566,-75.78,1100,348,polygon,FALSE,TRUE,America/New_York,3
14109,Aristocrat Ranchettes,Aristocrat Ranchettes,CO,Colorado,8123,Weld,40.1096,-104.7549,1100,227,polygon,FALSE,FALSE,America/Denver,3
14110,Danvers,Danvers,IL,Illinois,17113,McLean,40.5299,-89.1751,1100,528,polygon,FALSE,TRUE,America/Chicago,3
14111,Jonestown,Jonestown,MS,Mississippi,28027,Coahoma,34.3222,-90.4542,1100,1096,polygon,FALSE,TRUE,America/Chicago,3
14112,Towaoc,Towaoc,CO,Colorado,8083,Montezuma,37.2126,-108.7265,1099,118,polygon,FALSE,FALSE,America/Denver,3
14113,Princeton,Princeton,MO,Missouri,29129,Mercer,40.3966,-93.5884,1099,267,polygon,FALSE,TRUE,America/Chicago,3
14114,Point Marion,Point Marion,PA,Pennsylvania,42051,Fayette,39.7355,-79.9008,1098,1077,polygon,FALSE,TRUE,America/New_York,3
14115,Brookneal,Brookneal,VA,Virginia,51031,Campbell,37.0532,-78.9485,1098,121,polygon,FALSE,TRUE,America/New_York,3
14116,Ash Flat,Ash Flat,AR,Arkansas,5135,Sharp,36.2365,-91.6067,1098,67,polygon,FALSE,TRUE,America/Chicago,3
14117,Nashville,Nashville,IN,Indiana,18013,Brown,39.2079,-86.2383,1098,264,polygon,FALSE,TRUE,America/Indiana/Indianapolis,3
14118,Curtisville,Curtisville,PA,Pennsylvania,42003,Allegheny,40.6497,-79.8492,1097,297,polygon,FALSE,FALSE,America/New_York,3
14119,Laurel Hill,Laurel Hill,NC,North Carolina,37165,Scotland,34.8102,-79.546,1096,176,polygon,FALSE,FALSE,America/New_York,3
14120,Eagle,Eagle,NE,Nebraska,31025,Cass,40.8161,-96.4327,1096,1227,polygon,FALSE,TRUE,America/Chicago,3
14121,Earlston,Earlston,PA,Pennsylvania,42009,Bedford,40.0038,-78.3736,1096,391,polygon,FALSE,FALSE,America/New_York,3
14122,Maxwell,Maxwell,CA,California,6011,Colusa,39.2771,-122.1946,1096,196,polygon,FALSE,FALSE,America/Los_Angeles,3
14123,Mansfield,Mansfield,AR,Arkansas,5131,Sebastian,35.0634,-94.2375,1096,183,polygon,FALSE,TRUE,America/Chicago,3
14124,Hebron,Hebron,MD,Maryland,24045,Wicomico,38.4243,-75.6871,1096,322,polygon,FALSE,TRUE,America/New_York,3
14125,Clay,Clay,KY,Kentucky,21233,Webster,37.4763,-87.8203,1096,490,polygon,FALSE,TRUE,America/Chicago,3
14126,Yoncalla,Yoncalla,OR,Oregon,41019,Douglas,43.6004,-123.2876,1096,632,polygon,FALSE,TRUE,America/Los_Angeles,3
14127,Anton,Anton,TX,Texas,48219,Hockley,33.8113,-102.1622,1095,540,polygon,FALSE,TRUE,America/Chicago,3
14128,Weeping Water,Weeping Water,NE,Nebraska,31025,Cass,40.8691,-96.14,1095,437,polygon,FALSE,TRUE,America/Chicago,3
14129,Berry,Berry,AL,Alabama,1057,Fayette,33.6623,-87.6079,1095,39,polygon,FALSE,TRUE,America/Chicago,3
14130,Louisville,Louisville,IL,Illinois,17025,Clay,38.7696,-88.5068,1095,510,polygon,FALSE,TRUE,America/Chicago,3
14131,Kenwood,Kenwood,OK,Oklahoma,40041,Delaware,36.3013,-94.9979,1095,9,polygon,FALSE,FALSE,America/Chicago,3
14132,Andover,Andover,OH,Ohio,39007,Ashtabula,41.6066,-80.5687,1095,300,polygon,FALSE,TRUE,America/New_York,3
14133,Chapmanville,Chapmanville,WV,West Virginia,54045,Logan,37.9727,-82.0216,1094,642,polygon,FALSE,TRUE,America/New_York,3
14134,Paducah,Paducah,TX,Texas,48101,Cottle,34.0144,-100.3038,1094,280,polygon,FALSE,TRUE,America/Chicago,3
14135,Cattle Creek,Cattle Creek,CO,Colorado,8045,Garfield,39.4667,-107.2599,1094,326,polygon,FALSE,FALSE,America/Denver,3
14136,Ray City,Ray City,GA,Georgia,13019,Berrien,31.0729,-83.196,1094,368,polygon,FALSE,TRUE,America/New_York,3
14137,Morocco,Morocco,IN,Indiana,18111,Newton,40.9445,-87.4503,1094,396,polygon,FALSE,TRUE,America/Chicago,3
14138,Stover,Stover,MO,Missouri,29141,Morgan,38.4418,-92.9901,1094,476,polygon,FALSE,TRUE,America/Chicago,3
14139,Clay City,Clay City,KY,Kentucky,21197,Powell,37.8622,-83.9277,1094,398,polygon,FALSE,TRUE,America/New_York,3
14140,South Pekin,South Pekin,IL,Illinois,17179,Tazewell,40.4954,-89.6524,1093,820,polygon,FALSE,TRUE,America/Chicago,3
14141,Camp Point,Camp Point,IL,Illinois,17001,Adams,40.0384,-91.0663,1093,372,polygon,FALSE,TRUE,America/Chicago,3
14142,Markle,Markle,IN,Indiana,18069,Huntington,40.8274,-85.3393,1093,340,polygon,FALSE,TRUE,America/Indiana/Indianapolis,3
14143,Ballard,Ballard,UT,Utah,49047,Uintah,40.2949,-109.9493,1093,30,polygon,FALSE,TRUE,America/Denver,3
14144,Lowellville,Lowellville,OH,Ohio,39099,Mahoning,41.039,-80.5463,1092,309,polygon,FALSE,TRUE,America/New_York,3
14145,Cinnamon Lake,Cinnamon Lake,OH,Ohio,39005,Ashland,40.9835,-82.1914,1092,260,polygon,FALSE,TRUE,America/New_York,3
14146,Mucarabones,Mucarabones,PR,Puerto Rico,72135,Toa Alta,18.3906,-66.2178,1092,1295,polygon,FALSE,FALSE,America/Puerto_Rico,3
14147,Union Hall,Union Hall,VA,Virginia,51067,Franklin,37.0205,-79.6833,1091,29,polygon,FALSE,FALSE,America/New_York,3
14148,New Union,New Union,AL,Alabama,1055,Etowah,34.1422,-86.2218,1091,34,polygon,FALSE,TRUE,America/Chicago,3
14149,Challis,Challis,ID,Idaho,16037,Custer,44.5052,-114.2283,1091,219,polygon,FALSE,TRUE,America/Boise,3
14150,Strum,Strum,WI,Wisconsin,55121,Trempealeau,44.5532,-91.3876,1090,348,polygon,FALSE,TRUE,America/Chicago,3
14151,West Kittanning,West Kittanning,PA,Pennsylvania,42005,Armstrong,40.8122,-79.5312,1090,982,polygon,FALSE,TRUE,America/New_York,3
14152,Alleghenyville,Alleghenyville,PA,Pennsylvania,42011,Berks,40.2327,-75.9762,1090,161,polygon,FALSE,FALSE,America/New_York,3
14153,Winter Park,Winter Park,CO,Colorado,8049,Grand,39.8785,-105.7828,1090,24,polygon,FALSE,TRUE,America/Denver,3
14154,Frederic,Frederic,WI,Wisconsin,55095,Polk,45.6548,-92.4647,1089,248,polygon,FALSE,TRUE,America/Chicago,3
14155,McIntosh,McIntosh,NM,New Mexico,35057,Torrance,34.8804,-106.0577,1089,18,polygon,FALSE,FALSE,America/Denver,3
14156,Steele,Steele,AL,Alabama,1115,St. Clair,33.937,-86.2004,1089,62,polygon,FALSE,TRUE,America/Chicago,3
14157,Browns Point,Browns Point,WA,Washington,53053,Pierce,47.3035,-122.437,1088,1043,polygon,FALSE,FALSE,America/Los_Angeles,3
14158,Oakfield,Oakfield,WI,Wisconsin,55039,Fond du Lac,43.6843,-88.5476,1088,427,polygon,FALSE,TRUE,America/Chicago,3
14159,El Rancho,El Rancho,NM,New Mexico,35049,Santa Fe,35.8928,-106.0856,1088,200,polygon,FALSE,FALSE,America/Denver,3
14160,Gratton,Gratton,VA,Virginia,51185,Tazewell,37.1351,-81.4212,1088,77,polygon,FALSE,FALSE,America/New_York,3
14161,Martinsville,Martinsville,IL,Illinois,17023,Clark,39.3381,-87.8814,1088,207,polygon,FALSE,TRUE,America/Chicago,3
14162,Ogden Dunes,Ogden Dunes,IN,Indiana,18127,Porter,41.6229,-87.1932,1088,570,polygon,FALSE,TRUE,America/Chicago,3
14163,Winfield,Winfield,IA,Iowa,19087,Henry,41.1259,-91.4382,1088,400,polygon,FALSE,TRUE,America/Chicago,3
14164,Somers,Somers,MT,Montana,30029,Flathead,48.0824,-114.2343,1088,142,polygon,FALSE,FALSE,America/Denver,3
14165,Palmas,Palmas,PR,Puerto Rico,72015,Arroyo,17.9878,-66.0254,1088,321,polygon,FALSE,FALSE,America/Puerto_Rico,3
14166,Grizzly Flats,Grizzly Flats,CA,California,6017,El Dorado,38.6357,-120.5355,1087,63,polygon,FALSE,TRUE,America/Los_Angeles,3
14167,Sherburn,Sherburn,MN,Minnesota,27091,Martin,43.6547,-94.7273,1087,466,polygon,FALSE,TRUE,America/Chicago,3
14168,Erie,Erie,KS,Kansas,20133,Neosho,37.5717,-95.2418,1087,331,polygon,FALSE,TRUE,America/Chicago,3
14169,Quebrada,Quebrada,PR,Puerto Rico,72027,Camuy,18.3602,-66.8353,1087,2538,polygon,FALSE,FALSE,America/Puerto_Rico,2
14170,Creighton,Creighton,NE,Nebraska,31107,Knox,42.4649,-97.9072,1086,346,polygon,FALSE,TRUE,America/Chicago,3
14171,Occoquan,Occoquan,VA,Virginia,51153,Prince William,38.6825,-77.2606,1086,2423,polygon,FALSE,TRUE,America/New_York,2
14172,Kittery Point,Kittery Point,ME,Maine,23031,York,43.0883,-70.6988,1086,219,polygon,FALSE,FALSE,America/New_York,3
14173,Paulina,Paulina,LA,Louisiana,22093,St. James,30.0351,-90.7226,1085,90,polygon,FALSE,FALSE,America/Chicago,3
14174,Jamesport,Jamesport,NY,New York,36103,Suffolk,40.9546,-72.5807,1085,93,polygon,FALSE,FALSE,America/New_York,3
14175,Hasley Canyon,Hasley Canyon,CA,California,6037,Los Angeles,34.4817,-118.6665,1085,72,polygon,FALSE,TRUE,America/Los_Angeles,3
14176,Boise City,Boise City,OK,Oklahoma,40025,Cimarron,36.7314,-102.5098,1085,289,polygon,FALSE,TRUE,America/Chicago,3
14177,Eagle Lake,Eagle Lake,WI,Wisconsin,55101,Racine,42.7014,-88.1291,1084,192,polygon,FALSE,FALSE,America/Chicago,3
14178,Moorcroft,Moorcroft,WY,Wyoming,56011,Crook,44.2643,-104.9473,1084,331,polygon,FALSE,TRUE,America/Denver,3
14179,Bayard,Bayard,NE,Nebraska,31123,Morrill,41.7572,-103.323,1084,601,polygon,FALSE,TRUE,America/Denver,3
14180,South Corning,South Corning,NY,New York,36101,Steuben,42.1262,-77.0356,1084,678,polygon,FALSE,TRUE,America/New_York,3
14181,Westhaven-Moonstone,Westhaven-Moonstone,CA,California,6023,Humboldt,41.0447,-124.1023,1084,51,polygon,FALSE,TRUE,America/Los_Angeles,3
14182,Thomasboro,Thomasboro,IL,Illinois,17019,Champaign,40.2439,-88.1877,1084,420,polygon,FALSE,TRUE,America/Chicago,3
14183,Bull Valley,Bull Valley,IL,Illinois,17111,McHenry,42.3226,-88.3634,1084,46,polygon,FALSE,TRUE,America/Chicago,3
14184,Lake View,Lake View,IA,Iowa,19161,Sac,42.3046,-95.0406,1084,197,polygon,FALSE,TRUE,America/Chicago,3
14185,Talihina,Talihina,OK,Oklahoma,40079,Le Flore,34.7522,-95.0409,1084,510,polygon,FALSE,TRUE,America/Chicago,3
14186,Fairfield Beach,Fairfield Beach,OH,Ohio,39045,Fairfield,39.9183,-82.4791,1084,638,polygon,FALSE,FALSE,America/New_York,3
14187,Glasgow,Glasgow,MO,Missouri,29089,Howard,39.2279,-92.8394,1084,320,polygon,FALSE,TRUE,America/Chicago,3
14188,Ranchitos del Norte,Ranchitos del Norte,TX,Texas,48427,Starr,26.4003,-98.8715,1083,1025,polygon,FALSE,TRUE,America/Chicago,3
14189,Clay,Clay,CA,California,6067,Sacramento,38.314,-121.1596,1083,61,polygon,FALSE,FALSE,America/Los_Angeles,3
14190,Brooksville,Brooksville,MS,Mississippi,28103,Noxubee,33.2367,-88.5781,1083,263,polygon,FALSE,TRUE,America/Chicago,3
14191,Parklawn,Parklawn,CA,California,6099,Stanislaus,37.6069,-120.9793,1082,2513,polygon,FALSE,TRUE,America/Los_Angeles,2
14192,Dierks,Dierks,AR,Arkansas,5061,Howard,34.12,-94.0173,1082,217,polygon,FALSE,TRUE,America/Chicago,3
14193,Washburn,Washburn,IL,Illinois,17203,Woodford,40.9203,-89.2916,1082,580,polygon,FALSE,TRUE,America/Chicago,3
14194,Hilbert,Hilbert,WI,Wisconsin,55015,Calumet,44.1415,-88.1611,1081,283,polygon,FALSE,TRUE,America/Chicago,3
14195,Reid Hope King,Reid Hope King,TX,Texas,48061,Cameron,25.9228,-97.414,1081,1476,polygon,FALSE,FALSE,America/Chicago,3
14196,Tom Bean,Tom Bean,TX,Texas,48181,Grayson,33.5201,-96.4843,1081,265,polygon,FALSE,TRUE,America/Chicago,3
14197,Tivoli,Tivoli,NY,New York,36027,Dutchess,42.0587,-73.9119,1081,270,polygon,FALSE,TRUE,America/New_York,3
14198,Pembroke,Pembroke,VA,Virginia,51071,Giles,37.3219,-80.6365,1081,384,polygon,FALSE,TRUE,America/New_York,3
14199,Maysville,Maysville,MO,Missouri,29063,DeKalb,39.8859,-94.3633,1081,364,polygon,FALSE,TRUE,America/Chicago,3
14200,Parcelas La Milagrosa,Parcelas La Milagrosa,PR,Puerto Rico,72041,Cidra,18.1716,-66.1868,1081,1625,polygon,FALSE,FALSE,America/Puerto_Rico,3
14201,Gettysburg,Gettysburg,SD,South Dakota,46107,Potter,45.006,-99.9539,1081,217,polygon,FALSE,TRUE,America/Chicago,3
14202,Coulee Dam,Coulee Dam,WA,Washington,53047,Okanogan,47.9689,-118.976,1080,582,polygon,FALSE,TRUE,America/Los_Angeles,3
14203,Luttrell,Luttrell,TN,Tennessee,47173,Union,36.2097,-83.7478,1080,108,polygon,FALSE,TRUE,America/New_York,3
14204,Laurel,Laurel,NY,New York,36103,Suffolk,40.9728,-72.556,1080,138,polygon,FALSE,FALSE,America/New_York,3
14205,Spring City,Spring City,UT,Utah,49039,Sanpete,39.4799,-111.4918,1080,295,polygon,FALSE,TRUE,America/Denver,3
14206,Appleton City,Appleton City,MO,Missouri,29185,St. Clair,38.1906,-94.031,1080,363,polygon,FALSE,TRUE,America/Chicago,3
14207,Van Wyck,Van Wyck,SC,South Carolina,45057,Lancaster,34.8531,-80.8333,1080,41,polygon,FALSE,TRUE,America/New_York,3
14208,Jamaica Beach,Jamaica Beach,TX,Texas,48167,Galveston,29.1905,-94.9801,1079,719,polygon,FALSE,TRUE,America/Chicago,3
14209,Remerton,Remerton,GA,Georgia,13185,Lowndes,30.8441,-83.3086,1079,2042,polygon,FALSE,TRUE,America/New_York,2
14210,Elgin,Elgin,MN,Minnesota,27157,Wabasha,44.1257,-92.247,1079,445,polygon,FALSE,TRUE,America/Chicago,3
14211,Baldwin,Baldwin,MI,Michigan,26085,Lake,43.8971,-85.8531,1079,329,polygon,FALSE,TRUE,America/Detroit,3
14212,Lemannville,Lemannville,LA,Louisiana,22005,Ascension,30.1028,-90.9239,1078,411,polygon,FALSE,FALSE,America/Chicago,3
14213,Rosendale Hamlet,Rosendale Hamlet,NY,New York,36111,Ulster,41.8503,-74.0738,1078,218,polygon,FALSE,FALSE,America/New_York,3
14214,Bouse,Bouse,AZ,Arizona,4012,La Paz,33.8984,-113.9962,1078,3,polygon,FALSE,FALSE,America/Phoenix,3
14215,Atwater,Atwater,OH,Ohio,39133,Portage,41.0266,-81.1622,1078,494,polygon,FALSE,FALSE,America/New_York,3
14216,Wanamingo,Wanamingo,MN,Minnesota,27049,Goodhue,44.3026,-92.7872,1078,290,polygon,FALSE,TRUE,America/Chicago,3
14217,Athens,Athens,WI,Wisconsin,55073,Marathon,45.0349,-90.0792,1077,169,polygon,FALSE,TRUE,America/Chicago,3
14218,Hackberry,Hackberry,TX,Texas,48121,Denton,33.1501,-96.9184,1077,612,polygon,FALSE,TRUE,America/Chicago,3
14219,Chevak,Chevak,AK,Alaska,2158,Kusilvak,61.5295,-165.5943,1077,363,polygon,FALSE,TRUE,America/Nome,3
14220,Galeton,Galeton,PA,Pennsylvania,42105,Potter,41.7338,-77.6454,1077,327,polygon,FALSE,TRUE,America/New_York,3
14221,Bolinas,Bolinas,CA,California,6041,Marin,37.9177,-122.7095,1077,71,polygon,FALSE,FALSE,America/Los_Angeles,3
14222,Shawneetown,Shawneetown,IL,Illinois,17059,Gallatin,37.7157,-88.1865,1077,566,polygon,FALSE,TRUE,America/Chicago,3
14223,Conrad,Conrad,IA,Iowa,19075,Grundy,42.2234,-92.8741,1077,338,polygon,FALSE,TRUE,America/Chicago,3
14224,Cameron,Cameron,AZ,Arizona,4005,Coconino,35.8537,-111.4269,1077,22,polygon,FALSE,FALSE,America/Denver,3
14225,Daniel,Daniel,UT,Utah,49051,Wasatch,40.4668,-111.4097,1077,126,polygon,FALSE,TRUE,America/Denver,3
14226,Rincón,Rincon,PR,Puerto Rico,72117,Rincón,18.3389,-67.2515,1077,982,polygon,FALSE,FALSE,America/Puerto_Rico,3
14227,Ryland Heights,Ryland Heights,KY,Kentucky,21117,Kenton,38.9701,-84.4607,1077,79,polygon,FALSE,TRUE,America/New_York,3
14228,Stedman,Stedman,NC,North Carolina,37051,Cumberland,35.0129,-78.7027,1076,199,polygon,FALSE,TRUE,America/New_York,3
14229,Milesburg,Milesburg,PA,Pennsylvania,42027,Centre,40.9426,-77.792,1076,930,polygon,FALSE,TRUE,America/New_York,3
14230,Cochranton,Cochranton,PA,Pennsylvania,42039,Crawford,41.5192,-80.047,1076,347,polygon,FALSE,TRUE,America/New_York,3
14231,Caliente,Caliente,NV,Nevada,32017,Lincoln,37.6436,-114.4964,1076,7,polygon,FALSE,TRUE,America/Los_Angeles,3
14232,Plymouth,Plymouth,CA,California,6005,Amador,38.4776,-120.8584,1076,157,polygon,FALSE,TRUE,America/Los_Angeles,3
14233,Williamsdale,Williamsdale,OH,Ohio,39017,Butler,39.4421,-84.5298,1076,2384,polygon,FALSE,FALSE,America/New_York,2
14234,Lake St. Croix Beach,Lake St. Croix Beach,MN,Minnesota,27163,Washington,44.9245,-92.7657,1076,738,polygon,FALSE,TRUE,America/Chicago,3
14235,Palouse,Palouse,WA,Washington,53075,Whitman,46.9103,-117.0751,1075,396,polygon,FALSE,TRUE,America/Los_Angeles,3
14236,Hustisford,Hustisford,WI,Wisconsin,55027,Dodge,43.3442,-88.6033,1075,372,polygon,FALSE,TRUE,America/Chicago,3
14237,Rio Vista,Rio Vista,TX,Texas,48251,Johnson,32.2351,-97.3744,1075,393,polygon,FALSE,TRUE,America/Chicago,3
14238,Schurz,Schurz,NV,Nevada,32021,Mineral,38.9366,-118.7925,1075,7,polygon,FALSE,FALSE,America/Los_Angeles,3
14239,Gayle Mill,Gayle Mill,SC,South Carolina,45023,Chester,34.7023,-81.2391,1075,633,polygon,FALSE,FALSE,America/New_York,3
14240,Kerby,Kerby,OR,Oregon,41033,Josephine,42.2046,-123.6489,1075,160,polygon,FALSE,FALSE,America/Los_Angeles,3
14241,Estherwood,Estherwood,LA,Louisiana,22001,Acadia,30.1816,-92.4634,1074,222,polygon,FALSE,TRUE,America/Chicago,3
14242,Hiller,Hiller,PA,Pennsylvania,42051,Fayette,40.0081,-79.9042,1074,273,polygon,FALSE,FALSE,America/New_York,3
14243,Dooms,Dooms,VA,Virginia,51015,Augusta,38.1027,-78.8495,1074,103,polygon,FALSE,FALSE,America/New_York,3
14244,Alpaugh,Alpaugh,CA,California,6107,Tulare,35.8876,-119.4873,1074,412,polygon,FALSE,FALSE,America/Los_Angeles,3
14245,Minkler,Minkler,CA,California,6019,Fresno,36.7277,-119.4587,1074,71,polygon,FALSE,FALSE,America/Los_Angeles,3
14246,Minor,Minor,AL,Alabama,1073,Jefferson,33.5389,-86.9402,1074,591,polygon,FALSE,FALSE,America/Chicago,3
14247,Oak Grove Heights,Oak Grove Heights,AR,Arkansas,5055,Greene,36.1271,-90.5085,1074,138,polygon,FALSE,TRUE,America/Chicago,3
14248,Williamsport,Williamsport,OH,Ohio,39129,Pickaway,39.5824,-83.1206,1074,233,polygon,FALSE,TRUE,America/New_York,3
14249,Millersport,Millersport,OH,Ohio,39045,Fairfield,39.8982,-82.5388,1074,461,polygon,FALSE,TRUE,America/New_York,3
14250,Mountainhome,Mountainhome,PA,Pennsylvania,42089,Monroe,41.1779,-75.2632,1073,218,polygon,FALSE,FALSE,America/New_York,3
14251,McCloud,McCloud,CA,California,6093,Siskiyou,41.254,-122.136,1072,170,polygon,FALSE,FALSE,America/Los_Angeles,3
14252,Blue Mound,Blue Mound,IL,Illinois,17115,Macon,39.7004,-89.1185,1072,707,polygon,FALSE,TRUE,America/Chicago,3
14253,New Waverly,New Waverly,TX,Texas,48471,Walker,30.5374,-95.4822,1071,187,polygon,FALSE,TRUE,America/Chicago,3
14254,Phil Campbell,Phil Campbell,AL,Alabama,1059,Franklin,34.3519,-87.7062,1071,101,polygon,FALSE,TRUE,America/Chicago,3
14255,Angel Fire,Angel Fire,NM,New Mexico,35007,Colfax,36.3821,-105.2718,1070,14,polygon,FALSE,TRUE,America/Denver,3
14256,Edinburg,Edinburg,VA,Virginia,51171,Shenandoah,38.8235,-78.5634,1070,557,polygon,FALSE,TRUE,America/New_York,3
14257,Bradbury,Bradbury,CA,California,6037,Los Angeles,34.1536,-117.9684,1070,210,polygon,FALSE,TRUE,America/Los_Angeles,3
14258,Cave Spring,Cave Spring,GA,Georgia,13115,Floyd,34.1081,-85.3388,1070,112,polygon,FALSE,TRUE,America/New_York,3
14259,Farmersburg,Farmersburg,IN,Indiana,18153,Sullivan,39.2526,-87.3807,1070,556,polygon,FALSE,TRUE,America/Indiana/Indianapolis,3
14260,Marion Center,Marion Center,MA,Massachusetts,25023,Plymouth,41.7042,-70.7629,1070,395,polygon,FALSE,TRUE,America/New_York,3
14261,Osceola Mills,Osceola Mills,PA,Pennsylvania,42033,Clearfield,40.8526,-78.2699,1069,1251,polygon,FALSE,TRUE,America/New_York,3
14262,Montandon,Montandon,PA,Pennsylvania,42097,Northumberland,40.9654,-76.8529,1069,479,polygon,FALSE,FALSE,America/New_York,3
14263,Knox,Knox,PA,Pennsylvania,42031,Clarion,41.2346,-79.536,1069,734,polygon,FALSE,TRUE,America/New_York,3
14264,Forest Park,Forest Park,OK,Oklahoma,40109,Oklahoma,35.5095,-97.4469,1069,226,polygon,FALSE,TRUE,America/Chicago,3
14265,West Mountain,West Mountain,UT,Utah,49049,Utah,40.0654,-111.7868,1069,43,polygon,FALSE,FALSE,America/Denver,3
14266,Tyler,Tyler,MN,Minnesota,27081,Lincoln,44.2785,-96.1355,1069,215,polygon,FALSE,TRUE,America/Chicago,3
14267,McAlisterville,McAlisterville,PA,Pennsylvania,42067,Juniata,40.6381,-77.273,1068,234,polygon,FALSE,FALSE,America/New_York,3
14268,Bear Creek,Bear Creek,AL,Alabama,1093,Marion,34.2651,-87.7164,1068,30,polygon,FALSE,TRUE,America/Chicago,3
14269,Texico,Texico,NM,New Mexico,35009,Curry,34.3897,-103.0513,1067,496,polygon,FALSE,TRUE,America/Denver,3
14270,Altamont,Altamont,TN,Tennessee,47061,Grundy,35.4325,-85.7433,1067,20,polygon,FALSE,TRUE,America/Chicago,3
14271,Rutherford,Rutherford,TN,Tennessee,47053,Gibson,36.1249,-88.992,1067,178,polygon,FALSE,TRUE,America/Chicago,3
14272,London,London,AR,Arkansas,5115,Pope,35.328,-93.2417,1067,129,polygon,FALSE,TRUE,America/Chicago,3
14273,Panora,Panora,IA,Iowa,19077,Guthrie,41.691,-94.3636,1067,228,polygon,FALSE,TRUE,America/Chicago,3
14274,Republic,Republic,WA,Washington,53019,Ferry,48.6483,-118.7334,1066,289,polygon,FALSE,TRUE,America/Los_Angeles,3
14275,Cullen,Cullen,LA,Louisiana,22119,Webster,32.9699,-93.4464,1066,356,polygon,FALSE,TRUE,America/Chicago,3
14276,Speers,Speers,PA,Pennsylvania,42125,Washington,40.1222,-79.8799,1066,432,polygon,FALSE,TRUE,America/New_York,3
14277,Glenvar,Glenvar,VA,Virginia,51161,Roanoke,37.276,-80.1256,1066,295,polygon,FALSE,FALSE,America/New_York,3
14278,Boronda,Boronda,CA,California,6053,Monterey,36.6947,-121.6745,1066,717,polygon,FALSE,FALSE,America/Los_Angeles,3
14279,Assumption,Assumption,IL,Illinois,17021,Christian,39.518,-89.0478,1066,415,polygon,FALSE,TRUE,America/Chicago,3
14280,Palo,Palo,IA,Iowa,19113,Linn,42.0646,-91.8002,1066,335,polygon,FALSE,TRUE,America/Chicago,3
14281,Highland,Highland,MD,Maryland,24027,Howard,39.1814,-76.957,1066,171,polygon,FALSE,FALSE,America/New_York,3
14282,Bellaire,Bellaire,MI,Michigan,26009,Antrim,44.9738,-85.2057,1066,220,polygon,FALSE,TRUE,America/Detroit,3
14283,Bloomfield,Bloomfield,KY,Kentucky,21179,Nelson,37.9122,-85.314,1066,285,polygon,FALSE,TRUE,America/New_York,3
14284,Tiki Island,Tiki Island,TX,Texas,48167,Galveston,29.2985,-94.9175,1065,855,polygon,FALSE,TRUE,America/Chicago,3
14285,Six Shooter Canyon,Six Shooter Canyon,AZ,Arizona,4007,Gila,33.3568,-110.772,1065,141,polygon,FALSE,TRUE,America/Phoenix,3
14286,Berryville,Berryville,TX,Texas,48213,Henderson,32.0876,-95.4667,1064,313,polygon,FALSE,TRUE,America/Chicago,3
14287,Sand Point,Sand Point,AK,Alaska,2013,Aleutians East,55.3227,-160.4834,1064,51,polygon,FALSE,TRUE,America/Anchorage,3
14288,Cobden,Cobden,IL,Illinois,17181,Union,37.5335,-89.2545,1064,336,polygon,FALSE,TRUE,America/Chicago,3
14289,Flanagan,Flanagan,IL,Illinois,17105,Livingston,40.8771,-88.8597,1064,732,polygon,FALSE,TRUE,America/Chicago,3
14290,St. Paul,St. Paul,IN,Indiana,18031,Decatur,39.4282,-85.6287,1064,1404,polygon,FALSE,TRUE,America/Indiana/Indianapolis,3
14291,Golden Shores,Golden Shores,AZ,Arizona,4015,Mohave,34.7819,-114.4777,1064,50,polygon,FALSE,TRUE,America/Phoenix,3
14292,Sabana,Sabana,PR,Puerto Rico,72145,Vega Baja,18.4642,-66.3517,1064,1142,polygon,FALSE,FALSE,America/Puerto_Rico,3
14293,Bogata,Bogata,TX,Texas,48387,Red River,33.4698,-95.2135,1063,290,polygon,FALSE,TRUE,America/Chicago,3
14294,Wallace,Wallace,CA,California,6009,Calaveras,38.1978,-120.9586,1063,94,polygon,FALSE,FALSE,America/Los_Angeles,3
14295,Nauvoo,Nauvoo,IL,Illinois,17067,Hancock,40.5457,-91.3829,1063,121,polygon,FALSE,TRUE,America/Chicago,3
14296,Greene,Greene,IA,Iowa,19023,Butler,42.8967,-92.8041,1063,361,polygon,FALSE,TRUE,America/Chicago,3
14297,Spring Glen,Spring Glen,UT,Utah,49007,Carbon,39.6561,-110.8461,1063,120,polygon,FALSE,FALSE,America/Denver,3
14298,Fairhope,Fairhope,PA,Pennsylvania,42051,Fayette,40.1151,-79.8389,1062,490,polygon,FALSE,FALSE,America/New_York,3
14299,Double Springs,Double Springs,AL,Alabama,1133,Winston,34.1502,-87.3912,1062,80,polygon,FALSE,TRUE,America/Chicago,3
14300,Wister,Wister,OK,Oklahoma,40079,Le Flore,34.9699,-94.7206,1062,208,polygon,FALSE,TRUE,America/Chicago,3
14301,New Hartford Center,New Hartford Center,CT,Connecticut,9005,Litchfield,41.8802,-72.9753,1061,128,polygon,FALSE,TRUE,America/New_York,3
14302,Maud,Maud,OK,Oklahoma,40133,Seminole,35.1336,-96.7783,1061,384,polygon,FALSE,TRUE,America/Chicago,3
14303,Clark,Clark,SD,South Dakota,46025,Clark,44.8813,-97.7346,1061,316,polygon,FALSE,TRUE,America/Chicago,3
14304,Seabeck,Seabeck,WA,Washington,53035,Kitsap,47.6437,-122.8219,1060,123,polygon,FALSE,FALSE,America/Los_Angeles,3
14305,Stanaford,Stanaford,WV,West Virginia,54081,Raleigh,37.8156,-81.1492,1060,214,polygon,FALSE,FALSE,America/New_York,3
14306,Los Indios,Los Indios,TX,Texas,48061,Cameron,26.0493,-97.7351,1060,218,polygon,FALSE,TRUE,America/Chicago,3
14307,Empire,Empire,LA,Louisiana,22075,Plaquemines,29.4133,-89.6052,1060,78,polygon,FALSE,FALSE,America/Chicago,3
14308,Goreville,Goreville,IL,Illinois,17087,Johnson,37.5611,-88.9557,1060,152,polygon,FALSE,TRUE,America/Chicago,3
14309,Hamburg,Hamburg,IA,Iowa,19071,Fremont,40.6061,-95.6545,1060,372,polygon,FALSE,TRUE,America/Chicago,3
14310,Washington,Washington,KS,Kansas,20201,Washington,39.816,-97.0486,1060,422,polygon,FALSE,TRUE,America/Chicago,3
14311,Donald,Donald,OR,Oregon,41047,Marion,45.2227,-122.8388,1060,1453,polygon,FALSE,TRUE,America/Los_Angeles,3
14312,Convoy,Convoy,OH,Ohio,39161,Van Wert,40.9177,-84.7053,1059,694,polygon,FALSE,TRUE,America/New_York,3
14313,Holgate,Holgate,OH,Ohio,39069,Henry,41.2493,-84.1292,1059,354,polygon,FALSE,TRUE,America/New_York,3
14314,Humansville,Humansville,MO,Missouri,29167,Polk,37.7952,-93.5766,1059,340,polygon,FALSE,TRUE,America/Chicago,3
14315,Cove Creek,Cove Creek,NC,North Carolina,37189,Watauga,36.2763,-81.783,1058,47,polygon,FALSE,TRUE,America/New_York,3
14316,Foster Brook,Foster Brook,PA,Pennsylvania,42083,McKean,41.9793,-78.6063,1058,129,polygon,FALSE,FALSE,America/New_York,3
14317,Herald,Herald,CA,California,6067,Sacramento,38.2913,-121.2318,1058,51,polygon,FALSE,FALSE,America/Los_Angeles,3
14318,Prospect,Prospect,OH,Ohio,39101,Marion,40.454,-83.1848,1058,564,polygon,FALSE,TRUE,America/New_York,3
14319,Lake Shore,Lake Shore,MN,Minnesota,27021,Cass,46.504,-94.3635,1058,32,polygon,FALSE,TRUE,America/Chicago,3
14320,Caledonia,Caledonia,MS,Mississippi,28087,Lowndes,33.6836,-88.326,1058,144,polygon,FALSE,TRUE,America/Chicago,3
14321,Ponderosa Pine,Ponderosa Pine,NM,New Mexico,35001,Bernalillo,34.972,-106.3369,1057,50,polygon,FALSE,FALSE,America/Denver,3
14322,Cando,Cando,ND,North Dakota,38095,Towner,48.4872,-99.2026,1057,635,polygon,FALSE,TRUE,America/Chicago,3
14323,Schoeneck,Schoeneck,PA,Pennsylvania,42071,Lancaster,40.2453,-76.1765,1057,131,polygon,FALSE,FALSE,America/New_York,3
14324,Sciotodale,Sciotodale,OH,Ohio,39145,Scioto,38.7539,-82.8605,1057,211,polygon,FALSE,FALSE,America/New_York,3
14325,New Franklin,New Franklin,MO,Missouri,29089,Howard,39.0175,-92.7406,1057,308,polygon,FALSE,TRUE,America/Chicago,3
14326,Lilbourn,Lilbourn,MO,Missouri,29143,New Madrid,36.5908,-89.613,1057,431,polygon,FALSE,TRUE,America/Chicago,3
14327,Oskaloosa,Oskaloosa,KS,Kansas,20087,Jefferson,39.2158,-95.3145,1057,410,polygon,FALSE,TRUE,America/Chicago,3
14328,Quinter,Quinter,KS,Kansas,20063,Gove,39.0666,-100.2347,1057,405,polygon,FALSE,TRUE,America/Chicago,3
14329,South Shore,South Shore,KY,Kentucky,21089,Greenup,38.7224,-82.9647,1057,621,polygon,FALSE,TRUE,America/New_York,3
14330,Upton,Upton,WY,Wyoming,56045,Weston,44.1025,-104.6374,1056,137,polygon,FALSE,TRUE,America/Denver,3
14331,Falls City,Falls City,OR,Oregon,41053,Polk,44.8648,-123.4372,1056,339,polygon,FALSE,TRUE,America/Los_Angeles,3
14332,Shelton,Shelton,NE,Nebraska,31019,Buffalo,40.7789,-98.7306,1055,555,polygon,FALSE,TRUE,America/Chicago,3
14333,Skyland Estates,Skyland Estates,VA,Virginia,51187,Warren,38.9329,-78.085,1055,170,polygon,FALSE,FALSE,America/New_York,3
14334,Clayton,Clayton,IN,Indiana,18063,Hendricks,39.6892,-86.5232,1055,672,polygon,FALSE,TRUE,America/Indiana/Indianapolis,3
14335,San Miguel,San Miguel,NM,New Mexico,35013,Doña Ana,32.1535,-106.7269,1054,177,polygon,FALSE,FALSE,America/Denver,3
14336,Shinglehouse,Shinglehouse,PA,Pennsylvania,42105,Potter,41.9662,-78.1908,1054,194,polygon,FALSE,TRUE,America/New_York,3
14337,Bairdford,Bairdford,PA,Pennsylvania,42003,Allegheny,40.6279,-79.8818,1054,268,polygon,FALSE,FALSE,America/New_York,3
14338,Ordway,Ordway,CO,Colorado,8025,Crowley,38.2209,-103.7566,1054,527,polygon,FALSE,TRUE,America/Denver,3
14339,Marcus,Marcus,IA,Iowa,19035,Cherokee,42.8224,-95.8068,1054,264,polygon,FALSE,TRUE,America/Chicago,3
14340,Stillman Valley,Stillman Valley,IL,Illinois,17141,Ogle,42.1048,-89.1803,1053,856,polygon,FALSE,TRUE,America/Chicago,3
14341,Tuscarawas,Tuscarawas,OH,Ohio,39157,Tuscarawas,40.3934,-81.4006,1053,571,polygon,FALSE,TRUE,America/New_York,3
14342,Papaikou,Papaikou,HI,Hawaii,15001,Hawaii,19.7917,-155.0962,1052,279,polygon,FALSE,FALSE,Pacific/Honolulu,3
14343,Port Republic,Port Republic,NJ,New Jersey,34001,Atlantic,39.5328,-74.4852,1052,54,polygon,FALSE,TRUE,America/New_York,3
14344,New Hope,New Hope,TN,Tennessee,47115,Marion,35.0044,-85.6598,1052,39,polygon,FALSE,TRUE,America/Chicago,3
14345,Cherry Tree,Cherry Tree,OK,Oklahoma,40001,Adair,35.7454,-94.6428,1052,35,polygon,FALSE,FALSE,America/Chicago,3
14346,Duncan Falls,Duncan Falls,OH,Ohio,39119,Muskingum,39.8777,-81.9112,1052,327,polygon,FALSE,FALSE,America/New_York,3
14347,Aurora,Aurora,UT,Utah,49041,Sevier,38.9201,-111.934,1052,390,polygon,FALSE,TRUE,America/Denver,3
14348,Stearns,Stearns,KY,Kentucky,21147,McCreary,36.6957,-84.4769,1052,101,polygon,FALSE,FALSE,America/New_York,3
14349,De Smet,De Smet,SD,South Dakota,46077,Kingsbury,44.3862,-97.5497,1052,350,polygon,FALSE,TRUE,America/Chicago,3
14350,Luck,Luck,WI,Wisconsin,55095,Polk,45.5718,-92.4666,1051,205,polygon,FALSE,TRUE,America/Chicago,3
14351,St. Paul,St. Paul,TX,Texas,48085,Collin,33.0437,-96.5504,1051,283,polygon,FALSE,TRUE,America/Chicago,3
14352,Tioga,Tioga,TX,Texas,48181,Grayson,33.4718,-96.9187,1051,312,polygon,FALSE,TRUE,America/Chicago,3
14353,Bessemer,Bessemer,PA,Pennsylvania,42073,Lawrence,40.9756,-80.4878,1051,245,polygon,FALSE,TRUE,America/New_York,3
14354,Greenville,Greenville,IN,Indiana,18043,Floyd,38.3716,-85.9827,1051,444,polygon,FALSE,TRUE,America/Kentucky/Louisville,3
14355,Highlandville,Highlandville,MO,Missouri,29043,Christian,36.9409,-93.283,1051,80,polygon,FALSE,TRUE,America/Chicago,3
14356,Northfield,Northfield,KY,Kentucky,21111,Jefferson,38.2857,-85.6362,1051,861,polygon,FALSE,TRUE,America/New_York,3
14357,Deltaville,Deltaville,VA,Virginia,51119,Middlesex,37.5525,-76.3331,1050,99,polygon,FALSE,FALSE,America/New_York,3
14358,Upper Lake,Upper Lake,CA,California,6033,Lake,39.1653,-122.9052,1050,240,polygon,FALSE,FALSE,America/Los_Angeles,3
14359,Santa Susana,Santa Susana,CA,California,6111,Ventura,34.258,-118.6662,1050,364,polygon,FALSE,FALSE,America/Los_Angeles,3
14360,Aplington,Aplington,IA,Iowa,19023,Butler,42.5819,-92.8835,1050,551,polygon,FALSE,TRUE,America/Chicago,3
14361,Ashton,Ashton,ID,Idaho,16043,Fremont,44.0734,-111.4482,1050,635,polygon,FALSE,TRUE,America/Boise,3
14362,Hector,Hector,MN,Minnesota,27129,Renville,44.7412,-94.712,1050,224,polygon,FALSE,TRUE,America/Chicago,3
14363,Roscommon,Roscommon,MI,Michigan,26143,Roscommon,44.4915,-84.5914,1050,246,polygon,FALSE,TRUE,America/Detroit,3
14364,Lake Secession,Lake Secession,SC,South Carolina,45001,Abbeville,34.2821,-82.5908,1050,71,polygon,FALSE,FALSE,America/New_York,3
14365,Lake Nebagamon,Lake Nebagamon,WI,Wisconsin,55031,Douglas,46.512,-91.6995,1049,32,polygon,FALSE,TRUE,America/Chicago,3
14366,Mallory,Mallory,WV,West Virginia,54045,Logan,37.7274,-81.8206,1049,31,polygon,FALSE,FALSE,America/New_York,3
14367,Navarre Beach,Navarre Beach,FL,Florida,12113,Santa Rosa,30.383,-86.8879,1049,340,polygon,FALSE,TRUE,America/Chicago,3
14368,Baxter Estates,Baxter Estates,NY,New York,36059,Nassau,40.8338,-73.6949,1049,2219,polygon,FALSE,TRUE,America/New_York,2
14369,Shelter Island Heights,Shelter Island Heights,NY,New York,36103,Suffolk,41.0745,-72.3434,1049,75,polygon,FALSE,FALSE,America/New_York,3
14370,Lake Riverside,Lake Riverside,CA,California,6065,Riverside,33.5173,-116.8107,1049,55,polygon,FALSE,TRUE,America/Los_Angeles,3
14371,Garrett Park,Garrett Park,MD,Maryland,24031,Montgomery,39.036,-77.0934,1049,1584,polygon,FALSE,TRUE,America/New_York,3
14372,Grand Coulee,Grand Coulee,WA,Washington,53025,Grant,47.9392,-119.0028,1048,322,polygon,FALSE,TRUE,America/Los_Angeles,3
14373,Hamlin,Hamlin,WV,West Virginia,54043,Lincoln,38.2805,-82.1087,1048,677,polygon,FALSE,TRUE,America/New_York,3
14374,Robert Lee,Robert Lee,TX,Texas,48081,Coke,31.8954,-100.4856,1048,355,polygon,FALSE,TRUE,America/Chicago,3
14375,Gifford,Gifford,IL,Illinois,17019,Champaign,40.3079,-88.0214,1048,911,polygon,FALSE,TRUE,America/Chicago,3
14376,Frankfort,Frankfort,OH,Ohio,39141,Ross,39.4069,-83.1842,1048,717,polygon,FALSE,TRUE,America/New_York,3
14377,Campti,Campti,LA,Louisiana,22069,Natchitoches,31.898,-93.1158,1047,388,polygon,FALSE,TRUE,America/Chicago,3
14378,Norlina,Norlina,NC,North Carolina,37185,Warren,36.4451,-78.1952,1047,363,polygon,FALSE,TRUE,America/New_York,3
14379,Sidney,Sidney,IA,Iowa,19071,Fremont,40.7459,-95.6443,1047,292,polygon,FALSE,TRUE,America/Chicago,3
14380,Ninnekah,Ninnekah,OK,Oklahoma,40051,Grady,34.9641,-97.9447,1047,39,polygon,FALSE,TRUE,America/Chicago,3
14381,Califon,Califon,NJ,New Jersey,34019,Hunterdon,40.7192,-74.8371,1046,421,polygon,FALSE,TRUE,America/New_York,3
14382,San Pablo,San Pablo,NM,New Mexico,35013,Doña Ana,32.2506,-106.7626,1046,331,polygon,FALSE,FALSE,America/Denver,3
14383,Arnaudville,Arnaudville,LA,Louisiana,22097,St. Landry,30.4021,-91.932,1046,582,polygon,FALSE,TRUE,America/Chicago,3
14384,Pen Mar,Pen Mar,PA,Pennsylvania,42055,Franklin,39.7243,-77.515,1046,546,polygon,FALSE,FALSE,America/New_York,3
14385,Basin City,Basin City,WA,Washington,53021,Franklin,46.5891,-119.1567,1045,126,polygon,FALSE,FALSE,America/Los_Angeles,3
14386,Amherst,Amherst,WI,Wisconsin,55097,Portage,44.4475,-89.2832,1045,315,polygon,FALSE,TRUE,America/Chicago,3
14387,Hillside Lake,Hillside Lake,NY,New York,36027,Dutchess,41.6191,-73.7944,1045,771,polygon,FALSE,FALSE,America/New_York,3
14388,Pine Brook Hill,Pine Brook Hill,CO,Colorado,8013,Boulder,40.0471,-105.3103,1045,141,polygon,FALSE,FALSE,America/Denver,3
14389,Fyffe,Fyffe,AL,Alabama,1049,DeKalb,34.4496,-85.9049,1045,91,polygon,FALSE,TRUE,America/Chicago,3
14390,Martin,Martin,SD,South Dakota,46007,Bennett,43.1749,-101.7324,1045,719,polygon,FALSE,TRUE,America/Denver,3
14391,Silver Ridge,Silver Ridge,NJ,New Jersey,34029,Ocean,39.962,-74.2358,1044,866,polygon,FALSE,FALSE,America/New_York,3
14392,Wolcottville,Wolcottville,IN,Indiana,18113,Noble,41.5255,-85.3665,1044,397,polygon,FALSE,TRUE,America/Indiana/Indianapolis,3
14393,Casa Blanca,Casa Blanca,AZ,Arizona,4021,Pinal,33.1154,-111.9081,1044,25,polygon,FALSE,FALSE,America/Phoenix,3
14394,Luckey,Luckey,OH,Ohio,39173,Wood,41.4525,-83.4839,1044,584,polygon,FALSE,TRUE,America/New_York,3
14395,Reading,Reading,MI,Michigan,26059,Hillsdale,41.8396,-84.7478,1044,398,polygon,FALSE,TRUE,America/Detroit,3
14396,North Haverhill,North Haverhill,NH,New Hampshire,33009,Grafton,44.0938,-72.0272,1043,132,polygon,FALSE,FALSE,America/New_York,3
14397,Beach,Beach,ND,North Dakota,38033,Golden Valley,46.9192,-104.008,1043,170,polygon,FALSE,TRUE,America/Denver,3
14398,Chamita,Chamita,NM,New Mexico,35039,Rio Arriba,36.0706,-106.0974,1042,104,polygon,FALSE,FALSE,America/Denver,3
14399,Maud,Maud,TX,Texas,48037,Bowie,33.3299,-94.3461,1042,269,polygon,FALSE,TRUE,America/Chicago,3
14400,Foxfire,Foxfire,NC,North Carolina,37125,Moore,35.179,-79.564,1042,57,polygon,FALSE,TRUE,America/New_York,3
14401,Alamance,Alamance,NC,North Carolina,37001,Alamance,36.0285,-79.4891,1042,505,polygon,FALSE,TRUE,America/New_York,3
14402,George,George,IA,Iowa,19119,Lyon,43.342,-96.0027,1042,167,polygon,FALSE,TRUE,America/Chicago,3
14403,Truman,Truman,MN,Minnesota,27091,Martin,43.8279,-94.4366,1042,366,polygon,FALSE,TRUE,America/Chicago,3
14404,Ranchester,Ranchester,WY,Wyoming,56033,Sheridan,44.9075,-107.1674,1041,566,polygon,FALSE,TRUE,America/Denver,3
14405,Reddell,Reddell,LA,Louisiana,22039,Evangeline,30.6687,-92.4268,1041,105,polygon,FALSE,FALSE,America/Chicago,3
14406,Akutan,Akutan,AK,Alaska,2013,Aleutians East,54.1594,-165.7328,1041,6,polygon,FALSE,TRUE,America/Nome,3
14407,Obion,Obion,TN,Tennessee,47131,Obion,36.2643,-89.1947,1041,311,polygon,FALSE,TRUE,America/Chicago,3
14408,Worden,Worden,IL,Illinois,17119,Madison,38.9316,-89.8402,1041,565,polygon,FALSE,TRUE,America/Chicago,3
14409,Ashippun,Ashippun,WI,Wisconsin,55027,Dodge,43.2182,-88.5159,1040,390,polygon,FALSE,FALSE,America/Chicago,3
14410,St. Michaels,St. Michaels,MD,Maryland,24041,Talbot,38.7882,-76.2243,1040,346,polygon,FALSE,TRUE,America/New_York,3
14411,Concord,Concord,MI,Michigan,26075,Jackson,42.1762,-84.6456,1040,268,polygon,FALSE,TRUE,America/Detroit,3
14412,Newport,Newport,DE,Delaware,10003,New Castle,39.7136,-75.6052,1039,915,polygon,FALSE,TRUE,America/New_York,3
14413,Rio,Rio,WI,Wisconsin,55021,Columbia,43.4497,-89.2388,1039,320,polygon,FALSE,TRUE,America/Chicago,3
14414,Asherton,Asherton,TX,Texas,48127,Dimmit,28.446,-99.7604,1039,491,polygon,FALSE,TRUE,America/Chicago,3
14415,Ridgway,Ridgway,CO,Colorado,8091,Ouray,38.1573,-107.7545,1039,217,polygon,FALSE,TRUE,America/Denver,3
14416,Beale AFB,Beale AFB,CA,California,6115,Yuba,39.1095,-121.3543,1039,39,polygon,TRUE,TRUE,America/Los_Angeles,3
14417,Town Creek,Town Creek,AL,Alabama,1079,Lawrence,34.6718,-87.4063,1039,149,polygon,FALSE,TRUE,America/Chicago,3
14418,Clermont,Clermont,GA,Georgia,13139,Hall,34.4784,-83.7721,1039,135,polygon,FALSE,TRUE,America/New_York,3
14419,Crocker,Crocker,MO,Missouri,29169,Pulaski,37.948,-92.2676,1039,322,polygon,FALSE,TRUE,America/Chicago,3
14420,Mound City,Mound City,MO,Missouri,29087,Holt,40.1365,-95.2337,1039,322,polygon,FALSE,TRUE,America/Chicago,3
14421,East Gull Lake,East Gull Lake,MN,Minnesota,27021,Cass,46.3948,-94.3548,1039,50,polygon,FALSE,TRUE,America/Chicago,3
14422,Eden Valley,Eden Valley,MN,Minnesota,27093,Meeker,45.3263,-94.5453,1039,329,polygon,FALSE,TRUE,America/Chicago,3
14423,Aurora,Aurora,OR,Oregon,41047,Marion,45.2285,-122.7572,1039,837,polygon,FALSE,TRUE,America/Los_Angeles,3
14424,Thornton,Thornton,CA,California,6077,San Joaquin,38.231,-121.425,1038,187,polygon,FALSE,FALSE,America/Los_Angeles,3
14425,Riesel,Riesel,TX,Texas,48309,McLennan,31.4763,-96.9304,1037,98,polygon,FALSE,TRUE,America/Chicago,3
14426,Cedar Ridge,Cedar Ridge,CA,California,6109,Tuolumne,38.0661,-120.2737,1037,51,polygon,FALSE,FALSE,America/Los_Angeles,3
14427,Ecru,Ecru,MS,Mississippi,28115,Pontotoc,34.355,-89.0222,1037,84,polygon,FALSE,TRUE,America/Chicago,3
14428,Pacific City,Pacific City,OR,Oregon,41057,Tillamook,45.2054,-123.9536,1037,107,polygon,FALSE,FALSE,America/Los_Angeles,3
14429,Westfield,Westfield,PA,Pennsylvania,42117,Tioga,41.9177,-77.5403,1036,358,polygon,FALSE,TRUE,America/New_York,3
14430,Astoria,Astoria,IL,Illinois,17057,Fulton,40.2279,-90.3566,1036,683,polygon,FALSE,TRUE,America/Chicago,3
14431,Poseyville,Poseyville,IN,Indiana,18129,Posey,38.1698,-87.7832,1036,619,polygon,FALSE,TRUE,America/Chicago,3
14432,Gorman,Gorman,TX,Texas,48133,Eastland,32.2136,-98.6721,1035,243,polygon,FALSE,TRUE,America/Chicago,3
14433,Start,Start,LA,Louisiana,22083,Richland,32.4902,-91.865,1035,113,polygon,FALSE,FALSE,America/Chicago,3
14434,West Park,West Park,CA,California,6019,Fresno,36.7055,-119.8516,1035,223,polygon,FALSE,FALSE,America/Los_Angeles,3
14435,Ganado,Ganado,AZ,Arizona,4001,Apache,35.7016,-109.5504,1035,43,polygon,FALSE,FALSE,America/Denver,3
14436,Chauncey,Chauncey,OH,Ohio,39009,Athens,39.4005,-82.1261,1035,601,polygon,FALSE,TRUE,America/New_York,3
14437,Cane Savannah,Cane Savannah,SC,South Carolina,45085,Sumter,33.8923,-80.4395,1035,110,polygon,FALSE,FALSE,America/New_York,3
14438,Lake Kathryn,Lake Kathryn,FL,Florida,12069,Lake,29.0072,-81.4905,1034,142,polygon,FALSE,FALSE,America/New_York,3
14439,Ouray,Ouray,CO,Colorado,8091,Ouray,38.0276,-107.6734,1034,462,polygon,FALSE,TRUE,America/Denver,3
14440,Hondah,Hondah,AZ,Arizona,4017,Navajo,34.086,-109.915,1034,32,polygon,FALSE,TRUE,America/Phoenix,3
14441,Taylors Falls,Taylors Falls,MN,Minnesota,27025,Chisago,45.4121,-92.6644,1034,101,polygon,FALSE,TRUE,America/Chicago,3
14442,Point Venture,Point Venture,TX,Texas,48453,Travis,30.3817,-98.001,1033,446,polygon,FALSE,TRUE,America/Chicago,3
14443,Sunman,Sunman,IN,Indiana,18137,Ripley,39.2373,-85.0931,1033,339,polygon,FALSE,TRUE,America/Indiana/Indianapolis,3
14444,Carlton,Carlton,MN,Minnesota,27017,Carlton,46.6635,-92.407,1033,104,polygon,FALSE,TRUE,America/Chicago,3
14445,Island City,Island City,OR,Oregon,41061,Union,45.3359,-118.0495,1033,405,polygon,FALSE,TRUE,America/Los_Angeles,3
14446,Neah Bay,Neah Bay,WA,Washington,53009,Clallam,48.3612,-124.6115,1032,169,polygon,FALSE,FALSE,America/Los_Angeles,3
14447,Maypearl,Maypearl,TX,Texas,48139,Ellis,32.314,-97.0052,1032,492,polygon,FALSE,TRUE,America/Chicago,3
14448,Beaverdale,Beaverdale,IA,Iowa,19057,Des Moines,40.8537,-91.2077,1032,163,polygon,FALSE,FALSE,America/Chicago,3
14449,Wakeman,Wakeman,OH,Ohio,39077,Huron,41.253,-82.4028,1032,483,polygon,FALSE,TRUE,America/New_York,3
14450,Hill City,Hill City,SD,South Dakota,46103,Pennington,43.9338,-103.5693,1032,316,polygon,FALSE,TRUE,America/Denver,3
14451,Rosendale,Rosendale,WI,Wisconsin,55039,Fond du Lac,43.808,-88.6731,1031,323,polygon,FALSE,TRUE,America/Chicago,3
14452,Franklin Park,Franklin Park,FL,Florida,12011,Broward,26.134,-80.1762,1031,5029,polygon,FALSE,FALSE,America/New_York,2
14453,Manchaca,Manchaca,TX,Texas,48453,Travis,30.1353,-97.8362,1031,205,polygon,FALSE,FALSE,America/Chicago,3
14454,Belle Vernon,Belle Vernon,PA,Pennsylvania,42051,Fayette,40.1256,-79.867,1031,1590,polygon,FALSE,TRUE,America/New_York,3
14455,New Philadelphia,New Philadelphia,PA,Pennsylvania,42107,Schuylkill,40.7178,-76.1167,1031,264,polygon,FALSE,TRUE,America/New_York,3
14456,Meigs,Meigs,GA,Georgia,13275,Thomas,31.0713,-84.0922,1031,255,polygon,FALSE,TRUE,America/New_York,3
14457,Fairland,Fairland,OK,Oklahoma,40115,Ottawa,36.7506,-94.8483,1031,398,polygon,FALSE,TRUE,America/Chicago,3
14458,Gilbert Creek,Gilbert Creek,WV,West Virginia,54059,Mingo,37.5697,-81.8906,1030,34,polygon,FALSE,FALSE,America/New_York,3
14459,Fanning Springs,Fanning Springs,FL,Florida,12041,Gilchrist,29.5873,-82.9245,1030,81,polygon,FALSE,TRUE,America/New_York,3
14460,St. Jo,St. Jo,TX,Texas,48337,Montague,33.695,-97.5231,1030,369,polygon,FALSE,TRUE,America/Chicago,3
14461,Arp,Arp,TX,Texas,48423,Smith,32.2279,-95.0536,1030,151,polygon,FALSE,TRUE,America/Chicago,3
14462,Lake Don Pedro,Lake Don Pedro,CA,California,6043,Mariposa,37.6461,-120.3367,1030,31,polygon,FALSE,TRUE,America/Los_Angeles,3
14463,Sultana,Sultana,CA,California,6107,Tulare,36.5464,-119.3359,1030,896,polygon,FALSE,FALSE,America/Los_Angeles,3
14464,Horatio,Horatio,AR,Arkansas,5133,Sevier,33.941,-94.3554,1030,222,polygon,FALSE,TRUE,America/Chicago,3
14465,Fort Davis,Fort Davis,TX,Texas,48243,Jeff Davis,30.5784,-103.8922,1029,39,polygon,FALSE,FALSE,America/Chicago,3
14466,Melville,Melville,LA,Louisiana,22097,St. Landry,30.6917,-91.7485,1029,316,polygon,FALSE,TRUE,America/Chicago,3
14467,Central City,Central City,PA,Pennsylvania,42111,Somerset,40.1096,-78.8043,1029,736,polygon,FALSE,TRUE,America/New_York,3
14468,Camanche North Shore,Camanche North Shore,CA,California,6005,Amador,38.2442,-120.9538,1029,170,polygon,FALSE,TRUE,America/Los_Angeles,3
14469,Plummer,Plummer,ID,Idaho,16009,Benewah,47.3301,-116.8849,1029,314,polygon,FALSE,TRUE,America/Los_Angeles,3
14470,Velda Village Hills,Velda Village Hills,MO,Missouri,29189,St. Louis,38.6922,-90.2877,1029,3312,polygon,FALSE,TRUE,America/Chicago,2
14471,Rafael Hernández,Rafael Hernandez,PR,Puerto Rico,72005,Aguadilla,18.4718,-67.0787,1029,1403,polygon,FALSE,FALSE,America/Puerto_Rico,3
14472,Wink,Wink,TX,Texas,48495,Winkler,31.7545,-103.1541,1028,340,polygon,FALSE,TRUE,America/Chicago,3
14473,Alexandria Bay,Alexandria Bay,NY,New York,36045,Jefferson,44.34,-75.9161,1028,529,polygon,FALSE,TRUE,America/New_York,3
14474,Kibler,Kibler,AR,Arkansas,5033,Crawford,35.4265,-94.2368,1028,84,polygon,FALSE,TRUE,America/Chicago,3
14475,Newark,Newark,IL,Illinois,17093,Kendall,41.5368,-88.5804,1028,353,polygon,FALSE,TRUE,America/Chicago,3
14476,Celoron,Celoron,NY,New York,36013,Chautauqua,42.1053,-79.2777,1027,530,polygon,FALSE,TRUE,America/New_York,3
14477,Teviston,Teviston,CA,California,6107,Tulare,35.929,-119.2783,1027,182,polygon,FALSE,TRUE,America/Los_Angeles,3
14478,Luxora,Luxora,AR,Arkansas,5093,Mississippi,35.7576,-89.9298,1027,465,polygon,FALSE,TRUE,America/Chicago,3
14479,Lynn,Lynn,IN,Indiana,18135,Randolph,40.0488,-84.9424,1027,702,polygon,FALSE,TRUE,America/Indiana/Indianapolis,3
14480,Black Eagle,Black Eagle,MT,Montana,30013,Cascade,47.527,-111.267,1027,257,polygon,FALSE,FALSE,America/Denver,3
14481,Abbottstown,Abbottstown,PA,Pennsylvania,42001,Adams,39.8843,-76.9888,1026,725,polygon,FALSE,TRUE,America/New_York,3
14482,Lovington,Lovington,IL,Illinois,17139,Moultrie,39.7143,-88.6315,1026,500,polygon,FALSE,TRUE,America/Chicago,3
14483,University Heights,University Heights,IA,Iowa,19103,Johnson,41.6551,-91.5589,1026,1491,polygon,FALSE,TRUE,America/Chicago,3
14484,Wurtland,Wurtland,KY,Kentucky,21089,Greenup,38.5495,-82.7788,1026,224,polygon,FALSE,TRUE,America/New_York,3
14485,De Soto,De Soto,IA,Iowa,19049,Dallas,41.5364,-94.0098,1025,259,polygon,FALSE,TRUE,America/Chicago,3
14486,Cascade,Cascade,ID,Idaho,16085,Valley,44.5087,-116.0426,1025,96,polygon,FALSE,TRUE,America/Boise,3
14487,Glandorf,Glandorf,OH,Ohio,39137,Putnam,41.0279,-84.0791,1025,241,polygon,FALSE,TRUE,America/New_York,3
14488,Dickeyville,Dickeyville,WI,Wisconsin,55043,Grant,42.6248,-90.5914,1024,397,polygon,FALSE,TRUE,America/Chicago,3
14489,Rhodhiss,Rhodhiss,NC,North Carolina,37027,Caldwell,35.7684,-81.4312,1024,333,polygon,FALSE,TRUE,America/New_York,3
14490,Groveton,Groveton,TX,Texas,48455,Trinity,31.0572,-95.1269,1023,152,polygon,FALSE,TRUE,America/Chicago,3
14491,Castle Hayne,Castle Hayne,NC,North Carolina,37129,New Hanover,34.3583,-77.9114,1023,82,polygon,FALSE,FALSE,America/New_York,3
14492,Hebron,Hebron,PA,Pennsylvania,42075,Lebanon,40.339,-76.3989,1023,1974,polygon,FALSE,FALSE,America/New_York,3
14493,Lily Lake,Lily Lake,IL,Illinois,17089,Kane,41.9518,-88.4742,1023,143,polygon,FALSE,TRUE,America/Chicago,3
14494,West Kennebunk,West Kennebunk,ME,Maine,23031,York,43.4142,-70.581,1023,113,polygon,FALSE,FALSE,America/New_York,3
14495,Overbrook,Overbrook,KS,Kansas,20139,Osage,38.7794,-95.557,1023,726,polygon,FALSE,TRUE,America/Chicago,3
14496,Parker,Parker,SD,South Dakota,46125,Turner,43.3978,-97.1334,1023,342,polygon,FALSE,TRUE,America/Chicago,3
14497,Lesage,Lesage,WV,West Virginia,54011,Cabell,38.487,-82.293,1022,64,polygon,FALSE,FALSE,America/New_York,3
14498,Bolivar,Bolivar,WV,West Virginia,54037,Jefferson,39.3242,-77.7517,1022,910,polygon,FALSE,TRUE,America/New_York,3
14499,Healy,Healy,AK,Alaska,2068,Denali,63.9454,-149.0152,1022,0,polygon,FALSE,FALSE,America/Anchorage,3
14500,Delevan,Delevan,NY,New York,36009,Cattaraugus,42.4913,-78.4796,1022,396,polygon,FALSE,TRUE,America/New_York,3
14501,New Tripoli,New Tripoli,PA,Pennsylvania,42077,Lehigh,40.6773,-75.7498,1022,430,polygon,FALSE,FALSE,America/New_York,3
14502,Royalton,Royalton,PA,Pennsylvania,42043,Dauphin,40.1873,-76.727,1022,1239,polygon,FALSE,TRUE,America/New_York,3
14503,Lincoln,Lincoln,PA,Pennsylvania,42003,Allegheny,40.2994,-79.8554,1022,82,polygon,FALSE,TRUE,America/New_York,3
14504,Riverside,Riverside,IA,Iowa,19183,Washington,41.4894,-91.5558,1022,223,polygon,FALSE,TRUE,America/Chicago,3
14505,Logan Elm Village,Logan Elm Village,OH,Ohio,39129,Pickaway,39.5705,-82.9471,1022,1086,polygon,FALSE,FALSE,America/New_York,3
14506,Paradise,Paradise,UT,Utah,49005,Cache,41.5682,-111.8334,1022,272,polygon,FALSE,TRUE,America/Denver,3
14507,Pearlington,Pearlington,MS,Mississippi,28045,Hancock,30.2492,-89.6047,1022,43,polygon,FALSE,FALSE,America/Chicago,3
14508,Tyndall,Tyndall,SD,South Dakota,46009,Bon Homme,42.9899,-97.8642,1022,250,polygon,FALSE,TRUE,America/Chicago,3
14509,Powderly,Powderly,TX,Texas,48277,Lamar,33.8091,-95.5049,1021,54,polygon,FALSE,FALSE,America/Chicago,3
14510,McKinney Acres,McKinney Acres,TX,Texas,48003,Andrews,32.2963,-102.5297,1021,239,polygon,FALSE,FALSE,America/Chicago,3
14511,Thompson,Thompson,ND,North Dakota,38035,Grand Forks,47.7753,-97.1058,1021,896,polygon,FALSE,TRUE,America/Chicago,3
14512,Kenmare,Kenmare,ND,North Dakota,38101,Ward,48.6728,-102.0721,1021,294,polygon,FALSE,TRUE,America/Chicago,3
14513,Pierceton,Pierceton,IN,Indiana,18085,Kosciusko,41.1992,-85.7032,1021,316,polygon,FALSE,TRUE,America/Indiana/Indianapolis,3
14514,Lyndon,Lyndon,KS,Kansas,20139,Osage,38.6118,-95.6844,1021,441,polygon,FALSE,TRUE,America/Chicago,3
14515,Plains,Plains,KS,Kansas,20119,Meade,37.2642,-100.5898,1021,394,polygon,FALSE,TRUE,America/Chicago,3
14516,Hart,Hart,TX,Texas,48069,Castro,34.3857,-102.115,1020,533,polygon,FALSE,TRUE,America/Chicago,3
14517,Gaston,Gaston,NC,North Carolina,37131,Northampton,36.4965,-77.6449,1020,232,polygon,FALSE,TRUE,America/New_York,3
14518,Afton,Afton,OK,Oklahoma,40115,Ottawa,36.6965,-94.9579,1020,195,polygon,FALSE,TRUE,America/Chicago,3
14519,Mantua,Mantua,OH,Ohio,39133,Portage,41.2819,-81.2221,1020,280,polygon,FALSE,TRUE,America/New_York,3
14520,Baudette,Baudette,MN,Minnesota,27077,Lake of the Woods,48.7119,-94.5925,1020,93,polygon,FALSE,TRUE,America/Chicago,3
14521,Sharon,Sharon,MS,Mississippi,28067,Jones,31.7922,-89.0983,1020,46,polygon,FALSE,FALSE,America/Chicago,3
14522,Watterson Park,Watterson Park,KY,Kentucky,21111,Jefferson,38.189,-85.6865,1020,273,polygon,FALSE,TRUE,America/New_York,3
14523,Dash Point,Dash Point,WA,Washington,53053,Pierce,47.313,-122.4154,1019,620,polygon,FALSE,FALSE,America/Los_Angeles,3
14524,Atoka,Atoka,NM,New Mexico,35015,Eddy,32.7783,-104.3931,1019,58,polygon,FALSE,FALSE,America/Denver,3
14525,Cape Charles,Cape Charles,VA,Virginia,51131,Northampton,37.257,-76.0093,1019,110,polygon,FALSE,TRUE,America/New_York,3
14526,Altamont,Altamont,KS,Kansas,20099,Labette,37.1876,-95.2897,1019,206,polygon,FALSE,TRUE,America/Chicago,3
14527,Heath Springs,Heath Springs,SC,South Carolina,45057,Lancaster,34.5933,-80.675,1019,242,polygon,FALSE,TRUE,America/New_York,3
14528,Plandome Heights,Plandome Heights,NY,New York,36059,Nassau,40.8021,-73.7049,1018,2174,polygon,FALSE,TRUE,America/New_York,2
14529,Pasatiempo,Pasatiempo,CA,California,6087,Santa Cruz,37.0035,-122.0265,1018,444,polygon,FALSE,FALSE,America/Los_Angeles,3
14530,Bradner,Bradner,OH,Ohio,39173,Wood,41.3237,-83.4363,1018,637,polygon,FALSE,TRUE,America/New_York,3
14531,Napoleon,Napoleon,MI,Michigan,26075,Jackson,42.1658,-84.2416,1018,149,polygon,FALSE,FALSE,America/Detroit,3
14532,Chetopa,Chetopa,KS,Kansas,20099,Labette,37.0376,-95.0926,1018,293,polygon,FALSE,TRUE,America/Chicago,3
14533,Tresckow,Tresckow,PA,Pennsylvania,42025,Carbon,40.916,-75.9657,1017,220,polygon,FALSE,FALSE,America/New_York,3
14534,Farmersville,Farmersville,PA,Pennsylvania,42071,Lancaster,40.1291,-76.1551,1017,159,polygon,FALSE,FALSE,America/New_York,3
14535,Kingston,Kingston,OH,Ohio,39141,Ross,39.4723,-82.912,1017,1064,polygon,FALSE,TRUE,America/New_York,3
14536,Benjamin,Benjamin,UT,Utah,49049,Utah,40.0945,-111.7387,1017,31,polygon,FALSE,FALSE,America/Denver,3
14537,Quinnesec,Quinnesec,MI,Michigan,26043,Dickinson,45.803,-87.9958,1017,260,polygon,FALSE,FALSE,America/Menominee,3
14538,Alcorn State University,Alcorn State University,MS,Mississippi,28021,Claiborne,31.8804,-91.1407,1017,164,polygon,FALSE,TRUE,America/Chicago,3
14539,Palmer,Palmer,PR,Puerto Rico,72119,Río Grande,18.3699,-65.774,1017,2420,polygon,FALSE,FALSE,America/Puerto_Rico,2
14540,Elkhart Lake,Elkhart Lake,WI,Wisconsin,55117,Sheboygan,43.8321,-88.0147,1016,306,polygon,FALSE,TRUE,America/Chicago,3
14541,Vista West,Vista West,WY,Wyoming,56025,Natrona,42.8622,-106.4363,1016,82,polygon,FALSE,FALSE,America/Denver,3
14542,Mamers,Mamers,NC,North Carolina,37085,Harnett,35.416,-78.939,1016,64,polygon,FALSE,FALSE,America/New_York,3
14543,Dover Plains,Dover Plains,NY,New York,36027,Dutchess,41.7395,-73.5734,1016,579,polygon,FALSE,FALSE,America/New_York,3
14544,Vandiver,Vandiver,AL,Alabama,1117,Shelby,33.4601,-86.5251,1016,19,polygon,FALSE,FALSE,America/Chicago,3
14545,Salamatof,Salamatof,AK,Alaska,2122,Kenai Peninsula,60.6154,-151.3159,1015,48,polygon,FALSE,FALSE,America/Anchorage,3
14546,Dasher,Dasher,GA,Georgia,13185,Lowndes,30.7462,-83.2253,1015,86,polygon,FALSE,TRUE,America/New_York,3
14547,Walton,Walton,IN,Indiana,18017,Cass,40.6622,-86.2441,1015,916,polygon,FALSE,TRUE,America/Indiana/Indianapolis,3
14548,Danville,Danville,OH,Ohio,39083,Knox,40.447,-82.2608,1015,707,polygon,FALSE,TRUE,America/New_York,3
14549,Friars Point,Friars Point,MS,Mississippi,28027,Coahoma,34.368,-90.6379,1015,356,polygon,FALSE,TRUE,America/Chicago,3
14550,Plano,Plano,KY,Kentucky,21227,Warren,36.8772,-86.4165,1015,379,polygon,FALSE,FALSE,America/Chicago,3
14551,New London,New London,TX,Texas,48401,Rusk,32.2687,-94.9296,1014,45,polygon,FALSE,TRUE,America/Chicago,3
14552,Quogue,Quogue,NY,New York,36103,Suffolk,40.8215,-72.5987,1014,93,polygon,FALSE,TRUE,America/New_York,3
14553,Yoe,Yoe,PA,Pennsylvania,42133,York,39.9094,-76.6366,1014,1627,polygon,FALSE,TRUE,America/New_York,3
14554,Rosiclare,Rosiclare,IL,Illinois,17069,Hardin,37.4239,-88.3501,1014,201,polygon,FALSE,TRUE,America/Chicago,3
14555,Oilton,Oilton,OK,Oklahoma,40037,Creek,36.0821,-96.5819,1014,369,polygon,FALSE,TRUE,America/Chicago,3
14556,Browning,Browning,MT,Montana,30035,Glacier,48.5564,-113.0151,1014,1416,polygon,FALSE,TRUE,America/Denver,3
14557,Upper Bear Creek,Upper Bear Creek,CO,Colorado,8019,Clear Creek,39.6318,-105.4154,1013,103,polygon,FALSE,TRUE,America/Denver,3
14558,Leesburg,Leesburg,AL,Alabama,1019,Cherokee,34.1839,-85.775,1013,62,polygon,FALSE,TRUE,America/Chicago,3
14559,Eclectic,Eclectic,AL,Alabama,1051,Elmore,32.6387,-86.0386,1013,95,polygon,FALSE,TRUE,America/Chicago,3
14560,Colfax,Colfax,IL,Illinois,17113,McLean,40.5666,-88.616,1013,706,polygon,FALSE,TRUE,America/Chicago,3
14561,Dutch Island,Dutch Island,GA,Georgia,13051,Chatham,32.0047,-81.0317,1013,158,polygon,FALSE,TRUE,America/New_York,3
14562,Keewatin,Keewatin,MN,Minnesota,27061,Itasca,47.4006,-93.0828,1013,159,polygon,FALSE,TRUE,America/Chicago,3
14563,Harper,Harper,TX,Texas,48171,Gillespie,30.2903,-99.2459,1012,6,polygon,FALSE,FALSE,America/Chicago,3
14564,Belfield,Belfield,ND,North Dakota,38089,Stark,46.8859,-103.199,1012,367,polygon,FALSE,TRUE,America/Denver,3
14565,Alexandria,Alexandria,TN,Tennessee,47041,DeKalb,36.0791,-86.0381,1012,192,polygon,FALSE,TRUE,America/Chicago,3
14566,Edinburg,Edinburg,IL,Illinois,17021,Christian,39.658,-89.3903,1012,625,polygon,FALSE,TRUE,America/Chicago,3
14567,Westwood,Westwood,PA,Pennsylvania,42029,Chester,39.9702,-75.8555,1011,855,polygon,FALSE,FALSE,America/New_York,3
14568,Bon Secour,Bon Secour,AL,Alabama,1003,Baldwin,30.3222,-87.7271,1011,90,polygon,FALSE,FALSE,America/Chicago,3
14569,Coal Hill,Coal Hill,AR,Arkansas,5071,Johnson,35.4375,-93.6647,1011,133,polygon,FALSE,TRUE,America/Chicago,3
14570,Ramsey,Ramsey,IL,Illinois,17051,Fayette,39.1457,-89.1103,1011,351,polygon,FALSE,TRUE,America/Chicago,3
14571,Cyril,Cyril,OK,Oklahoma,40015,Caddo,34.8986,-98.2031,1011,655,polygon,FALSE,TRUE,America/Chicago,3
14572,Pinesdale,Pinesdale,MT,Montana,30081,Ravalli,46.3338,-114.2231,1011,301,polygon,FALSE,TRUE,America/Denver,3
14573,Sleepy Hollow,Sleepy Hollow,WY,Wyoming,56005,Campbell,44.2327,-105.4309,1010,934,polygon,FALSE,FALSE,America/Denver,3
14574,Red Lick,Red Lick,TX,Texas,48037,Bowie,33.4767,-94.1688,1010,214,polygon,FALSE,TRUE,America/Chicago,3
14575,Pinnacle,Pinnacle,NC,North Carolina,37169,Stokes,36.323,-80.4241,1010,107,polygon,FALSE,FALSE,America/New_York,3
14576,Appling,Appling,GA,Georgia,13073,Columbia,33.5588,-82.3183,1010,44,polygon,FALSE,FALSE,America/New_York,3
14577,Seelyville,Seelyville,IN,Indiana,18167,Vigo,39.4936,-87.2667,1010,439,polygon,FALSE,TRUE,America/Indiana/Indianapolis,3
14578,Goshen,Goshen,KY,Kentucky,21185,Oldham,38.4027,-85.5825,1010,1978,polygon,FALSE,TRUE,America/New_York,3
14579,Odin,Odin,IL,Illinois,17121,Marion,38.6159,-89.0541,1009,388,polygon,FALSE,TRUE,America/Chicago,3
14580,Willards,Willards,MD,Maryland,24045,Wicomico,38.3922,-75.3494,1009,342,polygon,FALSE,TRUE,America/New_York,3
14581,Waldo,Waldo,FL,Florida,12001,Alachua,29.7926,-82.1663,1008,178,polygon,FALSE,TRUE,America/New_York,3
14582,Twin Lakes,Twin Lakes,NM,New Mexico,35031,McKinley,35.6834,-108.7709,1008,43,polygon,FALSE,FALSE,America/Denver,3
14583,Helenwood,Helenwood,TN,Tennessee,47151,Scott,36.4289,-84.5532,1008,61,polygon,FALSE,FALSE,America/New_York,3
14584,Point Lookout,Point Lookout,NY,New York,36059,Nassau,40.5903,-73.5795,1008,1721,polygon,FALSE,FALSE,America/New_York,3
14585,Cherokee,Cherokee,AL,Alabama,1033,Colbert,34.7577,-87.967,1008,175,polygon,FALSE,TRUE,America/Chicago,3
14586,McCullom Lake,McCullom Lake,IL,Illinois,17111,McHenry,42.3682,-88.2966,1008,1104,polygon,FALSE,TRUE,America/Chicago,3
14587,Beckemeyer,Beckemeyer,IL,Illinois,17027,Clinton,38.6059,-89.4322,1008,635,polygon,FALSE,TRUE,America/Chicago,3
14588,Eddyville,Eddyville,IA,Iowa,19179,Wapello,41.1591,-92.6297,1008,329,polygon,FALSE,TRUE,America/Chicago,3
14589,Rainbow City,Rainbow City,AZ,Arizona,4017,Navajo,33.8731,-109.9763,1008,178,polygon,FALSE,TRUE,America/Phoenix,3
14590,Thornville,Thornville,OH,Ohio,39127,Perry,39.8929,-82.4142,1008,352,polygon,FALSE,TRUE,America/New_York,3
14591,Richton,Richton,MS,Mississippi,28111,Perry,31.3495,-88.9407,1008,169,polygon,FALSE,TRUE,America/Chicago,3
14592,Lake Bosworth,Lake Bosworth,WA,Washington,53061,Snohomish,48.0532,-121.9812,1007,113,polygon,FALSE,FALSE,America/Los_Angeles,3
14593,North Bonneville,North Bonneville,WA,Washington,53059,Skamania,45.6425,-121.9692,1007,153,polygon,FALSE,TRUE,America/Los_Angeles,3
14594,Santa Anna,Santa Anna,TX,Texas,48083,Coleman,31.7369,-99.3254,1007,194,polygon,FALSE,TRUE,America/Chicago,3
14595,Kernville,Kernville,CA,California,6029,Kern,35.7531,-118.4321,1007,30,polygon,FALSE,FALSE,America/Los_Angeles,3
14596,North English,North English,IA,Iowa,19095,Iowa,41.5168,-92.0777,1007,637,polygon,FALSE,TRUE,America/Chicago,3
14597,De Kalb,De Kalb,MS,Mississippi,28069,Kemper,32.7707,-88.656,1007,117,polygon,FALSE,TRUE,America/Chicago,3
14598,Worthing,Worthing,SD,South Dakota,46083,Lincoln,43.33,-96.7683,1007,693,polygon,FALSE,TRUE,America/Chicago,3
14599,New Cumberland,New Cumberland,WV,West Virginia,54029,Hancock,40.5072,-80.6115,1006,318,polygon,FALSE,TRUE,America/New_York,3
14600,Eustace,Eustace,TX,Texas,48213,Henderson,32.3075,-96.0139,1006,132,polygon,FALSE,TRUE,America/Chicago,3
14601,Winfield,Winfield,TN,Tennessee,47151,Scott,36.5637,-84.4459,1006,59,polygon,FALSE,TRUE,America/New_York,3
14602,Collinsburg,Collinsburg,PA,Pennsylvania,42129,Westmoreland,40.2196,-79.7846,1006,223,polygon,FALSE,FALSE,America/New_York,3
14603,Winchester,Winchester,OH,Ohio,39001,Adams,38.9436,-83.654,1006,148,polygon,FALSE,TRUE,America/New_York,3
14604,North Branch,North Branch,MI,Michigan,26087,Lapeer,43.2291,-83.1903,1006,293,polygon,FALSE,TRUE,America/Detroit,3
14605,La Puebla,La Puebla,NM,New Mexico,35049,Santa Fe,35.989,-105.9987,1005,127,polygon,FALSE,FALSE,America/Denver,3
14606,Skagway,Skagway,AK,Alaska,2230,Skagway,59.4566,-135.2927,1005,41,polygon,FALSE,FALSE,America/Juneau,3
14607,Mount Ida,Mount Ida,AR,Arkansas,5097,Montgomery,34.5509,-93.6309,1005,247,polygon,FALSE,TRUE,America/Chicago,3
14608,Yorkville,Yorkville,OH,Ohio,39013,Belmont,40.1528,-80.7079,1005,655,polygon,FALSE,TRUE,America/New_York,3
14609,Edwards,Edwards,MS,Mississippi,28049,Hinds,32.3326,-90.6055,1005,233,polygon,FALSE,TRUE,America/Chicago,3
14610,DeLand Southwest,DeLand Southwest,FL,Florida,12127,Volusia,29.0077,-81.3113,1004,621,polygon,FALSE,TRUE,America/New_York,3
14611,Tolar,Tolar,TX,Texas,48221,Hood,32.3894,-97.9191,1004,414,polygon,FALSE,TRUE,America/Chicago,3
14612,Napanoch,Napanoch,NY,New York,36111,Ulster,41.7514,-74.3729,1004,317,polygon,FALSE,FALSE,America/New_York,3
14613,South Waverly,South Waverly,PA,Pennsylvania,42015,Bradford,41.9955,-76.5441,1004,439,polygon,FALSE,TRUE,America/New_York,3
14614,Wanatah,Wanatah,IN,Indiana,18091,LaPorte,41.4304,-86.8926,1004,272,polygon,FALSE,TRUE,America/Chicago,3
14615,Bluewater,Bluewater,AZ,Arizona,4012,La Paz,34.1681,-114.2667,1004,186,polygon,FALSE,FALSE,America/Phoenix,3
14616,Grand Rapids,Grand Rapids,OH,Ohio,39173,Wood,41.4078,-83.868,1004,439,polygon,FALSE,TRUE,America/New_York,3
14617,Warrenville,Warrenville,SC,South Carolina,45003,Aiken,33.5461,-81.799,1004,357,polygon,FALSE,FALSE,America/New_York,3
14618,Pennsboro,Pennsboro,WV,West Virginia,54085,Ritchie,39.2874,-80.9754,1003,143,polygon,FALSE,TRUE,America/New_York,3
14619,Electric City,Electric City,WA,Washington,53025,Grant,47.9218,-119.0475,1002,194,polygon,FALSE,TRUE,America/Los_Angeles,3
14620,Allentown,Allentown,FL,Florida,12113,Santa Rosa,30.7744,-87.0822,1002,13,polygon,FALSE,FALSE,America/Chicago,3
14621,Audubon Park,Audubon Park,NJ,New Jersey,34007,Camden,39.8969,-75.089,1002,2571,polygon,FALSE,TRUE,America/New_York,2
14622,Cambridge,Cambridge,NE,Nebraska,31065,Furnas,40.2843,-100.1653,1002,289,polygon,FALSE,TRUE,America/Chicago,3
14623,Lakeville,Lakeville,NY,New York,36051,Livingston,42.8367,-77.7032,1002,579,polygon,FALSE,FALSE,America/New_York,3
14624,McConnellsburg,McConnellsburg,PA,Pennsylvania,42057,Fulton,39.932,-77.9958,1002,1121,polygon,FALSE,TRUE,America/New_York,3
14625,Westlake Corner,Westlake Corner,VA,Virginia,51067,Franklin,37.1234,-79.6971,1002,38,polygon,FALSE,FALSE,America/New_York,3
14626,Cedar Bluff,Cedar Bluff,VA,Virginia,51185,Tazewell,37.0876,-81.7632,1002,185,polygon,FALSE,TRUE,America/New_York,3
14627,Farmersville,Farmersville,OH,Ohio,39113,Montgomery,39.6787,-84.4275,1002,541,polygon,FALSE,TRUE,America/New_York,3
14628,Kissee Mills,Kissee Mills,MO,Missouri,29213,Taney,36.6694,-93.0473,1002,43,polygon,FALSE,FALSE,America/Chicago,3
14629,Lakeview,Lakeview,MI,Michigan,26117,Montcalm,43.4434,-85.2738,1002,258,polygon,FALSE,TRUE,America/Detroit,3
14630,Scio,Scio,OR,Oregon,41043,Linn,44.7046,-122.8508,1002,941,polygon,FALSE,TRUE,America/Los_Angeles,3
14631,Chelyan,Chelyan,WV,West Virginia,54039,Kanawha,38.1958,-81.4928,1001,958,polygon,FALSE,FALSE,America/New_York,3
14632,Panacea,Panacea,FL,Florida,12129,Wakulla,30.0282,-84.3936,1001,231,polygon,FALSE,FALSE,America/New_York,3
14633,West Cape May,West Cape May,NJ,New Jersey,34009,Cape May,38.9423,-74.9377,1001,329,polygon,FALSE,TRUE,America/New_York,3
14634,Manassa,Manassa,CO,Colorado,8021,Conejos,37.1738,-105.9373,1001,415,polygon,FALSE,TRUE,America/Denver,3
14635,Burt,Burt,MI,Michigan,26145,Saginaw,43.2348,-83.9101,1001,85,polygon,FALSE,FALSE,America/Detroit,3
14636,Halsey,Halsey,OR,Oregon,41043,Linn,44.3829,-123.1095,1001,689,polygon,FALSE,TRUE,America/Los_Angeles,3
14637,Clarks,Clarks,LA,Louisiana,22021,Caldwell,32.0288,-92.1408,1000,402,polygon,FALSE,TRUE,America/Chicago,3
14638,King Cove,King Cove,AK,Alaska,2013,Aleutians East,55.0858,-162.2978,1000,15,polygon,FALSE,TRUE,America/Nome,3
14639,Trappe,Trappe,MD,Maryland,24041,Talbot,38.6635,-76.0518,1000,144,polygon,FALSE,TRUE,America/New_York,3
14640,Solomon,Solomon,KS,Kansas,20041,Dickinson,38.9215,-97.3692,1000,447,polygon,FALSE,TRUE,America/Chicago,3
14641,Bude,Bude,MS,Mississippi,28037,Franklin,31.463,-90.8509,1000,270,polygon,FALSE,TRUE,America/Chicago,3
14642,Bronte,Bronte,TX,Texas,48081,Coke,31.8857,-100.2954,999,268,polygon,FALSE,TRUE,America/Chicago,3
14643,Almedia,Almedia,PA,Pennsylvania,42037,Columbia,41.0144,-76.385,999,550,polygon,FALSE,FALSE,America/New_York,3
14644,Hulmeville,Hulmeville,PA,Pennsylvania,42017,Bucks,40.1421,-74.9075,999,1083,polygon,FALSE,TRUE,America/New_York,3
14645,Falls Creek,Falls Creek,PA,Pennsylvania,42065,Jefferson,41.1421,-78.8067,999,413,polygon,FALSE,TRUE,America/New_York,3
14646,Chalfant,Chalfant,CA,California,6051,Mono,37.5105,-118.375,999,13,polygon,FALSE,TRUE,America/Los_Angeles,3
14647,Shady Point,Shady Point,OK,Oklahoma,40079,Le Flore,35.1278,-94.6687,999,150,polygon,FALSE,TRUE,America/Chicago,3
14648,Erick,Erick,OK,Oklahoma,40009,Beckham,35.2155,-99.8686,999,398,polygon,FALSE,TRUE,America/Chicago,3
14649,Oxford,Oxford,KS,Kansas,20191,Sumner,37.2741,-97.1695,999,425,polygon,FALSE,TRUE,America/Chicago,3
14650,Helena Flats,Helena Flats,MT,Montana,30029,Flathead,48.2864,-114.2369,999,45,polygon,FALSE,TRUE,America/Denver,3
14651,Greenwood,Greenwood,WI,Wisconsin,55019,Clark,44.7655,-90.5989,998,143,polygon,FALSE,TRUE,America/Chicago,3
14652,Sterling City,Sterling City,TX,Texas,48431,Sterling,31.8392,-100.986,998,393,polygon,FALSE,TRUE,America/Chicago,3
14653,Columbus,Columbus,NC,North Carolina,37149,Polk,35.266,-82.1985,998,108,polygon,FALSE,TRUE,America/New_York,3
14654,Kittredge,Kittredge,CO,Colorado,8059,Jefferson,39.6593,-105.3045,998,204,polygon,FALSE,FALSE,America/Denver,3
14655,Mount Hermon,Mount Hermon,CA,California,6087,Santa Cruz,37.0511,-122.0533,998,592,polygon,FALSE,FALSE,America/Los_Angeles,3
14656,Morrisonville,Morrisonville,IL,Illinois,17021,Christian,39.4217,-89.459,998,372,polygon,FALSE,TRUE,America/Chicago,3
14657,Hideout,Hideout,UT,Utah,49051,Wasatch,40.6438,-111.4015,998,110,polygon,FALSE,TRUE,America/Denver,3
14658,Nickerson,Nickerson,KS,Kansas,20155,Reno,38.1489,-98.0883,998,297,polygon,FALSE,TRUE,America/Chicago,3
14659,St. George,St. George,KS,Kansas,20149,Pottawatomie,39.1916,-96.4186,998,597,polygon,FALSE,TRUE,America/Chicago,3
14660,Sedan,Sedan,KS,Kansas,20019,Chautauqua,37.1284,-96.1849,998,469,polygon,FALSE,TRUE,America/Chicago,3
14661,Dexter,Dexter,NY,New York,36045,Jefferson,44.0111,-76.0425,997,578,polygon,FALSE,TRUE,America/New_York,3
14662,Aspen Park,Aspen Park,CO,Colorado,8059,Jefferson,39.5423,-105.2968,997,154,polygon,FALSE,FALSE,America/Denver,3
14663,Ladoga,Ladoga,IN,Indiana,18107,Montgomery,39.9167,-86.7989,997,716,polygon,FALSE,TRUE,America/Indiana/Indianapolis,3
14664,Parkers Prairie,Parkers Prairie,MN,Minnesota,27111,Otter Tail,46.153,-95.329,997,308,polygon,FALSE,TRUE,America/Chicago,3
14665,Millington,Millington,MI,Michigan,26157,Tuscola,43.2784,-83.5273,997,282,polygon,FALSE,TRUE,America/Detroit,3
14666,Scobey,Scobey,MT,Montana,30019,Daniels,48.7904,-105.4206,997,523,polygon,FALSE,TRUE,America/Denver,3
14667,White Swan,White Swan,WA,Washington,53077,Yakima,46.3769,-120.7382,996,144,polygon,FALSE,FALSE,America/Los_Angeles,3
14668,Wortham,Wortham,TX,Texas,48161,Freestone,31.7897,-96.461,996,193,polygon,FALSE,TRUE,America/Chicago,3
14669,Lakeport,Lakeport,TX,Texas,48183,Gregg,32.405,-94.7102,996,242,polygon,FALSE,TRUE,America/Chicago,3
14670,Athens,Athens,MI,Michigan,26025,Calhoun,42.0866,-85.2356,996,381,polygon,FALSE,TRUE,America/Detroit,3
14671,Hays,Hays,MT,Montana,30005,Blaine,48.0104,-108.6606,996,14,polygon,FALSE,FALSE,America/Denver,3
14672,Maguayo,Maguayo,PR,Puerto Rico,72079,Lajas,18.01,-67.0855,996,1235,polygon,FALSE,FALSE,America/Puerto_Rico,3
14673,Poipu,Poipu,HI,Hawaii,15007,Kauai,21.8834,-159.46,995,149,polygon,FALSE,FALSE,Pacific/Honolulu,3
14674,Falcon Lake Estates,Falcon Lake Estates,TX,Texas,48505,Zapata,26.8719,-99.2585,995,572,polygon,FALSE,FALSE,America/Chicago,3
14675,Salcha,Salcha,AK,Alaska,2090,Fairbanks North Star,64.5272,-146.904,995,5,polygon,FALSE,TRUE,America/Anchorage,3
14676,Maurertown,Maurertown,VA,Virginia,51171,Shenandoah,38.9325,-78.4615,995,177,polygon,FALSE,FALSE,America/New_York,3
14677,Morristown,Morristown,MN,Minnesota,27131,Rice,44.2239,-93.4445,995,354,polygon,FALSE,TRUE,America/Chicago,3
14678,Highland,Highland,KS,Kansas,20043,Doniphan,39.8603,-95.2649,995,731,polygon,FALSE,TRUE,America/Chicago,3
14679,Pickens,Pickens,MS,Mississippi,28051,Holmes,32.8913,-89.9696,995,300,polygon,FALSE,TRUE,America/Chicago,3
14680,Elliott,Elliott,MS,Mississippi,28043,Grenada,33.6913,-89.7525,995,84,polygon,FALSE,FALSE,America/Chicago,3
14681,Maringouin,Maringouin,LA,Louisiana,22047,Iberville,30.4907,-91.5187,994,521,polygon,FALSE,TRUE,America/Chicago,3
14682,Ramblewood,Ramblewood,PA,Pennsylvania,42027,Centre,40.7238,-77.9432,994,123,polygon,FALSE,FALSE,America/New_York,3
14683,Albany,Albany,WI,Wisconsin,55045,Green,42.7069,-89.4367,993,301,polygon,FALSE,TRUE,America/Chicago,3
14684,Wayne City,Wayne City,IL,Illinois,17191,Wayne,38.3481,-88.5895,993,222,polygon,FALSE,TRUE,America/Chicago,3
14685,Martin's Additions,Martin's Additions,MD,Maryland,24031,Montgomery,38.9795,-77.0693,993,2773,polygon,FALSE,TRUE,America/New_York,2
14686,Urbancrest,Urbancrest,OH,Ohio,39049,Franklin,39.9016,-83.0859,993,654,polygon,FALSE,TRUE,America/New_York,3
14687,Lake Waynoka,Lake Waynoka,OH,Ohio,39015,Brown,38.9401,-83.7786,993,89,polygon,FALSE,TRUE,America/New_York,3
14688,Ennis,Ennis,MT,Montana,30057,Madison,45.3461,-111.7319,993,519,polygon,FALSE,TRUE,America/Denver,3
14689,Chama,Chama,NM,New Mexico,35039,Rio Arriba,36.8926,-106.5843,992,143,polygon,FALSE,TRUE,America/Denver,3
14690,Rowland,Rowland,NC,North Carolina,37155,Robeson,34.5362,-79.2928,992,364,polygon,FALSE,TRUE,America/New_York,3
14691,Wildwood,Wildwood,TN,Tennessee,47009,Blount,35.7999,-83.8686,992,154,polygon,FALSE,FALSE,America/New_York,3
14692,Littleville,Littleville,AL,Alabama,1033,Colbert,34.5951,-87.6719,992,77,polygon,FALSE,TRUE,America/Chicago,3
14693,King City,King City,MO,Missouri,29075,Gentry,40.0505,-94.5251,992,277,polygon,FALSE,TRUE,America/Chicago,3
14694,Búfalo,Bufalo,PR,Puerto Rico,72017,Barceloneta,18.4175,-66.5749,992,2327,polygon,FALSE,FALSE,America/Puerto_Rico,2
14695,Burgin,Burgin,KY,Kentucky,21167,Mercer,37.7544,-84.7632,992,304,polygon,FALSE,TRUE,America/New_York,3
14696,Ilwaco,Ilwaco,WA,Washington,53049,Pacific,46.3101,-124.0416,991,185,polygon,FALSE,TRUE,America/Los_Angeles,3
14697,Turtle Lake,Turtle Lake,WI,Wisconsin,55005,Barron,45.3933,-92.1452,991,133,polygon,FALSE,TRUE,America/Chicago,3
14698,North Key Largo,North Key Largo,FL,Florida,12087,Monroe,25.2574,-80.3242,990,20,polygon,FALSE,FALSE,America/New_York,3
14699,China Spring,China Spring,TX,Texas,48309,McLennan,31.6492,-97.3047,990,82,polygon,FALSE,TRUE,America/Chicago,3
14700,Lafitte,Lafitte,LA,Louisiana,22051,Jefferson,29.6957,-90.0995,990,79,polygon,FALSE,FALSE,America/Chicago,3
14701,Cohasset,Cohasset,CA,California,6007,Butte,39.9022,-121.7453,990,15,polygon,FALSE,FALSE,America/Los_Angeles,3
14702,Parkin,Parkin,AR,Arkansas,5037,Cross,35.2629,-90.553,990,149,polygon,FALSE,TRUE,America/Chicago,3
14703,Payson,Payson,IL,Illinois,17001,Adams,39.8169,-91.2443,990,326,polygon,FALSE,TRUE,America/Chicago,3
14704,Goodland,Goodland,IN,Indiana,18111,Newton,40.7637,-87.2952,990,502,polygon,FALSE,TRUE,America/Indiana/Indianapolis,3
14705,Rockwell,Rockwell,IA,Iowa,19033,Cerro Gordo,42.98,-93.1871,990,128,polygon,FALSE,TRUE,America/Chicago,3
14706,Seven Mile,Seven Mile,AZ,Arizona,4017,Navajo,33.7882,-109.9576,990,168,polygon,FALSE,TRUE,America/Phoenix,3
14707,Hawesville,Hawesville,KY,Kentucky,21091,Hancock,37.8962,-86.7562,990,236,polygon,FALSE,TRUE,America/Chicago,3
14708,New Salem,New Salem,ND,North Dakota,38059,Morton,46.8432,-101.4178,989,275,polygon,FALSE,TRUE,America/North_Dakota/New_Salem,3
14709,Tabor,Tabor,IA,Iowa,19071,Fremont,40.8949,-95.6737,989,296,polygon,FALSE,TRUE,America/Chicago,3
14710,Rolling Hills,Rolling Hills,KY,Kentucky,21111,Jefferson,38.2825,-85.5784,989,2016,polygon,FALSE,TRUE,America/New_York,2
14711,Wittenberg,Wittenberg,WI,Wisconsin,55115,Shawano,44.8269,-89.1664,988,210,polygon,FALSE,TRUE,America/Chicago,3
14712,Sutton,Sutton,WV,West Virginia,54007,Braxton,38.6663,-80.7116,988,491,polygon,FALSE,TRUE,America/New_York,3
14713,Fairton,Fairton,NJ,New Jersey,34011,Cumberland,39.3759,-75.2131,988,133,polygon,FALSE,FALSE,America/New_York,3
14714,Saddle Rock,Saddle Rock,NY,New York,36059,Nassau,40.7947,-73.7494,988,1548,polygon,FALSE,TRUE,America/New_York,3
14715,Greenfield,Greenfield,IL,Illinois,17061,Greene,39.3443,-90.208,988,222,polygon,FALSE,TRUE,America/Chicago,3
14716,Mashpee Neck,Mashpee Neck,MA,Massachusetts,25001,Barnstable,41.6118,-70.4667,988,301,polygon,FALSE,FALSE,America/New_York,3
14717,North Randall,North Randall,OH,Ohio,39035,Cuyahoga,41.4327,-81.5289,988,497,polygon,FALSE,TRUE,America/New_York,3
14718,Frankford,Frankford,DE,Delaware,10005,Sussex,38.5215,-75.2342,987,522,polygon,FALSE,TRUE,America/New_York,3
14719,Norris Canyon,Norris Canyon,CA,California,6013,Contra Costa,37.7454,-121.9878,987,103,polygon,FALSE,TRUE,America/Los_Angeles,3
14720,Brantleyville,Brantleyville,AL,Alabama,1117,Shelby,33.2196,-86.882,987,173,polygon,FALSE,FALSE,America/Chicago,3
14721,Sloan,Sloan,IA,Iowa,19193,Woodbury,42.2319,-96.2257,987,582,polygon,FALSE,TRUE,America/Chicago,3
14722,New London,New London,MO,Missouri,29173,Ralls,39.5844,-91.3987,987,548,polygon,FALSE,TRUE,America/Chicago,3
14723,Harmony,Harmony,MN,Minnesota,27045,Fillmore,43.554,-92.0075,987,341,polygon,FALSE,TRUE,America/Chicago,3
14724,Caldwell,Caldwell,KS,Kansas,20191,Sumner,37.0349,-97.6089,987,356,polygon,FALSE,TRUE,America/Chicago,3
14725,Andale,Andale,KS,Kansas,20173,Sedgwick,37.7914,-97.6273,987,663,polygon,FALSE,TRUE,America/Chicago,3
14726,Harlowton,Harlowton,MT,Montana,30107,Wheatland,46.4368,-109.835,987,609,polygon,FALSE,TRUE,America/Denver,3
14727,Blue Mounds,Blue Mounds,WI,Wisconsin,55025,Dane,43.0177,-89.8271,986,432,polygon,FALSE,TRUE,America/Chicago,3
14728,Cross Plains,Cross Plains,TX,Texas,48059,Callahan,32.1271,-99.1658,986,317,polygon,FALSE,TRUE,America/Chicago,3
14729,Goodfield,Goodfield,IL,Illinois,17203,Woodford,40.6252,-89.2694,986,218,polygon,FALSE,TRUE,America/Chicago,3
14730,Montezuma,Montezuma,IN,Indiana,18121,Parke,39.7911,-87.3694,986,627,polygon,FALSE,TRUE,America/Indiana/Indianapolis,3
14731,Janesville,Janesville,IA,Iowa,19017,Bremer,42.6462,-92.4626,986,268,polygon,FALSE,TRUE,America/Chicago,3
14732,Muldraugh,Muldraugh,KY,Kentucky,21163,Meade,37.9365,-85.9915,986,728,polygon,FALSE,TRUE,America/New_York,3
14733,Gulf Stream,Gulf Stream,FL,Florida,12099,Palm Beach,26.4894,-80.0573,985,484,polygon,FALSE,TRUE,America/New_York,3
14734,East Tawakoni,East Tawakoni,TX,Texas,48379,Rains,32.9011,-95.9397,985,213,polygon,FALSE,TRUE,America/Chicago,3
14735,Henderson,Henderson,NE,Nebraska,31185,York,40.7795,-97.8117,985,637,polygon,FALSE,TRUE,America/Chicago,3
14736,Chester Gap,Chester Gap,VA,Virginia,51157,Rappahannock,38.8534,-78.1325,985,182,polygon,FALSE,FALSE,America/New_York,3
14737,Quinton,Quinton,OK,Oklahoma,40121,Pittsburg,35.1249,-95.3676,985,339,polygon,FALSE,TRUE,America/Chicago,3
14738,Cerrillos Hoyos,Cerrillos Hoyos,PR,Puerto Rico,72113,Ponce,18.0656,-66.5691,985,1475,polygon,FALSE,TRUE,America/Puerto_Rico,3
14739,Supreme,Supreme,LA,Louisiana,22007,Assumption,29.8604,-90.9955,984,112,polygon,FALSE,FALSE,America/Chicago,3
14740,Hoopers Creek,Hoopers Creek,NC,North Carolina,37089,Henderson,35.4481,-82.4294,984,54,polygon,FALSE,FALSE,America/New_York,3
14741,Hollywood,Hollywood,AL,Alabama,1071,Jackson,34.719,-85.965,984,42,polygon,FALSE,TRUE,America/Chicago,3
14742,Morgantown,Morgantown,IN,Indiana,18109,Morgan,39.3729,-86.2585,984,1005,polygon,FALSE,TRUE,America/Indiana/Indianapolis,3
14743,Churchill,Churchill,MT,Montana,30031,Gallatin,45.75,-111.3103,984,106,polygon,FALSE,FALSE,America/Denver,3
14744,Cooleemee,Cooleemee,NC,North Carolina,37059,Davie,35.8124,-80.5563,983,504,polygon,FALSE,TRUE,America/New_York,3
14745,Hillburn,Hillburn,NY,New York,36087,Rockland,41.1264,-74.1705,983,169,polygon,FALSE,TRUE,America/New_York,3
14746,Summitville,Summitville,IN,Indiana,18095,Madison,40.3359,-85.6437,983,672,polygon,FALSE,TRUE,America/Indiana/Indianapolis,3
14747,Libertytown,Libertytown,MD,Maryland,24021,Frederick,39.4858,-77.2481,983,157,polygon,FALSE,FALSE,America/New_York,3
14748,Balsam Lake,Balsam Lake,WI,Wisconsin,55095,Polk,45.4585,-92.4528,982,174,polygon,FALSE,TRUE,America/Chicago,3
14749,Crescent Beach,Crescent Beach,FL,Florida,12109,St. Johns,29.7357,-81.2414,982,263,polygon,FALSE,FALSE,America/New_York,3
14750,Highlands,Highlands,NC,North Carolina,37113,Macon,35.0539,-83.1976,982,61,polygon,FALSE,TRUE,America/New_York,3
14751,Milford,Milford,PA,Pennsylvania,42103,Pike,41.3238,-74.8011,982,808,polygon,FALSE,TRUE,America/New_York,3
14752,Fruitland,Fruitland,IA,Iowa,19139,Muscatine,41.3475,-91.1288,982,210,polygon,FALSE,TRUE,America/Chicago,3
14753,Little Falls,Little Falls,ME,Maine,23005,Cumberland,43.7312,-70.4301,982,329,polygon,FALSE,FALSE,America/New_York,3
14754,Ashland,Ashland,MT,Montana,30087,Rosebud,45.5977,-106.2975,982,18,polygon,FALSE,FALSE,America/Denver,3
14755,Mustang Ridge,Mustang Ridge,TX,Texas,48453,Travis,30.0576,-97.6852,981,101,polygon,FALSE,TRUE,America/Chicago,3
14756,Choudrant,Choudrant,LA,Louisiana,22061,Lincoln,32.5502,-92.5121,981,89,polygon,FALSE,TRUE,America/Chicago,3
14757,Ashley,Ashley,IN,Indiana,18033,DeKalb,41.5214,-85.0614,981,199,polygon,FALSE,TRUE,America/Indiana/Indianapolis,3
14758,Beach City,Beach City,OH,Ohio,39151,Stark,40.6531,-81.5796,981,884,polygon,FALSE,TRUE,America/New_York,3
14759,Bristol,Bristol,FL,Florida,12077,Liberty,30.4256,-84.9772,980,231,polygon,FALSE,TRUE,America/New_York,3
14760,Taft Southwest,Taft Southwest,TX,Texas,48409,San Patricio,27.9707,-97.4047,980,813,polygon,FALSE,TRUE,America/Chicago,3
14761,Omaha,Omaha,TX,Texas,48343,Morris,33.182,-94.7402,980,260,polygon,FALSE,TRUE,America/Chicago,3
14762,Boyce,Boyce,LA,Louisiana,22079,Rapides,31.3905,-92.6699,980,823,polygon,FALSE,TRUE,America/Chicago,3
14763,Fort Calhoun,Fort Calhoun,NE,Nebraska,31177,Washington,41.4563,-96.0263,980,576,polygon,FALSE,TRUE,America/Chicago,3
14764,Greenfields,Greenfields,PA,Pennsylvania,42011,Berks,40.3627,-75.9565,980,511,polygon,FALSE,FALSE,America/New_York,3
14765,Stoneboro,Stoneboro,PA,Pennsylvania,42085,Mercer,41.3336,-80.1121,980,133,polygon,FALSE,TRUE,America/New_York,3
14766,Rushmere,Rushmere,VA,Virginia,51093,Isle of Wight,37.0836,-76.6747,980,45,polygon,FALSE,FALSE,America/New_York,3
14767,East Tulare Villa,East Tulare Villa,CA,California,6107,Tulare,36.2035,-119.2821,980,785,polygon,FALSE,TRUE,America/Los_Angeles,3
14768,Millport,Millport,AL,Alabama,1075,Lamar,33.5586,-88.0817,980,68,polygon,FALSE,TRUE,America/Chicago,3
14769,Lawton,Lawton,IA,Iowa,19193,Woodbury,42.4769,-96.1851,980,530,polygon,FALSE,TRUE,America/Chicago,3
14770,Chevy Chase View,Chevy Chase View,MD,Maryland,24031,Montgomery,39.0192,-77.081,980,1410,polygon,FALSE,TRUE,America/New_York,3
14771,Toomsuba,Toomsuba,MS,Mississippi,28075,Lauderdale,32.4267,-88.51,980,80,polygon,FALSE,FALSE,America/Chicago,3
14772,Logan,Logan,NM,New Mexico,35037,Quay,35.3576,-103.4426,979,35,polygon,FALSE,TRUE,America/Denver,3
14773,Barataria,Barataria,LA,Louisiana,22051,Jefferson,29.7092,-90.1217,979,88,polygon,FALSE,FALSE,America/Chicago,3
14774,Scotts Hill,Scotts Hill,TN,Tennessee,47039,Decatur,35.5188,-88.2526,979,100,polygon,FALSE,TRUE,America/Chicago,3
14775,Pastoria,Pastoria,VA,Virginia,51001,Accomack,37.7446,-75.6352,979,171,polygon,FALSE,FALSE,America/New_York,3
14776,Henefer,Henefer,UT,Utah,49043,Summit,41.0138,-111.4933,979,153,polygon,FALSE,TRUE,America/Denver,3
14777,Whitewood,Whitewood,SD,South Dakota,46081,Lawrence,44.4617,-103.6382,979,593,polygon,FALSE,TRUE,America/Denver,3
14778,Ellerbe,Ellerbe,NC,North Carolina,37153,Richmond,35.0718,-79.7595,978,287,polygon,FALSE,TRUE,America/New_York,3
14779,Southmont,Southmont,NC,North Carolina,37057,Davidson,35.6536,-80.2702,978,82,polygon,FALSE,FALSE,America/New_York,3
14780,Linton,Linton,ND,North Dakota,38029,Emmons,46.2685,-100.2337,978,485,polygon,FALSE,TRUE,America/Chicago,3
14781,Bradford,Bradford,TN,Tennessee,47053,Gibson,36.0737,-88.8158,978,221,polygon,FALSE,TRUE,America/Chicago,3
14782,Palo Alto,Palo Alto,PA,Pennsylvania,42107,Schuylkill,40.6861,-76.1699,978,361,polygon,FALSE,TRUE,America/New_York,3
14783,Keystone,Keystone,CO,Colorado,8117,Summit,39.5901,-105.9383,978,9,polygon,FALSE,FALSE,America/Denver,3
14784,Hydesville,Hydesville,CA,California,6023,Humboldt,40.5579,-124.0822,978,50,polygon,FALSE,FALSE,America/Los_Angeles,3
14785,Tulelake,Tulelake,CA,California,6093,Siskiyou,41.9534,-121.4752,978,921,polygon,FALSE,TRUE,America/Los_Angeles,3
14786,Kootenai,Kootenai,ID,Idaho,16017,Bonner,48.3119,-116.5172,978,672,polygon,FALSE,TRUE,America/Los_Angeles,3
14787,Auxvasse,Auxvasse,MO,Missouri,29027,Callaway,39.0174,-91.8958,978,500,polygon,FALSE,TRUE,America/Chicago,3
14788,Elsie,Elsie,MI,Michigan,26037,Clinton,43.0895,-84.3889,978,330,polygon,FALSE,TRUE,America/Detroit,3
14789,Sunflower,Sunflower,MS,Mississippi,28133,Sunflower,33.5444,-90.5373,978,622,polygon,FALSE,TRUE,America/Chicago,3
14790,Antelope,Antelope,SD,South Dakota,46121,Todd,43.3087,-100.6307,978,165,polygon,FALSE,FALSE,America/Chicago,3
14791,Haliimaile,Haliimaile,HI,Hawaii,15009,Maui,20.8671,-156.3381,977,109,polygon,FALSE,FALSE,Pacific/Honolulu,3
14792,Bay Head,Bay Head,NJ,New Jersey,34029,Ocean,40.0701,-74.0482,977,644,polygon,FALSE,TRUE,America/New_York,3
14793,Thrall,Thrall,TX,Texas,48491,Williamson,30.5882,-97.2983,977,895,polygon,FALSE,TRUE,America/Chicago,3
14794,Bennet,Bennet,NE,Nebraska,31109,Lancaster,40.6818,-96.5039,977,724,polygon,FALSE,TRUE,America/Chicago,3
14795,Paullina,Paullina,IA,Iowa,19141,O'Brien,42.9799,-95.6836,977,406,polygon,FALSE,TRUE,America/Chicago,3
14796,Belmont,Belmont,WI,Wisconsin,55065,Lafayette,42.7379,-90.3345,976,427,polygon,FALSE,TRUE,America/Chicago,3
14797,Point MacKenzie,Point MacKenzie,AK,Alaska,2170,Matanuska-Susitna,61.3463,-150.0787,976,2,polygon,FALSE,FALSE,America/Anchorage,3
14798,Arapahoe,Arapahoe,NE,Nebraska,31065,Furnas,40.3048,-99.8979,976,379,polygon,FALSE,TRUE,America/Chicago,3
14799,Linesville,Linesville,PA,Pennsylvania,42039,Crawford,41.6564,-80.4224,976,488,polygon,FALSE,TRUE,America/New_York,3
14800,Whitewater,Whitewater,CA,California,6065,Riverside,33.9356,-116.6873,976,38,polygon,FALSE,TRUE,America/Los_Angeles,3
14801,Lawrence,Lawrence,MI,Michigan,26159,Van Buren,42.2157,-86.0534,976,211,polygon,FALSE,TRUE,America/Detroit,3
14802,McGraw,McGraw,NY,New York,36023,Cortland,42.5938,-76.0975,975,381,polygon,FALSE,TRUE,America/New_York,3
14803,Keuka Park,Keuka Park,NY,New York,36123,Yates,42.6123,-77.0916,975,555,polygon,FALSE,FALSE,America/New_York,3
14804,Clarence,Clarence,IA,Iowa,19031,Cedar,41.8857,-91.0578,975,494,polygon,FALSE,TRUE,America/Chicago,3
14805,Stonewall,Stonewall,MS,Mississippi,28023,Clarke,32.1364,-88.7958,975,141,polygon,FALSE,TRUE,America/Chicago,3
14806,Poca,Poca,WV,West Virginia,54079,Putnam,38.4729,-81.8124,974,640,polygon,FALSE,TRUE,America/New_York,3
14807,Rice,Rice,TX,Texas,48349,Navarro,32.2388,-96.4978,974,140,polygon,FALSE,TRUE,America/Chicago,3
14808,Concord,Concord,VA,Virginia,51031,Campbell,37.3426,-78.9862,974,67,polygon,FALSE,FALSE,America/New_York,3
14809,Mignon,Mignon,AL,Alabama,1121,Talladega,33.1948,-86.2651,974,187,polygon,FALSE,FALSE,America/Chicago,3
14810,Derma,Derma,MS,Mississippi,28013,Calhoun,33.8589,-89.2878,974,212,polygon,FALSE,TRUE,America/Chicago,3
14811,Arroyo Seco,Arroyo Seco,NM,New Mexico,35055,Taos,36.5215,-105.586,973,55,polygon,FALSE,FALSE,America/Denver,3
14812,St. Joseph,St. Joseph,LA,Louisiana,22107,Tensas,31.9202,-91.2401,973,421,polygon,FALSE,TRUE,America/Chicago,3
14813,Loup City,Loup City,NE,Nebraska,31163,Sherman,41.2766,-98.9678,973,398,polygon,FALSE,TRUE,America/Chicago,3
14814,Milford Square,Milford Square,PA,Pennsylvania,42017,Bucks,40.4325,-75.4056,973,408,polygon,FALSE,FALSE,America/New_York,3
14815,Belview,Belview,VA,Virginia,51121,Montgomery,37.1687,-80.511,973,212,polygon,FALSE,TRUE,America/New_York,3
14816,Roberta,Roberta,GA,Georgia,13079,Crawford,32.7196,-84.0104,973,252,polygon,FALSE,TRUE,America/New_York,3
14817,Allison,Allison,IA,Iowa,19023,Butler,42.752,-92.7957,973,128,polygon,FALSE,TRUE,America/Chicago,3
14818,Dunlap,Dunlap,IA,Iowa,19085,Harrison,41.8526,-95.6006,973,332,polygon,FALSE,TRUE,America/Chicago,3
14819,Buhl,Buhl,MN,Minnesota,27137,St. Louis,47.4994,-92.7692,973,113,polygon,FALSE,TRUE,America/Chicago,3
14820,Naalehu,Naalehu,HI,Hawaii,15001,Hawaii,19.0698,-155.5751,972,173,polygon,FALSE,FALSE,Pacific/Honolulu,3
14821,Pocono Pines,Pocono Pines,PA,Pennsylvania,42089,Monroe,41.1149,-75.4589,972,92,polygon,FALSE,FALSE,America/New_York,3
14822,Meredosia,Meredosia,IL,Illinois,17137,Morgan,39.8308,-90.5569,972,434,polygon,FALSE,TRUE,America/Chicago,3
14823,Shellsburg,Shellsburg,IA,Iowa,19011,Benton,42.0929,-91.8712,972,475,polygon,FALSE,TRUE,America/Chicago,3
14824,Calvert Beach,Calvert Beach,MD,Maryland,24009,Calvert,38.4728,-76.4895,972,455,polygon,FALSE,FALSE,America/New_York,3
14825,Gideon,Gideon,MO,Missouri,29143,New Madrid,36.4489,-89.9128,972,209,polygon,FALSE,TRUE,America/Chicago,3
14826,Jasper,Jasper,MO,Missouri,29097,Jasper,37.3354,-94.3023,972,338,polygon,FALSE,TRUE,America/Chicago,3
14827,Earth,Earth,TX,Texas,48279,Lamb,34.2338,-102.4091,971,312,polygon,FALSE,TRUE,America/Chicago,3
14828,Port O'Connor,Port O'Connor,TX,Texas,48057,Calhoun,28.4463,-96.4205,971,93,polygon,FALSE,FALSE,America/Chicago,3
14829,Chebanse,Chebanse,IL,Illinois,17091,Kankakee,41.0058,-87.9098,971,315,polygon,FALSE,TRUE,America/Chicago,3
14830,Franklin,Franklin,GA,Georgia,13149,Heard,33.2797,-85.0985,971,116,polygon,FALSE,TRUE,America/New_York,3
14831,Keota,Keota,IA,Iowa,19107,Keokuk,41.3651,-91.9533,971,485,polygon,FALSE,TRUE,America/Chicago,3
14832,Gardiner,Gardiner,MT,Montana,30067,Park,45.057,-110.7421,971,64,polygon,FALSE,FALSE,America/Denver,3
14833,Powers Lake,Powers Lake,WI,Wisconsin,55059,Kenosha,42.5395,-88.2935,970,187,polygon,FALSE,FALSE,America/Chicago,3
14834,Oil City,Oil City,LA,Louisiana,22017,Caddo,32.7453,-93.9758,970,210,polygon,FALSE,TRUE,America/Chicago,3
14835,Strodes Mills,Strodes Mills,PA,Pennsylvania,42087,Mifflin,40.5487,-77.6751,969,197,polygon,FALSE,FALSE,America/New_York,3
14836,Stateline,Stateline,NV,Nevada,32005,Douglas,38.9678,-119.9439,969,520,polygon,FALSE,FALSE,America/Los_Angeles,3
14837,Graniteville,Graniteville,VT,Vermont,50023,Washington,44.1463,-72.4817,969,219,polygon,FALSE,FALSE,America/New_York,3
14838,Wolcott,Wolcott,IN,Indiana,18181,White,40.7591,-87.042,969,631,polygon,FALSE,TRUE,America/Indiana/Indianapolis,3
14839,Biwabik,Biwabik,MN,Minnesota,27137,St. Louis,47.5551,-92.3233,969,41,polygon,FALSE,TRUE,America/Chicago,3
14840,Orocovis,Orocovis,PR,Puerto Rico,72107,Orocovis,18.2257,-66.3916,969,3114,polygon,FALSE,FALSE,America/Puerto_Rico,2
14841,Jefferson Heights,Jefferson Heights,NY,New York,36039,Greene,42.2361,-73.8822,968,253,polygon,FALSE,FALSE,America/New_York,3
14842,Mentone,Mentone,IN,Indiana,18085,Kosciusko,41.174,-86.0382,968,641,polygon,FALSE,TRUE,America/Indiana/Indianapolis,3
14843,Womens Bay,Womens Bay,AK,Alaska,2150,Kodiak Island,57.696,-152.6276,967,8,polygon,FALSE,FALSE,America/Anchorage,3
14844,Germanton,Germanton,NC,North Carolina,37067,Forsyth,36.2587,-80.236,967,213,polygon,FALSE,FALSE,America/New_York,3
14845,Mill Neck,Mill Neck,NY,New York,36059,Nassau,40.8839,-73.5582,967,142,polygon,FALSE,TRUE,America/New_York,3
14846,Dillon,Dillon,CO,Colorado,8117,Summit,39.6213,-106.0392,967,250,polygon,FALSE,TRUE,America/Denver,3
14847,Powell,Powell,AL,Alabama,1049,DeKalb,34.5325,-85.8979,967,75,polygon,FALSE,TRUE,America/Chicago,3
14848,Rapids City,Rapids City,IL,Illinois,17161,Rock Island,41.5786,-90.3399,967,229,polygon,FALSE,TRUE,America/Chicago,3
14849,Mazon,Mazon,IL,Illinois,17063,Grundy,41.2417,-88.4231,967,620,polygon,FALSE,TRUE,America/Chicago,3
14850,Laurie,Laurie,MO,Missouri,29141,Morgan,38.208,-92.8253,967,67,polygon,FALSE,TRUE,America/Chicago,3
14851,Aynor,Aynor,SC,South Carolina,45051,Horry,34.0001,-79.2072,967,201,polygon,FALSE,TRUE,America/New_York,3
14852,Woodlawn Park,Woodlawn Park,KY,Kentucky,21111,Jefferson,38.2615,-85.6305,967,1541,polygon,FALSE,TRUE,America/New_York,3
14853,Despard,Despard,WV,West Virginia,54033,Harrison,39.2874,-80.3158,966,254,polygon,FALSE,FALSE,America/New_York,3
14854,Bremond,Bremond,TX,Texas,48395,Robertson,31.1657,-96.676,966,421,polygon,FALSE,TRUE,America/Chicago,3
14855,Durhamville,Durhamville,NY,New York,36065,Oneida,43.1225,-75.665,966,271,polygon,FALSE,FALSE,America/New_York,3
14856,Wade,Wade,MS,Mississippi,28059,Jackson,30.6401,-88.5579,966,60,polygon,FALSE,FALSE,America/Chicago,3
14857,Kyle,Kyle,SD,South Dakota,46102,Oglala Lakota,43.4245,-102.1802,966,252,polygon,FALSE,FALSE,America/Denver,3
14858,Green Lake,Green Lake,WI,Wisconsin,55047,Green Lake,43.8441,-88.956,965,201,polygon,FALSE,TRUE,America/Chicago,3
14859,Carrizo Hill,Carrizo Hill,TX,Texas,48127,Dimmit,28.5033,-99.8294,965,775,polygon,FALSE,FALSE,America/Chicago,3
14860,Talkeetna,Talkeetna,AK,Alaska,2170,Matanuska-Susitna,62.2753,-150.0814,965,13,polygon,FALSE,FALSE,America/Anchorage,3
14861,Vanceboro,Vanceboro,NC,North Carolina,37049,Craven,35.303,-77.1567,965,217,polygon,FALSE,TRUE,America/New_York,3
14862,Friend,Friend,NE,Nebraska,31151,Saline,40.6505,-97.2838,965,450,polygon,FALSE,TRUE,America/Chicago,3
14863,Midway,Midway,AR,Arkansas,5005,Baxter,36.3916,-92.4724,965,67,polygon,FALSE,FALSE,America/Chicago,3
14864,Hagan,Hagan,GA,Georgia,13109,Evans,32.1536,-81.9305,965,182,polygon,FALSE,TRUE,America/New_York,3
14865,Treynor,Treynor,IA,Iowa,19155,Pottawattamie,41.232,-95.6064,965,600,polygon,FALSE,TRUE,America/Chicago,3
14866,Genesee,Genesee,ID,Idaho,16057,Latah,46.5516,-116.9284,965,606,polygon,FALSE,TRUE,America/Los_Angeles,3
14867,Houston,Houston,MN,Minnesota,27055,Houston,43.7582,-91.5707,965,296,polygon,FALSE,TRUE,America/Chicago,3
14868,Metcalfe,Metcalfe,MS,Mississippi,28151,Washington,33.4505,-91.0017,965,371,polygon,FALSE,TRUE,America/Chicago,3
14869,Lakewood Village,Lakewood Village,TX,Texas,48121,Denton,33.1377,-96.9751,964,526,polygon,FALSE,TRUE,America/Chicago,3
14870,Harvard,Harvard,NE,Nebraska,31035,Clay,40.6201,-98.0961,964,577,polygon,FALSE,TRUE,America/Chicago,3
14871,Coker,Coker,AL,Alabama,1125,Tuscaloosa,33.2446,-87.6799,964,190,polygon,FALSE,TRUE,America/Chicago,3
14872,Odell,Odell,IL,Illinois,17105,Livingston,41.0021,-88.5224,964,328,polygon,FALSE,TRUE,America/Chicago,3
14873,Atkinson,Atkinson,IL,Illinois,17073,Henry,41.4167,-90.0085,964,203,polygon,FALSE,TRUE,America/Chicago,3
14874,Waleska,Waleska,GA,Georgia,13057,Cherokee,34.3171,-84.5499,964,235,polygon,FALSE,TRUE,America/New_York,3
14875,Ottoville,Ottoville,OH,Ohio,39137,Putnam,40.9343,-84.3383,964,394,polygon,FALSE,TRUE,America/New_York,3
14876,Thornport,Thornport,OH,Ohio,39127,Perry,39.9211,-82.4272,964,309,polygon,FALSE,FALSE,America/New_York,3
14877,Montezuma,Montezuma,KS,Kansas,20069,Gray,37.5923,-100.4502,964,378,polygon,FALSE,TRUE,America/Chicago,3
14878,Troy,Troy,MT,Montana,30053,Lincoln,48.4614,-115.8909,964,439,polygon,FALSE,TRUE,America/Denver,3
14879,Twisp,Twisp,WA,Washington,53047,Okanogan,48.362,-120.1172,963,317,polygon,FALSE,TRUE,America/Los_Angeles,3
14880,Coahoma,Coahoma,TX,Texas,48227,Howard,32.2956,-101.3089,963,302,polygon,FALSE,TRUE,America/Chicago,3
14881,Newellton,Newellton,LA,Louisiana,22107,Tensas,32.0723,-91.239,963,489,polygon,FALSE,TRUE,America/Chicago,3
14882,Dortches,Dortches,NC,North Carolina,37127,Nash,36.0114,-77.8572,963,45,polygon,FALSE,TRUE,America/New_York,3
14883,Beavertown,Beavertown,PA,Pennsylvania,42109,Snyder,40.7522,-77.1691,963,484,polygon,FALSE,TRUE,America/New_York,3
14884,Ellsworth,Ellsworth,PA,Pennsylvania,42125,Washington,40.1073,-80.0214,963,503,polygon,FALSE,TRUE,America/New_York,3
14885,Arcola,Arcola,VA,Virginia,51107,Loudoun,38.9447,-77.5306,963,162,polygon,FALSE,FALSE,America/New_York,3
14886,Fort Gaines,Fort Gaines,GA,Georgia,13061,Clay,31.6238,-85.0528,963,77,polygon,FALSE,TRUE,America/New_York,3
14887,Union Bridge,Union Bridge,MD,Maryland,24013,Carroll,39.5734,-77.1745,963,355,polygon,FALSE,TRUE,America/New_York,3
14888,Mantua,Mantua,UT,Utah,49003,Box Elder,41.5006,-111.9344,963,75,polygon,FALSE,TRUE,America/Denver,3
14889,Kenesaw,Kenesaw,NE,Nebraska,31001,Adams,40.6187,-98.6576,962,353,polygon,FALSE,TRUE,America/Chicago,3
14890,Rossville,Rossville,TN,Tennessee,47047,Fayette,35.0323,-89.5612,962,71,polygon,FALSE,TRUE,America/Chicago,3
14891,Sugar Notch,Sugar Notch,PA,Pennsylvania,42079,Luzerne,41.1935,-75.9314,962,343,polygon,FALSE,TRUE,America/New_York,3
14892,Sunol,Sunol,CA,California,6001,Alameda,37.5894,-121.8854,962,13,polygon,FALSE,FALSE,America/Los_Angeles,3
14893,Norman Park,Norman Park,GA,Georgia,13071,Colquitt,31.2692,-83.6843,962,120,polygon,FALSE,TRUE,America/New_York,3
14894,Waynetown,Waynetown,IN,Indiana,18107,Montgomery,40.088,-87.0655,962,831,polygon,FALSE,TRUE,America/Indiana/Indianapolis,3
14895,Magnolia,Magnolia,OH,Ohio,39151,Stark,40.653,-81.2928,962,464,polygon,FALSE,TRUE,America/New_York,3
14896,Marlinton,Marlinton,WV,West Virginia,54075,Pocahontas,38.2246,-80.0905,961,157,polygon,FALSE,TRUE,America/New_York,3
14897,Bear Rocks,Bear Rocks,PA,Pennsylvania,42051,Fayette,40.1265,-79.4651,961,140,polygon,FALSE,FALSE,America/New_York,3
14898,Mendon,Mendon,IL,Illinois,17001,Adams,40.0892,-91.2858,961,433,polygon,FALSE,TRUE,America/Chicago,3
14899,Blue Rapids,Blue Rapids,KS,Kansas,20117,Marshall,39.6791,-96.6593,961,186,polygon,FALSE,TRUE,America/Chicago,3
14900,Swansea,Swansea,SC,South Carolina,45063,Lexington,33.7395,-81.1053,961,177,polygon,FALSE,TRUE,America/New_York,3
14901,Mammoth Spring,Mammoth Spring,AR,Arkansas,5049,Fulton,36.4924,-91.5413,960,287,polygon,FALSE,TRUE,America/Chicago,3
14902,Sardis,Sardis,GA,Georgia,13033,Burke,32.9756,-81.7621,960,239,polygon,FALSE,TRUE,America/New_York,3
14903,Reynolds,Reynolds,GA,Georgia,13269,Taylor,32.5609,-84.0943,960,186,polygon,FALSE,TRUE,America/New_York,3
14904,Lynnville,Lynnville,IN,Indiana,18173,Warrick,38.1988,-87.3141,960,212,polygon,FALSE,TRUE,America/Chicago,3
14905,Highland Hills,Highland Hills,OH,Ohio,39035,Cuyahoga,41.4507,-81.5191,960,189,polygon,FALSE,TRUE,America/New_York,3
14906,Saugatuck,Saugatuck,MI,Michigan,26005,Allegan,42.6592,-86.2061,960,266,polygon,FALSE,TRUE,America/Detroit,3
14907,Troy,Troy,KS,Kansas,20043,Doniphan,39.7846,-95.0936,960,380,polygon,FALSE,TRUE,America/Chicago,3
14908,Dubois,Dubois,WY,Wyoming,56013,Fremont,43.5389,-109.6443,959,106,polygon,FALSE,TRUE,America/Denver,3
14909,Gainesboro,Gainesboro,TN,Tennessee,47087,Jackson,36.3618,-85.6496,959,237,polygon,FALSE,TRUE,America/Chicago,3
14910,Arendtsville,Arendtsville,PA,Pennsylvania,42001,Adams,39.9233,-77.2999,959,462,polygon,FALSE,TRUE,America/New_York,3
14911,Bassett,Bassett,VA,Virginia,51089,Henry,36.7615,-79.9866,959,107,polygon,FALSE,FALSE,America/New_York,3
14912,Oak Creek,Oak Creek,CO,Colorado,8107,Routt,40.2741,-106.9575,959,1039,polygon,FALSE,TRUE,America/Denver,3
14913,Preston,Preston,IA,Iowa,19097,Jackson,42.0492,-90.3971,959,429,polygon,FALSE,TRUE,America/Chicago,3
14914,Pleasantville,Pleasantville,OH,Ohio,39045,Fairfield,39.8098,-82.5224,959,1323,polygon,FALSE,TRUE,America/New_York,3
14915,Bird Island,Bird Island,MN,Minnesota,27129,Renville,44.7648,-94.8949,959,242,polygon,FALSE,TRUE,America/Chicago,3
14916,Scanlon,Scanlon,MN,Minnesota,27017,Carlton,46.7066,-92.43,959,445,polygon,FALSE,TRUE,America/Chicago,3
14917,La Center,La Center,KY,Kentucky,21007,Ballard,37.075,-88.9748,959,611,polygon,FALSE,TRUE,America/Chicago,3
14918,Roslyn,Roslyn,WA,Washington,53037,Kittitas,47.2511,-121.099,958,84,polygon,FALSE,TRUE,America/Los_Angeles,3
14919,Benton,Benton,WI,Wisconsin,55065,Lafayette,42.57,-90.3834,958,439,polygon,FALSE,TRUE,America/Chicago,3
14920,West Brownsville,West Brownsville,PA,Pennsylvania,42125,Washington,40.0314,-79.8913,958,284,polygon,FALSE,TRUE,America/New_York,3
14921,Tuscarora,Tuscarora,PA,Pennsylvania,42107,Schuylkill,40.7638,-76.0601,958,105,polygon,FALSE,FALSE,America/New_York,3
14922,Aurelia,Aurelia,IA,Iowa,19035,Cherokee,42.7131,-95.4368,958,364,polygon,FALSE,TRUE,America/Chicago,3
14923,Lakeside City,Lakeside City,TX,Texas,48009,Archer,33.8292,-98.5404,957,582,polygon,FALSE,TRUE,America/Chicago,3
14924,Chicora,Chicora,PA,Pennsylvania,42019,Butler,40.9505,-79.74,957,695,polygon,FALSE,TRUE,America/New_York,3
14925,Calvert,Calvert,AL,Alabama,1129,Washington,31.154,-88.0169,957,158,polygon,FALSE,FALSE,America/Chicago,3
14926,Glasford,Glasford,IL,Illinois,17143,Peoria,40.5728,-89.8131,957,406,polygon,FALSE,TRUE,America/Chicago,3
14927,Vaiden,Vaiden,MS,Mississippi,28015,Carroll,33.3332,-89.7533,957,172,polygon,FALSE,TRUE,America/Chicago,3
14928,Hana,Hana,HI,Hawaii,15009,Maui,20.772,-156.0107,956,34,polygon,FALSE,FALSE,Pacific/Honolulu,3
14929,Faison,Faison,NC,North Carolina,37061,Duplin,35.1164,-78.1368,956,470,polygon,FALSE,TRUE,America/New_York,3
14930,South Henderson,South Henderson,NC,North Carolina,37181,Vance,36.3035,-78.4054,956,199,polygon,FALSE,FALSE,America/New_York,3
14931,Linden,Linden,TN,Tennessee,47135,Perry,35.6123,-87.8429,956,367,polygon,FALSE,TRUE,America/Chicago,3
14932,Walnut Grove,Walnut Grove,TN,Tennessee,47165,Sumner,36.489,-86.6057,956,76,polygon,FALSE,FALSE,America/Chicago,3
14933,Poncha Springs,Poncha Springs,CO,Colorado,8015,Chaffee,38.514,-106.0944,956,125,polygon,FALSE,TRUE,America/Denver,3
14934,Palmyra,Palmyra,IN,Indiana,18061,Harrison,38.4082,-86.1086,956,308,polygon,FALSE,TRUE,America/Kentucky/Louisville,3
14935,Underwood,Underwood,IA,Iowa,19155,Pottawattamie,41.3808,-95.682,956,336,polygon,FALSE,TRUE,America/Chicago,3
14936,Southwest City,Southwest City,MO,Missouri,29119,McDonald,36.5205,-94.6103,956,252,polygon,FALSE,FALSE,America/Chicago,3
14937,Cedarville,Cedarville,NJ,New Jersey,34011,Cumberland,39.3382,-75.2069,955,164,polygon,FALSE,FALSE,America/New_York,3
14938,White Deer,White Deer,TX,Texas,48065,Carson,35.4332,-101.1751,955,211,polygon,FALSE,TRUE,America/Chicago,3
14939,Dolores,Dolores,CO,Colorado,8083,Montezuma,37.4741,-108.4999,955,555,polygon,FALSE,TRUE,America/Denver,3
14940,East Orosi,East Orosi,CA,California,6107,Tulare,36.5481,-119.2599,955,1486,polygon,FALSE,FALSE,America/Los_Angeles,3
14941,Killen,Killen,AL,Alabama,1077,Lauderdale,34.8607,-87.5269,955,182,polygon,FALSE,TRUE,America/Chicago,3
14942,Brook,Brook,IN,Indiana,18111,Newton,40.8664,-87.3653,955,544,polygon,FALSE,TRUE,America/Chicago,3
14943,Cactus Forest,Cactus Forest,AZ,Arizona,4021,Pinal,32.9578,-111.317,955,134,polygon,FALSE,FALSE,America/Phoenix,3
14944,Norwood Court,Norwood Court,MO,Missouri,29189,St. Louis,38.7141,-90.2895,955,3013,polygon,FALSE,TRUE,America/Chicago,2
14945,Dollar Bay,Dollar Bay,MI,Michigan,26061,Houghton,47.1277,-88.5085,955,93,polygon,FALSE,FALSE,America/Detroit,3
14946,Buffalo City,Buffalo City,WI,Wisconsin,55011,Buffalo,44.2237,-91.8653,954,174,polygon,FALSE,TRUE,America/Chicago,3
14947,Mahinahina,Mahinahina,HI,Hawaii,15009,Maui,20.9539,-156.6565,954,54,polygon,FALSE,TRUE,Pacific/Honolulu,3
14948,Belwood,Belwood,NC,North Carolina,37045,Cleveland,35.4794,-81.5227,954,29,polygon,FALSE,TRUE,America/New_York,3
14949,Macy,Macy,NE,Nebraska,31173,Thurston,42.1158,-96.3667,954,230,polygon,FALSE,FALSE,America/Chicago,3
14950,East Marion,East Marion,NY,New York,36103,Suffolk,41.1291,-72.342,954,164,polygon,FALSE,FALSE,America/New_York,3
14951,Weleetka,Weleetka,OK,Oklahoma,40107,Okfuskee,35.3428,-96.1353,954,539,polygon,FALSE,TRUE,America/Chicago,3
14952,Ringling,Ringling,OK,Oklahoma,40067,Jefferson,34.1785,-97.5921,954,557,polygon,FALSE,TRUE,America/Chicago,3
14953,Levan,Levan,UT,Utah,49023,Juab,39.5562,-111.8608,954,456,polygon,FALSE,TRUE,America/Denver,3
14954,Oakland,Oakland,OR,Oregon,41019,Douglas,43.4234,-123.2968,954,505,polygon,FALSE,TRUE,America/Los_Angeles,3
14955,Enterprise,Enterprise,WV,West Virginia,54033,Harrison,39.4197,-80.2834,953,125,polygon,FALSE,FALSE,America/New_York,3
14956,Coolidge,Coolidge,TX,Texas,48293,Limestone,31.7514,-96.6524,953,387,polygon,FALSE,TRUE,America/Chicago,3
14957,Gowrie,Gowrie,IA,Iowa,19187,Webster,42.2778,-94.2897,953,253,polygon,FALSE,TRUE,America/Chicago,3
14958,Swisher,Swisher,IA,Iowa,19103,Johnson,41.8442,-91.6938,953,453,polygon,FALSE,TRUE,America/Chicago,3
14959,Watkins,Watkins,MN,Minnesota,27093,Meeker,45.3153,-94.412,953,527,polygon,FALSE,TRUE,America/Chicago,3
14960,Branchville,Branchville,SC,South Carolina,45075,Orangeburg,33.2516,-80.8161,953,117,polygon,FALSE,TRUE,America/New_York,3
14961,Swede Heaven,Swede Heaven,WA,Washington,53061,Snohomish,48.2829,-121.7136,952,51,polygon,FALSE,FALSE,America/Los_Angeles,3
14962,Lakeshore Gardens-Hidden Acres,Lakeshore Gardens-Hidden Acres,TX,Texas,48409,San Patricio,28.1235,-97.8654,952,180,polygon,FALSE,TRUE,America/Chicago,3
14963,Magnolia,Magnolia,NC,North Carolina,37061,Duplin,34.8963,-78.054,952,341,polygon,FALSE,TRUE,America/New_York,3
14964,Avonmore,Avonmore,PA,Pennsylvania,42129,Westmoreland,40.5272,-79.4694,952,249,polygon,FALSE,TRUE,America/New_York,3
14965,Milledgeville,Milledgeville,IL,Illinois,17015,Carroll,41.9637,-89.7748,952,532,polygon,FALSE,TRUE,America/Chicago,3
14966,Nashwauk,Nashwauk,MN,Minnesota,27061,Itasca,47.3805,-93.1666,952,24,polygon,FALSE,TRUE,America/Chicago,3
14967,Riley,Riley,KS,Kansas,20161,Riley,39.299,-96.8276,952,757,polygon,FALSE,TRUE,America/Chicago,3
14968,Masaryktown,Masaryktown,FL,Florida,12053,Hernando,28.4417,-82.461,951,351,polygon,FALSE,FALSE,America/New_York,3
14969,Taft Mosswood,Taft Mosswood,CA,California,6077,San Joaquin,37.9139,-121.2831,951,788,polygon,FALSE,TRUE,America/Los_Angeles,3
14970,Millersburg,Millersburg,IN,Indiana,18039,Elkhart,41.5277,-85.6964,951,568,polygon,FALSE,TRUE,America/Indiana/Indianapolis,3
14971,Gore,Gore,OK,Oklahoma,40135,Sequoyah,35.5417,-95.1129,951,160,polygon,FALSE,TRUE,America/Chicago,3
14972,Atlantic,Atlantic,VA,Virginia,51001,Accomack,37.9023,-75.5058,950,62,polygon,FALSE,FALSE,America/New_York,3
14973,Camp Hill,Camp Hill,AL,Alabama,1123,Tallapoosa,32.8002,-85.6536,950,40,polygon,FALSE,TRUE,America/Chicago,3
14974,Cotter,Cotter,AR,Arkansas,5005,Baxter,36.2819,-92.5212,950,152,polygon,FALSE,TRUE,America/Chicago,3
14975,Onsted,Onsted,MI,Michigan,26091,Lenawee,42.0061,-84.1894,950,343,polygon,FALSE,TRUE,America/Detroit,3
14976,Elm Creek,Elm Creek,NE,Nebraska,31019,Buffalo,40.7201,-99.3755,949,526,polygon,FALSE,TRUE,America/Chicago,3
14977,Bechtelsville,Bechtelsville,PA,Pennsylvania,42011,Berks,40.3711,-75.6307,949,694,polygon,FALSE,TRUE,America/New_York,3
14978,Dotsero,Dotsero,CO,Colorado,8037,Eagle,39.6463,-107.054,949,270,polygon,FALSE,FALSE,America/Denver,3
14979,Triana,Triana,AL,Alabama,1089,Madison,34.5904,-86.7418,949,299,polygon,FALSE,TRUE,America/Chicago,3
14980,Sheldon,Sheldon,IL,Illinois,17075,Iroquois,40.771,-87.5657,949,486,polygon,FALSE,TRUE,America/Chicago,3
14981,Stafford,Stafford,KS,Kansas,20185,Stafford,37.9624,-98.5995,949,400,polygon,FALSE,TRUE,America/Chicago,3
14982,Genoa,Genoa,NE,Nebraska,31125,Nance,41.4462,-97.7322,948,461,polygon,FALSE,TRUE,America/Chicago,3
14983,Rose Valley,Rose Valley,PA,Pennsylvania,42045,Delaware,39.8948,-75.3852,948,500,polygon,FALSE,TRUE,America/New_York,3
14984,Mansfield,Mansfield,IL,Illinois,17147,Piatt,40.2123,-88.5082,948,721,polygon,FALSE,TRUE,America/Chicago,3
14985,Hinton,Hinton,IA,Iowa,19149,Plymouth,42.6212,-96.2978,948,510,polygon,FALSE,TRUE,America/Chicago,3
14986,Etna,Etna,OH,Ohio,39089,Licking,39.9542,-82.688,948,576,polygon,FALSE,FALSE,America/New_York,3
14987,Blue Mountain,Blue Mountain,MS,Mississippi,28139,Tippah,34.6739,-89.0262,948,222,polygon,FALSE,TRUE,America/Chicago,3
14988,Spring Ridge,Spring Ridge,PA,Pennsylvania,42011,Berks,40.3533,-75.9892,947,404,polygon,FALSE,FALSE,America/New_York,3
14989,Panaca,Panaca,NV,Nevada,32017,Lincoln,37.7889,-114.3997,947,112,polygon,FALSE,FALSE,America/Los_Angeles,3
14990,Sturgeon,Sturgeon,MO,Missouri,29019,Boone,39.2345,-92.2823,947,448,polygon,FALSE,TRUE,America/Chicago,3
14991,Ferguson,Ferguson,KY,Kentucky,21199,Pulaski,37.0629,-84.5922,947,174,polygon,FALSE,TRUE,America/New_York,3
14992,Russell Gardens,Russell Gardens,NY,New York,36059,Nassau,40.7809,-73.7254,946,2103,polygon,FALSE,TRUE,America/New_York,2
14993,Saegertown,Saegertown,PA,Pennsylvania,42039,Crawford,41.7159,-80.1363,946,237,polygon,FALSE,TRUE,America/New_York,3
14994,Timberlane,Timberlane,IL,Illinois,17007,Boone,42.3372,-88.8694,946,207,polygon,FALSE,TRUE,America/Chicago,3
14995,Princeton,Princeton,IA,Iowa,19163,Scott,41.6744,-90.3573,946,141,polygon,FALSE,TRUE,America/Chicago,3
14996,Lake Linden,Lake Linden,MI,Michigan,26061,Houghton,47.1939,-88.4054,946,463,polygon,FALSE,TRUE,America/Detroit,3
14997,Playita Cortada,Playita Cortada,PR,Puerto Rico,72133,Santa Isabel,17.982,-66.4402,946,408,polygon,FALSE,FALSE,America/Puerto_Rico,3
14998,West Pelzer,West Pelzer,SC,South Carolina,45007,Anderson,34.645,-82.4737,946,707,polygon,FALSE,TRUE,America/New_York,3
14999,Green Valley,Green Valley,SD,South Dakota,46103,Pennington,44.039,-103.1116,946,95,polygon,FALSE,FALSE,America/Denver,3
15000,Cannon Ball,Cannon Ball,ND,North Dakota,38085,Sioux,46.3173,-100.6358,945,4,polygon,FALSE,FALSE,America/Chicago,3
15001,Bernville,Bernville,PA,Pennsylvania,42011,Berks,40.4334,-76.1107,945,859,polygon,FALSE,TRUE,America/New_York,3
15002,Plain Dealing,Plain Dealing,LA,Louisiana,22015,Bossier,32.9074,-93.6992,944,230,polygon,FALSE,TRUE,America/Chicago,3
15003,Collinwood,Collinwood,TN,Tennessee,47181,Wayne,35.1745,-87.7441,944,131,polygon,FALSE,TRUE,America/Chicago,3
15004,East Freedom,East Freedom,PA,Pennsylvania,42013,Blair,40.3573,-78.4366,944,217,polygon,FALSE,FALSE,America/New_York,3
15005,North Edwards,North Edwards,CA,California,6029,Kern,35.0474,-117.8093,944,28,polygon,FALSE,FALSE,America/Los_Angeles,3
15006,Griswold,Griswold,IA,Iowa,19029,Cass,41.2343,-95.1392,944,586,polygon,FALSE,TRUE,America/Chicago,3
15007,Drexel,Drexel,MO,Missouri,29037,Cass,38.5005,-94.6025,944,133,polygon,FALSE,TRUE,America/Chicago,3
15008,María Antonia,Maria Antonia,PR,Puerto Rico,72055,Guánica,17.9789,-66.8889,944,1775,polygon,FALSE,FALSE,America/Puerto_Rico,3
15009,Crivitz,Crivitz,WI,Wisconsin,55075,Marinette,45.2337,-88.0067,943,229,polygon,FALSE,TRUE,America/Chicago,3
15010,Carrollton,Carrollton,AL,Alabama,1107,Pickens,33.2619,-88.0951,943,176,polygon,FALSE,TRUE,America/Chicago,3
15011,Odebolt,Odebolt,IA,Iowa,19161,Sac,42.3118,-95.2542,943,347,polygon,FALSE,TRUE,America/Chicago,3
15012,Wayland,Wayland,IA,Iowa,19087,Henry,41.1484,-91.6575,943,343,polygon,FALSE,TRUE,America/Chicago,3
15013,Bow Mar,Bow Mar,CO,Colorado,8005,Arapahoe,39.6253,-105.0511,942,547,polygon,FALSE,TRUE,America/Denver,3
15014,Raymond,Raymond,IL,Illinois,17135,Montgomery,39.3198,-89.5747,942,285,polygon,FALSE,TRUE,America/Chicago,3
15015,Goldsboro,Goldsboro,PA,Pennsylvania,42133,York,40.1544,-76.7516,941,805,polygon,FALSE,TRUE,America/New_York,3
15016,Pringle,Pringle,PA,Pennsylvania,42079,Luzerne,41.2773,-75.9014,941,781,polygon,FALSE,TRUE,America/New_York,3
15017,Ivyland,Ivyland,PA,Pennsylvania,42017,Bucks,40.2083,-75.0733,941,1024,polygon,FALSE,TRUE,America/New_York,3
15018,Tuttletown,Tuttletown,CA,California,6109,Tuolumne,38.0003,-120.4503,941,49,polygon,FALSE,FALSE,America/Los_Angeles,3
15019,Soda Bay,Soda Bay,CA,California,6033,Lake,39.0024,-122.7794,941,282,polygon,FALSE,FALSE,America/Los_Angeles,3
15020,Homeland,Homeland,GA,Georgia,13049,Charlton,30.8603,-82.0213,941,145,polygon,FALSE,TRUE,America/New_York,3
15021,Clear Lake,Clear Lake,WA,Washington,53053,Pierce,46.9312,-122.2843,940,42,polygon,FALSE,TRUE,America/Los_Angeles,3
15022,Bloomfield,Bloomfield,NE,Nebraska,31107,Knox,42.5984,-97.6481,940,444,polygon,FALSE,TRUE,America/Chicago,3
15023,Orlinda,Orlinda,TN,Tennessee,47147,Robertson,36.5938,-86.7015,940,55,polygon,FALSE,TRUE,America/Chicago,3
15024,Penryn,Penryn,PA,Pennsylvania,42071,Lancaster,40.2017,-76.3675,940,192,polygon,FALSE,FALSE,America/New_York,3
15025,Spiceland,Spiceland,IN,Indiana,18065,Henry,39.8433,-85.4261,940,253,polygon,FALSE,TRUE,America/Indiana/Indianapolis,3
15026,Meadview,Meadview,AZ,Arizona,4015,Mohave,35.9531,-114.0789,940,11,polygon,FALSE,FALSE,America/Phoenix,3
15027,Cottonwood,Cottonwood,ID,Idaho,16049,Idaho,46.051,-116.3497,940,432,polygon,FALSE,TRUE,America/Los_Angeles,3
15028,Wanblee,Wanblee,SD,South Dakota,46071,Jackson,43.5706,-101.6627,940,169,polygon,FALSE,FALSE,America/Denver,3
15029,Barker Ten Mile,Barker Ten Mile,NC,North Carolina,37155,Robeson,34.6825,-78.9889,939,159,polygon,FALSE,FALSE,America/New_York,3
15030,Shenandoah Shores,Shenandoah Shores,VA,Virginia,51187,Warren,38.9621,-78.1414,939,373,polygon,FALSE,FALSE,America/New_York,3
15031,Zayante,Zayante,CA,California,6087,Santa Cruz,37.0889,-122.0414,939,133,polygon,FALSE,FALSE,America/Los_Angeles,3
15032,Jeffersonville,Jeffersonville,GA,Georgia,13289,Twiggs,32.6863,-83.3433,939,99,polygon,FALSE,TRUE,America/New_York,3
15033,Ehrenberg,Ehrenberg,AZ,Arizona,4012,La Paz,33.6174,-114.4883,939,30,polygon,FALSE,FALSE,America/Phoenix,3
15034,Medford,Medford,OK,Oklahoma,40053,Grant,36.8037,-97.738,939,337,polygon,FALSE,TRUE,America/Chicago,3
15035,Central Lake,Central Lake,MI,Michigan,26009,Antrim,45.0691,-85.2613,939,361,polygon,FALSE,TRUE,America/Detroit,3
15036,New Castle,New Castle,KY,Kentucky,21103,Henry,38.4334,-85.1689,939,884,polygon,FALSE,TRUE,America/New_York,3
15037,Accoville,Accoville,WV,West Virginia,54045,Logan,37.7652,-81.827,938,112,polygon,FALSE,FALSE,America/New_York,3
15038,Wenona,Wenona,IL,Illinois,17123,Marshall,41.0487,-89.0523,938,492,polygon,FALSE,TRUE,America/Chicago,3
15039,Franklin Grove,Franklin Grove,IL,Illinois,17103,Lee,41.8409,-89.3005,938,763,polygon,FALSE,TRUE,America/Chicago,3
15040,Dryden,Dryden,MI,Michigan,26087,Lapeer,42.9456,-83.124,938,328,polygon,FALSE,TRUE,America/Detroit,3
15041,Gwinner,Gwinner,ND,North Dakota,38081,Sargent,46.2357,-97.6695,937,175,polygon,FALSE,TRUE,America/Chicago,3
15042,Silverado Resort,Silverado Resort,CA,California,6055,Napa,38.3536,-122.2556,937,191,polygon,FALSE,TRUE,America/Los_Angeles,3
15043,Parrish,Parrish,AL,Alabama,1127,Walker,33.7323,-87.2802,937,172,polygon,FALSE,TRUE,America/Chicago,3
15044,Hydro,Hydro,OK,Oklahoma,40011,Blaine,35.5482,-98.5792,937,539,polygon,FALSE,TRUE,America/Chicago,3
15045,Mason,Mason,WV,West Virginia,54053,Mason,39.0183,-82.0314,936,618,polygon,FALSE,TRUE,America/New_York,3
15046,Cotton Valley,Cotton Valley,LA,Louisiana,22119,Webster,32.8135,-93.4228,936,137,polygon,FALSE,TRUE,America/Chicago,3
15047,Borden,Borden,IN,Indiana,18019,Clark,38.4699,-85.9491,936,259,polygon,FALSE,TRUE,America/Kentucky/Louisville,3
15048,Addyston,Addyston,OH,Ohio,39061,Hamilton,39.1371,-84.7104,936,424,polygon,FALSE,TRUE,America/New_York,3
15049,Sister Bay,Sister Bay,WI,Wisconsin,55029,Door,45.1835,-87.1271,935,139,polygon,FALSE,TRUE,America/Chicago,3
15050,Carrizozo,Carrizozo,NM,New Mexico,35027,Lincoln,33.6433,-105.8411,935,43,polygon,FALSE,TRUE,America/Denver,3
15051,Louise,Louise,TX,Texas,48481,Wharton,29.1119,-96.4123,935,54,polygon,FALSE,FALSE,America/Chicago,3
15052,Hardin,Hardin,TX,Texas,48291,Liberty,30.1493,-94.7377,935,139,polygon,FALSE,TRUE,America/Chicago,3
15053,Maysville,Maysville,NC,North Carolina,37103,Jones,34.907,-77.2323,935,421,polygon,FALSE,TRUE,America/New_York,3
15054,Paint,Paint,PA,Pennsylvania,42111,Somerset,40.2421,-78.8501,935,1036,polygon,FALSE,TRUE,America/New_York,3
15055,Trumbauersville,Trumbauersville,PA,Pennsylvania,42017,Bucks,40.4132,-75.3801,935,811,polygon,FALSE,TRUE,America/New_York,3
15056,Memphis,Memphis,IN,Indiana,18019,Clark,38.4892,-85.7679,935,138,polygon,FALSE,FALSE,America/Kentucky/Louisville,3
15057,Lansing,Lansing,IA,Iowa,19005,Allamakee,43.3606,-91.2254,935,335,polygon,FALSE,TRUE,America/Chicago,3
15058,Grace,Grace,ID,Idaho,16029,Caribou,42.5757,-111.7305,935,376,polygon,FALSE,TRUE,America/Boise,3
15059,Green River,Green River,UT,Utah,49015,Emery,38.9935,-110.1723,935,13,polygon,FALSE,TRUE,America/Denver,3
15060,Lamar,Lamar,SC,South Carolina,45031,Darlington,34.1695,-80.0649,935,294,polygon,FALSE,TRUE,America/New_York,3
15061,Zia Pueblo,Zia Pueblo,NM,New Mexico,35043,Sandoval,35.52,-106.715,934,13,polygon,FALSE,FALSE,America/Denver,3
15062,Clarksville City,Clarksville City,TX,Texas,48183,Gregg,32.5329,-94.8946,934,56,polygon,FALSE,TRUE,America/Chicago,3
15063,Taylorsville,Taylorsville,IN,Indiana,18005,Bartholomew,39.2964,-85.9503,934,338,polygon,FALSE,FALSE,America/Indiana/Indianapolis,3
15064,Utica,Utica,IN,Indiana,18019,Clark,38.3381,-85.6558,934,302,polygon,FALSE,TRUE,America/New_York,3
15065,Miner,Miner,MO,Missouri,29201,Scott,36.8973,-89.5353,934,79,polygon,FALSE,TRUE,America/Chicago,3
15066,Walker,Walker,MN,Minnesota,27021,Cass,47.0891,-94.5854,934,141,polygon,FALSE,TRUE,America/Chicago,3
15067,Burnsville,Burnsville,MS,Mississippi,28141,Tishomingo,34.8348,-88.3178,934,75,polygon,FALSE,TRUE,America/Chicago,3
15068,Golden Beach,Golden Beach,FL,Florida,12086,Miami-Dade,25.966,-80.121,933,1110,polygon,FALSE,TRUE,America/New_York,3
15069,Brunswick,Brunswick,NC,North Carolina,37047,Columbus,34.2879,-78.7084,933,600,polygon,FALSE,TRUE,America/New_York,3
15070,Shellman,Shellman,GA,Georgia,13243,Randolph,31.7571,-84.6159,933,114,polygon,FALSE,TRUE,America/New_York,3
15071,Wilhoit,Wilhoit,AZ,Arizona,4025,Yavapai,34.4083,-112.6156,933,22,polygon,FALSE,FALSE,America/Phoenix,3
15072,Peggs,Peggs,OK,Oklahoma,40021,Cherokee,36.0673,-95.0718,933,23,polygon,FALSE,FALSE,America/Chicago,3
15073,Grandfield,Grandfield,OK,Oklahoma,40141,Tillman,34.2305,-98.6873,933,429,polygon,FALSE,TRUE,America/Chicago,3
15074,Westphalia,Westphalia,MI,Michigan,26037,Clinton,42.9303,-84.798,933,328,polygon,FALSE,TRUE,America/Detroit,3
15075,Lake Quivira,Lake Quivira,KS,Kansas,20091,Johnson,39.0388,-94.7688,933,258,polygon,FALSE,TRUE,America/Chicago,3
15076,Prentiss,Prentiss,MS,Mississippi,28065,Jefferson Davis,31.5995,-89.8746,933,120,polygon,FALSE,TRUE,America/Chicago,3
15077,Lynnview,Lynnview,KY,Kentucky,21111,Jefferson,38.1791,-85.7112,933,1938,polygon,FALSE,TRUE,America/New_York,3
15078,Eden,Eden,WI,Wisconsin,55039,Fond du Lac,43.6928,-88.3642,932,599,polygon,FALSE,TRUE,America/Chicago,3
15079,Coldspring,Coldspring,TX,Texas,48407,San Jacinto,30.5898,-95.1307,932,193,polygon,FALSE,TRUE,America/Chicago,3
15080,Welcome,Welcome,LA,Louisiana,22093,St. James,30.0474,-90.8823,932,79,polygon,FALSE,FALSE,America/Chicago,3
15081,DeSales University,DeSales University,PA,Pennsylvania,42077,Lehigh,40.5388,-75.3778,932,1412,polygon,FALSE,TRUE,America/New_York,3
15082,Le Roy,Le Roy,MN,Minnesota,27099,Mower,43.5131,-92.5076,932,509,polygon,FALSE,TRUE,America/Chicago,3
15083,Port Gamble Tribal Community,Port Gamble Tribal Community,WA,Washington,53035,Kitsap,47.8487,-122.5571,931,84,polygon,FALSE,TRUE,America/Los_Angeles,3
15084,Henning,Henning,TN,Tennessee,47097,Lauderdale,35.682,-89.577,931,145,polygon,FALSE,TRUE,America/Chicago,3
15085,Craigsville,Craigsville,VA,Virginia,51015,Augusta,38.0838,-79.3853,931,173,polygon,FALSE,TRUE,America/New_York,3
15086,Butte Creek Canyon,Butte Creek Canyon,CA,California,6007,Butte,39.749,-121.6968,931,17,polygon,FALSE,TRUE,America/Los_Angeles,3
15087,Oljato-Monument Valley,Oljato-Monument Valley,UT,Utah,49037,San Juan,37.0309,-110.2512,931,12,polygon,FALSE,TRUE,America/Denver,3
15088,Kiowa,Kiowa,KS,Kansas,20007,Barber,37.0174,-98.4848,931,324,polygon,FALSE,TRUE,America/Chicago,3
15089,White Sulphur Springs,White Sulphur Springs,MT,Montana,30059,Meagher,46.5452,-110.9039,931,361,polygon,FALSE,TRUE,America/Denver,3
15090,Tilden,Tilden,NE,Nebraska,31119,Madison,42.0435,-97.8318,930,463,polygon,FALSE,TRUE,America/Chicago,3
15091,Crawford,Crawford,NE,Nebraska,31045,Dawes,42.6845,-103.416,930,305,polygon,FALSE,TRUE,America/Denver,3
15092,Julian,Julian,CA,California,6073,San Diego,33.0735,-116.5889,930,45,polygon,FALSE,FALSE,America/Los_Angeles,3
15093,West Point,West Point,IA,Iowa,19111,Lee,40.7145,-91.4527,930,568,polygon,FALSE,TRUE,America/Chicago,3
15094,Henderson,Henderson,MN,Minnesota,27143,Sibley,44.5278,-93.9091,930,334,polygon,FALSE,TRUE,America/Chicago,3
15095,Deer River,Deer River,MN,Minnesota,27061,Itasca,47.3409,-93.7961,930,280,polygon,FALSE,TRUE,America/Chicago,3
15096,Marion,Marion,MT,Montana,30029,Flathead,48.0858,-114.6711,930,21,polygon,FALSE,FALSE,America/Denver,3
15097,Uniontown,Uniontown,KY,Kentucky,21225,Union,37.7732,-87.9318,930,422,polygon,FALSE,TRUE,America/Chicago,3
15098,McKenna,McKenna,WA,Washington,53053,Pierce,46.9365,-122.55,929,329,polygon,FALSE,FALSE,America/Los_Angeles,3
15099,Homestead Base,Homestead Base,FL,Florida,12086,Miami-Dade,25.4936,-80.3911,929,84,polygon,TRUE,TRUE,America/New_York,3
15100,Jupiter Island,Jupiter Island,FL,Florida,12085,Martin,27.0451,-80.1101,929,132,polygon,FALSE,TRUE,America/New_York,3
15101,Battle Lake,Battle Lake,MN,Minnesota,27111,Otter Tail,46.2848,-95.7187,929,253,polygon,FALSE,TRUE,America/Chicago,3
15102,Hesperia,Hesperia,MI,Michigan,26127,Oceana,43.5691,-86.0407,929,438,polygon,FALSE,TRUE,America/Detroit,3
15103,Hubbell,Hubbell,MI,Michigan,26061,Houghton,47.177,-88.436,929,192,polygon,FALSE,FALSE,America/Detroit,3
15104,Owen,Owen,WI,Wisconsin,55019,Clark,44.9485,-90.5621,928,153,polygon,FALSE,TRUE,America/Chicago,3
15105,Delta Junction,Delta Junction,AK,Alaska,2240,Southeast Fairbanks,64.0604,-145.7058,928,25,polygon,FALSE,TRUE,America/Anchorage,3
15106,Poquott,Poquott,NY,New York,36103,Suffolk,40.9529,-73.0903,928,815,polygon,FALSE,TRUE,America/New_York,3
15107,Silkworth,Silkworth,PA,Pennsylvania,42079,Luzerne,41.2698,-76.0749,928,105,polygon,FALSE,FALSE,America/New_York,3
15108,Jonesville,Jonesville,VA,Virginia,51105,Lee,36.6871,-83.1154,928,322,polygon,FALSE,TRUE,America/New_York,3
15109,Hotchkiss,Hotchkiss,CO,Colorado,8029,Delta,38.799,-107.7136,928,386,polygon,FALSE,TRUE,America/Denver,3
15110,Geyserville,Geyserville,CA,California,6097,Sonoma,38.7173,-122.9034,928,79,polygon,FALSE,FALSE,America/Los_Angeles,3
15111,Granite,Granite,UT,Utah,49035,Salt Lake,40.5711,-111.7959,928,298,polygon,FALSE,FALSE,America/Denver,3
15112,Ellington,Ellington,MO,Missouri,29179,Reynolds,37.2365,-90.9733,928,245,polygon,FALSE,TRUE,America/Chicago,3
15113,Dagsboro,Dagsboro,DE,Delaware,10005,Sussex,38.5464,-75.2461,927,245,polygon,FALSE,TRUE,America/New_York,3
15114,Pine River,Pine River,MN,Minnesota,27021,Cass,46.7225,-94.3975,927,296,polygon,FALSE,TRUE,America/Chicago,3
15115,Summerton,Summerton,SC,South Carolina,45027,Clarendon,33.6013,-80.3527,927,264,polygon,FALSE,TRUE,America/New_York,3
15116,Marrowstone,Marrowstone,WA,Washington,53031,Jefferson,48.0568,-122.6933,926,56,polygon,FALSE,FALSE,America/Los_Angeles,3
15117,Blue Ridge,Blue Ridge,TX,Texas,48085,Collin,33.298,-96.3994,926,320,polygon,FALSE,TRUE,America/Chicago,3
15118,Point,Point,TX,Texas,48379,Rains,32.9301,-95.8689,926,129,polygon,FALSE,TRUE,America/Chicago,3
15119,Stockertown,Stockertown,PA,Pennsylvania,42095,Northampton,40.7548,-75.2628,926,368,polygon,FALSE,TRUE,America/New_York,3
15120,Rouzerville,Rouzerville,PA,Pennsylvania,42055,Franklin,39.734,-77.528,926,547,polygon,FALSE,FALSE,America/New_York,3
15121,Blue Ridge Shores,Blue Ridge Shores,VA,Virginia,51109,Louisa,38.1091,-78.0235,926,260,polygon,FALSE,FALSE,America/New_York,3
15122,Foreman,Foreman,AR,Arkansas,5081,Little River,33.7198,-94.3979,926,180,polygon,FALSE,TRUE,America/Chicago,3
15123,Allen,Allen,OK,Oklahoma,40123,Pontotoc,34.8774,-96.413,926,403,polygon,FALSE,TRUE,America/Chicago,3
15124,Ossineke,Ossineke,MI,Michigan,26007,Alpena,44.9072,-83.4287,926,97,polygon,FALSE,FALSE,America/Detroit,3
15125,Allenton,Allenton,WI,Wisconsin,55131,Washington,43.4204,-88.3443,925,247,polygon,FALSE,FALSE,America/Chicago,3
15126,Millerton,Millerton,NY,New York,36027,Dutchess,41.9533,-73.5112,925,596,polygon,FALSE,TRUE,America/New_York,3
15127,Penryn,Penryn,CA,California,6061,Placer,38.8478,-121.1699,925,194,polygon,FALSE,FALSE,America/Los_Angeles,3
15128,Pleasant Hill,Pleasant Hill,IL,Illinois,17149,Pike,39.4432,-90.8729,925,466,polygon,FALSE,TRUE,America/Chicago,3
15129,Alpine,Alpine,WY,Wyoming,56023,Lincoln,43.1631,-111.0196,924,399,polygon,FALSE,TRUE,America/Denver,3
15130,Vega,Vega,TX,Texas,48359,Oldham,35.2456,-102.4262,924,331,polygon,FALSE,TRUE,America/Chicago,3
15131,Advance,Advance,NC,North Carolina,37059,Davie,35.9468,-80.4045,924,49,polygon,FALSE,FALSE,America/New_York,3
15132,Old Fort,Old Fort,NC,North Carolina,37111,McDowell,35.6305,-82.1777,924,292,polygon,FALSE,TRUE,America/New_York,3
15133,Wartburg,Wartburg,TN,Tennessee,47129,Morgan,36.1038,-84.5859,924,352,polygon,FALSE,TRUE,America/New_York,3
15134,Jamestown,Jamestown,IN,Indiana,18011,Boone,39.9286,-86.626,924,398,polygon,FALSE,TRUE,America/Indiana/Indianapolis,3
15135,Hilltop,Hilltop,OH,Ohio,39155,Trumbull,41.1627,-80.7408,924,476,polygon,FALSE,FALSE,America/New_York,3
15136,Beloit,Beloit,OH,Ohio,39099,Mahoning,40.9196,-80.9963,924,365,polygon,FALSE,TRUE,America/New_York,3
15137,Mission,Mission,OR,Oregon,41059,Umatilla,45.6586,-118.6654,924,46,polygon,FALSE,FALSE,America/Los_Angeles,3
15138,Summerland,Summerland,CA,California,6083,Santa Barbara,34.4255,-119.5893,923,179,polygon,FALSE,FALSE,America/Los_Angeles,3
15139,Wyanet,Wyanet,IL,Illinois,17011,Bureau,41.361,-89.5827,923,379,polygon,FALSE,TRUE,America/Chicago,3
15140,Silver Lake,Silver Lake,IN,Indiana,18085,Kosciusko,41.0744,-85.8922,923,664,polygon,FALSE,TRUE,America/Indiana/Indianapolis,3
15141,Fredericksburg,Fredericksburg,IA,Iowa,19037,Chickasaw,42.9648,-92.1965,923,396,polygon,FALSE,TRUE,America/Chicago,3
15142,Philipsburg,Philipsburg,MT,Montana,30039,Granite,46.3324,-113.296,923,419,polygon,FALSE,TRUE,America/Denver,3
15143,North Tunica,North Tunica,MS,Mississippi,28143,Tunica,34.7032,-90.3796,923,615,polygon,FALSE,FALSE,America/Chicago,3
15144,Clinton,Clinton,WA,Washington,53029,Island,47.9731,-122.3577,922,351,polygon,FALSE,FALSE,America/Los_Angeles,3
15145,Kaanapali,Kaanapali,HI,Hawaii,15009,Maui,20.9276,-156.6795,922,71,polygon,FALSE,FALSE,Pacific/Honolulu,3
15146,Waverly,Waverly,FL,Florida,12105,Polk,27.9842,-81.6198,922,247,polygon,FALSE,FALSE,America/New_York,3
15147,Millville,Millville,PA,Pennsylvania,42037,Columbia,41.1205,-76.5253,922,362,polygon,FALSE,TRUE,America/New_York,3
15148,Avella,Avella,PA,Pennsylvania,42125,Washington,40.2737,-80.4672,922,394,polygon,FALSE,FALSE,America/New_York,3
15149,Marine,Marine,IL,Illinois,17119,Madison,38.7868,-89.7789,922,478,polygon,FALSE,TRUE,America/Chicago,3
15150,Coyne Center,Coyne Center,IL,Illinois,17161,Rock Island,41.4001,-90.5631,922,220,polygon,FALSE,FALSE,America/Chicago,3
15151,Phillipsburg,Phillipsburg,GA,Georgia,13277,Tift,31.4389,-83.5203,922,1158,polygon,FALSE,FALSE,America/New_York,3
15152,Kidron,Kidron,OH,Ohio,39169,Wayne,40.744,-81.7467,922,121,polygon,FALSE,FALSE,America/New_York,3
15153,Fremont Hills,Fremont Hills,MO,Missouri,29043,Christian,37.0645,-93.253,922,637,polygon,FALSE,TRUE,America/Chicago,3
15154,Quinby,Quinby,SC,South Carolina,45041,Florence,34.2282,-79.7358,922,272,polygon,FALSE,TRUE,America/New_York,3
15155,McClure,McClure,PA,Pennsylvania,42109,Snyder,40.7078,-77.3107,921,94,polygon,FALSE,TRUE,America/New_York,3
15156,Blue River,Blue River,CO,Colorado,8117,Summit,39.4362,-106.035,921,144,polygon,FALSE,TRUE,America/Denver,3
15157,Hopland,Hopland,CA,California,6045,Mendocino,38.9691,-123.1173,921,100,polygon,FALSE,FALSE,America/Los_Angeles,3
15158,Fieldbrook,Fieldbrook,CA,California,6023,Humboldt,40.9722,-124.025,921,33,polygon,FALSE,FALSE,America/Los_Angeles,3
15159,Talmage,Talmage,CA,California,6045,Mendocino,39.1314,-123.1648,921,223,polygon,FALSE,FALSE,America/Los_Angeles,3
15160,North Enid,North Enid,OK,Oklahoma,40047,Garfield,36.4457,-97.8634,921,153,polygon,FALSE,TRUE,America/Chicago,3
15161,Wayne,Wayne,OH,Ohio,39173,Wood,41.301,-83.4717,921,1103,polygon,FALSE,TRUE,America/New_York,3
15162,Hallock,Hallock,MN,Minnesota,27069,Kittson,48.7659,-96.9427,921,166,polygon,FALSE,TRUE,America/Chicago,3
15163,Village of Clarkston,Village of Clarkston,MI,Michigan,26125,Oakland,42.7342,-83.4207,921,803,polygon,FALSE,TRUE,America/Detroit,3
15164,Valders,Valders,WI,Wisconsin,55071,Manitowoc,44.0696,-87.8859,920,246,polygon,FALSE,TRUE,America/Chicago,3
15165,Olinda,Olinda,HI,Hawaii,15009,Maui,20.8261,-156.2917,920,47,polygon,FALSE,TRUE,Pacific/Honolulu,3
15166,Pomona Park,Pomona Park,FL,Florida,12107,Putnam,29.5015,-81.5936,920,116,polygon,FALSE,TRUE,America/New_York,3
15167,La Tina Ranch,La Tina Ranch,TX,Texas,48061,Cameron,26.2031,-97.4764,920,50,polygon,FALSE,FALSE,America/Chicago,3
15168,New Bedford,New Bedford,PA,Pennsylvania,42073,Lawrence,41.0955,-80.4953,920,139,polygon,FALSE,FALSE,America/New_York,3
15169,Basye,Basye,VA,Virginia,51171,Shenandoah,38.8181,-78.7659,920,40,polygon,FALSE,FALSE,America/New_York,3
15170,Cobb,Cobb,CA,California,6033,Lake,38.8356,-122.723,920,71,polygon,FALSE,FALSE,America/Los_Angeles,3
15171,Shabbona,Shabbona,IL,Illinois,17037,DeKalb,41.7654,-88.8845,920,279,polygon,FALSE,TRUE,America/Chicago,3
15172,New Washington,New Washington,OH,Ohio,39033,Crawford,40.9604,-82.8547,920,265,polygon,FALSE,TRUE,America/New_York,3
15173,New Baltimore,New Baltimore,OH,Ohio,39061,Hamilton,39.2744,-84.6705,920,258,polygon,FALSE,FALSE,America/New_York,3
15174,Minersville,Minersville,UT,Utah,49001,Beaver,38.2335,-112.9606,920,163,polygon,FALSE,TRUE,America/Denver,3
15175,Wakefield,Wakefield,KS,Kansas,20027,Clay,39.2163,-97.0187,920,715,polygon,FALSE,TRUE,America/Chicago,3
15176,Rawls Springs,Rawls Springs,MS,Mississippi,28035,Forrest,31.3797,-89.3878,920,194,polygon,FALSE,FALSE,America/Chicago,3
15177,Atwood,Atwood,TN,Tennessee,47017,Carroll,35.9747,-88.6689,919,204,polygon,FALSE,TRUE,America/Chicago,3
15178,Percy,Percy,IL,Illinois,17157,Randolph,38.0153,-89.6188,919,362,polygon,FALSE,TRUE,America/Chicago,3
15179,Killbuck,Killbuck,OH,Ohio,39075,Holmes,40.4961,-81.9825,919,1041,polygon,FALSE,TRUE,America/New_York,3
15180,Glenwillow,Glenwillow,OH,Ohio,39035,Cuyahoga,41.3606,-81.4728,919,130,polygon,FALSE,TRUE,America/New_York,3
15181,Woodville,Woodville,MS,Mississippi,28157,Wilkinson,31.1029,-91.2992,919,342,polygon,FALSE,TRUE,America/Chicago,3
15182,Necedah,Necedah,WI,Wisconsin,55057,Juneau,44.0234,-90.0717,918,128,polygon,FALSE,TRUE,America/Chicago,3
15183,D'Hanis,D'Hanis,TX,Texas,48325,Medina,29.3305,-99.2753,918,134,polygon,FALSE,FALSE,America/Chicago,3
15184,Garysburg,Garysburg,NC,North Carolina,37131,Northampton,36.4479,-77.5603,918,375,polygon,FALSE,TRUE,America/New_York,3
15185,Pound,Pound,VA,Virginia,51195,Wise,37.126,-82.6071,918,136,polygon,FALSE,TRUE,America/New_York,3
15186,Elkhart,Elkhart,IA,Iowa,19153,Polk,41.7939,-93.524,918,198,polygon,FALSE,TRUE,America/Chicago,3
15187,Ironville,Ironville,KY,Kentucky,21019,Boyd,38.4562,-82.6978,918,455,polygon,FALSE,FALSE,America/New_York,3
15188,Sharon,Sharon,TN,Tennessee,47183,Weakley,36.2349,-88.8252,917,278,polygon,FALSE,TRUE,America/Chicago,3
15189,New Bethlehem,New Bethlehem,PA,Pennsylvania,42031,Clarion,41.0044,-79.3283,917,759,polygon,FALSE,TRUE,America/New_York,3
15190,Calmar,Calmar,IA,Iowa,19191,Winneshiek,43.1811,-91.8678,917,320,polygon,FALSE,TRUE,America/Chicago,3
15191,South Ashburnham,South Ashburnham,MA,Massachusetts,25027,Worcester,42.6138,-71.9384,917,118,polygon,FALSE,FALSE,America/New_York,3
15192,Mount Vernon,Mount Vernon,MD,Maryland,24039,Somerset,38.2448,-75.7825,917,27,polygon,FALSE,FALSE,America/New_York,3
15193,Lake Ketchum,Lake Ketchum,WA,Washington,53061,Snohomish,48.282,-122.348,916,170,polygon,FALSE,FALSE,America/Los_Angeles,3
15194,Boling,Boling,TX,Texas,48481,Wharton,29.2584,-95.9436,916,75,polygon,FALSE,FALSE,America/Chicago,3
15195,Red Cloud,Red Cloud,NE,Nebraska,31181,Webster,40.0864,-98.5222,916,344,polygon,FALSE,TRUE,America/Chicago,3
15196,Laurel,Laurel,NE,Nebraska,31027,Cedar,42.4301,-97.0986,916,299,polygon,FALSE,TRUE,America/Chicago,3
15197,East Lexington,East Lexington,VA,Virginia,51163,Rockbridge,37.8009,-79.416,916,154,polygon,FALSE,FALSE,America/New_York,3
15198,Grant,Grant,AL,Alabama,1095,Marshall,34.5189,-86.2492,916,191,polygon,FALSE,TRUE,America/Chicago,3
15199,Marvell,Marvell,AR,Arkansas,5107,Phillips,34.5563,-90.9153,916,246,polygon,FALSE,TRUE,America/Chicago,3
15200,Waterloo,Waterloo,NE,Nebraska,31055,Douglas,41.2856,-96.285,915,548,polygon,FALSE,TRUE,America/Chicago,3
15201,Eldon,Eldon,IA,Iowa,19179,Wapello,40.9176,-92.2177,915,317,polygon,FALSE,TRUE,America/Chicago,3
15202,Bloomingburg,Bloomingburg,OH,Ohio,39047,Fayette,39.6079,-83.3953,915,515,polygon,FALSE,TRUE,America/New_York,3
15203,Goshen,Goshen,UT,Utah,49049,Utah,39.951,-111.9008,915,429,polygon,FALSE,TRUE,America/Denver,3
15204,Delton,Delton,MI,Michigan,26015,Barry,42.4951,-85.4117,915,159,polygon,FALSE,FALSE,America/Detroit,3
15205,Langdon Place,Langdon Place,KY,Kentucky,21111,Jefferson,38.2865,-85.5849,915,2070,polygon,FALSE,TRUE,America/New_York,2
15206,Washington,Washington,LA,Louisiana,22097,St. Landry,30.615,-92.0594,914,426,polygon,FALSE,TRUE,America/Chicago,3
15207,Rennerdale,Rennerdale,PA,Pennsylvania,42003,Allegheny,40.4002,-80.1397,914,445,polygon,FALSE,FALSE,America/New_York,3
15208,Lightstreet,Lightstreet,PA,Pennsylvania,42037,Columbia,41.0407,-76.4175,914,362,polygon,FALSE,FALSE,America/New_York,3
15209,Dunnavant,Dunnavant,AL,Alabama,1117,Shelby,33.5006,-86.538,914,19,polygon,FALSE,TRUE,America/Chicago,3
15210,Leland,Leland,IL,Illinois,17099,LaSalle,41.616,-88.7982,914,661,polygon,FALSE,TRUE,America/Chicago,3
15211,Ivey,Ivey,GA,Georgia,13319,Wilkinson,32.9092,-83.2983,914,136,polygon,FALSE,TRUE,America/New_York,3
15212,Le Grand,Le Grand,IA,Iowa,19127,Marshall,42.0067,-92.7749,914,338,polygon,FALSE,TRUE,America/Chicago,3
15213,Waynoka,Waynoka,OK,Oklahoma,40151,Woods,36.5848,-98.8785,914,356,polygon,FALSE,TRUE,America/Chicago,3
15214,Beaumont,Beaumont,MS,Mississippi,28111,Perry,31.1707,-88.9252,914,102,polygon,FALSE,TRUE,America/Chicago,3
15215,Shiocton,Shiocton,WI,Wisconsin,55087,Outagamie,44.4449,-88.5768,913,225,polygon,FALSE,TRUE,America/Chicago,3
15216,Fordoche,Fordoche,LA,Louisiana,22077,Pointe Coupee,30.594,-91.6179,913,144,polygon,FALSE,TRUE,America/Chicago,3
15217,Altoona,Altoona,AL,Alabama,1055,Etowah,34.031,-86.3181,913,81,polygon,FALSE,TRUE,America/Chicago,3
15218,Mansfield Center,Mansfield Center,CT,Connecticut,9013,Tolland,41.7618,-72.1944,913,114,polygon,FALSE,FALSE,America/New_York,3
15219,Silver City,Silver City,NC,North Carolina,37093,Hoke,34.9972,-79.2291,912,235,polygon,FALSE,FALSE,America/New_York,3
15220,Ponca,Ponca,NE,Nebraska,31051,Dixon,42.5648,-96.7097,912,484,polygon,FALSE,TRUE,America/Chicago,3
15221,Enhaut,Enhaut,PA,Pennsylvania,42043,Dauphin,40.2324,-76.8253,912,1526,polygon,FALSE,FALSE,America/New_York,3
15222,Mount Olive,Mount Olive,MS,Mississippi,28031,Covington,31.7539,-89.656,912,113,polygon,FALSE,TRUE,America/Chicago,3
15223,Coleman,Coleman,FL,Florida,12119,Sumter,28.8013,-82.0699,911,135,polygon,FALSE,TRUE,America/New_York,3
15224,Sedillo,Sedillo,NM,New Mexico,35001,Bernalillo,35.0906,-106.2869,911,128,polygon,FALSE,FALSE,America/Denver,3
15225,Glidden,Glidden,TX,Texas,48089,Colorado,29.6975,-96.5907,911,353,polygon,FALSE,FALSE,America/Chicago,3
15226,White Mills,White Mills,PA,Pennsylvania,42127,Wayne,41.535,-75.2021,911,237,polygon,FALSE,FALSE,America/New_York,3
15227,Clay City,Clay City,IL,Illinois,17025,Clay,38.6858,-88.3486,911,197,polygon,FALSE,TRUE,America/Chicago,3
15228,Hiawassee,Hiawassee,GA,Georgia,13281,Towns,34.9494,-83.753,911,217,polygon,FALSE,TRUE,America/New_York,3
15229,Swayzee,Swayzee,IN,Indiana,18053,Grant,40.5066,-85.8244,911,750,polygon,FALSE,TRUE,America/Indiana/Indianapolis,3
15230,Bloomville,Bloomville,OH,Ohio,39147,Seneca,41.0514,-83.0137,911,582,polygon,FALSE,TRUE,America/New_York,3
15231,Wessington Springs,Wessington Springs,SD,South Dakota,46073,Jerauld,44.0805,-98.5712,911,195,polygon,FALSE,TRUE,America/Chicago,3
15232,Machias,Machias,WA,Washington,53061,Snohomish,47.9917,-122.0515,910,143,polygon,FALSE,FALSE,America/Los_Angeles,3
15233,Centuria,Centuria,WI,Wisconsin,55095,Polk,45.4497,-92.5579,910,206,polygon,FALSE,TRUE,America/Chicago,3
15234,Lake Arrowhead,Lake Arrowhead,WI,Wisconsin,55001,Adams,44.203,-89.8389,910,69,polygon,FALSE,TRUE,America/Chicago,3
15235,Franklin,Franklin,NE,Nebraska,31061,Franklin,40.0966,-98.9514,910,354,polygon,FALSE,TRUE,America/Chicago,3
15236,Tunnel Hill,Tunnel Hill,GA,Georgia,13313,Whitfield,34.8498,-85.0394,910,180,polygon,FALSE,TRUE,America/New_York,3
15237,Diamond,Diamond,MO,Missouri,29145,Newton,36.9969,-94.3152,910,470,polygon,FALSE,TRUE,America/Chicago,3
15238,Morrice,Morrice,MI,Michigan,26155,Shiawassee,42.8362,-84.1832,910,269,polygon,FALSE,TRUE,America/Detroit,3
15239,Perry,Perry,KS,Kansas,20087,Jefferson,39.0731,-95.3866,910,469,polygon,FALSE,TRUE,America/Chicago,3
15240,Magas Arriba,Magas Arriba,PR,Puerto Rico,72059,Guayanilla,18.0233,-66.7664,910,478,polygon,FALSE,FALSE,America/Puerto_Rico,3
15241,Betances,Betances,PR,Puerto Rico,72023,Cabo Rojo,18.0296,-67.1335,910,2776,polygon,FALSE,FALSE,America/Puerto_Rico,2
15242,Lookingglass,Lookingglass,OR,Oregon,41019,Douglas,43.1848,-123.4999,910,30,polygon,FALSE,FALSE,America/Los_Angeles,3
15243,Lakeview,Lakeview,WA,Washington,53025,Grant,47.3755,-119.5044,909,311,polygon,FALSE,FALSE,America/Los_Angeles,3
15244,Church Rock,Church Rock,NM,New Mexico,35031,McKinley,35.5309,-108.6234,909,152,polygon,FALSE,FALSE,America/Denver,3
15245,Paincourtville,Paincourtville,LA,Louisiana,22007,Assumption,29.9887,-91.0554,909,201,polygon,FALSE,FALSE,America/Chicago,3
15246,Tellico Plains,Tellico Plains,TN,Tennessee,47123,Monroe,35.3665,-84.2982,909,179,polygon,FALSE,TRUE,America/New_York,3
15247,Old Field,Old Field,NY,New York,36103,Suffolk,40.9614,-73.1324,909,169,polygon,FALSE,TRUE,America/New_York,3
15248,Garden Plain,Garden Plain,KS,Kansas,20173,Sedgwick,37.663,-97.6789,909,345,polygon,FALSE,TRUE,America/Chicago,3
15249,Pine Harbor,Pine Harbor,TX,Texas,48315,Marion,32.7723,-94.4992,908,105,polygon,FALSE,TRUE,America/Chicago,3
15250,Marshall,Marshall,NC,North Carolina,37115,Madison,35.7974,-82.6819,908,93,polygon,FALSE,TRUE,America/New_York,3
15251,Port Royal,Port Royal,PA,Pennsylvania,42067,Juniata,40.5338,-77.3895,908,582,polygon,FALSE,TRUE,America/New_York,3
15252,Ignacio,Ignacio,CO,Colorado,8067,La Plata,37.1181,-107.6375,908,812,polygon,FALSE,TRUE,America/Denver,3
15253,Keosauqua,Keosauqua,IA,Iowa,19177,Van Buren,40.7347,-91.9605,908,242,polygon,FALSE,TRUE,America/Chicago,3
15254,New Preston,New Preston,CT,Connecticut,9005,Litchfield,41.6813,-73.3523,908,47,polygon,FALSE,FALSE,America/New_York,3
15255,Waynesburg,Waynesburg,OH,Ohio,39151,Stark,40.6682,-81.2598,908,710,polygon,FALSE,TRUE,America/New_York,3
15256,Osceola,Osceola,MO,Missouri,29185,St. Clair,38.0458,-93.6973,908,344,polygon,FALSE,TRUE,America/Chicago,3
15257,Cedar Grove,Cedar Grove,WV,West Virginia,54039,Kanawha,38.2223,-81.4376,907,488,polygon,FALSE,TRUE,America/New_York,3
15258,Mora,Mora,NM,New Mexico,35033,Mora,35.9634,-105.3313,907,43,polygon,FALSE,FALSE,America/Denver,3
15259,Adelino,Adelino,NM,New Mexico,35061,Valencia,34.7066,-106.7302,907,129,polygon,FALSE,FALSE,America/Denver,3
15260,Centerville,Centerville,TX,Texas,48289,Leon,31.258,-95.9797,907,205,polygon,FALSE,TRUE,America/Chicago,3
15261,Celeste,Celeste,TX,Texas,48231,Hunt,33.2897,-96.1945,907,260,polygon,FALSE,TRUE,America/Chicago,3
15262,Buras,Buras,LA,Louisiana,22075,Plaquemines,29.3528,-89.5248,907,152,polygon,FALSE,FALSE,America/Chicago,3
15263,Dubach,Dubach,LA,Louisiana,22061,Lincoln,32.702,-92.6575,907,192,polygon,FALSE,TRUE,America/Chicago,3
15264,Manns Harbor,Manns Harbor,NC,North Carolina,37055,Dare,35.8934,-75.7733,907,85,polygon,FALSE,FALSE,America/New_York,3
15265,Walhalla,Walhalla,ND,North Dakota,38067,Pembina,48.9211,-97.9176,907,338,polygon,FALSE,TRUE,America/Chicago,3
15266,Lake Santee,Lake Santee,IN,Indiana,18031,Decatur,39.4078,-85.3066,907,142,polygon,FALSE,TRUE,America/Indiana/Indianapolis,3
15267,Temple,Temple,OK,Oklahoma,40033,Cotton,34.273,-98.2352,907,267,polygon,FALSE,TRUE,America/Chicago,3
15268,Grapeview,Grapeview,WA,Washington,53045,Mason,47.3316,-122.8413,906,95,polygon,FALSE,FALSE,America/Los_Angeles,3
15269,Springer,Springer,NM,New Mexico,35007,Colfax,36.3623,-104.5997,906,158,polygon,FALSE,TRUE,America/Denver,3
15270,Slaughter,Slaughter,LA,Louisiana,22037,East Feliciana,30.7219,-91.1393,906,63,polygon,FALSE,TRUE,America/Chicago,3
15271,Gorman,Gorman,NC,North Carolina,37063,Durham,36.0418,-78.8091,906,121,polygon,FALSE,FALSE,America/New_York,3
15272,East Brady,East Brady,PA,Pennsylvania,42031,Clarion,40.9836,-79.6131,906,432,polygon,FALSE,TRUE,America/New_York,3
15273,Lafayette,Lafayette,VA,Virginia,51121,Montgomery,37.233,-80.2051,906,548,polygon,FALSE,FALSE,America/New_York,3
15274,Deer Park,Deer Park,CA,California,6055,Napa,38.536,-122.4679,906,62,polygon,FALSE,FALSE,America/Los_Angeles,3
15275,Carpendale,Carpendale,WV,West Virginia,54057,Mineral,39.6278,-78.7896,905,266,polygon,FALSE,TRUE,America/New_York,3
15276,Grand Coteau,Grand Coteau,LA,Louisiana,22097,St. Landry,30.4202,-92.0438,905,144,polygon,FALSE,TRUE,America/Chicago,3
15277,Harwick,Harwick,PA,Pennsylvania,42003,Allegheny,40.5562,-79.8054,905,790,polygon,FALSE,FALSE,America/New_York,3
15278,Nittany,Nittany,PA,Pennsylvania,42027,Centre,40.9947,-77.5521,905,246,polygon,FALSE,FALSE,America/New_York,3
15279,Las Croabas,Las Croabas,PR,Puerto Rico,72053,Fajardo,18.3676,-65.6304,905,441,polygon,FALSE,FALSE,America/Puerto_Rico,3
15280,Lake Madison,Lake Madison,SD,South Dakota,46079,Lake,43.9593,-97.0209,905,73,polygon,FALSE,TRUE,America/Chicago,3
15281,Solana,Solana,FL,Florida,12015,Charlotte,26.9388,-82.0278,904,227,polygon,FALSE,FALSE,America/New_York,3
15282,Cattaraugus,Cattaraugus,NY,New York,36009,Cattaraugus,42.33,-78.8671,904,312,polygon,FALSE,TRUE,America/New_York,3
15283,Friedensburg,Friedensburg,PA,Pennsylvania,42107,Schuylkill,40.607,-76.2291,904,221,polygon,FALSE,FALSE,America/New_York,3
15284,Haxtun,Haxtun,CO,Colorado,8095,Phillips,40.6419,-102.6298,904,586,polygon,FALSE,TRUE,America/Denver,3
15285,Darbydale,Darbydale,OH,Ohio,39049,Franklin,39.8545,-83.1795,904,350,polygon,FALSE,FALSE,America/New_York,3
15286,Rivesville,Rivesville,WV,West Virginia,54049,Marion,39.5318,-80.1207,903,664,polygon,FALSE,TRUE,America/New_York,3
15287,Woodsville,Woodsville,NH,New Hampshire,33009,Grafton,44.1452,-72.0288,903,397,polygon,FALSE,FALSE,America/New_York,3
15288,Far Hills,Far Hills,NJ,New Jersey,34035,Somerset,40.6905,-74.6257,903,71,polygon,FALSE,TRUE,America/New_York,3
15289,Cooperstown,Cooperstown,ND,North Dakota,38039,Griggs,47.445,-98.1257,903,356,polygon,FALSE,TRUE,America/Chicago,3
15290,Friendsville,Friendsville,TN,Tennessee,47009,Blount,35.7563,-84.1319,903,122,polygon,FALSE,TRUE,America/New_York,3
15291,Maxwell,Maxwell,IA,Iowa,19169,Story,41.8914,-93.3961,903,319,polygon,FALSE,TRUE,America/Chicago,3
15292,Hopedale,Hopedale,OH,Ohio,39067,Harrison,40.3265,-80.8954,903,314,polygon,FALSE,TRUE,America/New_York,3
15293,Piedmont,Piedmont,SD,South Dakota,46093,Meade,44.2135,-103.3715,903,264,polygon,FALSE,TRUE,America/Denver,3
15294,Plandome Manor,Plandome Manor,NY,New York,36059,Nassau,40.8146,-73.6979,902,720,polygon,FALSE,TRUE,America/New_York,3
15295,Belmont,Belmont,NY,New York,36003,Allegany,42.2226,-78.0328,902,349,polygon,FALSE,TRUE,America/New_York,3
15296,Dyer,Dyer,AR,Arkansas,5033,Crawford,35.4944,-94.1388,902,118,polygon,FALSE,TRUE,America/Chicago,3
15297,Woodbury,Woodbury,GA,Georgia,13199,Meriwether,32.9848,-84.5821,902,171,polygon,FALSE,TRUE,America/New_York,3
15298,Eton,Eton,GA,Georgia,13213,Murray,34.8282,-84.7656,902,276,polygon,FALSE,TRUE,America/New_York,3
15299,Inkom,Inkom,ID,Idaho,16005,Bannock,42.7954,-112.2446,902,358,polygon,FALSE,TRUE,America/Boise,3
15300,Milford Center,Milford Center,OH,Ohio,39159,Union,40.1791,-83.4381,902,852,polygon,FALSE,TRUE,America/New_York,3
15301,Dighton,Dighton,KS,Kansas,20101,Lane,38.481,-100.4664,902,401,polygon,FALSE,TRUE,America/Chicago,3
15302,Hingham,Hingham,WI,Wisconsin,55117,Sheboygan,43.6465,-87.9151,901,129,polygon,FALSE,FALSE,America/Chicago,3
15303,Ray,Ray,ND,North Dakota,38105,Williams,48.3416,-103.1635,901,264,polygon,FALSE,TRUE,America/Chicago,3
15304,Lemont Furnace,Lemont Furnace,PA,Pennsylvania,42051,Fayette,39.9103,-79.6629,901,340,polygon,FALSE,FALSE,America/New_York,3
15305,Texhoma,Texhoma,OK,Oklahoma,40139,Texas,36.5053,-101.7876,901,555,polygon,FALSE,TRUE,America/Chicago,3
15306,Burlingame,Burlingame,KS,Kansas,20139,Osage,38.7518,-95.8349,901,393,polygon,FALSE,TRUE,America/Chicago,3
15307,Bandera,Bandera,TX,Texas,48019,Bandera,29.7253,-99.074,900,292,polygon,FALSE,TRUE,America/Chicago,3
15308,Wisner,Wisner,LA,Louisiana,22041,Franklin,31.9804,-91.6552,900,436,polygon,FALSE,TRUE,America/Chicago,3
15309,Atlas,Atlas,PA,Pennsylvania,42097,Northumberland,40.7974,-76.4288,900,1388,polygon,FALSE,FALSE,America/New_York,3
15310,Hardin,Hardin,IL,Illinois,17013,Calhoun,39.1591,-90.6248,900,163,polygon,FALSE,TRUE,America/Chicago,3
15311,Anita,Anita,IA,Iowa,19029,Cass,41.4438,-94.7658,900,195,polygon,FALSE,TRUE,America/Chicago,3
15312,Santee,Santee,SC,South Carolina,45075,Orangeburg,33.4801,-80.4852,900,165,polygon,FALSE,TRUE,America/New_York,3
15313,Moulton,Moulton,TX,Texas,48285,Lavaca,29.5722,-97.1465,899,415,polygon,FALSE,TRUE,America/Chicago,3
15314,Ceresco,Ceresco,NE,Nebraska,31155,Saunders,41.058,-96.6459,899,821,polygon,FALSE,TRUE,America/Chicago,3
15315,Grundy,Grundy,VA,Virginia,51027,Buchanan,37.2754,-82.0988,899,69,polygon,FALSE,TRUE,America/New_York,3
15316,Fruitdale,Fruitdale,CA,California,6085,Santa Clara,37.3116,-121.9357,899,1300,polygon,FALSE,FALSE,America/Los_Angeles,3
15317,Danville,Danville,IA,Iowa,19057,Des Moines,40.86,-91.3146,899,458,polygon,FALSE,TRUE,America/Chicago,3
15318,Lockwood,Lockwood,MO,Missouri,29057,Dade,37.3867,-93.9579,899,357,polygon,FALSE,TRUE,America/Chicago,3
15319,Augusta,Augusta,MI,Michigan,26077,Kalamazoo,42.3378,-85.3525,899,338,polygon,FALSE,TRUE,America/Detroit,3
15320,Geraldine,Geraldine,AL,Alabama,1049,DeKalb,34.3577,-86.0037,898,88,polygon,FALSE,TRUE,America/Chicago,3
15321,Roseville,Roseville,IL,Illinois,17187,Warren,40.7307,-90.6638,898,469,polygon,FALSE,TRUE,America/Chicago,3
15322,Bear River City,Bear River City,UT,Utah,49003,Box Elder,41.6124,-112.125,898,192,polygon,FALSE,TRUE,America/Denver,3
15323,Lincoln,Lincoln,MT,Montana,30049,Lewis and Clark,46.953,-112.6693,898,19,polygon,FALSE,FALSE,America/Denver,3
15324,Kekoskee,Kekoskee,WI,Wisconsin,55027,Dodge,43.5019,-88.5863,897,10,polygon,FALSE,TRUE,America/Chicago,3
15325,Athens,Athens,WV,West Virginia,54055,Mercer,37.423,-81.0148,897,879,polygon,FALSE,TRUE,America/New_York,3
15326,Fort Sumner,Fort Sumner,NM,New Mexico,35011,De Baca,34.479,-104.2331,897,104,polygon,FALSE,TRUE,America/Denver,3
15327,McLeansville,McLeansville,NC,North Carolina,37081,Guilford,36.1045,-79.6554,897,56,polygon,FALSE,FALSE,America/New_York,3
15328,Palenville,Palenville,NY,New York,36039,Greene,42.1773,-74.0229,897,104,polygon,FALSE,FALSE,America/New_York,3
15329,Dorris,Dorris,CA,California,6093,Siskiyou,41.9644,-121.9205,897,493,polygon,FALSE,TRUE,America/Los_Angeles,3
15330,White Plains,White Plains,KY,Kentucky,21107,Hopkins,37.1708,-87.3801,897,106,polygon,FALSE,TRUE,America/Chicago,3
15331,Glendale,Glendale,OR,Oregon,41019,Douglas,42.7381,-123.4294,897,875,polygon,FALSE,TRUE,America/Los_Angeles,3
15332,Wiley Ford,Wiley Ford,WV,West Virginia,54057,Mineral,39.6151,-78.7615,896,120,polygon,FALSE,FALSE,America/New_York,3
15333,Pahoa,Pahoa,HI,Hawaii,15001,Hawaii,19.4961,-154.9454,896,158,polygon,FALSE,FALSE,Pacific/Honolulu,3
15334,Five Points,Five Points,NC,North Carolina,37093,Hoke,35.0154,-79.3513,896,41,polygon,FALSE,FALSE,America/New_York,3
15335,Port Trevorton,Port Trevorton,PA,Pennsylvania,42109,Snyder,40.6928,-76.894,896,105,polygon,FALSE,FALSE,America/New_York,3
15336,Motley,Motley,VA,Virginia,51143,Pittsylvania,37.0657,-79.3474,896,87,polygon,FALSE,FALSE,America/New_York,3
15337,Cottondale,Cottondale,FL,Florida,12063,Jackson,30.7891,-85.3643,895,105,polygon,FALSE,TRUE,America/Chicago,3
15338,Sudan,Sudan,TX,Texas,48279,Lamb,34.0663,-102.5242,895,337,polygon,FALSE,TRUE,America/Chicago,3
15339,Northwood,Northwood,ND,North Dakota,38035,Grand Forks,47.7384,-97.5707,895,285,polygon,FALSE,TRUE,America/Chicago,3
15340,Coulterville,Coulterville,IL,Illinois,17157,Randolph,38.185,-89.6046,895,617,polygon,FALSE,TRUE,America/Chicago,3
15341,Troy,Troy,ID,Idaho,16057,Latah,46.738,-116.7731,895,436,polygon,FALSE,TRUE,America/Los_Angeles,3
15342,Seaman,Seaman,OH,Ohio,39001,Adams,38.937,-83.5754,895,323,polygon,FALSE,TRUE,America/New_York,3
15343,Odessa,Odessa,WA,Washington,53043,Lincoln,47.3326,-118.6894,894,424,polygon,FALSE,TRUE,America/Los_Angeles,3
15344,River Road,River Road,WA,Washington,53009,Clallam,48.0677,-123.1276,894,979,polygon,FALSE,FALSE,America/Los_Angeles,3
15345,Rupert,Rupert,WV,West Virginia,54025,Greenbrier,37.9649,-80.687,894,449,polygon,FALSE,TRUE,America/New_York,3
15346,Avoca,Avoca,IN,Indiana,18093,Lawrence,38.9172,-86.5557,894,164,polygon,FALSE,FALSE,America/Indiana/Indianapolis,3
15347,Council,Council,ID,Idaho,16003,Adams,44.7324,-116.4374,894,327,polygon,FALSE,TRUE,America/Boise,3
15348,Lost City,Lost City,OK,Oklahoma,40021,Cherokee,36.0006,-95.1223,894,14,polygon,FALSE,FALSE,America/Chicago,3
15349,South Canal,South Canal,OH,Ohio,39155,Trumbull,41.1759,-80.9864,894,208,polygon,FALSE,FALSE,America/New_York,3
15350,Butler,Butler,OH,Ohio,39139,Richland,40.5896,-82.4211,894,318,polygon,FALSE,TRUE,America/New_York,3
15351,Leakesville,Leakesville,MS,Mississippi,28041,Greene,31.1545,-88.558,894,218,polygon,FALSE,TRUE,America/Chicago,3
15352,New Haven,New Haven,KY,Kentucky,21179,Nelson,37.6591,-85.5885,894,597,polygon,FALSE,TRUE,America/New_York,3
15353,Bolt,Bolt,WV,West Virginia,54081,Raleigh,37.7624,-81.4189,893,63,polygon,FALSE,FALSE,America/New_York,3
15354,Hagerman,Hagerman,ID,Idaho,16047,Gooding,42.8163,-114.8975,893,586,polygon,FALSE,TRUE,America/Boise,3
15355,Sequoyah,Sequoyah,OK,Oklahoma,40131,Rogers,36.3797,-95.5969,893,43,polygon,FALSE,FALSE,America/Chicago,3
15356,Empire City,Empire City,OK,Oklahoma,40137,Stephens,34.4738,-98.0562,893,32,polygon,FALSE,TRUE,America/Chicago,3
15357,McRoberts,McRoberts,KY,Kentucky,21133,Letcher,37.2132,-82.6686,893,61,polygon,FALSE,FALSE,America/New_York,3
15358,Hastings,Hastings,FL,Florida,12109,St. Johns,29.7144,-81.499,892,106,polygon,FALSE,FALSE,America/New_York,3
15359,Garrett,Garrett,TX,Texas,48139,Ellis,32.3681,-96.6543,892,191,polygon,FALSE,TRUE,America/Chicago,3
15360,North Haven,North Haven,NY,New York,36103,Suffolk,41.023,-72.314,892,126,polygon,FALSE,TRUE,America/New_York,3
15361,Yeagertown,Yeagertown,PA,Pennsylvania,42087,Mifflin,40.6414,-77.5803,892,766,polygon,FALSE,FALSE,America/New_York,3
15362,Independence,Independence,VA,Virginia,51077,Grayson,36.6254,-81.1511,892,147,polygon,FALSE,TRUE,America/New_York,3
15363,Blacklake,Blacklake,CA,California,6079,San Luis Obispo,35.0497,-120.5387,892,329,polygon,FALSE,TRUE,America/Los_Angeles,3
15364,Hollins,Hollins,AL,Alabama,1027,Clay,33.1213,-86.129,892,29,polygon,FALSE,FALSE,America/Chicago,3
15365,Chilchinbito,Chilchinbito,AZ,Arizona,4017,Navajo,36.5027,-110.0512,892,14,polygon,FALSE,FALSE,America/Denver,3
15366,La Grange,La Grange,MO,Missouri,29111,Lewis,40.047,-91.5023,892,221,polygon,FALSE,TRUE,America/Chicago,3
15367,Auxier,Auxier,KY,Kentucky,21071,Floyd,37.7356,-82.7661,892,373,polygon,FALSE,FALSE,America/New_York,3
15368,Iron Ridge,Iron Ridge,WI,Wisconsin,55027,Dodge,43.3982,-88.532,891,512,polygon,FALSE,TRUE,America/Chicago,3
15369,Wishek,Wishek,ND,North Dakota,38051,McIntosh,46.2554,-99.5546,891,239,polygon,FALSE,TRUE,America/Chicago,3
15370,Boston,Boston,VA,Virginia,51001,Accomack,37.6039,-75.8437,891,134,polygon,FALSE,FALSE,America/New_York,3
15371,Ashton,Ashton,IL,Illinois,17103,Lee,41.8682,-89.2226,891,513,polygon,FALSE,TRUE,America/Chicago,3
15372,Neola,Neola,IA,Iowa,19155,Pottawattamie,41.4498,-95.6173,891,540,polygon,FALSE,TRUE,America/Chicago,3
15373,Larchwood,Larchwood,IA,Iowa,19119,Lyon,43.4545,-96.4369,891,346,polygon,FALSE,TRUE,America/Chicago,3
15374,Albany,Albany,OH,Ohio,39009,Athens,39.2245,-82.1977,891,260,polygon,FALSE,TRUE,America/New_York,3
15375,Pasadena Hills,Pasadena Hills,MO,Missouri,29189,St. Louis,38.7082,-90.2922,891,1623,polygon,FALSE,TRUE,America/Chicago,3
15376,Ipswich,Ipswich,SD,South Dakota,46045,Edmunds,45.4434,-99.03,891,256,polygon,FALSE,TRUE,America/Chicago,3
15377,North San Pedro,North San Pedro,TX,Texas,48355,Nueces,27.8027,-97.682,890,3545,polygon,FALSE,FALSE,America/Chicago,2
15378,Randolph,Randolph,NE,Nebraska,31027,Cedar,42.3775,-97.3577,890,364,polygon,FALSE,TRUE,America/Chicago,3
15379,Whitney Point,Whitney Point,NY,New York,36007,Broome,42.3303,-75.9679,890,329,polygon,FALSE,TRUE,America/New_York,3
15380,Jolivue,Jolivue,VA,Virginia,51015,Augusta,38.1149,-79.0668,890,183,polygon,FALSE,FALSE,America/New_York,3
15381,Freelandville,Freelandville,IN,Indiana,18083,Knox,38.8653,-87.3102,890,61,polygon,FALSE,FALSE,America/Indiana/Vincennes,3
15382,Elkhorn City,Elkhorn City,KY,Kentucky,21195,Pike,37.3202,-82.3522,890,44,polygon,FALSE,TRUE,America/New_York,3
15383,Morrill,Morrill,NE,Nebraska,31157,Scotts Bluff,41.9641,-103.9247,889,611,polygon,FALSE,TRUE,America/Denver,3
15384,Curtis,Curtis,NE,Nebraska,31063,Frontier,40.6335,-100.5113,889,286,polygon,FALSE,TRUE,America/Chicago,3
15385,Amelia Court House,Amelia Court House,VA,Virginia,51007,Amelia,37.3366,-77.9882,889,91,polygon,FALSE,FALSE,America/New_York,3
15386,Acalanes Ridge,Acalanes Ridge,CA,California,6013,Contra Costa,37.9046,-122.0786,889,745,polygon,FALSE,TRUE,America/Los_Angeles,3
15387,Crowley Lake,Crowley Lake,CA,California,6051,Mono,37.5692,-118.7465,889,122,polygon,FALSE,TRUE,America/Los_Angeles,3
15388,Carthage,Carthage,IN,Indiana,18139,Rush,39.7369,-85.5715,889,607,polygon,FALSE,TRUE,America/Indiana/Indianapolis,3
15389,Pembroke,Pembroke,KY,Kentucky,21047,Christian,36.7752,-87.3579,889,310,polygon,FALSE,TRUE,America/Chicago,3
15390,Lobelville,Lobelville,TN,Tennessee,47135,Perry,35.7507,-87.7958,888,91,polygon,FALSE,TRUE,America/Chicago,3
15391,Fort Chiswell,Fort Chiswell,VA,Virginia,51197,Wythe,36.9444,-80.9577,888,25,polygon,FALSE,FALSE,America/New_York,3
15392,Viola,Viola,IL,Illinois,17131,Mercer,41.2053,-90.5863,888,409,polygon,FALSE,TRUE,America/Chicago,3
15393,Shirley,Shirley,IN,Indiana,18059,Hancock,39.8911,-85.5801,888,973,polygon,FALSE,TRUE,America/Indiana/Indianapolis,3
15394,Bowman,Bowman,SC,South Carolina,45075,Orangeburg,33.3482,-80.6844,888,286,polygon,FALSE,TRUE,America/New_York,3
15395,Sanford,Sanford,CO,Colorado,8021,Conejos,37.2573,-105.9007,887,234,polygon,FALSE,TRUE,America/Denver,3
15396,Lompico,Lompico,CA,California,6087,Santa Cruz,37.1101,-122.0523,887,101,polygon,FALSE,FALSE,America/Los_Angeles,3
15397,Lebo,Lebo,KS,Kansas,20031,Coffey,38.4157,-95.8623,887,357,polygon,FALSE,TRUE,America/Chicago,3
15398,Lake Tanglewood,Lake Tanglewood,TX,Texas,48381,Randall,35.057,-101.7816,886,304,polygon,FALSE,TRUE,America/Chicago,3
15399,Elliston,Elliston,VA,Virginia,51121,Montgomery,37.2163,-80.2245,886,313,polygon,FALSE,FALSE,America/New_York,3
15400,Ivalee,Ivalee,AL,Alabama,1055,Etowah,34.0372,-86.1472,886,45,polygon,FALSE,FALSE,America/Chicago,3
15401,Greenleaf,Greenleaf,ID,Idaho,16027,Canyon,43.6753,-116.821,886,444,polygon,FALSE,TRUE,America/Boise,3
15402,Truesdale,Truesdale,MO,Missouri,29219,Warren,38.8124,-91.122,886,267,polygon,FALSE,TRUE,America/Chicago,3
15403,Fort Lawn,Fort Lawn,SC,South Carolina,45023,Chester,34.7003,-80.8991,886,245,polygon,FALSE,TRUE,America/New_York,3
15404,Bellemeade,Bellemeade,KY,Kentucky,21111,Jefferson,38.251,-85.591,886,1166,polygon,FALSE,TRUE,America/New_York,3
15405,Clarkson,Clarkson,KY,Kentucky,21085,Grayson,37.4937,-86.2259,886,321,polygon,FALSE,TRUE,America/Chicago,3
15406,Brady,Brady,WA,Washington,53027,Grays Harbor,47.0064,-123.5321,885,55,polygon,FALSE,FALSE,America/Los_Angeles,3
15407,Hankinson,Hankinson,ND,North Dakota,38077,Richland,46.0734,-96.8916,885,183,polygon,FALSE,TRUE,America/Chicago,3
15408,Hoagland,Hoagland,IN,Indiana,18003,Allen,40.952,-84.9955,885,100,polygon,FALSE,FALSE,America/Indiana/Indianapolis,3
15409,Mayville,Mayville,MI,Michigan,26157,Tuscola,43.3363,-83.352,885,317,polygon,FALSE,TRUE,America/Detroit,3
15410,Adairville,Adairville,KY,Kentucky,21141,Logan,36.671,-86.856,885,290,polygon,FALSE,TRUE,America/Chicago,3
15411,Puako,Puako,HI,Hawaii,15001,Hawaii,19.9389,-155.8604,884,33,polygon,FALSE,FALSE,Pacific/Honolulu,3
15412,Simonton,Simonton,TX,Texas,48157,Fort Bend,29.6824,-95.991,884,145,polygon,FALSE,TRUE,America/Chicago,3
15413,Bowmanstown,Bowmanstown,PA,Pennsylvania,42025,Carbon,40.8019,-75.6611,884,443,polygon,FALSE,TRUE,America/New_York,3
15414,North Perry,North Perry,OH,Ohio,39085,Lake,41.8003,-81.1241,884,87,polygon,FALSE,TRUE,America/New_York,3
15415,Grant,Grant,MI,Michigan,26123,Newaygo,43.3348,-85.8094,884,513,polygon,FALSE,TRUE,America/Detroit,3
15416,Medley,Medley,FL,Florida,12086,Miami-Dade,25.8646,-80.3516,883,67,polygon,FALSE,TRUE,America/New_York,3
15417,LaMoure,LaMoure,ND,North Dakota,38045,LaMoure,46.3574,-98.2966,883,253,polygon,FALSE,TRUE,America/Chicago,3
15418,Monroe,Monroe,IN,Indiana,18001,Adams,40.7451,-84.941,883,501,polygon,FALSE,TRUE,America/Indiana/Indianapolis,3
15419,Woods Hole,Woods Hole,MA,Massachusetts,25001,Barnstable,41.5303,-70.6614,883,159,polygon,FALSE,FALSE,America/New_York,3
15420,Utica,Utica,MS,Mississippi,28049,Hinds,32.1061,-90.6221,883,113,polygon,FALSE,TRUE,America/Chicago,3
15421,Pleasureville,Pleasureville,KY,Kentucky,21211,Shelby,38.3511,-85.1121,883,704,polygon,FALSE,TRUE,America/New_York,3
15422,Elk Mound,Elk Mound,WI,Wisconsin,55033,Dunn,44.8744,-91.6863,882,149,polygon,FALSE,TRUE,America/Chicago,3
15423,Susitna North,Susitna North,AK,Alaska,2170,Matanuska-Susitna,62.1281,-149.8593,882,1,polygon,FALSE,TRUE,America/Anchorage,3
15424,Hannawa Falls,Hannawa Falls,NY,New York,36089,St. Lawrence,44.6017,-74.9738,882,66,polygon,FALSE,FALSE,America/New_York,3
15425,Elsinore,Elsinore,UT,Utah,49041,Sevier,38.6834,-112.1488,882,253,polygon,FALSE,TRUE,America/Denver,3
15426,Birchwood Village,Birchwood Village,MN,Minnesota,27163,Washington,45.0598,-92.9777,882,999,polygon,FALSE,TRUE,America/Chicago,3
15427,Baroda,Baroda,MI,Michigan,26021,Berrien,41.954,-86.488,882,475,polygon,FALSE,TRUE,America/Detroit,3
15428,Tallaboa,Tallaboa,PR,Puerto Rico,72111,Peñuelas,17.996,-66.7085,882,667,polygon,FALSE,FALSE,America/Puerto_Rico,3
15429,Cassville,Cassville,WI,Wisconsin,55043,Grant,42.7149,-90.9888,881,328,polygon,FALSE,TRUE,America/Chicago,3
15430,Allenwood,Allenwood,NJ,New Jersey,34025,Monmouth,40.1384,-74.1032,881,194,polygon,FALSE,FALSE,America/New_York,3
15431,Cimarron,Cimarron,NM,New Mexico,35007,Colfax,36.5087,-104.9115,881,169,polygon,FALSE,TRUE,America/Denver,3
15432,Fair Bluff,Fair Bluff,NC,North Carolina,37047,Columbus,34.3126,-79.0333,881,144,polygon,FALSE,TRUE,America/New_York,3
15433,Washington Boro,Washington Boro,PA,Pennsylvania,42071,Lancaster,40.0017,-76.467,881,176,polygon,FALSE,FALSE,America/New_York,3
15434,Rimersburg,Rimersburg,PA,Pennsylvania,42031,Clarion,41.0409,-79.5024,881,935,polygon,FALSE,TRUE,America/New_York,3
15435,Beatty,Beatty,NV,Nevada,32023,Nye,36.9352,-116.7025,881,1,polygon,FALSE,FALSE,America/Los_Angeles,3
15436,Tonyville,Tonyville,CA,California,6107,Tulare,36.2474,-119.0903,881,6736,polygon,FALSE,FALSE,America/Los_Angeles,2
15437,Tilden,Tilden,IL,Illinois,17157,Randolph,38.2124,-89.684,881,348,polygon,FALSE,TRUE,America/Chicago,3
15438,St. Mary of the Woods,St. Mary of the Woods,IN,Indiana,18167,Vigo,39.512,-87.4628,881,266,polygon,FALSE,TRUE,America/Indiana/Indianapolis,3
15439,Riverton,Riverton,KS,Kansas,20021,Cherokee,37.0733,-94.706,881,151,polygon,FALSE,FALSE,America/Chicago,3
15440,Dixon,Dixon,KY,Kentucky,21233,Webster,37.5132,-87.6961,881,272,polygon,FALSE,TRUE,America/Chicago,3
15441,Millheim,Millheim,PA,Pennsylvania,42027,Centre,40.8936,-77.4765,880,256,polygon,FALSE,TRUE,America/New_York,3
15442,Lilly,Lilly,PA,Pennsylvania,42021,Cambria,40.4244,-78.6202,880,675,polygon,FALSE,TRUE,America/New_York,3
15443,Galatia,Galatia,IL,Illinois,17165,Saline,37.8414,-88.6148,880,174,polygon,FALSE,TRUE,America/Chicago,3
15444,Arco,Arco,ID,Idaho,16023,Butte,43.6316,-113.3017,880,318,polygon,FALSE,TRUE,America/Boise,3
15445,Rushville,Rushville,NE,Nebraska,31161,Sheridan,42.7134,-102.4665,879,295,polygon,FALSE,TRUE,America/Denver,3
15446,Hatfield,Hatfield,IN,Indiana,18147,Spencer,37.903,-87.2217,879,289,polygon,FALSE,FALSE,America/Chicago,3
15447,Limestone,Limestone,OK,Oklahoma,40131,Rogers,36.3143,-95.7477,879,107,polygon,FALSE,FALSE,America/Chicago,3
15448,Riverside,Riverside,UT,Utah,49003,Box Elder,41.8106,-112.1403,879,50,polygon,FALSE,FALSE,America/Denver,3
15449,Americus,Americus,KS,Kansas,20111,Lyon,38.5066,-96.2616,879,313,polygon,FALSE,TRUE,America/Chicago,3
15450,Mooreville,Mooreville,MS,Mississippi,28081,Lee,34.2648,-88.5769,879,121,polygon,FALSE,FALSE,America/Chicago,3
15451,Magdalena,Magdalena,NM,New Mexico,35053,Socorro,34.1095,-107.2319,878,54,polygon,FALSE,TRUE,America/Denver,3
15452,Gibsland,Gibsland,LA,Louisiana,22013,Bienville,32.5395,-93.0541,878,128,polygon,FALSE,TRUE,America/Chicago,3
15453,South Weldon,South Weldon,NC,North Carolina,37083,Halifax,36.4135,-77.6024,878,778,polygon,FALSE,FALSE,America/New_York,3
15454,Penhook,Penhook,VA,Virginia,51067,Franklin,36.9905,-79.6318,878,30,polygon,FALSE,FALSE,America/New_York,3
15455,Stratford,Stratford,CA,California,6031,Kings,36.1884,-119.8224,878,496,polygon,FALSE,FALSE,America/Los_Angeles,3
15456,Fouke,Fouke,AR,Arkansas,5091,Miller,33.2622,-93.8852,878,250,polygon,FALSE,TRUE,America/Chicago,3
15457,Martin Lake,Martin Lake,MN,Minnesota,27003,Anoka,45.3825,-93.0885,878,246,polygon,FALSE,FALSE,America/Chicago,3
15458,Rocky Boy West,Rocky Boy West,MT,Montana,30015,Chouteau,48.2971,-109.9918,878,62,polygon,FALSE,TRUE,America/Denver,3
15459,Milltown,Milltown,WI,Wisconsin,55095,Polk,45.5261,-92.5015,877,186,polygon,FALSE,TRUE,America/Chicago,3
15460,Mikes,Mikes,TX,Texas,48427,Starr,26.3147,-98.6336,877,2585,polygon,FALSE,TRUE,America/Chicago,2
15461,Mountain Village,Mountain Village,AK,Alaska,2158,Kusilvak,62.0911,-163.7209,877,80,polygon,FALSE,TRUE,America/Nome,3
15462,Kapp Heights,Kapp Heights,PA,Pennsylvania,42097,Northumberland,40.8995,-76.809,877,967,polygon,FALSE,FALSE,America/New_York,3
15463,Argenta,Argenta,IL,Illinois,17115,Macon,39.9855,-88.8197,877,518,polygon,FALSE,TRUE,America/Chicago,3
15464,Roachdale,Roachdale,IN,Indiana,18133,Putnam,39.8491,-86.8004,877,668,polygon,FALSE,TRUE,America/Indiana/Indianapolis,3
15465,Paragon Estates,Paragon Estates,CO,Colorado,8013,Boulder,39.9802,-105.1812,876,201,polygon,FALSE,FALSE,America/Denver,3
15466,Mount Crested Butte,Mount Crested Butte,CO,Colorado,8051,Gunnison,38.9081,-106.9606,876,165,polygon,FALSE,TRUE,America/Denver,3
15467,Tumbling Shoals,Tumbling Shoals,AR,Arkansas,5023,Cleburne,35.5479,-91.9688,876,34,polygon,FALSE,FALSE,America/Chicago,3
15468,Quapaw,Quapaw,OK,Oklahoma,40115,Ottawa,36.9581,-94.7813,876,339,polygon,FALSE,TRUE,America/Chicago,3
15469,Galva,Galva,KS,Kansas,20113,McPherson,38.3836,-97.538,876,677,polygon,FALSE,TRUE,America/Chicago,3
15470,West Point,West Point,KY,Kentucky,21093,Hardin,37.9851,-85.9557,876,126,polygon,FALSE,TRUE,America/New_York,3
15471,East Bernstadt,East Bernstadt,KY,Kentucky,21125,Laurel,37.1923,-84.1209,876,160,polygon,FALSE,FALSE,America/New_York,3
15472,Prairie City,Prairie City,OR,Oregon,41023,Grant,44.4611,-118.7094,876,341,polygon,FALSE,TRUE,America/Los_Angeles,3
15473,Clinton,Clinton,MT,Montana,30063,Missoula,46.7718,-113.717,875,103,polygon,FALSE,FALSE,America/Denver,3
15474,Wall,Wall,SD,South Dakota,46103,Pennington,43.9914,-102.2421,875,155,polygon,FALSE,TRUE,America/Denver,3
15475,Kaumakani,Kaumakani,HI,Hawaii,15007,Kauai,21.9187,-159.6241,874,355,polygon,FALSE,FALSE,Pacific/Honolulu,3
15476,Mosses,Mosses,AL,Alabama,1085,Lowndes,32.1801,-86.6888,874,71,polygon,FALSE,TRUE,America/Chicago,3
15477,Patagonia,Patagonia,AZ,Arizona,4023,Santa Cruz,31.5436,-110.7477,874,262,polygon,FALSE,TRUE,America/Phoenix,3
15478,Dover,Dover,ID,Idaho,16017,Bonner,48.2606,-116.6098,874,106,polygon,FALSE,TRUE,America/Los_Angeles,3
15479,Arcadia Lakes,Arcadia Lakes,SC,South Carolina,45079,Richland,34.0536,-80.9615,874,605,polygon,FALSE,TRUE,America/New_York,3
15480,Adair Village,Adair Village,OR,Oregon,41003,Benton,44.6707,-123.2159,874,767,polygon,FALSE,TRUE,America/Los_Angeles,3
15481,Mountainair,Mountainair,NM,New Mexico,35057,Torrance,34.5213,-106.2394,873,213,polygon,FALSE,TRUE,America/Denver,3
15482,Garrison,Garrison,TX,Texas,48347,Nacogdoches,31.8252,-94.4932,873,287,polygon,FALSE,TRUE,America/Chicago,3
15483,Brilliant,Brilliant,AL,Alabama,1093,Marion,34.0256,-87.7691,873,31,polygon,FALSE,TRUE,America/Chicago,3
15484,Gaston,Gaston,IN,Indiana,18035,Delaware,40.314,-85.501,873,926,polygon,FALSE,TRUE,America/Indiana/Indianapolis,3
15485,Wheatfield,Wheatfield,IN,Indiana,18073,Jasper,41.1911,-87.0528,873,585,polygon,FALSE,TRUE,America/Chicago,3
15486,North Bend,North Bend,OH,Ohio,39061,Hamilton,39.1505,-84.7404,873,308,polygon,FALSE,TRUE,America/New_York,3
15487,Leeds,Leeds,UT,Utah,49053,Washington,37.2372,-113.3471,873,53,polygon,FALSE,TRUE,America/Denver,3
15488,Lake Waukomis,Lake Waukomis,MO,Missouri,29165,Platte,39.2309,-94.6386,873,1146,polygon,FALSE,TRUE,America/Chicago,3
15489,Benton,Benton,MO,Missouri,29201,Scott,37.099,-89.5624,873,530,polygon,FALSE,TRUE,America/Chicago,3
15490,Grand Ridge,Grand Ridge,FL,Florida,12063,Jackson,30.7083,-85.0207,872,77,polygon,FALSE,TRUE,America/Chicago,3
15491,Port Norris,Port Norris,NJ,New Jersey,34011,Cumberland,39.2521,-75.0412,872,52,polygon,FALSE,FALSE,America/New_York,3
15492,Savoy,Savoy,TX,Texas,48147,Fannin,33.5999,-96.3662,872,422,polygon,FALSE,TRUE,America/Chicago,3
15493,Miles,Miles,TX,Texas,48399,Runnels,31.6006,-100.1853,872,197,polygon,FALSE,TRUE,America/Chicago,3
15494,Cleveland,Cleveland,NC,North Carolina,37159,Rowan,35.7327,-80.6814,872,202,polygon,FALSE,TRUE,America/New_York,3
15495,Springville,Springville,CA,California,6107,Tulare,36.1168,-118.8345,872,80,polygon,FALSE,FALSE,America/Los_Angeles,3
15496,Dallas City,Dallas City,IL,Illinois,17067,Hancock,40.6353,-91.1645,872,141,polygon,FALSE,TRUE,America/Chicago,3
15497,Dugger,Dugger,IN,Indiana,18153,Sullivan,39.0704,-87.259,872,574,polygon,FALSE,TRUE,America/Indiana/Indianapolis,3
15498,Long Grove,Long Grove,IA,Iowa,19163,Scott,41.6922,-90.5803,872,291,polygon,FALSE,TRUE,America/Chicago,3
15499,Centerville,Centerville,SD,South Dakota,46125,Turner,43.1165,-96.9596,872,467,polygon,FALSE,TRUE,America/Chicago,3
15500,Buffalo Soapstone,Buffalo Soapstone,AK,Alaska,2170,Matanuska-Susitna,61.7073,-149.1095,871,15,polygon,FALSE,TRUE,America/Anchorage,3
15501,Autaugaville,Autaugaville,AL,Alabama,1001,Autauga,32.432,-86.6579,871,42,polygon,FALSE,TRUE,America/Chicago,3
15502,Funkstown,Funkstown,MD,Maryland,24043,Washington,39.6088,-77.7082,871,915,polygon,FALSE,TRUE,America/New_York,3
15503,Cashion,Cashion,OK,Oklahoma,40073,Kingfisher,35.8039,-97.6753,871,196,polygon,FALSE,TRUE,America/Chicago,3
15504,Farwell,Farwell,MI,Michigan,26035,Clare,43.8363,-84.8677,871,246,polygon,FALSE,TRUE,America/Detroit,3
15505,Benton,Benton,KS,Kansas,20015,Butler,37.7881,-97.1077,871,240,polygon,FALSE,TRUE,America/Chicago,3
15506,Trinidad,Trinidad,TX,Texas,48213,Henderson,32.1562,-96.1054,870,22,polygon,FALSE,TRUE,America/Chicago,3
15507,Montreat,Montreat,NC,North Carolina,37021,Buncombe,35.6478,-82.3001,870,123,polygon,FALSE,TRUE,America/New_York,3
15508,Poulan,Poulan,GA,Georgia,13321,Worth,31.5145,-83.7898,870,200,polygon,FALSE,TRUE,America/New_York,3
15509,Queen Anne,Queen Anne,MD,Maryland,24033,Prince George's,38.9021,-76.6973,870,38,polygon,FALSE,FALSE,America/New_York,3
15510,East Bank,East Bank,WV,West Virginia,54039,Kanawha,38.2153,-81.4442,869,696,polygon,FALSE,TRUE,America/New_York,3
15511,La Union,La Union,NM,New Mexico,35013,Doña Ana,31.9507,-106.6622,869,80,polygon,FALSE,FALSE,America/Denver,3
15512,Knights Landing,Knights Landing,CA,California,6113,Yolo,38.7979,-121.7175,869,669,polygon,FALSE,FALSE,America/Los_Angeles,3
15513,Rockaway Beach,Rockaway Beach,MO,Missouri,29213,Taney,36.7019,-93.1617,869,531,polygon,FALSE,TRUE,America/Chicago,3
15514,Gloster,Gloster,MS,Mississippi,28005,Amite,31.1951,-91.0176,869,183,polygon,FALSE,TRUE,America/Chicago,3
15515,Walnut Springs,Walnut Springs,TX,Texas,48035,Bosque,32.0562,-97.7507,868,251,polygon,FALSE,TRUE,America/Chicago,3
15516,Tribes Hill,Tribes Hill,NY,New York,36057,Montgomery,42.9479,-74.2988,868,147,polygon,FALSE,FALSE,America/New_York,3
15517,Lazy Acres,Lazy Acres,CO,Colorado,8013,Boulder,40.0837,-105.3313,868,63,polygon,FALSE,FALSE,America/Denver,3
15518,Victor,Victor,IA,Iowa,19095,Iowa,41.7306,-92.2947,868,709,polygon,FALSE,TRUE,America/Chicago,3
15519,Munds Park,Munds Park,AZ,Arizona,4005,Coconino,34.9382,-111.6318,868,15,polygon,FALSE,FALSE,America/Phoenix,3
15520,Airport Drive,Airport Drive,MO,Missouri,29097,Jasper,37.1406,-94.5162,868,167,polygon,FALSE,TRUE,America/Chicago,3
15521,Linn Valley,Linn Valley,KS,Kansas,20107,Linn,38.3758,-94.712,868,113,polygon,FALSE,TRUE,America/Chicago,3
15522,Gallatin Gateway,Gallatin Gateway,MT,Montana,30031,Gallatin,45.5899,-111.1953,868,57,polygon,FALSE,FALSE,America/Denver,3
15523,Cowiche,Cowiche,WA,Washington,53077,Yakima,46.6729,-120.7154,867,640,polygon,FALSE,FALSE,America/Los_Angeles,3
15524,Wallace Ridge,Wallace Ridge,LA,Louisiana,22025,Catahoula,31.6849,-91.8321,867,47,polygon,FALSE,FALSE,America/Chicago,3
15525,Tahoma,Tahoma,CA,California,6061,Placer,39.0633,-120.1438,867,129,polygon,FALSE,FALSE,America/Los_Angeles,3
15526,Newport,Newport,OH,Ohio,39167,Washington,39.3965,-81.2248,867,206,polygon,FALSE,FALSE,America/New_York,3
15527,Reeds Spring,Reeds Spring,MO,Missouri,29209,Stone,36.7402,-93.3797,867,223,polygon,FALSE,TRUE,America/Chicago,3
15528,Superior,Superior,MT,Montana,30061,Mineral,47.1935,-114.892,867,350,polygon,FALSE,TRUE,America/Denver,3
15529,Dresser,Dresser,WI,Wisconsin,55095,Polk,45.3617,-92.6344,866,174,polygon,FALSE,TRUE,America/Chicago,3
15530,Blue Hill,Blue Hill,NE,Nebraska,31181,Webster,40.333,-98.4482,866,452,polygon,FALSE,TRUE,America/Chicago,3
15531,Paris,Paris,PA,Pennsylvania,42125,Washington,40.4104,-80.5067,866,158,polygon,FALSE,FALSE,America/New_York,3
15532,Sterrett,Sterrett,AL,Alabama,1117,Shelby,33.449,-86.4645,866,14,polygon,FALSE,FALSE,America/Chicago,3
15533,New Knoxville,New Knoxville,OH,Ohio,39011,Auglaize,40.4943,-84.3158,866,370,polygon,FALSE,TRUE,America/New_York,3
15534,Lakes of the North,Lakes of the North,MI,Michigan,26009,Antrim,44.9361,-84.8845,866,20,polygon,FALSE,FALSE,America/Detroit,3
15535,Inverness,Inverness,MS,Mississippi,28133,Sunflower,33.3543,-90.5913,866,232,polygon,FALSE,TRUE,America/Chicago,3
15536,Dorchester,Dorchester,WI,Wisconsin,55019,Clark,45.0025,-90.3308,865,239,polygon,FALSE,TRUE,America/Chicago,3
15537,Groveland,Groveland,ID,Idaho,16011,Bingham,43.2235,-112.3755,865,145,polygon,FALSE,FALSE,America/Boise,3
15538,Grantsville,Grantsville,MD,Maryland,24023,Garrett,39.6969,-79.1528,865,322,polygon,FALSE,TRUE,America/New_York,3
15539,Matamoras,Matamoras,OH,Ohio,39167,Washington,39.5204,-81.0684,865,960,polygon,FALSE,TRUE,America/New_York,3
15540,Morehouse,Morehouse,MO,Missouri,29143,New Madrid,36.8463,-89.6909,865,415,polygon,FALSE,TRUE,America/Chicago,3
15541,St. Stephen,St. Stephen,MN,Minnesota,27145,Stearns,45.701,-94.2742,865,89,polygon,FALSE,TRUE,America/Chicago,3
15542,Lamboglia,Lamboglia,PR,Puerto Rico,72109,Patillas,17.9846,-65.9851,865,799,polygon,FALSE,FALSE,America/Puerto_Rico,3
15543,Challenge-Brownsville,Challenge-Brownsville,CA,California,6115,Yuba,39.4646,-121.2632,864,34,polygon,FALSE,TRUE,America/Los_Angeles,3
15544,Lake Panorama,Lake Panorama,IA,Iowa,19077,Guthrie,41.7198,-94.4025,864,50,polygon,FALSE,FALSE,America/Chicago,3
15545,Hamden,Hamden,OH,Ohio,39163,Vinton,39.1591,-82.5243,864,586,polygon,FALSE,TRUE,America/New_York,3
15546,Marblehead,Marblehead,OH,Ohio,39123,Ottawa,41.5223,-82.7279,864,105,polygon,FALSE,TRUE,America/New_York,3
15547,Onamia,Onamia,MN,Minnesota,27095,Mille Lacs,46.07,-93.6676,864,351,polygon,FALSE,TRUE,America/Chicago,3
15548,Fairview,Fairview,MT,Montana,30083,Richland,47.852,-104.051,864,416,polygon,FALSE,TRUE,America/Denver,3
15549,Tunica,Tunica,MS,Mississippi,28143,Tunica,34.6881,-90.381,864,502,polygon,FALSE,TRUE,America/Chicago,3
15550,Rib Lake,Rib Lake,WI,Wisconsin,55119,Taylor,45.3196,-90.2031,863,191,polygon,FALSE,TRUE,America/Chicago,3
15551,Plainview,Plainview,CA,California,6107,Tulare,36.1423,-119.1375,863,1077,polygon,FALSE,FALSE,America/Los_Angeles,3
15552,Walker,Walker,CA,California,6051,Mono,38.5341,-119.4582,863,18,polygon,FALSE,FALSE,America/Los_Angeles,3
15553,Sheffield,Sheffield,IL,Illinois,17011,Bureau,41.3575,-89.7372,863,467,polygon,FALSE,TRUE,America/Chicago,3
15554,Elkville,Elkville,IL,Illinois,17077,Jackson,37.91,-89.2367,863,436,polygon,FALSE,TRUE,America/Chicago,3
15555,Albany,Albany,IL,Illinois,17195,Whiteside,41.7861,-90.2164,863,311,polygon,FALSE,TRUE,America/Chicago,3
15556,Kykotsmovi Village,Kykotsmovi Village,AZ,Arizona,4017,Navajo,35.8576,-110.6338,863,19,polygon,FALSE,FALSE,America/Phoenix,3
15557,Houck,Houck,AZ,Arizona,4001,Apache,35.2714,-109.2236,863,7,polygon,FALSE,FALSE,America/Denver,3
15558,Brent,Brent,OK,Oklahoma,40135,Sequoyah,35.364,-94.788,863,29,polygon,FALSE,FALSE,America/Chicago,3
15559,Berlin,Berlin,OH,Ohio,39075,Holmes,40.5628,-81.8011,863,236,polygon,FALSE,FALSE,America/New_York,3
15560,Belmont,Belmont,WV,West Virginia,54073,Pleasants,39.3786,-81.2635,862,815,polygon,FALSE,TRUE,America/New_York,3
15561,Jennings,Jennings,FL,Florida,12047,Hamilton,30.5968,-83.107,862,125,polygon,FALSE,TRUE,America/New_York,3
15562,Folsom,Folsom,LA,Louisiana,22103,St. Tammany,30.6304,-90.1947,862,199,polygon,FALSE,TRUE,America/Chicago,3
15563,Decaturville,Decaturville,TN,Tennessee,47039,Decatur,35.582,-88.1195,862,201,polygon,FALSE,TRUE,America/Chicago,3
15564,Slatedale,Slatedale,PA,Pennsylvania,42077,Lehigh,40.7439,-75.6583,862,1117,polygon,FALSE,FALSE,America/New_York,3
15565,Darlington,Darlington,IN,Indiana,18107,Montgomery,40.1073,-86.7767,862,990,polygon,FALSE,TRUE,America/Indiana/Indianapolis,3
15566,Gales Ferry,Gales Ferry,CT,Connecticut,9011,New London,41.4212,-72.0859,862,380,polygon,FALSE,FALSE,America/New_York,3
15567,Mannsville,Mannsville,OK,Oklahoma,40069,Johnston,34.1858,-96.8974,862,102,polygon,FALSE,TRUE,America/Chicago,3
15568,Cottonwood Falls,Cottonwood Falls,KS,Kansas,20017,Chase,38.3684,-96.5426,862,527,polygon,FALSE,TRUE,America/Chicago,3
15569,Scranton,Scranton,SC,South Carolina,45041,Florence,33.9174,-79.7441,862,420,polygon,FALSE,TRUE,America/New_York,3
15570,Wilbur,Wilbur,WA,Washington,53043,Lincoln,47.7581,-118.7118,861,252,polygon,FALSE,TRUE,America/Los_Angeles,3
15571,Fountain City,Fountain City,WI,Wisconsin,55011,Buffalo,44.1201,-91.697,861,75,polygon,FALSE,TRUE,America/Chicago,3
15572,Lometa,Lometa,TX,Texas,48281,Lampasas,31.2166,-98.3925,861,395,polygon,FALSE,TRUE,America/Chicago,3
15573,East Mountain,East Mountain,TX,Texas,48459,Upshur,32.6008,-94.8528,861,157,polygon,FALSE,TRUE,America/Chicago,3
15574,Walnut Creek,Walnut Creek,NC,North Carolina,37191,Wayne,35.305,-77.8714,861,156,polygon,FALSE,TRUE,America/New_York,3
15575,Oriental,Oriental,NC,North Carolina,37137,Pamlico,35.0359,-76.6816,861,232,polygon,FALSE,TRUE,America/New_York,3
15576,Camptown,Camptown,VA,Virginia,51093,Isle of Wight,36.6833,-76.8964,861,54,polygon,FALSE,TRUE,America/New_York,3
15577,Edgewood,Edgewood,IA,Iowa,19043,Clayton,42.6443,-91.4017,861,391,polygon,FALSE,TRUE,America/Chicago,3
15578,Dibble,Dibble,OK,Oklahoma,40087,McClain,35.0152,-97.6275,861,44,polygon,FALSE,TRUE,America/Chicago,3
15579,Attica,Attica,OH,Ohio,39147,Seneca,41.0634,-82.8873,861,498,polygon,FALSE,TRUE,America/New_York,3
15580,Burrton,Burrton,KS,Kansas,20079,Harvey,38.0237,-97.6715,860,374,polygon,FALSE,TRUE,America/Chicago,3
15581,West Siloam Springs,West Siloam Springs,OK,Oklahoma,40041,Delaware,36.1755,-94.5941,859,94,polygon,FALSE,TRUE,America/Chicago,3
15582,Hubbard Lake,Hubbard Lake,MI,Michigan,26001,Alcona,44.8108,-83.5605,859,37,polygon,FALSE,FALSE,America/Detroit,3
15583,Absarokee,Absarokee,MT,Montana,30095,Stillwater,45.5242,-109.4474,859,155,polygon,FALSE,FALSE,America/Denver,3
15584,Arlington,Arlington,SD,South Dakota,46077,Kingsbury,44.3635,-97.1338,859,193,polygon,FALSE,TRUE,America/Chicago,3
15585,Neopit,Neopit,WI,Wisconsin,55078,Menominee,44.9877,-88.8226,858,27,polygon,FALSE,FALSE,America/Chicago,3
15586,Hi-Nella,Hi-Nella,NJ,New Jersey,34007,Camden,39.8367,-75.022,858,1488,polygon,FALSE,TRUE,America/New_York,3
15587,Prospect,Prospect,NC,North Carolina,37155,Robeson,34.7358,-79.2251,858,84,polygon,FALSE,FALSE,America/New_York,3
15588,Taylortown,Taylortown,NC,North Carolina,37125,Moore,35.2146,-79.4915,858,250,polygon,FALSE,TRUE,America/New_York,3
15589,Sodus Point,Sodus Point,NY,New York,36117,Wayne,43.2641,-76.9953,858,225,polygon,FALSE,TRUE,America/New_York,3
15590,Harrisville,Harrisville,PA,Pennsylvania,42019,Butler,41.1365,-80.0105,858,412,polygon,FALSE,TRUE,America/New_York,3
15591,Bearden,Bearden,AR,Arkansas,5103,Ouachita,33.7276,-92.6187,858,205,polygon,FALSE,TRUE,America/Chicago,3
15592,Newhall,Newhall,IA,Iowa,19011,Benton,41.9932,-91.9672,858,1098,polygon,FALSE,TRUE,America/Chicago,3
15593,Gladbrook,Gladbrook,IA,Iowa,19171,Tama,42.1862,-92.7151,858,474,polygon,FALSE,TRUE,America/Chicago,3
15594,Felicity,Felicity,OH,Ohio,39025,Clermont,38.839,-84.0985,858,1219,polygon,FALSE,TRUE,America/New_York,3
15595,Rocky Ridge,Rocky Ridge,UT,Utah,49023,Juab,39.9197,-111.8258,858,193,polygon,FALSE,TRUE,America/Denver,3
15596,Morningside,Morningside,NM,New Mexico,35015,Eddy,32.861,-104.3971,857,3525,polygon,FALSE,TRUE,America/Denver,2
15597,Mesita,Mesita,NM,New Mexico,35006,Cibola,35.0134,-107.3296,857,30,polygon,FALSE,FALSE,America/Denver,3
15598,Moreauville,Moreauville,LA,Louisiana,22009,Avoyelles,31.0342,-91.9818,857,109,polygon,FALSE,TRUE,America/Chicago,3
15599,Hyndman,Hyndman,PA,Pennsylvania,42009,Bedford,39.8207,-78.7214,857,646,polygon,FALSE,TRUE,America/New_York,3
15600,Esmont,Esmont,VA,Virginia,51003,Albemarle,37.8284,-78.5959,857,90,polygon,FALSE,FALSE,America/New_York,3
15601,Schleswig,Schleswig,IA,Iowa,19047,Crawford,42.1607,-95.4352,857,254,polygon,FALSE,TRUE,America/Chicago,3
15602,Willow Valley,Willow Valley,AZ,Arizona,4015,Mohave,34.9296,-114.6159,857,67,polygon,FALSE,FALSE,America/Phoenix,3
15603,Deerfield,Deerfield,MI,Michigan,26091,Lenawee,41.8901,-83.7789,857,349,polygon,FALSE,TRUE,America/Detroit,3
15604,Washington,Washington,WV,West Virginia,54107,Wood,39.2422,-81.6679,856,77,polygon,FALSE,FALSE,America/New_York,3
15605,Paxton,Paxton,FL,Florida,12131,Walton,30.9746,-86.3099,856,88,polygon,FALSE,TRUE,America/Chicago,3
15606,Buchanan Lake Village,Buchanan Lake Village,TX,Texas,48299,Llano,30.8565,-98.4378,856,222,polygon,FALSE,FALSE,America/Chicago,3
15607,Denali Park,Denali Park,AK,Alaska,2068,Denali,63.5909,-148.7107,856,1,polygon,FALSE,FALSE,America/Anchorage,3
15608,Export,Export,PA,Pennsylvania,42129,Westmoreland,40.417,-79.6232,856,819,polygon,FALSE,TRUE,America/New_York,3
15609,Greers Ferry,Greers Ferry,AR,Arkansas,5023,Cleburne,35.5674,-92.1688,856,45,polygon,FALSE,TRUE,America/Chicago,3
15610,Primghar,Primghar,IA,Iowa,19141,O'Brien,43.0864,-95.6209,856,238,polygon,FALSE,TRUE,America/Chicago,3
15611,Grantwood Village,Grantwood Village,MO,Missouri,29189,St. Louis,38.5509,-90.3532,856,404,polygon,FALSE,TRUE,America/Chicago,3
15612,Marion,Marion,MI,Michigan,26133,Osceola,44.1006,-85.1438,856,256,polygon,FALSE,TRUE,America/Detroit,3
15613,West Winfield,West Winfield,NY,New York,36043,Herkimer,42.8838,-75.1914,855,362,polygon,FALSE,TRUE,America/New_York,3
15614,Chase,Chase,PA,Pennsylvania,42079,Luzerne,41.2801,-75.9649,855,144,polygon,FALSE,FALSE,America/New_York,3
15615,Wattsville,Wattsville,VA,Virginia,51001,Accomack,37.9304,-75.4953,855,81,polygon,FALSE,FALSE,America/New_York,3
15616,Buffalo Center,Buffalo Center,IA,Iowa,19189,Winnebago,43.3894,-93.9428,855,306,polygon,FALSE,TRUE,America/Chicago,3
15617,Seiling,Seiling,OK,Oklahoma,40043,Dewey,36.1548,-98.9296,855,324,polygon,FALSE,TRUE,America/Chicago,3
15618,Merrill,Merrill,OR,Oregon,41035,Klamath,42.026,-121.6008,855,719,polygon,FALSE,TRUE,America/Los_Angeles,3
15619,Indian Lake,Indian Lake,TX,Texas,48061,Cameron,26.0877,-97.5027,854,1533,polygon,FALSE,TRUE,America/Chicago,3
15620,Honeoye,Honeoye,NY,New York,36069,Ontario,42.7901,-77.5149,854,358,polygon,FALSE,FALSE,America/New_York,3
15621,Silverdale,Silverdale,PA,Pennsylvania,42017,Bucks,40.3472,-75.2719,854,797,polygon,FALSE,TRUE,America/New_York,3
15622,Oakland,Oakland,IL,Illinois,17029,Coles,39.6575,-88.0276,854,417,polygon,FALSE,TRUE,America/Chicago,3
15623,Donnellson,Donnellson,IA,Iowa,19111,Lee,40.6453,-91.5641,854,259,polygon,FALSE,TRUE,America/Chicago,3
15624,McBee,McBee,SC,South Carolina,45025,Chesterfield,34.467,-80.2571,854,251,polygon,FALSE,TRUE,America/New_York,3
15625,Plantation,Plantation,KY,Kentucky,21111,Jefferson,38.2834,-85.5936,854,1632,polygon,FALSE,TRUE,America/New_York,3
15626,Brandon,Brandon,WI,Wisconsin,55039,Fond du Lac,43.7352,-88.7822,853,435,polygon,FALSE,TRUE,America/Chicago,3
15627,Tangipahoa,Tangipahoa,LA,Louisiana,22105,Tangipahoa,30.8758,-90.5138,853,327,polygon,FALSE,TRUE,America/Chicago,3
15628,Annawan,Annawan,IL,Illinois,17073,Henry,41.3958,-89.8881,853,154,polygon,FALSE,TRUE,America/Chicago,3
15629,Dewar,Dewar,OK,Oklahoma,40111,Okmulgee,35.4583,-95.9476,853,351,polygon,FALSE,TRUE,America/Chicago,3
15630,Woodmere,Woodmere,OH,Ohio,39035,Cuyahoga,41.46,-81.4798,853,985,polygon,FALSE,TRUE,America/New_York,3
15631,Andersonville,Andersonville,OH,Ohio,39141,Ross,39.4338,-83.019,853,144,polygon,FALSE,FALSE,America/New_York,3
15632,Maple Ridge,Maple Ridge,OH,Ohio,39099,Mahoning,40.9143,-81.0468,853,178,polygon,FALSE,FALSE,America/New_York,3
15633,Chester,Chester,MT,Montana,30051,Liberty,48.5113,-110.9663,853,676,polygon,FALSE,TRUE,America/Denver,3
15634,Gallipolis Ferry,Gallipolis Ferry,WV,West Virginia,54053,Mason,38.7745,-82.204,852,144,polygon,FALSE,FALSE,America/New_York,3
15635,Rockford,Rockford,TN,Tennessee,47009,Blount,35.8328,-83.9357,852,103,polygon,FALSE,TRUE,America/New_York,3
15636,Riegelsville,Riegelsville,PA,Pennsylvania,42017,Bucks,40.5965,-75.1987,852,326,polygon,FALSE,TRUE,America/New_York,3
15637,Boonville,Boonville,CA,California,6045,Mendocino,39.0115,-123.374,852,59,polygon,FALSE,FALSE,America/Los_Angeles,3
15638,Pine Hill,Pine Hill,AL,Alabama,1131,Wilcox,31.9858,-87.5875,852,86,polygon,FALSE,TRUE,America/Chicago,3
15639,Newell,Newell,IA,Iowa,19021,Buena Vista,42.6097,-95.004,852,260,polygon,FALSE,TRUE,America/Chicago,3
15640,Longport,Longport,NJ,New Jersey,34001,Atlantic,39.3136,-74.5261,851,831,polygon,FALSE,TRUE,America/New_York,3
15641,Livingston Wheeler,Livingston Wheeler,NM,New Mexico,35015,Eddy,32.3944,-104.1981,851,199,polygon,FALSE,TRUE,America/Denver,3
15642,Doña Ana,Dona Ana,NM,New Mexico,35013,Doña Ana,32.394,-106.8177,851,514,polygon,FALSE,FALSE,America/Denver,3
15643,Rankin,Rankin,TX,Texas,48461,Upton,31.2255,-101.9393,851,311,polygon,FALSE,TRUE,America/Chicago,3
15644,Pleasant Hill,Pleasant Hill,NC,North Carolina,37193,Wilkes,36.258,-80.8904,851,126,polygon,FALSE,FALSE,America/New_York,3
15645,Farmington,Farmington,PA,Pennsylvania,42051,Fayette,39.81,-79.5623,851,129,polygon,FALSE,FALSE,America/New_York,3
15646,St. Paul,St. Paul,VA,Virginia,51195,Wise,36.9068,-82.3162,851,237,polygon,FALSE,TRUE,America/New_York,3
15647,West Salem,West Salem,IL,Illinois,17047,Edwards,38.5198,-88.0092,851,210,polygon,FALSE,TRUE,America/Chicago,3
15648,Lake Village,Lake Village,IN,Indiana,18111,Newton,41.1308,-87.439,851,83,polygon,FALSE,FALSE,America/Chicago,3
15649,Bunker Hill,Bunker Hill,IN,Indiana,18103,Miami,40.6602,-86.1015,851,845,polygon,FALSE,TRUE,America/Indiana/Indianapolis,3
15650,New Holland,New Holland,OH,Ohio,39129,Pickaway,39.5544,-83.2595,851,167,polygon,FALSE,TRUE,America/New_York,3
15651,Mendon,Mendon,MI,Michigan,26149,St. Joseph,42.0089,-85.4544,851,335,polygon,FALSE,TRUE,America/Detroit,3
15652,Lenox,Lenox,GA,Georgia,13075,Cook,31.2672,-83.4673,850,205,polygon,FALSE,TRUE,America/New_York,3
15653,Frederica,Frederica,DE,Delaware,10001,Kent,39.008,-75.4667,849,188,polygon,FALSE,TRUE,America/New_York,3
15654,Star,Star,NC,North Carolina,37123,Montgomery,35.3992,-79.7832,849,253,polygon,FALSE,TRUE,America/New_York,3
15655,Chappell,Chappell,NE,Nebraska,31049,Deuel,41.0913,-102.4699,849,466,polygon,FALSE,TRUE,America/Denver,3
15656,Mount Jewett,Mount Jewett,PA,Pennsylvania,42083,McKean,41.7255,-78.6444,849,140,polygon,FALSE,TRUE,America/New_York,3
15657,Log Lane Village,Log Lane Village,CO,Colorado,8087,Morgan,40.2696,-103.8287,849,1672,polygon,FALSE,TRUE,America/Denver,3
15658,Spaulding,Spaulding,IL,Illinois,17167,Sangamon,39.8662,-89.545,849,436,polygon,FALSE,TRUE,America/Chicago,3
15659,Inwood,Inwood,IA,Iowa,19119,Lyon,43.3093,-96.4351,849,245,polygon,FALSE,TRUE,America/Chicago,3
15660,Winthrop,Winthrop,IA,Iowa,19019,Buchanan,42.4708,-91.7374,849,414,polygon,FALSE,TRUE,America/Chicago,3
15661,Dunkerton,Dunkerton,IA,Iowa,19013,Black Hawk,42.5679,-92.1608,849,289,polygon,FALSE,TRUE,America/Chicago,3
15662,Colcord,Colcord,OK,Oklahoma,40041,Delaware,36.2647,-94.692,849,134,polygon,FALSE,TRUE,America/Chicago,3
15663,Dammeron Valley,Dammeron Valley,UT,Utah,49053,Washington,37.3042,-113.6658,849,67,polygon,FALSE,FALSE,America/Denver,3
15664,McLouth,McLouth,KS,Kansas,20087,Jefferson,39.1961,-95.2083,849,569,polygon,FALSE,TRUE,America/Chicago,3
15665,Pioneer Junction,Pioneer Junction,MT,Montana,30053,Lincoln,48.3157,-115.5182,849,93,polygon,FALSE,FALSE,America/Denver,3
15666,Maywood Park,Maywood Park,OR,Oregon,41051,Multnomah,45.5524,-122.5617,849,1900,polygon,FALSE,TRUE,America/Los_Angeles,3
15667,Chain O' Lakes,Chain O' Lakes,WI,Wisconsin,55135,Waupaca,44.3319,-89.167,848,96,polygon,FALSE,FALSE,America/Chicago,3
15668,Madisonville,Madisonville,LA,Louisiana,22103,St. Tammany,30.4006,-90.1656,848,130,polygon,FALSE,TRUE,America/Chicago,3
15669,Paw Paw,Paw Paw,IL,Illinois,17103,Lee,41.6877,-88.9799,848,572,polygon,FALSE,TRUE,America/Chicago,3
15670,Talbotton,Talbotton,GA,Georgia,13263,Talbot,32.6773,-84.5406,848,105,polygon,FALSE,TRUE,America/New_York,3
15671,Potomac Park,Potomac Park,MD,Maryland,24001,Allegany,39.6124,-78.8082,848,848,polygon,FALSE,FALSE,America/New_York,3
15672,Pentwater,Pentwater,MI,Michigan,26127,Oceana,43.7793,-86.4303,848,244,polygon,FALSE,TRUE,America/Detroit,3
15673,Naches,Naches,WA,Washington,53077,Yakima,46.726,-120.6911,847,383,polygon,FALSE,TRUE,America/Los_Angeles,3
15674,Goodville,Goodville,PA,Pennsylvania,42071,Lancaster,40.128,-76.0046,847,212,polygon,FALSE,FALSE,America/New_York,3
15675,Gassaway,Gassaway,WV,West Virginia,54007,Braxton,38.6702,-80.7717,846,282,polygon,FALSE,TRUE,America/New_York,3
15676,Sand Springs,Sand Springs,TX,Texas,48227,Howard,32.2795,-101.3496,846,127,polygon,FALSE,FALSE,America/Chicago,3
15677,Kirby,Kirby,AR,Arkansas,5109,Pike,34.2556,-93.6522,846,22,polygon,FALSE,FALSE,America/Chicago,3
15678,Stonington,Stonington,IL,Illinois,17021,Christian,39.6385,-89.1921,846,714,polygon,FALSE,TRUE,America/Chicago,3
15679,Readlyn,Readlyn,IA,Iowa,19017,Bremer,42.7038,-92.2249,846,995,polygon,FALSE,TRUE,America/Chicago,3
15680,Bentleyville,Bentleyville,OH,Ohio,39035,Cuyahoga,41.4122,-81.4121,846,127,polygon,FALSE,TRUE,America/New_York,3
15681,Puxico,Puxico,MO,Missouri,29207,Stoddard,36.9507,-90.1587,846,490,polygon,FALSE,TRUE,America/Chicago,3
15682,Braymer,Braymer,MO,Missouri,29025,Caldwell,39.5905,-93.7961,846,552,polygon,FALSE,TRUE,America/Chicago,3
15683,Fordland,Fordland,MO,Missouri,29225,Webster,37.1556,-92.9416,846,295,polygon,FALSE,TRUE,America/Chicago,3
15684,Lilydale,Lilydale,MN,Minnesota,27037,Dakota,44.9096,-93.1301,846,587,polygon,FALSE,TRUE,America/Chicago,3
15685,Ruston,Ruston,WA,Washington,53053,Pierce,47.2981,-122.5105,845,1276,polygon,FALSE,TRUE,America/Los_Angeles,3
15686,Valley View,Valley View,TX,Texas,48097,Cooke,33.4892,-97.1534,845,92,polygon,FALSE,TRUE,America/Chicago,3
15687,Lime Lake,Lime Lake,NY,New York,36009,Cattaraugus,42.4327,-78.4808,845,137,polygon,FALSE,FALSE,America/New_York,3
15688,Greenville,Greenville,GA,Georgia,13199,Meriwether,33.0322,-84.7162,845,139,polygon,FALSE,TRUE,America/New_York,3
15689,Sentinel,Sentinel,OK,Oklahoma,40149,Washita,35.1571,-99.1736,845,529,polygon,FALSE,TRUE,America/Chicago,3
15690,Mazeppa,Mazeppa,MN,Minnesota,27157,Wabasha,44.2737,-92.5403,845,301,polygon,FALSE,TRUE,America/Chicago,3
15691,Caspian,Caspian,MI,Michigan,26071,Iron,46.0653,-88.6266,845,228,polygon,FALSE,TRUE,America/Menominee,3
15692,Crenshaw,Crenshaw,MS,Mississippi,28119,Quitman,34.5047,-90.1946,845,793,polygon,FALSE,TRUE,America/Chicago,3
15693,Rich Square,Rich Square,NC,North Carolina,37131,Northampton,36.2739,-77.2839,844,105,polygon,FALSE,TRUE,America/New_York,3
15694,Huntland,Huntland,TN,Tennessee,47051,Franklin,35.0579,-86.2689,844,213,polygon,FALSE,TRUE,America/Chicago,3
15695,Quiogue,Quiogue,NY,New York,36103,Suffolk,40.8201,-72.628,844,259,polygon,FALSE,TRUE,America/New_York,3
15696,Blairs,Blairs,VA,Virginia,51143,Pittsylvania,36.6958,-79.3774,844,93,polygon,FALSE,FALSE,America/New_York,3
15697,Isleton,Isleton,CA,California,6067,Sacramento,38.1617,-121.6051,844,741,polygon,FALSE,TRUE,America/Los_Angeles,3
15698,Hackett,Hackett,AR,Arkansas,5131,Sebastian,35.1878,-94.4106,844,226,polygon,FALSE,TRUE,America/Chicago,3
15699,Apple Valley,Apple Valley,UT,Utah,49053,Washington,37.081,-113.1034,844,8,polygon,FALSE,TRUE,America/Denver,3
15700,Sanford,Sanford,MI,Michigan,26111,Midland,43.6777,-84.3803,844,256,polygon,FALSE,TRUE,America/Detroit,3
15701,Fincastle,Fincastle,KY,Kentucky,21111,Jefferson,38.3082,-85.5414,844,1529,polygon,FALSE,TRUE,America/New_York,3
15702,Cameron,Cameron,WV,West Virginia,54051,Marshall,39.8279,-80.5692,843,379,polygon,FALSE,TRUE,America/New_York,3
15703,Forest Hill,Forest Hill,LA,Louisiana,22079,Rapides,31.0478,-92.5241,843,100,polygon,FALSE,TRUE,America/Chicago,3
15704,Osceola,Osceola,NE,Nebraska,31143,Polk,41.1782,-97.5498,843,353,polygon,FALSE,TRUE,America/Chicago,3
15705,Witt,Witt,IL,Illinois,17135,Montgomery,39.2549,-89.349,843,242,polygon,FALSE,TRUE,America/Chicago,3
15706,Gratis,Gratis,OH,Ohio,39135,Preble,39.6484,-84.5286,843,337,polygon,FALSE,TRUE,America/New_York,3
15707,Pellston,Pellston,MI,Michigan,26047,Emmet,45.5519,-84.783,843,166,polygon,FALSE,TRUE,America/Detroit,3
15708,Espino,Espino,PR,Puerto Rico,72011,Añasco,18.276,-67.1194,843,779,polygon,FALSE,FALSE,America/Puerto_Rico,3
15709,Burnside,Burnside,KY,Kentucky,21199,Pulaski,37.0042,-84.6489,843,85,polygon,FALSE,TRUE,America/New_York,3
15710,Blackwells Mills,Blackwells Mills,NJ,New Jersey,34035,Somerset,40.4815,-74.5714,842,266,polygon,FALSE,FALSE,America/New_York,3
15711,Wiconsico,Wiconsico,PA,Pennsylvania,42043,Dauphin,40.5742,-76.6773,842,298,polygon,FALSE,TRUE,America/New_York,3
15712,South Fork,South Fork,PA,Pennsylvania,42021,Cambria,40.3636,-78.7919,842,688,polygon,FALSE,TRUE,America/New_York,3
15713,Illiopolis,Illiopolis,IL,Illinois,17167,Sangamon,39.8515,-89.2475,842,745,polygon,FALSE,TRUE,America/Chicago,3
15714,Rutledge,Rutledge,GA,Georgia,13211,Morgan,33.6263,-83.6112,842,99,polygon,FALSE,TRUE,America/New_York,3
15715,Seabrook Beach,Seabrook Beach,NH,New Hampshire,33015,Rockingham,42.8852,-70.8235,841,307,polygon,FALSE,FALSE,America/New_York,3
15716,Midway,Midway,NM,New Mexico,35005,Chaves,33.2958,-104.4518,841,130,polygon,FALSE,FALSE,America/Denver,3
15717,Togiak,Togiak,AK,Alaska,2070,Dillingham,59.0693,-160.4727,841,7,polygon,FALSE,TRUE,America/Anchorage,3
15718,Caroleen,Caroleen,NC,North Carolina,37161,Rutherford,35.2811,-81.7914,841,293,polygon,FALSE,FALSE,America/New_York,3
15719,Kenansville,Kenansville,NC,North Carolina,37061,Duplin,34.9596,-77.9661,841,153,polygon,FALSE,TRUE,America/New_York,3
15720,Fuller Acres,Fuller Acres,CA,California,6029,Kern,35.3023,-118.9143,841,430,polygon,FALSE,FALSE,America/Los_Angeles,3
15721,Diablo Grande,Diablo Grande,CA,California,6099,Stanislaus,37.4006,-121.2699,841,63,polygon,FALSE,TRUE,America/Los_Angeles,3
15722,Seligman,Seligman,MO,Missouri,29009,Barry,36.5232,-93.9388,841,260,polygon,FALSE,TRUE,America/Chicago,3
15723,Eastover,Eastover,SC,South Carolina,45079,Richland,33.8779,-80.6949,841,267,polygon,FALSE,TRUE,America/New_York,3
15724,Lumberport,Lumberport,WV,West Virginia,54033,Harrison,39.3742,-80.3484,840,644,polygon,FALSE,TRUE,America/New_York,3
15725,Loreauville,Loreauville,LA,Louisiana,22045,Iberia,30.0601,-91.7378,840,727,polygon,FALSE,TRUE,America/Chicago,3
15726,Selawik,Selawik,AK,Alaska,2188,Northwest Arctic,66.5988,-159.9995,840,139,polygon,FALSE,TRUE,America/Anchorage,3
15727,Harmony,Harmony,PA,Pennsylvania,42019,Butler,40.8015,-80.125,840,819,polygon,FALSE,TRUE,America/New_York,3
15728,Sheatown,Sheatown,PA,Pennsylvania,42079,Luzerne,41.1938,-76.0188,840,629,polygon,FALSE,FALSE,America/New_York,3
15729,Armstrong,Armstrong,IA,Iowa,19063,Emmet,43.3945,-94.4834,840,370,polygon,FALSE,TRUE,America/Chicago,3
15730,Dunkirk,Dunkirk,OH,Ohio,39065,Hardin,40.788,-83.6429,840,493,polygon,FALSE,TRUE,America/New_York,3
15731,Emily,Emily,MN,Minnesota,27035,Crow Wing,46.7602,-93.9665,840,10,polygon,FALSE,TRUE,America/Chicago,3
15732,Morgan,Morgan,MN,Minnesota,27127,Redwood,44.4158,-94.9248,840,587,polygon,FALSE,TRUE,America/Chicago,3
15733,Maben,Maben,MS,Mississippi,28105,Oktibbeha,33.5544,-89.0805,840,167,polygon,FALSE,TRUE,America/Chicago,3
15734,Bloomsbury,Bloomsbury,NJ,New Jersey,34019,Hunterdon,40.6537,-75.084,839,347,polygon,FALSE,TRUE,America/New_York,3
15735,Dobbins Heights,Dobbins Heights,NC,North Carolina,37153,Richmond,34.9069,-79.6933,839,367,polygon,FALSE,TRUE,America/New_York,3
15736,Ellicott,Ellicott,CO,Colorado,8041,El Paso,38.8256,-104.3829,839,29,polygon,FALSE,FALSE,America/Denver,3
15737,Tranquillity,Tranquillity,CA,California,6019,Fresno,36.648,-120.2525,839,524,polygon,FALSE,FALSE,America/Los_Angeles,3
15738,Alger,Alger,OH,Ohio,39065,Hardin,40.7096,-83.8441,839,1095,polygon,FALSE,TRUE,America/New_York,3
15739,Elizabeth,Elizabeth,WV,West Virginia,54105,Wirt,39.0617,-81.3977,838,684,polygon,FALSE,TRUE,America/New_York,3
15740,Rancho Banquete,Rancho Banquete,TX,Texas,48355,Nueces,27.8094,-97.8455,838,112,polygon,FALSE,FALSE,America/Chicago,3
15741,Enderlin,Enderlin,ND,North Dakota,38073,Ransom,46.6215,-97.5956,838,198,polygon,FALSE,TRUE,America/Chicago,3
15742,Hooper,Hooper,NE,Nebraska,31053,Dodge,41.6117,-96.5487,838,479,polygon,FALSE,TRUE,America/Chicago,3
15743,Trezevant,Trezevant,TN,Tennessee,47017,Carroll,36.011,-88.6205,838,227,polygon,FALSE,TRUE,America/Chicago,3
15744,Westley,Westley,CA,California,6099,Stanislaus,37.5444,-121.2035,838,896,polygon,FALSE,FALSE,America/Los_Angeles,3
15745,Skyline,Skyline,AL,Alabama,1071,Jackson,34.7987,-86.1229,838,81,polygon,FALSE,TRUE,America/Chicago,3
15746,Snead,Snead,AL,Alabama,1009,Blount,34.1162,-86.3901,838,58,polygon,FALSE,TRUE,America/Chicago,3
15747,McGregor,McGregor,IA,Iowa,19043,Clayton,43.0247,-91.182,838,248,polygon,FALSE,TRUE,America/Chicago,3
15748,Piney Point,Piney Point,MD,Maryland,24037,St. Mary's,38.1483,-76.5201,838,211,polygon,FALSE,FALSE,America/New_York,3
15749,Waverly,Waverly,MO,Missouri,29107,Lafayette,39.2072,-93.5186,838,256,polygon,FALSE,TRUE,America/Chicago,3
15750,Marueño,Marueno,PR,Puerto Rico,72113,Ponce,18.0587,-66.6568,838,692,polygon,FALSE,FALSE,America/Puerto_Rico,3
15751,Jonesville,Jonesville,SC,South Carolina,45087,Union,34.8348,-81.6811,838,318,polygon,FALSE,TRUE,America/New_York,3
15752,Tesuque,Tesuque,NM,New Mexico,35049,Santa Fe,35.7486,-105.921,837,56,polygon,FALSE,FALSE,America/Denver,3
15753,O'Donnell,O'Donnell,TX,Texas,48305,Lynn,32.9652,-101.8309,837,375,polygon,FALSE,TRUE,America/Chicago,3
15754,Lake City,Lake City,MI,Michigan,26113,Missaukee,44.3297,-85.2085,837,308,polygon,FALSE,TRUE,America/Detroit,3
15755,Wagener,Wagener,SC,South Carolina,45003,Aiken,33.6521,-81.3636,837,275,polygon,FALSE,TRUE,America/New_York,3
15756,Wallowa,Wallowa,OR,Oregon,41063,Wallowa,45.5704,-117.5286,837,528,polygon,FALSE,TRUE,America/Los_Angeles,3
15757,Puget Island,Puget Island,WA,Washington,53069,Wahkiakum,46.1742,-123.383,836,42,polygon,FALSE,TRUE,America/Los_Angeles,3
15758,Plainfield,Plainfield,WI,Wisconsin,55137,Waushara,44.2175,-89.4969,836,207,polygon,FALSE,TRUE,America/Chicago,3
15759,Shalimar,Shalimar,FL,Florida,12091,Okaloosa,30.4433,-86.583,836,1118,polygon,FALSE,TRUE,America/Chicago,3
15760,Roosevelt,Roosevelt,NJ,New Jersey,34025,Monmouth,40.2212,-74.4729,836,166,polygon,FALSE,TRUE,America/New_York,3
15761,Scotland,Scotland,PA,Pennsylvania,42055,Franklin,39.9697,-77.5844,836,391,polygon,FALSE,FALSE,America/New_York,3
15762,New Columbia,New Columbia,PA,Pennsylvania,42119,Union,41.0423,-76.8763,836,166,polygon,FALSE,FALSE,America/New_York,3
15763,Crawford,Crawford,GA,Georgia,13221,Oglethorpe,33.883,-83.1552,836,277,polygon,FALSE,TRUE,America/New_York,3
15764,Flint Creek,Flint Creek,OK,Oklahoma,40041,Delaware,36.1765,-94.7436,836,50,polygon,FALSE,FALSE,America/Chicago,3
15765,Rushford Village,Rushford Village,MN,Minnesota,27045,Fillmore,43.8033,-91.7915,836,9,polygon,FALSE,TRUE,America/Chicago,3
15766,Lone Rock,Lone Rock,WI,Wisconsin,55103,Richland,43.1857,-90.2012,835,324,polygon,FALSE,TRUE,America/Chicago,3
15767,Blooming Grove,Blooming Grove,TX,Texas,48349,Navarro,32.0924,-96.7173,835,375,polygon,FALSE,TRUE,America/Chicago,3
15768,Aspermont,Aspermont,TX,Texas,48433,Stonewall,33.1405,-100.2253,835,156,polygon,FALSE,TRUE,America/Chicago,3
15769,Simsboro,Simsboro,LA,Louisiana,22061,Lincoln,32.5323,-92.7839,835,92,polygon,FALSE,TRUE,America/Chicago,3
15770,Aguanga,Aguanga,CA,California,6065,Riverside,33.4522,-116.8555,835,23,polygon,FALSE,FALSE,America/Los_Angeles,3
15771,Hayden,Hayden,IN,Indiana,18079,Jennings,38.9714,-85.739,835,130,polygon,FALSE,FALSE,America/Indiana/Indianapolis,3
15772,Franklin,Franklin,ID,Idaho,16041,Franklin,42.0124,-111.8036,835,247,polygon,FALSE,TRUE,America/Boise,3
15773,Arbon Valley,Arbon Valley,ID,Idaho,16077,Power,42.8847,-112.5942,835,9,polygon,FALSE,TRUE,America/Boise,3
15774,Woodall,Woodall,OK,Oklahoma,40021,Cherokee,35.8246,-95.0823,835,29,polygon,FALSE,FALSE,America/Chicago,3
15775,Copperton,Copperton,UT,Utah,49035,Salt Lake,40.566,-112.098,835,1034,polygon,FALSE,TRUE,America/Denver,3
15776,Otisville,Otisville,MI,Michigan,26049,Genesee,43.1661,-83.5247,835,365,polygon,FALSE,TRUE,America/Detroit,3
15777,Robin Glen-Indiantown,Robin Glen-Indiantown,MI,Michigan,26145,Saginaw,43.462,-83.837,835,155,polygon,FALSE,TRUE,America/Detroit,3
15778,Harlem,Harlem,MT,Montana,30005,Blaine,48.5318,-108.7847,835,770,polygon,FALSE,TRUE,America/Denver,3
15779,Coalmont,Coalmont,TN,Tennessee,47061,Grundy,35.3458,-85.7113,834,53,polygon,FALSE,TRUE,America/Chicago,3
15780,Beaver Meadows,Beaver Meadows,PA,Pennsylvania,42025,Carbon,40.9299,-75.9131,834,1247,polygon,FALSE,TRUE,America/New_York,3
15781,Middleburg,Middleburg,VA,Virginia,51107,Loudoun,38.9715,-77.7429,834,311,polygon,FALSE,TRUE,America/New_York,3
15782,Calhan,Calhan,CO,Colorado,8041,El Paso,39.0345,-104.2994,834,389,polygon,FALSE,TRUE,America/Denver,3
15783,Manila,Manila,CA,California,6023,Humboldt,40.8513,-124.1631,834,462,polygon,FALSE,FALSE,America/Los_Angeles,3
15784,Royal Center,Royal Center,IN,Indiana,18017,Cass,40.8643,-86.5001,834,564,polygon,FALSE,TRUE,America/Indiana/Indianapolis,3
15785,Pond Creek,Pond Creek,OK,Oklahoma,40053,Grant,36.6677,-97.8029,834,377,polygon,FALSE,TRUE,America/Chicago,3
15786,Alton,Alton,MO,Missouri,29149,Oregon,36.6901,-91.3947,834,205,polygon,FALSE,TRUE,America/Chicago,3
15787,Aurora,Aurora,SD,South Dakota,46011,Brookings,44.2826,-96.6863,834,557,polygon,FALSE,TRUE,America/Chicago,3
15788,Glasgow,Glasgow,WV,West Virginia,54039,Kanawha,38.2109,-81.4218,833,690,polygon,FALSE,TRUE,America/New_York,3
15789,Penney Farms,Penney Farms,FL,Florida,12019,Clay,29.9807,-81.8108,833,219,polygon,FALSE,TRUE,America/New_York,3
15790,Knik River,Knik River,AK,Alaska,2170,Matanuska-Susitna,61.4606,-148.9155,833,3,polygon,FALSE,TRUE,America/Anchorage,3
15791,Warrenton,Warrenton,NC,North Carolina,37185,Warren,36.3995,-78.1575,833,298,polygon,FALSE,TRUE,America/New_York,3
15792,Matinecock,Matinecock,NY,New York,36059,Nassau,40.864,-73.5817,833,121,polygon,FALSE,TRUE,America/New_York,3
15793,Occidental,Occidental,CA,California,6097,Sonoma,38.4004,-122.9349,833,64,polygon,FALSE,FALSE,America/Los_Angeles,3
15794,Newman,Newman,IL,Illinois,17041,Douglas,39.797,-87.9877,833,524,polygon,FALSE,TRUE,America/Chicago,3
15795,Hazleton,Hazleton,IA,Iowa,19019,Buchanan,42.6178,-91.9058,833,402,polygon,FALSE,TRUE,America/Chicago,3
15796,Blackduck,Blackduck,MN,Minnesota,27007,Beltrami,47.7263,-94.5479,833,200,polygon,FALSE,TRUE,America/Chicago,3
15797,Riverview,Riverview,SC,South Carolina,45091,York,35.0108,-80.9845,833,314,polygon,FALSE,FALSE,America/New_York,3
15798,Ellenboro,Ellenboro,NC,North Carolina,37161,Rutherford,35.3309,-81.7611,832,253,polygon,FALSE,TRUE,America/New_York,3
15799,Pawnee City,Pawnee City,NE,Nebraska,31133,Pawnee,40.1106,-96.1529,832,266,polygon,FALSE,TRUE,America/Chicago,3
15800,Mooresburg,Mooresburg,TN,Tennessee,47073,Hawkins,36.3531,-83.2362,832,84,polygon,FALSE,FALSE,America/New_York,3
15801,Flushing,Flushing,OH,Ohio,39013,Belmont,40.1481,-81.0644,832,523,polygon,FALSE,TRUE,America/New_York,3
15802,Vineland,Vineland,MN,Minnesota,27095,Mille Lacs,46.1832,-93.7823,832,34,polygon,FALSE,FALSE,America/Chicago,3
15803,Shoreham,Shoreham,MI,Michigan,26021,Berrien,42.0604,-86.5115,832,548,polygon,FALSE,TRUE,America/Detroit,3
15804,Malin,Malin,OR,Oregon,41035,Klamath,42.0133,-121.4098,832,643,polygon,FALSE,TRUE,America/Los_Angeles,3
15805,Footville,Footville,WI,Wisconsin,55105,Rock,42.6715,-89.2084,831,285,polygon,FALSE,TRUE,America/Chicago,3
15806,Rio,Rio,FL,Florida,12085,Martin,27.2161,-80.24,831,849,polygon,FALSE,FALSE,America/New_York,3
15807,Paraje,Paraje,NM,New Mexico,35006,Cibola,35.0444,-107.4681,831,57,polygon,FALSE,FALSE,America/Denver,3
15808,Utica,Utica,NE,Nebraska,31159,Seward,40.8953,-97.3454,831,695,polygon,FALSE,TRUE,America/Chicago,3
15809,Hillside,Hillside,NY,New York,36111,Ulster,41.9177,-74.0336,831,386,polygon,FALSE,FALSE,America/New_York,3
15810,Chester Hill,Chester Hill,PA,Pennsylvania,42033,Clearfield,40.8903,-78.2293,831,722,polygon,FALSE,TRUE,America/New_York,3
15811,Indian Springs,Indian Springs,NV,Nevada,32003,Clark,36.5719,-115.7203,831,17,polygon,FALSE,FALSE,America/Los_Angeles,3
15812,Los Olivos,Los Olivos,CA,California,6083,Santa Barbara,34.6647,-120.118,831,130,polygon,FALSE,FALSE,America/Los_Angeles,3
15813,Luthersville,Luthersville,GA,Georgia,13199,Meriwether,33.2096,-84.7442,831,101,polygon,FALSE,TRUE,America/New_York,3
15814,Sully,Sully,IA,Iowa,19099,Jasper,41.578,-92.8467,831,548,polygon,FALSE,TRUE,America/Chicago,3
15815,McCammon,McCammon,ID,Idaho,16005,Bannock,42.6504,-112.1901,831,143,polygon,FALSE,TRUE,America/Boise,3
15816,Cobb Island,Cobb Island,MD,Maryland,24017,Charles,38.2646,-76.8496,831,512,polygon,FALSE,FALSE,America/New_York,3
15817,Richland,Richland,MI,Michigan,26077,Kalamazoo,42.3762,-85.4553,831,316,polygon,FALSE,TRUE,America/Detroit,3
15818,Stoddard,Stoddard,WI,Wisconsin,55123,Vernon,43.6625,-91.218,830,502,polygon,FALSE,TRUE,America/Chicago,3
15819,Doniphan,Doniphan,NE,Nebraska,31079,Hall,40.7742,-98.3708,830,630,polygon,FALSE,TRUE,America/Chicago,3
15820,Soudersburg,Soudersburg,PA,Pennsylvania,42071,Lancaster,40.0151,-76.1529,830,281,polygon,FALSE,FALSE,America/New_York,3
15821,Beaverdale,Beaverdale,PA,Pennsylvania,42021,Cambria,40.3243,-78.7011,830,201,polygon,FALSE,FALSE,America/New_York,3
15822,Fort Dick,Fort Dick,CA,California,6015,Del Norte,41.8663,-124.1526,830,99,polygon,FALSE,FALSE,America/Los_Angeles,3
15823,Magazine,Magazine,AR,Arkansas,5083,Logan,35.1534,-93.8078,830,176,polygon,FALSE,TRUE,America/Chicago,3
15824,Naco,Naco,AZ,Arizona,4003,Cochise,31.3431,-109.9336,830,99,polygon,FALSE,FALSE,America/Phoenix,3
15825,Tatum,Tatum,NM,New Mexico,35025,Lea,33.2553,-103.3112,829,201,polygon,FALSE,TRUE,America/Denver,3
15826,Harwood,Harwood,ND,North Dakota,38017,Cass,46.9761,-96.8802,829,267,polygon,FALSE,TRUE,America/Chicago,3
15827,St. Joseph,St. Joseph,TN,Tennessee,47099,Lawrence,35.033,-87.5008,829,84,polygon,FALSE,TRUE,America/Chicago,3
15828,Howard,Howard,CO,Colorado,8043,Fremont,38.4098,-105.8424,829,19,polygon,FALSE,FALSE,America/Denver,3
15829,Pettit,Pettit,OK,Oklahoma,40021,Cherokee,35.7656,-94.9692,829,27,polygon,FALSE,FALSE,America/Chicago,3
15830,Edmundson,Edmundson,MO,Missouri,29189,St. Louis,38.7351,-90.3657,829,1166,polygon,FALSE,TRUE,America/Chicago,3
15831,Au Gres,Au Gres,MI,Michigan,26011,Arenac,44.0431,-83.6933,829,140,polygon,FALSE,TRUE,America/Detroit,3
15832,Dayton,Dayton,WY,Wyoming,56033,Sheridan,44.8732,-107.2624,828,597,polygon,FALSE,TRUE,America/Denver,3
15833,Forestville,Forestville,NY,New York,36013,Chautauqua,42.4691,-79.1754,828,302,polygon,FALSE,FALSE,America/New_York,3
15834,Cheyenne Wells,Cheyenne Wells,CO,Colorado,8017,Cheyenne,38.8192,-102.3521,828,298,polygon,FALSE,TRUE,America/Denver,3
15835,Rough and Ready,Rough and Ready,CA,California,6057,Nevada,39.234,-121.1381,828,100,polygon,FALSE,FALSE,America/Los_Angeles,3
15836,Brimfield,Brimfield,IL,Illinois,17143,Peoria,40.8379,-89.8827,828,389,polygon,FALSE,TRUE,America/Chicago,3
15837,Winslow,Winslow,IN,Indiana,18125,Pike,38.3827,-87.2129,828,504,polygon,FALSE,TRUE,America/Indiana/Petersburg,3
15838,La Fontaine,La Fontaine,IN,Indiana,18169,Wabash,40.6739,-85.7221,828,523,polygon,FALSE,TRUE,America/Indiana/Indianapolis,3
15839,Owensville,Owensville,OH,Ohio,39025,Clermont,39.1242,-84.1366,828,743,polygon,FALSE,TRUE,America/New_York,3
15840,Onaway,Onaway,MI,Michigan,26141,Presque Isle,45.3589,-84.2274,828,196,polygon,FALSE,TRUE,America/Detroit,3
15841,St. Ignatius,St. Ignatius,MT,Montana,30047,Lake,47.3186,-114.0956,828,599,polygon,FALSE,TRUE,America/Denver,3
15842,Arena,Arena,WI,Wisconsin,55049,Iowa,43.1636,-89.9104,827,276,polygon,FALSE,TRUE,America/Chicago,3
15843,Crawford,Crawford,TX,Texas,48309,McLennan,31.5385,-97.4448,827,256,polygon,FALSE,TRUE,America/Chicago,3
15844,New Deal,New Deal,TX,Texas,48303,Lubbock,33.7322,-101.8436,827,138,polygon,FALSE,TRUE,America/Chicago,3
15845,Jacksons' Gap,Jacksons' Gap,AL,Alabama,1123,Tallapoosa,32.8831,-85.815,827,37,polygon,FALSE,TRUE,America/Chicago,3
15846,Baconton,Baconton,GA,Georgia,13205,Mitchell,31.3804,-84.1592,827,163,polygon,FALSE,TRUE,America/New_York,3
15847,Clay City,Clay City,IN,Indiana,18021,Clay,39.277,-87.1127,827,592,polygon,FALSE,TRUE,America/Indiana/Indianapolis,3
15848,Highland,Highland,WI,Wisconsin,55049,Iowa,43.0475,-90.3801,826,280,polygon,FALSE,TRUE,America/Chicago,3
15849,Algodones,Algodones,NM,New Mexico,35043,Sandoval,35.3802,-106.4731,826,43,polygon,FALSE,FALSE,America/Denver,3
15850,Hargill,Hargill,TX,Texas,48215,Hidalgo,26.4423,-98.0146,826,373,polygon,FALSE,FALSE,America/Chicago,3
15851,Kraemer,Kraemer,LA,Louisiana,22057,Lafourche,29.8606,-90.6337,826,60,polygon,FALSE,FALSE,America/Chicago,3
15852,Sarepta,Sarepta,LA,Louisiana,22119,Webster,32.8963,-93.4518,826,195,polygon,FALSE,TRUE,America/Chicago,3
15853,Smithfield,Smithfield,PA,Pennsylvania,42051,Fayette,39.8023,-79.8089,826,449,polygon,FALSE,TRUE,America/New_York,3
15854,New Berlin,New Berlin,PA,Pennsylvania,42119,Union,40.8805,-76.9842,826,822,polygon,FALSE,TRUE,America/New_York,3
15855,Holly Pond,Holly Pond,AL,Alabama,1043,Cullman,34.1696,-86.6125,826,71,polygon,FALSE,TRUE,America/Chicago,3
15856,Brookport,Brookport,IL,Illinois,17127,Massac,37.1261,-88.6276,826,488,polygon,FALSE,TRUE,America/Chicago,3
15857,Eden,Eden,MD,Maryland,24039,Somerset,38.2792,-75.6533,826,57,polygon,FALSE,FALSE,America/New_York,3
15858,Stephenson,Stephenson,MI,Michigan,26109,Menominee,45.4137,-87.6091,826,293,polygon,FALSE,TRUE,America/Menominee,3
15859,Coffeeville,Coffeeville,MS,Mississippi,28161,Yalobusha,33.9765,-89.6845,826,148,polygon,FALSE,TRUE,America/Chicago,3
15860,Brownsville,Brownsville,KY,Kentucky,21061,Edmonson,37.1952,-86.2691,826,122,polygon,FALSE,TRUE,America/Chicago,3
15861,Mortons Gap,Mortons Gap,KY,Kentucky,21107,Hopkins,37.2403,-87.4667,826,269,polygon,FALSE,TRUE,America/Chicago,3
15862,Eureka,Eureka,SD,South Dakota,46089,McPherson,45.7707,-99.6207,826,341,polygon,FALSE,TRUE,America/Chicago,3
15863,Greenleaf,Greenleaf,WI,Wisconsin,55009,Brown,44.317,-88.0972,825,308,polygon,FALSE,FALSE,America/Chicago,3
15864,Tohatchi,Tohatchi,NM,New Mexico,35031,McKinley,35.841,-108.7506,825,51,polygon,FALSE,FALSE,America/Denver,3
15865,San Felipe,San Felipe,TX,Texas,48015,Austin,29.7965,-96.1051,825,38,polygon,FALSE,TRUE,America/Chicago,3
15866,Middlesex,Middlesex,NC,North Carolina,37127,Nash,35.7893,-78.2047,825,304,polygon,FALSE,TRUE,America/New_York,3
15867,Hopedale,Hopedale,IL,Illinois,17179,Tazewell,40.4233,-89.4214,825,361,polygon,FALSE,TRUE,America/Chicago,3
15868,Dakota City,Dakota City,IA,Iowa,19091,Humboldt,42.7229,-94.1977,825,431,polygon,FALSE,TRUE,America/Chicago,3
15869,Aquasco,Aquasco,MD,Maryland,24033,Prince George's,38.5913,-76.7074,825,16,polygon,FALSE,FALSE,America/New_York,3
15870,Crab Orchard,Crab Orchard,KY,Kentucky,21137,Lincoln,37.4627,-84.5067,825,182,polygon,FALSE,TRUE,America/New_York,3
15871,Shindler,Shindler,SD,South Dakota,46083,Lincoln,43.4677,-96.6355,825,212,polygon,FALSE,FALSE,America/Chicago,3
15872,Pittsville,Pittsville,WI,Wisconsin,55141,Wood,44.439,-90.1301,824,159,polygon,FALSE,TRUE,America/Chicago,3
15873,Greenville,Greenville,FL,Florida,12079,Madison,30.4667,-83.6352,824,241,polygon,FALSE,TRUE,America/New_York,3
15874,Onset,Onset,MA,Massachusetts,25023,Plymouth,41.7481,-70.6669,824,295,polygon,FALSE,FALSE,America/New_York,3
15875,Wilton Center,Wilton Center,CT,Connecticut,9001,Fairfield,41.188,-73.4298,824,1153,polygon,FALSE,TRUE,America/New_York,3
15876,St. Clair,St. Clair,MN,Minnesota,27013,Blue Earth,44.0838,-93.8601,824,477,polygon,FALSE,TRUE,America/Chicago,3
15877,Norris,Norris,SC,South Carolina,45077,Pickens,34.7661,-82.7525,824,168,polygon,FALSE,TRUE,America/New_York,3
15878,Shrewsbury,Shrewsbury,WV,West Virginia,54039,Kanawha,38.2079,-81.4675,823,1104,polygon,FALSE,FALSE,America/New_York,3
15879,Beckville,Beckville,TX,Texas,48365,Panola,32.2436,-94.4561,823,261,polygon,FALSE,TRUE,America/Chicago,3
15880,Juniata,Juniata,NE,Nebraska,31001,Adams,40.5903,-98.5069,823,476,polygon,FALSE,TRUE,America/Chicago,3
15881,Magnolia Springs,Magnolia Springs,AL,Alabama,1003,Baldwin,30.4003,-87.7748,823,353,polygon,FALSE,TRUE,America/Chicago,3
15882,Notasulga,Notasulga,AL,Alabama,1087,Macon,32.5569,-85.6695,823,23,polygon,FALSE,TRUE,America/Chicago,3
15883,Roy,Roy,WA,Washington,53053,Pierce,46.997,-122.5423,822,656,polygon,FALSE,TRUE,America/Los_Angeles,3
15884,Lime Ridge,Lime Ridge,PA,Pennsylvania,42037,Columbia,41.024,-76.3504,822,281,polygon,FALSE,FALSE,America/New_York,3
15885,Rockford,Rockford,IA,Iowa,19067,Floyd,43.0524,-92.9477,822,502,polygon,FALSE,TRUE,America/Chicago,3
15886,Langley,Langley,OK,Oklahoma,40097,Mayes,36.4707,-95.0539,822,204,polygon,FALSE,TRUE,America/Chicago,3
15887,Russellville,Russellville,MO,Missouri,29051,Cole,38.5128,-92.4384,822,397,polygon,FALSE,TRUE,America/Chicago,3
15888,Vassar,Vassar,KS,Kansas,20139,Osage,38.6495,-95.6114,822,65,polygon,FALSE,FALSE,America/Chicago,3
15889,Bellefonte,Bellefonte,KY,Kentucky,21089,Greenup,38.4949,-82.6911,822,360,polygon,FALSE,TRUE,America/New_York,3
15890,Garibaldi,Garibaldi,OR,Oregon,41057,Tillamook,45.5607,-123.9111,822,321,polygon,FALSE,TRUE,America/Los_Angeles,3
15891,Rising Star,Rising Star,TX,Texas,48133,Eastland,32.0976,-98.9665,821,183,polygon,FALSE,TRUE,America/Chicago,3
15892,Blende,Blende,CO,Colorado,8101,Pueblo,38.2469,-104.5692,821,235,polygon,FALSE,FALSE,America/Denver,3
15893,Hazelton,Hazelton,ID,Idaho,16053,Jerome,42.5952,-114.1366,821,881,polygon,FALSE,TRUE,America/Boise,3
15894,Polkville,Polkville,MS,Mississippi,28129,Smith,32.1909,-89.696,821,18,polygon,FALSE,TRUE,America/Chicago,3
15895,Gray Court,Gray Court,SC,South Carolina,45059,Laurens,34.6078,-82.1144,821,171,polygon,FALSE,TRUE,America/New_York,3
15896,Lake Andes,Lake Andes,SD,South Dakota,46023,Charles Mix,43.1559,-98.5362,821,424,polygon,FALSE,TRUE,America/Chicago,3
15897,Mossyrock,Mossyrock,WA,Washington,53041,Lewis,46.5305,-122.4887,820,460,polygon,FALSE,TRUE,America/Los_Angeles,3
15898,Arlington,Arlington,WI,Wisconsin,55021,Columbia,43.335,-89.3725,820,307,polygon,FALSE,TRUE,America/Chicago,3
15899,Jefferson,Jefferson,WV,West Virginia,54039,Kanawha,38.3701,-81.7709,820,948,polygon,FALSE,FALSE,America/New_York,3
15900,Rockwood,Rockwood,PA,Pennsylvania,42111,Somerset,39.9157,-79.1574,820,947,polygon,FALSE,TRUE,America/New_York,3
15901,Colo,Colo,IA,Iowa,19169,Story,42.0145,-93.3186,820,297,polygon,FALSE,TRUE,America/Chicago,3
15902,Pomona,Pomona,KS,Kansas,20059,Franklin,38.6099,-95.4523,820,400,polygon,FALSE,TRUE,America/Chicago,3
15903,Lacomb,Lacomb,OR,Oregon,41043,Linn,44.5844,-122.7417,820,79,polygon,FALSE,FALSE,America/Los_Angeles,3
15904,Fern Forest,Fern Forest,HI,Hawaii,15001,Hawaii,19.4648,-155.1324,819,25,polygon,FALSE,FALSE,Pacific/Honolulu,3
15905,East Alto Bonito,East Alto Bonito,TX,Texas,48427,Starr,26.3023,-98.6358,819,2817,polygon,FALSE,TRUE,America/Chicago,2
15906,Lolita,Lolita,TX,Texas,48239,Jackson,28.8326,-96.5387,819,122,polygon,FALSE,FALSE,America/Chicago,3
15907,Emmonak,Emmonak,AK,Alaska,2158,Kusilvak,62.7762,-164.5157,819,63,polygon,FALSE,TRUE,America/Nome,3
15908,Tilghman Island,Tilghman Island,MD,Maryland,24041,Talbot,38.7026,-76.3354,819,131,polygon,FALSE,FALSE,America/New_York,3
15909,Fairdealing,Fairdealing,MO,Missouri,29181,Ripley,36.6615,-90.6084,819,55,polygon,FALSE,FALSE,America/Chicago,3
15910,Clarkrange,Clarkrange,TN,Tennessee,47049,Fentress,36.1857,-85.0096,818,31,polygon,FALSE,FALSE,America/Chicago,3
15911,Blue Ridge Summit,Blue Ridge Summit,PA,Pennsylvania,42055,Franklin,39.7256,-77.4687,818,425,polygon,FALSE,FALSE,America/New_York,3
15912,Claysville,Claysville,PA,Pennsylvania,42125,Washington,40.1199,-80.4131,818,1020,polygon,FALSE,TRUE,America/New_York,3
15913,East Camden,East Camden,AR,Arkansas,5103,Ouachita,33.6082,-92.7436,818,458,polygon,FALSE,TRUE,America/Chicago,3
15914,Belle Center,Belle Center,OH,Ohio,39091,Logan,40.509,-83.7453,818,454,polygon,FALSE,TRUE,America/New_York,3
15915,Fertile,Fertile,MN,Minnesota,27119,Polk,47.5339,-96.2893,818,152,polygon,FALSE,TRUE,America/Chicago,3
15916,Crowell,Crowell,TX,Texas,48155,Foard,33.9839,-99.7241,817,167,polygon,FALSE,TRUE,America/Chicago,3
15917,Warren,Warren,TX,Texas,48457,Tyler,30.6127,-94.4104,817,74,polygon,FALSE,FALSE,America/Chicago,3
15918,Candor,Candor,NC,North Carolina,37123,Montgomery,35.2964,-79.7324,817,155,polygon,FALSE,TRUE,America/New_York,3
15919,Humphrey,Humphrey,NE,Nebraska,31141,Platte,41.6884,-97.485,817,636,polygon,FALSE,TRUE,America/Chicago,3
15920,Oklahoma,Oklahoma,PA,Pennsylvania,42033,Clearfield,41.11,-78.7356,817,412,polygon,FALSE,FALSE,America/New_York,3
15921,Atkins,Atkins,VA,Virginia,51173,Smyth,36.8674,-81.3992,817,58,polygon,FALSE,FALSE,America/New_York,3
15922,La Jara,La Jara,CO,Colorado,8021,Conejos,37.2735,-105.9598,817,773,polygon,FALSE,TRUE,America/Denver,3
15923,Waynesfield,Waynesfield,OH,Ohio,39011,Auglaize,40.6024,-83.9739,817,475,polygon,FALSE,TRUE,America/New_York,3
15924,Newton,Newton,UT,Utah,49005,Cache,41.8611,-111.9906,817,367,polygon,FALSE,TRUE,America/Denver,3
15925,Lake Latonka,Lake Latonka,PA,Pennsylvania,42085,Mercer,41.283,-80.1831,816,133,polygon,FALSE,FALSE,America/New_York,3
15926,Redfield,Redfield,IA,Iowa,19049,Dallas,41.5904,-94.1963,816,231,polygon,FALSE,TRUE,America/Chicago,3
15927,Mesa del Caballo,Mesa del Caballo,AZ,Arizona,4007,Gila,34.286,-111.2952,816,1000,polygon,FALSE,FALSE,America/Phoenix,3
15928,Syracuse,Syracuse,OH,Ohio,39105,Meigs,38.9984,-81.9686,816,339,polygon,FALSE,TRUE,America/New_York,3
15929,Mankato,Mankato,KS,Kansas,20089,Jewell,39.7871,-98.2083,816,323,polygon,FALSE,TRUE,America/Chicago,3
15930,Wilson,Wilson,AR,Arkansas,5093,Mississippi,35.5661,-90.043,815,300,polygon,FALSE,TRUE,America/Chicago,3
15931,Afton,Afton,IA,Iowa,19175,Union,41.0276,-94.1954,815,318,polygon,FALSE,TRUE,America/Chicago,3
15932,Castalia,Castalia,OH,Ohio,39043,Erie,41.4011,-82.808,815,301,polygon,FALSE,TRUE,America/New_York,3
15933,Rural Valley,Rural Valley,PA,Pennsylvania,42005,Armstrong,40.7991,-79.315,814,148,polygon,FALSE,TRUE,America/New_York,3
15934,Ash Fork,Ash Fork,AZ,Arizona,4025,Yavapai,35.2172,-112.4912,814,136,polygon,FALSE,FALSE,America/Phoenix,3
15935,Potlatch,Potlatch,ID,Idaho,16057,Latah,46.9235,-116.8976,814,742,polygon,FALSE,TRUE,America/Los_Angeles,3
15936,Tilghmanton,Tilghmanton,MD,Maryland,24043,Washington,39.5286,-77.7437,814,677,polygon,FALSE,FALSE,America/New_York,3
15937,Sycamore,Sycamore,OH,Ohio,39175,Wyandot,40.9517,-83.1709,814,493,polygon,FALSE,TRUE,America/New_York,3
15938,Brunswick,Brunswick,MO,Missouri,29041,Chariton,39.4257,-93.1266,814,261,polygon,FALSE,TRUE,America/Chicago,3
15939,Silver Lake,Silver Lake,MN,Minnesota,27085,McLeod,44.9042,-94.1984,814,776,polygon,FALSE,TRUE,America/Chicago,3
15940,Downs,Downs,KS,Kansas,20141,Osborne,39.5045,-98.5472,814,280,polygon,FALSE,TRUE,America/Chicago,3
15941,Epps,Epps,LA,Louisiana,22123,West Carroll,32.6038,-91.4814,813,325,polygon,FALSE,TRUE,America/Chicago,3
15942,Shickshinny,Shickshinny,PA,Pennsylvania,42079,Luzerne,41.1535,-76.15,813,694,polygon,FALSE,TRUE,America/New_York,3
15943,Ringwood,Ringwood,IL,Illinois,17111,McHenry,42.3973,-88.3038,813,80,polygon,FALSE,TRUE,America/Chicago,3
15944,Jetmore,Jetmore,KS,Kansas,20083,Hodgeman,38.0304,-99.9101,813,74,polygon,FALSE,TRUE,America/Chicago,3
15945,Purple Sage,Purple Sage,WY,Wyoming,56037,Sweetwater,41.5515,-109.3199,812,952,polygon,FALSE,FALSE,America/Denver,3
15946,Petros,Petros,TN,Tennessee,47129,Morgan,36.1028,-84.4503,812,79,polygon,FALSE,FALSE,America/New_York,3
15947,Pleasantville,Pleasantville,PA,Pennsylvania,42121,Venango,41.5935,-79.5808,812,329,polygon,FALSE,TRUE,America/New_York,3
15948,Caspar,Caspar,CA,California,6045,Mendocino,39.3631,-123.8044,812,104,polygon,FALSE,FALSE,America/Los_Angeles,3
15949,Gurley,Gurley,AL,Alabama,1089,Madison,34.7072,-86.3768,812,88,polygon,FALSE,TRUE,America/Chicago,3
15950,Ridge Farm,Ridge Farm,IL,Illinois,17183,Vermilion,39.8957,-87.652,812,102,polygon,FALSE,TRUE,America/Chicago,3
15951,Van Buren,Van Buren,IN,Indiana,18053,Grant,40.6157,-85.5039,812,536,polygon,FALSE,TRUE,America/Indiana/Indianapolis,3
15952,Oakley,Oakley,ID,Idaho,16031,Cassia,42.2415,-113.8825,812,67,polygon,FALSE,TRUE,America/Boise,3
15953,Argyle,Argyle,WI,Wisconsin,55065,Lafayette,42.7014,-89.8657,811,501,polygon,FALSE,TRUE,America/Chicago,3
15954,Unionville,Unionville,PA,Pennsylvania,42019,Butler,40.9423,-79.9613,811,121,polygon,FALSE,FALSE,America/New_York,3
15955,La Veta,La Veta,CO,Colorado,8055,Huerfano,37.5085,-105.0086,811,229,polygon,FALSE,TRUE,America/Denver,3
15956,Altheimer,Altheimer,AR,Arkansas,5069,Jefferson,34.3242,-91.8481,811,152,polygon,FALSE,TRUE,America/Chicago,3
15957,Oreana,Oreana,IL,Illinois,17115,Macon,39.9378,-88.8685,811,669,polygon,FALSE,TRUE,America/Chicago,3
15958,Selma,Selma,IN,Indiana,18035,Delaware,40.189,-85.2753,811,349,polygon,FALSE,TRUE,America/Indiana/Indianapolis,3
15959,Adair,Adair,OK,Oklahoma,40097,Mayes,36.4366,-95.2727,811,62,polygon,FALSE,TRUE,America/Chicago,3
15960,Loch Lloyd,Loch Lloyd,MO,Missouri,29037,Cass,38.831,-94.5978,811,178,polygon,FALSE,TRUE,America/Chicago,3
15961,Stone Harbor,Stone Harbor,NJ,New Jersey,34009,Cape May,39.0437,-74.7687,810,220,polygon,FALSE,TRUE,America/New_York,3
15962,Mountain City,Mountain City,TX,Texas,48209,Hays,30.0392,-97.8915,810,595,polygon,FALSE,TRUE,America/Chicago,3
15963,Humboldt,Humboldt,NE,Nebraska,31147,Richardson,40.1658,-95.9443,810,234,polygon,FALSE,TRUE,America/Chicago,3
15964,Upper Exeter,Upper Exeter,PA,Pennsylvania,42079,Luzerne,41.407,-75.8503,810,159,polygon,FALSE,FALSE,America/New_York,3
15965,Benton,Benton,PA,Pennsylvania,42037,Columbia,41.1955,-76.3847,810,523,polygon,FALSE,TRUE,America/New_York,3
15966,Colver,Colver,PA,Pennsylvania,42021,Cambria,40.5426,-78.7891,810,247,polygon,FALSE,FALSE,America/New_York,3
15967,Happy Camp,Happy Camp,CA,California,6093,Siskiyou,41.8104,-123.3892,810,25,polygon,FALSE,FALSE,America/Los_Angeles,3
15968,Mulga,Mulga,AL,Alabama,1073,Jefferson,33.5534,-86.9735,810,487,polygon,FALSE,TRUE,America/Chicago,3
15969,Hamel,Hamel,IL,Illinois,17119,Madison,38.8894,-89.8425,810,262,polygon,FALSE,TRUE,America/Chicago,3
15970,Milltown,Milltown,IN,Indiana,18025,Crawford,38.3421,-86.2755,810,234,polygon,FALSE,TRUE,America/Kentucky/Louisville,3
15971,Edon,Edon,OH,Ohio,39171,Williams,41.5562,-84.7693,810,284,polygon,FALSE,TRUE,America/New_York,3
15972,Annabella,Annabella,UT,Utah,49041,Sevier,38.7059,-112.0586,810,444,polygon,FALSE,TRUE,America/Denver,3
15973,Doe Run,Doe Run,MO,Missouri,29187,St. Francois,37.7454,-90.4994,810,129,polygon,FALSE,FALSE,America/Chicago,3
15974,Juno Ridge,Juno Ridge,FL,Florida,12099,Palm Beach,26.8491,-80.062,809,2099,polygon,FALSE,FALSE,America/New_York,2
15975,Hull,Hull,TX,Texas,48291,Liberty,30.1464,-94.6422,809,156,polygon,FALSE,FALSE,America/Chicago,3
15976,McClellan Park,McClellan Park,CA,California,6067,Sacramento,38.6631,-121.4015,809,76,polygon,TRUE,TRUE,America/Los_Angeles,3
15977,Carson,Carson,IA,Iowa,19155,Pottawattamie,41.2357,-95.4198,809,476,polygon,FALSE,TRUE,America/Chicago,3
15978,Glasgow,Glasgow,OR,Oregon,41011,Coos,43.4371,-124.1961,809,96,polygon,FALSE,FALSE,America/Los_Angeles,3
15979,Malott,Malott,WA,Washington,53047,Okanogan,48.2919,-119.6954,808,169,polygon,FALSE,FALSE,America/Los_Angeles,3
15980,Brookfield,Brookfield,NJ,New Jersey,34041,Warren,40.8184,-75.0613,808,1441,polygon,FALSE,TRUE,America/New_York,3
15981,Hilshire Village,Hilshire Village,TX,Texas,48201,Harris,29.7908,-95.4885,808,1166,polygon,FALSE,TRUE,America/Chicago,3
15982,Parksley,Parksley,VA,Virginia,51001,Accomack,37.7862,-75.6538,808,506,polygon,FALSE,TRUE,America/New_York,3
15983,Bowman,Bowman,GA,Georgia,13105,Elbert,34.2051,-83.0309,808,100,polygon,FALSE,TRUE,America/New_York,3
15984,Sonoita,Sonoita,AZ,Arizona,4023,Santa Cruz,31.6645,-110.6426,808,29,polygon,FALSE,FALSE,America/Phoenix,3
15985,Henning,Henning,MN,Minnesota,27111,Otter Tail,46.3233,-95.4424,808,93,polygon,FALSE,TRUE,America/Chicago,3
15986,Onalaska,Onalaska,WA,Washington,53041,Lewis,46.5783,-122.7112,807,195,polygon,FALSE,FALSE,America/Los_Angeles,3
15987,Sewickley Heights,Sewickley Heights,PA,Pennsylvania,42003,Allegheny,40.5594,-80.1528,807,42,polygon,FALSE,TRUE,America/New_York,3
15988,Waverly Hall,Waverly Hall,GA,Georgia,13145,Harris,32.6837,-84.7378,807,93,polygon,FALSE,TRUE,America/New_York,3
15989,Marengo,Marengo,IN,Indiana,18025,Crawford,38.3714,-86.3444,807,402,polygon,FALSE,TRUE,America/Indiana/Marengo,3
15990,Davenport,Davenport,OK,Oklahoma,40081,Lincoln,35.7093,-96.7643,807,304,polygon,FALSE,TRUE,America/Chicago,3
15991,Garber,Garber,OK,Oklahoma,40047,Garfield,36.4365,-97.581,807,622,polygon,FALSE,TRUE,America/Chicago,3
15992,Pineville,Pineville,MO,Missouri,29119,McDonald,36.5755,-94.3916,807,94,polygon,FALSE,TRUE,America/Chicago,3
15993,Lyons,Lyons,MI,Michigan,26067,Ionia,42.9834,-84.9456,807,255,polygon,FALSE,TRUE,America/Detroit,3
15994,Cedar Point,Cedar Point,TX,Texas,48373,Polk,30.7975,-95.0749,806,343,polygon,FALSE,TRUE,America/Chicago,3
15995,Faith,Faith,NC,North Carolina,37159,Rowan,35.59,-80.4581,806,289,polygon,FALSE,TRUE,America/New_York,3
15996,Correctionville,Correctionville,IA,Iowa,19193,Woodbury,42.4774,-95.783,806,517,polygon,FALSE,TRUE,America/Chicago,3
15997,Walnut Grove,Walnut Grove,MN,Minnesota,27127,Redwood,44.225,-95.4692,806,285,polygon,FALSE,TRUE,America/Chicago,3
15998,Burr Oak,Burr Oak,MI,Michigan,26149,St. Joseph,41.8472,-85.3212,806,309,polygon,FALSE,TRUE,America/Detroit,3
15999,Hollow Creek,Hollow Creek,KY,Kentucky,21111,Jefferson,38.1527,-85.6243,806,1344,polygon,FALSE,TRUE,America/New_York,3
16000,Joaquin,Joaquin,TX,Texas,48419,Shelby,31.9659,-94.0504,805,132,polygon,FALSE,TRUE,America/Chicago,3
16001,Earlville,Earlville,NY,New York,36053,Madison,42.7401,-75.5436,805,287,polygon,FALSE,TRUE,America/New_York,3
16002,Highfield-Cascade,Highfield-Cascade,MD,Maryland,24043,Washington,39.7136,-77.4947,805,179,polygon,FALSE,TRUE,America/New_York,3
16003,Junction City,Junction City,OH,Ohio,39127,Perry,39.7218,-82.2997,805,483,polygon,FALSE,TRUE,America/New_York,3
16004,South Webster,South Webster,OH,Ohio,39145,Scioto,38.817,-82.7282,805,236,polygon,FALSE,TRUE,America/New_York,3
16005,Wellington,Wellington,MO,Missouri,29107,Lafayette,39.1383,-93.9861,805,285,polygon,FALSE,TRUE,America/Chicago,3
16006,Hosford,Hosford,FL,Florida,12077,Liberty,30.3944,-84.8034,804,62,polygon,FALSE,FALSE,America/New_York,3
16007,Woodlawn,Woodlawn,NC,North Carolina,37001,Alamance,36.1158,-79.2898,804,94,polygon,FALSE,FALSE,America/New_York,3
16008,Cleone,Cleone,CA,California,6045,Mendocino,39.4927,-123.7812,804,194,polygon,FALSE,FALSE,America/Los_Angeles,3
16009,Livingston,Livingston,IL,Illinois,17119,Madison,38.9682,-89.7642,804,291,polygon,FALSE,TRUE,America/Chicago,3
16010,Hills,Hills,IA,Iowa,19103,Johnson,41.5569,-91.536,804,411,polygon,FALSE,TRUE,America/Chicago,3
16011,Menan,Menan,ID,Idaho,16051,Jefferson,43.7218,-111.9925,804,300,polygon,FALSE,TRUE,America/Boise,3
16012,Orrick,Orrick,MO,Missouri,29177,Ray,39.2133,-94.1254,804,232,polygon,FALSE,TRUE,America/Chicago,3
16013,Lewisburg,Lewisburg,KY,Kentucky,21141,Logan,36.9872,-86.9502,804,267,polygon,FALSE,TRUE,America/Chicago,3
16014,Scotland,Scotland,SD,South Dakota,46009,Bon Homme,43.1481,-97.7199,804,346,polygon,FALSE,TRUE,America/Chicago,3
16015,Key Colony Beach,Key Colony Beach,FL,Florida,12087,Monroe,24.7233,-81.0215,803,704,polygon,FALSE,TRUE,America/New_York,3
16016,Pitkin,Pitkin,LA,Louisiana,22115,Vernon,30.9344,-92.9268,803,49,polygon,FALSE,FALSE,America/Chicago,3
16017,Saltsburg,Saltsburg,PA,Pennsylvania,42063,Indiana,40.4848,-79.448,803,1498,polygon,FALSE,TRUE,America/New_York,3
16018,West Middlesex,West Middlesex,PA,Pennsylvania,42085,Mercer,41.1742,-80.4557,803,366,polygon,FALSE,TRUE,America/New_York,3
16019,Resaca,Resaca,GA,Georgia,13129,Gordon,34.5789,-84.944,803,112,polygon,FALSE,TRUE,America/New_York,3
16020,Arapaho,Arapaho,OK,Oklahoma,40039,Custer,35.5779,-98.9593,803,443,polygon,FALSE,TRUE,America/Chicago,3
16021,Bethany,Bethany,WV,West Virginia,54009,Brooke,40.2053,-80.5629,802,422,polygon,FALSE,TRUE,America/New_York,3
16022,Piedmont,Piedmont,WV,West Virginia,54057,Mineral,39.4778,-79.0466,802,812,polygon,FALSE,TRUE,America/New_York,3
16023,Lake Mack-Forest Hills,Lake Mack-Forest Hills,FL,Florida,12069,Lake,29.0006,-81.4239,802,64,polygon,FALSE,TRUE,America/New_York,3
16024,Morse,Morse,LA,Louisiana,22001,Acadia,30.1221,-92.4985,802,221,polygon,FALSE,TRUE,America/Chicago,3
16025,Star Lake,Star Lake,NY,New York,36089,St. Lawrence,44.1613,-75.0363,802,71,polygon,FALSE,FALSE,America/New_York,3
16026,Fort Loudon,Fort Loudon,PA,Pennsylvania,42055,Franklin,39.9219,-77.9073,802,72,polygon,FALSE,FALSE,America/New_York,3
16027,Parker,Parker,PA,Pennsylvania,42005,Armstrong,41.0907,-79.6846,802,323,polygon,FALSE,TRUE,America/New_York,3
16028,West Wood,West Wood,UT,Utah,49007,Carbon,39.6051,-110.8424,802,290,polygon,FALSE,TRUE,America/Denver,3
16029,Flordell Hills,Flordell Hills,MO,Missouri,29189,St. Louis,38.7174,-90.2648,802,2526,polygon,FALSE,TRUE,America/Chicago,2
16030,Stamping Ground,Stamping Ground,KY,Kentucky,21209,Scott,38.2697,-84.6831,802,526,polygon,FALSE,TRUE,America/New_York,3
16031,Chumuckla,Chumuckla,FL,Florida,12113,Santa Rosa,30.7826,-87.2309,801,15,polygon,FALSE,FALSE,America/Chicago,3
16032,Dawson,Dawson,TX,Texas,48349,Navarro,31.8941,-96.7151,801,173,polygon,FALSE,TRUE,America/Chicago,3
16033,Crystal Beach,Crystal Beach,NY,New York,36069,Ontario,42.8095,-77.2582,801,453,polygon,FALSE,FALSE,America/New_York,3
16034,Spring Hill,Spring Hill,PA,Pennsylvania,42021,Cambria,40.3703,-78.6691,801,296,polygon,FALSE,FALSE,America/New_York,3
16035,Dauphin,Dauphin,PA,Pennsylvania,42043,Dauphin,40.3684,-76.9296,801,722,polygon,FALSE,TRUE,America/New_York,3
16036,Hubbard,Hubbard,IA,Iowa,19083,Hardin,42.3055,-93.3019,801,182,polygon,FALSE,TRUE,America/Chicago,3
16037,Whitecone,Whitecone,AZ,Arizona,4017,Navajo,35.6037,-110.0791,801,6,polygon,FALSE,TRUE,America/Denver,3
16038,Eckhart Mines,Eckhart Mines,MD,Maryland,24001,Allegany,39.6553,-78.8941,801,203,polygon,FALSE,FALSE,America/New_York,3
16039,Mount Hope,Mount Hope,KS,Kansas,20173,Sedgwick,37.8735,-97.6619,801,210,polygon,FALSE,TRUE,America/Chicago,3
16040,Metolius,Metolius,OR,Oregon,41031,Jefferson,44.5875,-121.176,801,646,polygon,FALSE,TRUE,America/Los_Angeles,3
16041,Pineland,Pineland,TX,Texas,48403,Sabine,31.2467,-93.9744,800,150,polygon,FALSE,TRUE,America/Chicago,3
16042,Virginia City,Virginia City,NV,Nevada,32029,Storey,39.3076,-119.6483,800,356,polygon,FALSE,FALSE,America/Los_Angeles,3
16043,Deer Trail,Deer Trail,CO,Colorado,8005,Arapahoe,39.6157,-104.0435,800,273,polygon,FALSE,TRUE,America/Denver,3
16044,Kenwood,Kenwood,CA,California,6097,Sonoma,38.4153,-122.5387,800,59,polygon,FALSE,FALSE,America/Los_Angeles,3
16045,Diamond City,Diamond City,AR,Arkansas,5009,Boone,36.4575,-92.9129,800,109,polygon,FALSE,TRUE,America/Chicago,3
16046,Ogden,Ogden,IL,Illinois,17019,Champaign,40.115,-87.9563,800,527,polygon,FALSE,TRUE,America/Chicago,3
16047,Kansas,Kansas,OK,Oklahoma,40041,Delaware,36.2058,-94.789,800,166,polygon,FALSE,TRUE,America/Chicago,3
16048,Woods Bay,Woods Bay,MT,Montana,30047,Lake,48.0083,-114.0613,800,227,polygon,FALSE,FALSE,America/Denver,3
16049,Tekoa,Tekoa,WA,Washington,53075,Whitman,47.2247,-117.0732,799,251,polygon,FALSE,TRUE,America/Los_Angeles,3
16050,Butte des Morts,Butte des Morts,WI,Wisconsin,55139,Winnebago,44.1058,-88.6564,799,249,polygon,FALSE,FALSE,America/Chicago,3
16051,West Union,West Union,WV,West Virginia,54017,Doddridge,39.2963,-80.7751,799,856,polygon,FALSE,TRUE,America/New_York,3
16052,Eden Roc,Eden Roc,HI,Hawaii,15001,Hawaii,19.4917,-155.0958,799,48,polygon,FALSE,FALSE,Pacific/Honolulu,3
16053,Scribner,Scribner,NE,Nebraska,31053,Dodge,41.665,-96.6653,799,482,polygon,FALSE,TRUE,America/Chicago,3
16054,Lyons,Lyons,NE,Nebraska,31021,Burt,41.936,-96.4717,799,451,polygon,FALSE,TRUE,America/Chicago,3
16055,Rutledge,Rutledge,PA,Pennsylvania,42045,Delaware,39.901,-75.3274,799,2157,polygon,FALSE,TRUE,America/New_York,2
16056,East Sparta,East Sparta,OH,Ohio,39151,Stark,40.6635,-81.3643,799,169,polygon,FALSE,TRUE,America/New_York,3
16057,Middletown,Middletown,MI,Michigan,26155,Shiawassee,42.9869,-84.1445,799,657,polygon,FALSE,FALSE,America/Detroit,3
16058,Stacey Street,Stacey Street,FL,Florida,12099,Palm Beach,26.6978,-80.1239,798,2559,polygon,FALSE,FALSE,America/New_York,2
16059,Cumby,Cumby,TX,Texas,48223,Hopkins,33.1354,-95.8399,798,304,polygon,FALSE,TRUE,America/Chicago,3
16060,Geronimo,Geronimo,TX,Texas,48187,Guadalupe,29.6728,-97.9686,798,37,polygon,FALSE,FALSE,America/Chicago,3
16061,Walthill,Walthill,NE,Nebraska,31173,Thurston,42.1489,-96.4929,798,720,polygon,FALSE,TRUE,America/Chicago,3
16062,Lucerne Mines,Lucerne Mines,PA,Pennsylvania,42063,Indiana,40.5559,-79.1558,798,367,polygon,FALSE,FALSE,America/New_York,3
16063,Lakeville,Lakeville,IN,Indiana,18141,St. Joseph,41.5288,-86.2745,798,488,polygon,FALSE,TRUE,America/Indiana/Indianapolis,3
16064,Mount Savage,Mount Savage,MD,Maryland,24001,Allegany,39.6971,-78.8763,798,334,polygon,FALSE,FALSE,America/New_York,3
16065,Escalante,Escalante,UT,Utah,49017,Garfield,37.7649,-111.6,798,92,polygon,FALSE,TRUE,America/Denver,3
16066,Ferrelview,Ferrelview,MO,Missouri,29165,Platte,39.3143,-94.6654,798,2692,polygon,FALSE,TRUE,America/Chicago,2
16067,Van Buren,Van Buren,MO,Missouri,29035,Carter,37.0082,-91.0113,798,154,polygon,FALSE,TRUE,America/Chicago,3
16068,Isle,Isle,MN,Minnesota,27095,Mille Lacs,46.1398,-93.4597,798,121,polygon,FALSE,TRUE,America/Chicago,3
16069,Kimball,Kimball,MN,Minnesota,27145,Stearns,45.3143,-94.3008,798,203,polygon,FALSE,TRUE,America/Chicago,3
16070,Gobles,Gobles,MI,Michigan,26159,Van Buren,42.3617,-85.8774,798,298,polygon,FALSE,TRUE,America/Detroit,3
16071,Darby,Darby,MT,Montana,30081,Ravalli,46.0234,-114.179,798,505,polygon,FALSE,TRUE,America/Denver,3
16072,Smiths Grove,Smiths Grove,KY,Kentucky,21227,Warren,37.0503,-86.2083,798,395,polygon,FALSE,TRUE,America/Chicago,3
16073,Elmwood,Elmwood,WI,Wisconsin,55093,Pierce,44.7799,-92.1491,797,203,polygon,FALSE,TRUE,America/Chicago,3
16074,Gosport,Gosport,IN,Indiana,18119,Owen,39.3507,-86.6665,797,819,polygon,FALSE,TRUE,America/Indiana/Indianapolis,3
16075,Francesville,Francesville,IN,Indiana,18131,Pulaski,40.9853,-86.8834,797,1013,polygon,FALSE,TRUE,America/Indiana/Winamac,3
16076,Bromley,Bromley,KY,Kentucky,21117,Kenton,39.0801,-84.5629,797,820,polygon,FALSE,TRUE,America/New_York,3
16077,Sunrise Beach Village,Sunrise Beach Village,TX,Texas,48299,Llano,30.5862,-98.4187,796,182,polygon,FALSE,TRUE,America/Chicago,3
16078,Morning Sun,Morning Sun,IA,Iowa,19115,Louisa,41.0942,-91.2506,796,394,polygon,FALSE,TRUE,America/Chicago,3
16079,Cambridge,Cambridge,IA,Iowa,19169,Story,41.9001,-93.536,796,230,polygon,FALSE,TRUE,America/Chicago,3
16080,Ashland Heights,Ashland Heights,SD,South Dakota,46103,Pennington,44.1293,-103.1286,796,105,polygon,FALSE,FALSE,America/Denver,3
16081,St. Georges,St. Georges,DE,Delaware,10003,New Castle,39.5577,-75.6533,795,316,polygon,FALSE,FALSE,America/New_York,3
16082,McLean,McLean,IL,Illinois,17113,McLean,40.3136,-89.1687,795,260,polygon,FALSE,TRUE,America/Chicago,3
16083,Harrodsburg,Harrodsburg,IN,Indiana,18105,Monroe,39.018,-86.5532,795,71,polygon,FALSE,FALSE,America/Indiana/Indianapolis,3
16084,Graettinger,Graettinger,IA,Iowa,19147,Palo Alto,43.2371,-94.7504,795,398,polygon,FALSE,TRUE,America/Chicago,3
16085,Mackinaw City,Mackinaw City,MI,Michigan,26031,Cheboygan,45.7752,-84.7477,795,89,polygon,FALSE,TRUE,America/Detroit,3
16086,Culbertson,Culbertson,MT,Montana,30085,Roosevelt,48.1447,-104.5183,795,299,polygon,FALSE,TRUE,America/Denver,3
16087,Parcelas Peñuelas,Parcelas Penuelas,PR,Puerto Rico,72133,Santa Isabel,18.0061,-66.3476,795,519,polygon,FALSE,FALSE,America/Puerto_Rico,3
16088,Dixon,Dixon,NM,New Mexico,35039,Rio Arriba,36.1886,-105.8784,794,26,polygon,FALSE,FALSE,America/Denver,3
16089,Moose Creek,Moose Creek,AK,Alaska,2090,Fairbanks North Star,64.714,-147.1639,794,198,polygon,FALSE,FALSE,America/Anchorage,3
16090,Mountain Gate,Mountain Gate,CA,California,6089,Shasta,40.7184,-122.3262,794,155,polygon,FALSE,FALSE,America/Los_Angeles,3
16091,Catheys Valley,Catheys Valley,CA,California,6043,Mariposa,37.4371,-120.0936,794,13,polygon,FALSE,FALSE,America/Los_Angeles,3
16092,Wedowee,Wedowee,AL,Alabama,1111,Randolph,33.3077,-85.4864,794,87,polygon,FALSE,TRUE,America/Chicago,3
16093,Melbourne,Melbourne,IA,Iowa,19127,Marshall,41.9416,-93.1027,794,542,polygon,FALSE,TRUE,America/Chicago,3
16094,Elephant Head,Elephant Head,AZ,Arizona,4019,Pima,31.7659,-110.9921,794,41,polygon,FALSE,TRUE,America/Phoenix,3
16095,Chevy Chase Section Three,Chevy Chase Section Three,MD,Maryland,24031,Montgomery,38.9793,-77.0742,794,2626,polygon,FALSE,TRUE,America/New_York,2
16096,Lasara,Lasara,TX,Texas,48489,Willacy,26.4634,-97.9088,793,211,polygon,FALSE,FALSE,America/Chicago,3
16097,Roscoe,Roscoe,PA,Pennsylvania,42125,Washington,40.0782,-79.8641,793,1682,polygon,FALSE,TRUE,America/New_York,3
16098,Raymond,Raymond,IA,Iowa,19013,Black Hawk,42.4694,-92.2296,793,187,polygon,FALSE,TRUE,America/Chicago,3
16099,Teec Nos Pos,Teec Nos Pos,AZ,Arizona,4001,Apache,36.9221,-109.0753,793,21,polygon,FALSE,FALSE,America/Denver,3
16100,Lake Park,Lake Park,MN,Minnesota,27005,Becker,46.8839,-96.0988,793,309,polygon,FALSE,TRUE,America/Chicago,3
16101,Wells,Wells,TX,Texas,48073,Cherokee,31.4916,-94.9473,792,159,polygon,FALSE,TRUE,America/Chicago,3
16102,Emerson,Emerson,NE,Nebraska,31051,Dixon,42.2782,-96.7265,792,645,polygon,FALSE,TRUE,America/Chicago,3
16103,Cairo,Cairo,NE,Nebraska,31079,Hall,41.0046,-98.6007,792,320,polygon,FALSE,TRUE,America/Chicago,3
16104,Okoboji,Okoboji,IA,Iowa,19059,Dickinson,43.3909,-95.139,792,174,polygon,FALSE,TRUE,America/Chicago,3
16105,Oxford,Oxford,IA,Iowa,19103,Johnson,41.7228,-91.7911,792,330,polygon,FALSE,TRUE,America/Chicago,3
16106,Athol,Athol,ID,Idaho,16055,Kootenai,47.9451,-116.7062,792,343,polygon,FALSE,TRUE,America/Los_Angeles,3
16107,Las Ochenta,Las Ochenta,PR,Puerto Rico,72123,Salinas,17.9847,-66.3173,792,574,polygon,FALSE,FALSE,America/Puerto_Rico,3
16108,Bucksport,Bucksport,SC,South Carolina,45051,Horry,33.6706,-79.1102,792,72,polygon,FALSE,FALSE,America/New_York,3
16109,Netarts,Netarts,OR,Oregon,41057,Tillamook,45.4356,-123.9344,792,117,polygon,FALSE,FALSE,America/Los_Angeles,3
16110,Blanchardville,Blanchardville,WI,Wisconsin,55065,Lafayette,42.8095,-89.8606,791,634,polygon,FALSE,TRUE,America/Chicago,3
16111,Hoonah,Hoonah,AK,Alaska,2105,Hoonah-Angoon,58.1118,-135.4246,791,52,polygon,FALSE,TRUE,America/Juneau,3
16112,Arkport,Arkport,NY,New York,36101,Steuben,42.3926,-77.6955,791,439,polygon,FALSE,TRUE,America/New_York,3
16113,Dauberville,Dauberville,PA,Pennsylvania,42011,Berks,40.4606,-75.9984,791,145,polygon,FALSE,FALSE,America/New_York,3
16114,New Salem,New Salem,PA,Pennsylvania,42133,York,39.9037,-76.7912,791,646,polygon,FALSE,TRUE,America/New_York,3
16115,Pleasant Plains,Pleasant Plains,IL,Illinois,17167,Sangamon,39.8747,-89.9183,791,228,polygon,FALSE,TRUE,America/Chicago,3
16116,Grant City,Grant City,MO,Missouri,29227,Worth,40.4858,-94.4135,791,229,polygon,FALSE,TRUE,America/Chicago,3
16117,Benkelman,Benkelman,NE,Nebraska,31057,Dundy,40.0517,-101.5354,790,380,polygon,FALSE,TRUE,America/Denver,3
16118,Sulphur Springs,Sulphur Springs,AR,Arkansas,5069,Jefferson,34.1708,-92.1299,790,54,polygon,FALSE,FALSE,America/Chicago,3
16119,Smithfield,Smithfield,OH,Ohio,39081,Jefferson,40.2715,-80.7772,790,322,polygon,FALSE,FALSE,America/New_York,3
16120,Adams,Adams,MN,Minnesota,27099,Mower,43.5654,-92.719,790,304,polygon,FALSE,TRUE,America/Chicago,3
16121,East Dailey,East Dailey,WV,West Virginia,54083,Randolph,38.7795,-79.8911,789,289,polygon,FALSE,FALSE,America/New_York,3
16122,Interlaken,Interlaken,NJ,New Jersey,34025,Monmouth,40.235,-74.0166,789,919,polygon,FALSE,TRUE,America/New_York,3
16123,Chili,Chili,NM,New Mexico,35039,Rio Arriba,36.1028,-106.1529,789,92,polygon,FALSE,FALSE,America/Denver,3
16124,Santa Clara Pueblo,Santa Clara Pueblo,NM,New Mexico,35039,Rio Arriba,35.9726,-106.0927,789,150,polygon,FALSE,FALSE,America/Denver,3
16125,Vass,Vass,NC,North Carolina,37125,Moore,35.2534,-79.2845,789,94,polygon,FALSE,TRUE,America/New_York,3
16126,Minatare,Minatare,NE,Nebraska,31157,Scotts Bluff,41.8112,-103.5019,789,801,polygon,FALSE,TRUE,America/Denver,3
16127,Stronghurst,Stronghurst,IL,Illinois,17071,Henderson,40.7463,-90.9094,789,348,polygon,FALSE,TRUE,America/Chicago,3
16128,Shoals,Shoals,IN,Indiana,18101,Martin,38.6669,-86.7938,789,167,polygon,FALSE,TRUE,America/Indiana/Vincennes,3
16129,Walker,Walker,IA,Iowa,19113,Linn,42.2873,-91.7809,789,402,polygon,FALSE,TRUE,America/Chicago,3
16130,Howe,Howe,OK,Oklahoma,40079,Le Flore,34.95,-94.6408,789,184,polygon,FALSE,TRUE,America/Chicago,3
16131,Spencer,Spencer,OH,Ohio,39103,Medina,41.0991,-82.1231,789,308,polygon,FALSE,TRUE,America/New_York,3
16132,Maricao,Maricao,PR,Puerto Rico,72093,Maricao,18.1836,-66.9809,789,1872,polygon,FALSE,FALSE,America/Puerto_Rico,3
16133,Campbellsburg,Campbellsburg,KY,Kentucky,21103,Henry,38.522,-85.2195,789,230,polygon,FALSE,TRUE,America/New_York,3
16134,Wonewoc,Wonewoc,WI,Wisconsin,55057,Juneau,43.6531,-90.2239,788,272,polygon,FALSE,TRUE,America/Chicago,3
16135,Gary,Gary,WV,West Virginia,54047,McDowell,37.362,-81.5408,788,361,polygon,FALSE,TRUE,America/New_York,3
16136,St. James,St. James,LA,Louisiana,22093,St. James,30.0185,-90.8513,788,36,polygon,FALSE,FALSE,America/Chicago,3
16137,Chocowinity,Chocowinity,NC,North Carolina,37013,Beaufort,35.5148,-77.1017,788,302,polygon,FALSE,TRUE,America/New_York,3
16138,Mertztown,Mertztown,PA,Pennsylvania,42011,Berks,40.5033,-75.6674,788,287,polygon,FALSE,FALSE,America/New_York,3
16139,Guy,Guy,AR,Arkansas,5045,Faulkner,35.3272,-92.3366,788,45,polygon,FALSE,TRUE,America/Chicago,3
16140,Duncan,Duncan,AZ,Arizona,4011,Greenlee,32.7344,-109.0972,788,141,polygon,FALSE,TRUE,America/Phoenix,3
16141,Coon Valley,Coon Valley,WI,Wisconsin,55123,Vernon,43.7024,-91.0112,787,272,polygon,FALSE,TRUE,America/Chicago,3
16142,Westminster,Westminster,TX,Texas,48085,Collin,33.3649,-96.4598,787,76,polygon,FALSE,FALSE,America/Chicago,3
16143,Klawock,Klawock,AK,Alaska,2198,Prince of Wales-Hyder,55.5556,-133.0868,787,446,polygon,FALSE,TRUE,America/Sitka,3
16144,Winnebago,Winnebago,NE,Nebraska,31173,Thurston,42.2361,-96.4719,787,1502,polygon,FALSE,TRUE,America/Chicago,3
16145,North Irwin,North Irwin,PA,Pennsylvania,42129,Westmoreland,40.3389,-79.7115,787,1502,polygon,FALSE,TRUE,America/New_York,3
16146,Fairplay,Fairplay,CO,Colorado,8093,Park,39.2245,-105.9965,787,264,polygon,FALSE,TRUE,America/Denver,3
16147,Stephens,Stephens,AR,Arkansas,5103,Ouachita,33.4221,-93.067,787,110,polygon,FALSE,TRUE,America/Chicago,3
16148,Horseshoe Bend,Horseshoe Bend,ID,Idaho,16015,Boise,43.9165,-116.1997,787,279,polygon,FALSE,TRUE,America/Boise,3
16149,Clarkfield,Clarkfield,MN,Minnesota,27173,Yellow Medicine,44.7907,-95.8077,787,282,polygon,FALSE,TRUE,America/Chicago,3
16150,Springport,Springport,MI,Michigan,26075,Jackson,42.3783,-84.6965,787,241,polygon,FALSE,TRUE,America/Detroit,3
16151,Turbeville,Turbeville,SC,South Carolina,45027,Clarendon,33.8896,-80.0161,787,226,polygon,FALSE,TRUE,America/New_York,3
16152,Ooltewah,Ooltewah,TN,Tennessee,47065,Hamilton,35.0723,-85.0546,786,490,polygon,FALSE,FALSE,America/New_York,3
16153,Belle Terre,Belle Terre,NY,New York,36103,Suffolk,40.9607,-73.0672,786,342,polygon,FALSE,TRUE,America/New_York,3
16154,Dollar Point,Dollar Point,CA,California,6061,Placer,39.1905,-120.1089,786,185,polygon,FALSE,FALSE,America/Los_Angeles,3
16155,Wataga,Wataga,IL,Illinois,17095,Knox,41.0253,-90.2755,786,366,polygon,FALSE,TRUE,America/Chicago,3
16156,Hurst,Hurst,IL,Illinois,17199,Williamson,37.8349,-89.1443,786,342,polygon,FALSE,TRUE,America/Chicago,3
16157,Clayton,Clayton,OK,Oklahoma,40127,Pushmataha,34.5857,-95.3561,786,176,polygon,FALSE,TRUE,America/Chicago,3
16158,Northwest,Northwest,NC,North Carolina,37019,Brunswick,34.3149,-78.1453,785,43,polygon,FALSE,TRUE,America/New_York,3
16159,Canon,Canon,GA,Georgia,13147,Hart,34.3455,-83.1107,785,97,polygon,FALSE,TRUE,America/New_York,3
16160,Ubly,Ubly,MI,Michigan,26063,Huron,43.7082,-82.9356,785,230,polygon,FALSE,TRUE,America/Detroit,3
16161,Bayside Gardens,Bayside Gardens,OR,Oregon,41057,Tillamook,45.7143,-123.9166,785,305,polygon,FALSE,FALSE,America/Los_Angeles,3
16162,Lower Brule,Lower Brule,SD,South Dakota,46085,Lyman,44.0741,-99.5837,785,833,polygon,FALSE,FALSE,America/Chicago,3
16163,Ventress,Ventress,LA,Louisiana,22077,Pointe Coupee,30.6824,-91.4248,784,149,polygon,FALSE,FALSE,America/Chicago,3
16164,Carrolltown,Carrolltown,PA,Pennsylvania,42021,Cambria,40.6048,-78.7072,784,437,polygon,FALSE,TRUE,America/New_York,3
16165,Hayneville,Hayneville,AL,Alabama,1085,Lowndes,32.1822,-86.5787,784,162,polygon,FALSE,TRUE,America/Chicago,3
16166,Seven Mile,Seven Mile,OH,Ohio,39017,Butler,39.4859,-84.5522,784,418,polygon,FALSE,TRUE,America/New_York,3
16167,Bovey,Bovey,MN,Minnesota,27061,Itasca,47.2962,-93.4036,784,132,polygon,FALSE,TRUE,America/Chicago,3
16168,Enterprise,Enterprise,KS,Kansas,20041,Dickinson,38.9029,-97.1162,784,451,polygon,FALSE,TRUE,America/Chicago,3
16169,Spearville,Spearville,KS,Kansas,20057,Ford,37.8481,-99.7548,784,482,polygon,FALSE,TRUE,America/Chicago,3
16170,Yachats,Yachats,OR,Oregon,41041,Lincoln,44.3126,-124.1022,784,332,polygon,FALSE,TRUE,America/Los_Angeles,3
16171,Hilltop Lakes,Hilltop Lakes,TX,Texas,48289,Leon,31.0755,-96.1914,783,35,polygon,FALSE,FALSE,America/Chicago,3
16172,Anacoco,Anacoco,LA,Louisiana,22115,Vernon,31.2545,-93.344,783,98,polygon,FALSE,TRUE,America/Chicago,3
16173,Aulander,Aulander,NC,North Carolina,37015,Bertie,36.228,-77.1136,783,204,polygon,FALSE,TRUE,America/New_York,3
16174,Byrdstown,Byrdstown,TN,Tennessee,47137,Pickett,36.5737,-85.1342,783,203,polygon,FALSE,TRUE,America/Chicago,3
16175,Fultonville,Fultonville,NY,New York,36057,Montgomery,42.9463,-74.3704,783,633,polygon,FALSE,TRUE,America/New_York,3
16176,Fort Washington,Fort Washington,CA,California,6019,Fresno,36.8793,-119.7613,783,2438,polygon,FALSE,TRUE,America/Los_Angeles,2
16177,Mountain Pine,Mountain Pine,AR,Arkansas,5051,Garland,34.5693,-93.1726,783,182,polygon,FALSE,TRUE,America/Chicago,3
16178,Pearl City,Pearl City,IL,Illinois,17177,Stephenson,42.2668,-89.8271,783,471,polygon,FALSE,TRUE,America/Chicago,3
16179,Woodhull,Woodhull,IL,Illinois,17073,Henry,41.1784,-90.3221,783,342,polygon,FALSE,TRUE,America/Chicago,3
16180,Newborn,Newborn,GA,Georgia,13217,Newton,33.5163,-83.6959,783,189,polygon,FALSE,TRUE,America/New_York,3
16181,Climax,Climax,MI,Michigan,26077,Kalamazoo,42.2383,-85.336,783,286,polygon,FALSE,TRUE,America/Detroit,3
16182,Birnamwood,Birnamwood,WI,Wisconsin,55115,Shawano,44.9319,-89.2094,782,137,polygon,FALSE,TRUE,America/Chicago,3
16183,Taycheedah,Taycheedah,WI,Wisconsin,55039,Fond du Lac,43.8122,-88.3914,782,408,polygon,FALSE,FALSE,America/Chicago,3
16184,Doyline,Doyline,LA,Louisiana,22119,Webster,32.525,-93.4118,782,90,polygon,FALSE,TRUE,America/Chicago,3
16185,Orient,Orient,NY,New York,36103,Suffolk,41.1425,-72.277,782,58,polygon,FALSE,FALSE,America/New_York,3
16186,Foxfield,Foxfield,CO,Colorado,8005,Arapahoe,39.5881,-104.7857,782,228,polygon,FALSE,TRUE,America/Denver,3
16187,Mendocino,Mendocino,CA,California,6045,Mendocino,39.311,-123.7908,782,133,polygon,FALSE,FALSE,America/Los_Angeles,3
16188,Norphlet,Norphlet,AR,Arkansas,5139,Union,33.3199,-92.662,782,147,polygon,FALSE,TRUE,America/Chicago,3
16189,Windfall City,Windfall City,IN,Indiana,18159,Tipton,40.3619,-85.9584,782,745,polygon,FALSE,TRUE,America/Indiana/Indianapolis,3
16190,Wallace,Wallace,ID,Idaho,16079,Shoshone,47.4736,-115.9227,782,332,polygon,FALSE,TRUE,America/Los_Angeles,3
16191,Pepin,Pepin,WI,Wisconsin,55091,Pepin,44.4423,-92.1482,781,417,polygon,FALSE,TRUE,America/Chicago,3
16192,Scurry,Scurry,TX,Texas,48257,Kaufman,32.5127,-96.385,781,162,polygon,FALSE,TRUE,America/Chicago,3
16193,Kindred,Kindred,ND,North Dakota,38017,Cass,46.6494,-97.017,781,208,polygon,FALSE,TRUE,America/Chicago,3
16194,Lyndonville,Lyndonville,NY,New York,36073,Orleans,43.3213,-78.3891,781,294,polygon,FALSE,TRUE,America/New_York,3
16195,Keysville,Keysville,VA,Virginia,51037,Charlotte,37.039,-78.4804,781,256,polygon,FALSE,TRUE,America/New_York,3
16196,Lake Tomahawk,Lake Tomahawk,OH,Ohio,39029,Columbiana,40.7638,-80.5952,781,365,polygon,FALSE,TRUE,America/New_York,3
16197,Rio Grande,Rio Grande,OH,Ohio,39053,Gallia,38.8797,-82.379,781,220,polygon,FALSE,TRUE,America/New_York,3
16198,Walnut Grove,Walnut Grove,MO,Missouri,29077,Greene,37.4113,-93.548,781,485,polygon,FALSE,TRUE,America/Chicago,3
16199,Deckerville,Deckerville,MI,Michigan,26151,Sanilac,43.5265,-82.742,781,241,polygon,FALSE,TRUE,America/Detroit,3
16200,Lake Victoria,Lake Victoria,MI,Michigan,26037,Clinton,42.9168,-84.3749,781,366,polygon,FALSE,TRUE,America/Detroit,3
16201,Savona,Savona,NY,New York,36101,Steuben,42.283,-77.2238,780,289,polygon,FALSE,TRUE,America/New_York,3
16202,Woodsburgh,Woodsburgh,NY,New York,36059,Nassau,40.6215,-73.7068,780,884,polygon,FALSE,TRUE,America/New_York,3
16203,Meriden,Meriden,KS,Kansas,20087,Jefferson,39.1897,-95.5679,780,398,polygon,FALSE,TRUE,America/Chicago,3
16204,Alma,Alma,KS,Kansas,20197,Wabaunsee,39.0151,-96.2873,780,515,polygon,FALSE,TRUE,America/Chicago,3
16205,Millersburg,Millersburg,KY,Kentucky,21017,Bourbon,38.3041,-84.145,780,735,polygon,FALSE,TRUE,America/New_York,3
16206,Marion,Marion,SD,South Dakota,46125,Turner,43.4236,-97.2605,780,347,polygon,FALSE,TRUE,America/Chicago,3
16207,Branchville,Branchville,NJ,New Jersey,34037,Sussex,41.1471,-74.7495,779,507,polygon,FALSE,TRUE,America/New_York,3
16208,Stantonsburg,Stantonsburg,NC,North Carolina,37195,Wilson,35.6056,-77.8198,779,511,polygon,FALSE,TRUE,America/New_York,3
16209,Norvelt,Norvelt,PA,Pennsylvania,42129,Westmoreland,40.205,-79.497,779,167,polygon,FALSE,FALSE,America/New_York,3
16210,Goochland,Goochland,VA,Virginia,51075,Goochland,37.6973,-77.8944,779,67,polygon,FALSE,FALSE,America/New_York,3
16211,Cissna Park,Cissna Park,IL,Illinois,17075,Iroquois,40.567,-87.8922,779,414,polygon,FALSE,TRUE,America/Chicago,3
16212,Tecumseh,Tecumseh,IN,Indiana,18167,Vigo,39.5658,-87.4327,779,119,polygon,FALSE,FALSE,America/Indiana/Indianapolis,3
16213,Dennehotso,Dennehotso,AZ,Arizona,4001,Apache,36.8209,-109.879,779,30,polygon,FALSE,FALSE,America/Denver,3
16214,Pleasant Hills,Pleasant Hills,OH,Ohio,39061,Hamilton,39.2365,-84.5229,779,848,polygon,FALSE,FALSE,America/New_York,3
16215,Belgrade,Belgrade,MN,Minnesota,27145,Stearns,45.4506,-94.9998,779,250,polygon,FALSE,TRUE,America/Chicago,3
16216,McKee,McKee,KY,Kentucky,21109,Jackson,37.4301,-83.986,779,125,polygon,FALSE,TRUE,America/New_York,3
16217,Hewitt,Hewitt,WI,Wisconsin,55141,Wood,44.6425,-90.1049,778,322,polygon,FALSE,TRUE,America/Chicago,3
16218,Douglas,Douglas,AL,Alabama,1095,Marshall,34.1705,-86.3224,778,88,polygon,FALSE,TRUE,America/Chicago,3
16219,Riceboro,Riceboro,GA,Georgia,13179,Liberty,31.7264,-81.4438,778,27,polygon,FALSE,TRUE,America/New_York,3
16220,Ossian,Ossian,IA,Iowa,19191,Winneshiek,43.1469,-91.7646,778,282,polygon,FALSE,TRUE,America/Chicago,3
16221,Montrose,Montrose,IA,Iowa,19111,Lee,40.5258,-91.4158,778,247,polygon,FALSE,TRUE,America/Chicago,3
16222,Miracle Valley,Miracle Valley,AZ,Arizona,4003,Cochise,31.3829,-110.1484,778,548,polygon,FALSE,FALSE,America/Phoenix,3
16223,Greensburg,Greensburg,KS,Kansas,20097,Kiowa,37.6049,-99.2896,778,167,polygon,FALSE,TRUE,America/Chicago,3
16224,Crabtree,Crabtree,OR,Oregon,41043,Linn,44.6377,-122.9059,778,165,polygon,FALSE,FALSE,America/Los_Angeles,3
16225,Hightsville,Hightsville,NC,North Carolina,37129,New Hanover,34.2667,-77.9344,777,205,polygon,FALSE,FALSE,America/New_York,3
16226,Wagram,Wagram,NC,North Carolina,37165,Scotland,34.8891,-79.3652,777,205,polygon,FALSE,TRUE,America/New_York,3
16227,Oshkosh,Oshkosh,NE,Nebraska,31069,Garden,41.408,-102.3452,777,448,polygon,FALSE,TRUE,America/Denver,3
16228,Woodridge,Woodridge,NY,New York,36105,Sullivan,41.7122,-74.574,777,177,polygon,FALSE,TRUE,America/New_York,3
16229,Stony Creek Mills,Stony Creek Mills,PA,Pennsylvania,42011,Berks,40.3493,-75.864,777,472,polygon,FALSE,FALSE,America/New_York,3
16230,Round Hill Village,Round Hill Village,NV,Nevada,32005,Douglas,38.9937,-119.9233,777,51,polygon,FALSE,TRUE,America/Los_Angeles,3
16231,Hugo,Hugo,CO,Colorado,8073,Lincoln,39.1362,-103.4731,777,329,polygon,FALSE,TRUE,America/Denver,3
16232,Alexis,Alexis,IL,Illinois,17187,Warren,41.063,-90.5555,777,631,polygon,FALSE,TRUE,America/Chicago,3
16233,Hartford,Hartford,IA,Iowa,19181,Warren,41.4577,-93.4038,777,276,polygon,FALSE,TRUE,America/Chicago,3
16234,Flint Hill,Flint Hill,MO,Missouri,29183,St. Charles,38.8627,-90.8724,777,93,polygon,FALSE,TRUE,America/Chicago,3
16235,Blue Ridge Manor,Blue Ridge Manor,KY,Kentucky,21111,Jefferson,38.2434,-85.5647,777,1616,polygon,FALSE,TRUE,America/New_York,3
16236,South Lebanon,South Lebanon,OR,Oregon,41043,Linn,44.5054,-122.8959,777,252,polygon,FALSE,FALSE,America/Los_Angeles,3
16237,Wrightstown,Wrightstown,NJ,New Jersey,34005,Burlington,40.0258,-74.6317,776,161,polygon,FALSE,TRUE,America/New_York,3
16238,York Springs,York Springs,PA,Pennsylvania,42001,Adams,40.0093,-77.1159,776,1504,polygon,FALSE,TRUE,America/New_York,3
16239,Susan Moore,Susan Moore,AL,Alabama,1009,Blount,34.0799,-86.4234,776,57,polygon,FALSE,TRUE,America/Chicago,3
16240,Pimaco Two,Pimaco Two,AZ,Arizona,4019,Pima,31.9666,-110.4664,776,66,polygon,FALSE,FALSE,America/Phoenix,3
16241,Mountainaire,Mountainaire,AZ,Arizona,4005,Coconino,35.0921,-111.6493,776,29,polygon,FALSE,FALSE,America/Phoenix,3
16242,Baltic,Baltic,OH,Ohio,39157,Tuscarawas,40.4436,-81.7016,776,407,polygon,FALSE,TRUE,America/New_York,3
16243,Marshallville,Marshallville,OH,Ohio,39169,Wayne,40.8996,-81.733,776,506,polygon,FALSE,TRUE,America/New_York,3
16244,Loma Linda,Loma Linda,MO,Missouri,29145,Newton,36.9858,-94.5922,776,84,polygon,FALSE,TRUE,America/Chicago,3
16245,Conway,Conway,MO,Missouri,29105,Laclede,37.5057,-92.8312,776,164,polygon,FALSE,TRUE,America/Chicago,3
16246,New Market,New Market,PA,Pennsylvania,42133,York,40.2232,-76.8566,775,1771,polygon,FALSE,FALSE,America/New_York,3
16247,Damascus,Damascus,VA,Virginia,51191,Washington,36.6326,-81.7891,775,375,polygon,FALSE,TRUE,America/New_York,3
16248,Riverview,Riverview,VA,Virginia,51195,Wise,36.9326,-82.4846,775,524,polygon,FALSE,FALSE,America/New_York,3
16249,Dayton,Dayton,IA,Iowa,19187,Webster,42.2622,-94.0712,775,353,polygon,FALSE,TRUE,America/Chicago,3
16250,Ashland,Ashland,KS,Kansas,20025,Clark,37.1866,-99.7697,775,176,polygon,FALSE,TRUE,America/Chicago,3
16251,Esperanza,Esperanza,PR,Puerto Rico,72147,Vieques,18.1021,-65.4798,775,235,polygon,FALSE,FALSE,America/Puerto_Rico,3
16252,Siren,Siren,WI,Wisconsin,55013,Burnett,45.7826,-92.3823,774,249,polygon,FALSE,TRUE,America/Chicago,3
16253,North Hills,North Hills,WV,West Virginia,54107,Wood,39.315,-81.5087,774,527,polygon,FALSE,TRUE,America/New_York,3
16254,Alakanuk,Alakanuk,AK,Alaska,2158,Kusilvak,62.6902,-164.6305,774,9,polygon,FALSE,TRUE,America/Nome,3
16255,Holly,Holly,CO,Colorado,8099,Prowers,38.0554,-102.1247,774,413,polygon,FALSE,TRUE,America/Denver,3
16256,Egypt,Egypt,AL,Alabama,1055,Etowah,34.0759,-86.1651,774,33,polygon,FALSE,FALSE,America/Chicago,3
16257,East Galesburg,East Galesburg,IL,Illinois,17095,Knox,40.9429,-90.3109,774,218,polygon,FALSE,TRUE,America/Chicago,3
16258,New Seabury,New Seabury,MA,Massachusetts,25001,Barnstable,41.5689,-70.4811,774,124,polygon,FALSE,FALSE,America/New_York,3
16259,Wellston,Wellston,OK,Oklahoma,40081,Lincoln,35.6861,-97.0616,774,223,polygon,FALSE,TRUE,America/Chicago,3
16260,Cheyenne,Cheyenne,OK,Oklahoma,40129,Roger Mills,35.6102,-99.6782,774,308,polygon,FALSE,TRUE,America/Chicago,3
16261,Bailey's Prairie,Bailey's Prairie,TX,Texas,48039,Brazoria,29.1527,-95.4977,773,42,polygon,FALSE,TRUE,America/Chicago,3
16262,Hemingford,Hemingford,NE,Nebraska,31013,Box Butte,42.3214,-103.0752,773,438,polygon,FALSE,TRUE,America/Denver,3
16263,Somerville,Somerville,AL,Alabama,1103,Morgan,34.4676,-86.7935,773,97,polygon,FALSE,TRUE,America/Chicago,3
16264,Lowden,Lowden,IA,Iowa,19031,Cedar,41.8589,-90.9229,773,277,polygon,FALSE,TRUE,America/Chicago,3
16265,Grand Junction,Grand Junction,IA,Iowa,19073,Greene,42.033,-94.237,773,308,polygon,FALSE,TRUE,America/Chicago,3
16266,Sterling,Sterling,OK,Oklahoma,40031,Comanche,34.7498,-98.1729,773,370,polygon,FALSE,TRUE,America/Chicago,3
16267,Cohassett Beach,Cohassett Beach,WA,Washington,53027,Grays Harbor,46.8656,-124.1054,772,229,polygon,FALSE,FALSE,America/Los_Angeles,3
16268,Biron,Biron,WI,Wisconsin,55141,Wood,44.4281,-89.766,772,64,polygon,FALSE,TRUE,America/Chicago,3
16269,Cedar Hill,Cedar Hill,NM,New Mexico,35045,San Juan,36.9296,-107.8871,772,55,polygon,FALSE,FALSE,America/Denver,3
16270,Log Cabin,Log Cabin,TX,Texas,48213,Henderson,32.2231,-96.0222,772,284,polygon,FALSE,TRUE,America/Chicago,3
16271,Copenhagen,Copenhagen,NY,New York,36049,Lewis,43.8934,-75.6726,772,253,polygon,FALSE,TRUE,America/New_York,3
16272,Plumerville,Plumerville,AR,Arkansas,5029,Conway,35.16,-92.6424,772,277,polygon,FALSE,TRUE,America/Chicago,3
16273,Patoka,Patoka,IN,Indiana,18051,Gibson,38.4015,-87.5875,772,271,polygon,FALSE,TRUE,America/Chicago,3
16274,Kirklin,Kirklin,IN,Indiana,18023,Clinton,40.1929,-86.3593,772,707,polygon,FALSE,TRUE,America/Indiana/Indianapolis,3
16275,Earlville,Earlville,IA,Iowa,19055,Delaware,42.4826,-91.27,772,528,polygon,FALSE,TRUE,America/Chicago,3
16276,Vernon,Vernon,MI,Michigan,26155,Shiawassee,42.9392,-84.0329,772,299,polygon,FALSE,TRUE,America/Detroit,3
16277,La Parguera,La Parguera,PR,Puerto Rico,72079,Lajas,17.9746,-67.046,772,1242,polygon,FALSE,FALSE,America/Puerto_Rico,3
16278,Toledo,Toledo,WA,Washington,53041,Lewis,46.4415,-122.8497,771,755,polygon,FALSE,TRUE,America/Los_Angeles,3
16279,Hermitage,Hermitage,AR,Arkansas,5011,Bradley,33.4471,-92.1712,771,275,polygon,FALSE,TRUE,America/Chicago,3
16280,Island Pond,Island Pond,VT,Vermont,50009,Essex,44.8125,-71.8862,771,71,polygon,FALSE,FALSE,America/New_York,3
16281,Screven,Screven,GA,Georgia,13305,Wayne,31.484,-82.0171,771,138,polygon,FALSE,TRUE,America/New_York,3
16282,Queen Valley,Queen Valley,AZ,Arizona,4021,Pinal,33.283,-111.305,771,30,polygon,FALSE,FALSE,America/Phoenix,3
16283,Sawmill,Sawmill,AZ,Arizona,4001,Apache,35.8924,-109.1538,771,51,polygon,FALSE,FALSE,America/Denver,3
16284,Valley Brook,Valley Brook,OK,Oklahoma,40109,Oklahoma,35.4027,-97.4814,771,1138,polygon,FALSE,TRUE,America/Chicago,3
16285,Vermontville,Vermontville,MI,Michigan,26045,Eaton,42.6269,-85.0248,771,235,polygon,FALSE,TRUE,America/Detroit,3
16286,Bucklin,Bucklin,KS,Kansas,20057,Ford,37.5488,-99.6344,771,517,polygon,FALSE,TRUE,America/Chicago,3
16287,Coward,Coward,SC,South Carolina,45041,Florence,33.9721,-79.749,771,84,polygon,FALSE,TRUE,America/New_York,3
16288,Nocona Hills,Nocona Hills,TX,Texas,48337,Montague,33.8524,-97.6435,770,57,polygon,FALSE,FALSE,America/Chicago,3
16289,Black Creek,Black Creek,NC,North Carolina,37195,Wilson,35.6366,-77.9331,770,414,polygon,FALSE,TRUE,America/New_York,3
16290,Round Lake,Round Lake,NY,New York,36091,Saratoga,42.9376,-73.7958,770,264,polygon,FALSE,TRUE,America/New_York,3
16291,Chalfant,Chalfant,PA,Pennsylvania,42003,Allegheny,40.41,-79.8387,770,1868,polygon,FALSE,TRUE,America/New_York,3
16292,Central City,Central City,CO,Colorado,8047,Gilpin,39.7943,-105.5117,770,137,polygon,FALSE,TRUE,America/Denver,3
16293,White Plains,White Plains,AL,Alabama,1015,Calhoun,33.7603,-85.688,770,23,polygon,FALSE,FALSE,America/Chicago,3
16294,Dover,Dover,MN,Minnesota,27109,Olmsted,43.9699,-92.1341,770,293,polygon,FALSE,TRUE,America/Chicago,3
16295,Hanna,Hanna,WY,Wyoming,56007,Carbon,41.8698,-106.5596,769,145,polygon,FALSE,TRUE,America/Denver,3
16296,Payne Springs,Payne Springs,TX,Texas,48213,Henderson,32.2872,-96.0889,769,140,polygon,FALSE,TRUE,America/Chicago,3
16297,White Lake,White Lake,NC,North Carolina,37017,Bladen,34.6417,-78.4969,769,289,polygon,FALSE,TRUE,America/New_York,3
16298,Vicksburg,Vicksburg,PA,Pennsylvania,42119,Union,40.9384,-76.9905,769,615,polygon,FALSE,FALSE,America/New_York,3
16299,Bristow Cove,Bristow Cove,AL,Alabama,1055,Etowah,34.1092,-86.241,769,27,polygon,FALSE,TRUE,America/Chicago,3
16300,Boswell,Boswell,IN,Indiana,18007,Benton,40.5173,-87.3756,769,335,polygon,FALSE,TRUE,America/Indiana/Indianapolis,3
16301,Exira,Exira,IA,Iowa,19009,Audubon,41.592,-94.8811,769,291,polygon,FALSE,TRUE,America/Chicago,3
16302,Walnut,Walnut,IA,Iowa,19155,Pottawattamie,41.4895,-95.2197,769,134,polygon,FALSE,TRUE,America/Chicago,3
16303,Wall Lake,Wall Lake,IA,Iowa,19161,Sac,42.2672,-95.0927,769,241,polygon,FALSE,TRUE,America/Chicago,3
16304,Round Rock,Round Rock,AZ,Arizona,4001,Apache,36.5044,-109.4616,769,20,polygon,FALSE,FALSE,America/Denver,3
16305,Exeter,Exeter,MO,Missouri,29009,Barry,36.6707,-93.9401,769,375,polygon,FALSE,TRUE,America/Chicago,3
16306,Polk,Polk,PA,Pennsylvania,42121,Venango,41.3691,-79.9311,768,146,polygon,FALSE,TRUE,America/New_York,3
16307,Wadsworth,Wadsworth,NV,Nevada,32031,Washoe,39.6322,-119.2901,768,79,polygon,FALSE,FALSE,America/Los_Angeles,3
16308,Lake of the Woods,Lake of the Woods,CA,California,6029,Kern,34.8226,-119.0027,768,84,polygon,FALSE,FALSE,America/Los_Angeles,3
16309,Bootjack,Bootjack,CA,California,6043,Mariposa,37.4672,-119.8887,768,42,polygon,FALSE,FALSE,America/Los_Angeles,3
16310,Brantley,Brantley,AL,Alabama,1041,Crenshaw,31.5822,-86.2569,768,95,polygon,FALSE,TRUE,America/Chicago,3
16311,Jeffersonville,Jeffersonville,VT,Vermont,50015,Lamoille,44.6427,-72.8282,768,382,polygon,FALSE,TRUE,America/New_York,3
16312,Hanover,Hanover,IL,Illinois,17085,Jo Daviess,42.2553,-90.2737,768,264,polygon,FALSE,TRUE,America/Chicago,3
16313,West Concord,West Concord,MN,Minnesota,27039,Dodge,44.1529,-92.8995,768,273,polygon,FALSE,TRUE,America/Chicago,3
16314,Lamberton,Lamberton,MN,Minnesota,27127,Redwood,44.2306,-95.2676,768,388,polygon,FALSE,TRUE,America/Chicago,3
16315,High Rolls,High Rolls,NM,New Mexico,35035,Otero,32.9388,-105.8214,767,19,polygon,FALSE,FALSE,America/Denver,3
16316,Hailesboro,Hailesboro,NY,New York,36089,St. Lawrence,44.3098,-75.4357,767,63,polygon,FALSE,FALSE,America/New_York,3
16317,Linden,Linden,IN,Indiana,18107,Montgomery,40.1889,-86.9023,767,757,polygon,FALSE,TRUE,America/Indiana/Indianapolis,3
16318,Knightsville,Knightsville,IN,Indiana,18021,Clay,39.5253,-87.0891,767,285,polygon,FALSE,TRUE,America/Indiana/Indianapolis,3
16319,Viborg,Viborg,SD,South Dakota,46125,Turner,43.1715,-97.0798,767,737,polygon,FALSE,TRUE,America/Chicago,3
16320,Plain,Plain,WI,Wisconsin,55111,Sauk,43.2779,-90.0423,766,355,polygon,FALSE,TRUE,America/Chicago,3
16321,White Springs,White Springs,FL,Florida,12047,Hamilton,30.3317,-82.7562,766,161,polygon,FALSE,TRUE,America/New_York,3
16322,Indian Springs,Indian Springs,TX,Texas,48373,Polk,30.6879,-94.7449,766,162,polygon,FALSE,FALSE,America/Chicago,3
16323,Harrison,Harrison,IL,Illinois,17077,Jackson,37.7982,-89.3361,766,143,polygon,FALSE,FALSE,America/Chicago,3
16324,Tiskilwa,Tiskilwa,IL,Illinois,17011,Bureau,41.2928,-89.5081,766,578,polygon,FALSE,TRUE,America/Chicago,3
16325,Bishopville,Bishopville,MD,Maryland,24047,Worcester,38.4413,-75.2092,766,103,polygon,FALSE,FALSE,America/New_York,3
16326,Alto,Alto,CA,California,6041,Marin,37.9056,-122.5186,765,2348,polygon,FALSE,FALSE,America/Los_Angeles,2
16327,Hardy,Hardy,AR,Arkansas,5135,Sharp,36.3187,-91.4791,765,57,polygon,FALSE,TRUE,America/Chicago,3
16328,Van Bibber Lake,Van Bibber Lake,IN,Indiana,18133,Putnam,39.7292,-86.9296,765,1144,polygon,FALSE,FALSE,America/Indiana/Indianapolis,3
16329,Oregon,Oregon,MO,Missouri,29087,Holt,39.9861,-95.1433,765,318,polygon,FALSE,TRUE,America/Chicago,3
16330,Lancaster,Lancaster,MO,Missouri,29197,Schuyler,40.5238,-92.5314,765,198,polygon,FALSE,TRUE,America/Chicago,3
16331,Elysian,Elysian,MN,Minnesota,27079,Le Sueur,44.2067,-93.6765,765,247,polygon,FALSE,TRUE,America/Chicago,3
16332,Philip,Philip,SD,South Dakota,46055,Haakon,44.0408,-101.6646,765,497,polygon,FALSE,TRUE,America/Denver,3
16333,Woodruff,Woodruff,WI,Wisconsin,55085,Oneida,45.8946,-89.6912,764,208,polygon,FALSE,FALSE,America/Chicago,3
16334,Sam Rayburn,Sam Rayburn,TX,Texas,48241,Jasper,31.0789,-94.0266,764,34,polygon,FALSE,FALSE,America/Chicago,3
16335,Tickfaw,Tickfaw,LA,Louisiana,22105,Tangipahoa,30.5769,-90.4871,764,182,polygon,FALSE,TRUE,America/Chicago,3
16336,Dunseith,Dunseith,ND,North Dakota,38079,Rolette,48.813,-100.0622,764,294,polygon,FALSE,TRUE,America/Chicago,3
16337,Riceville,Riceville,IA,Iowa,19089,Howard,43.3621,-92.5541,764,268,polygon,FALSE,TRUE,America/Chicago,3
16338,Alanson,Alanson,MI,Michigan,26047,Emmet,45.4425,-84.7871,764,299,polygon,FALSE,TRUE,America/Detroit,3
16339,Eagleville,Eagleville,TN,Tennessee,47149,Rutherford,35.7391,-86.6528,763,104,polygon,FALSE,TRUE,America/Chicago,3
16340,Edenburg,Edenburg,PA,Pennsylvania,42011,Berks,40.5658,-75.9593,763,510,polygon,FALSE,FALSE,America/New_York,3
16341,New Cuyama,New Cuyama,CA,California,6083,Santa Barbara,34.9421,-119.6808,763,417,polygon,FALSE,FALSE,America/Los_Angeles,3
16342,Homecroft,Homecroft,IN,Indiana,18097,Marion,39.6696,-86.1312,763,1227,polygon,FALSE,TRUE,America/Indiana/Indianapolis,3
16343,Port Deposit,Port Deposit,MD,Maryland,24015,Cecil,39.6111,-76.098,763,130,polygon,FALSE,TRUE,America/New_York,3
16344,Corinne,Corinne,UT,Utah,49003,Box Elder,41.5497,-112.1227,763,77,polygon,FALSE,TRUE,America/Denver,3
16345,Columbiaville,Columbiaville,MI,Michigan,26087,Lapeer,43.1567,-83.4069,763,333,polygon,FALSE,TRUE,America/Detroit,3
16346,Triadelphia,Triadelphia,WV,West Virginia,54069,Ohio,40.0483,-80.623,762,437,polygon,FALSE,TRUE,America/New_York,3
16347,Kwethluk,Kwethluk,AK,Alaska,2050,Bethel,60.7978,-161.4147,762,29,polygon,FALSE,TRUE,America/Anchorage,3
16348,Grassflat,Grassflat,PA,Pennsylvania,42033,Clearfield,41.0031,-78.1113,762,260,polygon,FALSE,FALSE,America/New_York,3
16349,Mountain Road,Mountain Road,VA,Virginia,51083,Halifax,36.7585,-78.989,762,34,polygon,FALSE,FALSE,America/New_York,3
16350,La Paz Valley,La Paz Valley,AZ,Arizona,4012,La Paz,33.5582,-114.2434,762,10,polygon,FALSE,FALSE,America/Phoenix,3
16351,Cowley,Cowley,WY,Wyoming,56003,Big Horn,44.8834,-108.4693,761,336,polygon,FALSE,TRUE,America/Denver,3
16352,Lopatcong Overlook,Lopatcong Overlook,NJ,New Jersey,34041,Warren,40.6972,-75.1452,761,808,polygon,FALSE,TRUE,America/New_York,3
16353,Throckmorton,Throckmorton,TX,Texas,48447,Throckmorton,33.182,-99.1798,761,177,polygon,FALSE,TRUE,America/Chicago,3
16354,Red Cross,Red Cross,NC,North Carolina,37167,Stanly,35.2659,-80.3622,761,82,polygon,FALSE,TRUE,America/New_York,3
16355,Eldred,Eldred,PA,Pennsylvania,42083,McKean,41.9562,-78.3818,761,358,polygon,FALSE,TRUE,America/New_York,3
16356,Kiowa,Kiowa,CO,Colorado,8039,Elbert,39.3436,-104.458,761,341,polygon,FALSE,TRUE,America/Denver,3
16357,Hamlet,Hamlet,IN,Indiana,18149,Starke,41.3792,-86.5831,761,304,polygon,FALSE,TRUE,America/Chicago,3
16358,Hymera,Hymera,IN,Indiana,18153,Sullivan,39.1859,-87.2989,761,412,polygon,FALSE,TRUE,America/Indiana/Indianapolis,3
16359,Milo,Milo,IA,Iowa,19181,Warren,41.2892,-93.4406,761,484,polygon,FALSE,TRUE,America/Chicago,3
16360,Tacna,Tacna,AZ,Arizona,4027,Yuma,32.7004,-113.9618,761,152,polygon,FALSE,FALSE,America/Phoenix,3
16361,Moyie Springs,Moyie Springs,ID,Idaho,16021,Boundary,48.7247,-116.1954,761,194,polygon,FALSE,TRUE,America/Los_Angeles,3
16362,Pilot Grove,Pilot Grove,MO,Missouri,29053,Cooper,38.8736,-92.9126,761,698,polygon,FALSE,TRUE,America/Chicago,3
16363,Waubeka,Waubeka,WI,Wisconsin,55089,Ozaukee,43.4701,-87.9919,760,126,polygon,FALSE,FALSE,America/Chicago,3
16364,Heidlersburg,Heidlersburg,PA,Pennsylvania,42001,Adams,39.9504,-77.1494,760,271,polygon,FALSE,FALSE,America/New_York,3
16365,New Site,New Site,AL,Alabama,1123,Tallapoosa,33.0283,-85.7801,760,29,polygon,FALSE,TRUE,America/Chicago,3
16366,Strawberry,Strawberry,AZ,Arizona,4007,Gila,34.4018,-111.5002,760,31,polygon,FALSE,FALSE,America/Phoenix,3
16367,Sharon Springs,Sharon Springs,KS,Kansas,20199,Wallace,38.8943,-101.7512,760,325,polygon,FALSE,TRUE,America/Denver,3
16368,La Farge,La Farge,WI,Wisconsin,55123,Vernon,43.5782,-90.6381,759,290,polygon,FALSE,TRUE,America/Chicago,3
16369,Cordova,Cordova,NM,New Mexico,35039,Rio Arriba,36.0128,-105.8566,759,176,polygon,FALSE,FALSE,America/Denver,3
16370,Sanderson,Sanderson,TX,Texas,48443,Terrell,30.1508,-102.4079,759,69,polygon,FALSE,FALSE,America/Chicago,3
16371,Columbia,Columbia,NC,North Carolina,37177,Tyrrell,35.9201,-76.242,759,243,polygon,FALSE,TRUE,America/New_York,3
16372,Braceville,Braceville,IL,Illinois,17063,Grundy,41.228,-88.2464,759,94,polygon,FALSE,TRUE,America/Chicago,3
16373,Montgomery,Montgomery,IN,Indiana,18027,Daviess,38.6655,-87.0493,759,181,polygon,FALSE,TRUE,America/Indiana/Vincennes,3
16374,Tipton,Tipton,OK,Oklahoma,40141,Tillman,34.502,-99.1383,759,433,polygon,FALSE,TRUE,America/Chicago,3
16375,Juncal,Juncal,PR,Puerto Rico,72131,San Sebastián,18.3132,-66.9188,759,1465,polygon,FALSE,FALSE,America/Puerto_Rico,3
16376,Meadow Vale,Meadow Vale,KY,Kentucky,21111,Jefferson,38.2833,-85.5728,759,1502,polygon,FALSE,TRUE,America/New_York,3
16377,Alliance,Alliance,NC,North Carolina,37137,Pamlico,35.1435,-76.8084,758,140,polygon,FALSE,TRUE,America/New_York,3
16378,Essex,Essex,IL,Illinois,17091,Kankakee,41.1819,-88.1926,758,125,polygon,FALSE,TRUE,America/Chicago,3
16379,Gila Crossing,Gila Crossing,AZ,Arizona,4013,Maricopa,33.273,-112.1627,758,336,polygon,FALSE,FALSE,America/Phoenix,3
16380,Lake View,Lake View,SC,South Carolina,45033,Dillon,34.3406,-79.1663,758,173,polygon,FALSE,TRUE,America/New_York,3
16381,Diamondville,Diamondville,WY,Wyoming,56023,Lincoln,41.7771,-110.5357,757,250,polygon,FALSE,TRUE,America/Denver,3
16382,Cuba,Cuba,NM,New Mexico,35043,Sandoval,36.0146,-106.968,757,89,polygon,FALSE,TRUE,America/Denver,3
16383,Jerome,Jerome,PA,Pennsylvania,42111,Somerset,40.2136,-78.9809,757,112,polygon,FALSE,FALSE,America/New_York,3
16384,New Hope,New Hope,VA,Virginia,51015,Augusta,38.1954,-78.9044,757,50,polygon,FALSE,FALSE,America/New_York,3
16385,Middletown,Middletown,CA,California,6033,Lake,38.7518,-122.6221,757,158,polygon,FALSE,FALSE,America/Los_Angeles,3
16386,Eden,Eden,UT,Utah,49057,Weber,41.3022,-111.8086,757,69,polygon,FALSE,FALSE,America/Denver,3
16387,Hilltop,Hilltop,MN,Minnesota,27003,Anoka,45.0536,-93.2501,757,2451,polygon,FALSE,TRUE,America/Chicago,2
16388,Howard,Howard,SD,South Dakota,46097,Miner,44.0116,-97.5245,757,304,polygon,FALSE,TRUE,America/Chicago,3
16389,Misenheimer,Misenheimer,NC,North Carolina,37167,Stanly,35.4824,-80.2855,756,162,polygon,FALSE,TRUE,America/New_York,3
16390,Gratz,Gratz,PA,Pennsylvania,42043,Dauphin,40.6073,-76.7159,756,98,polygon,FALSE,TRUE,America/New_York,3
16391,Ringtown,Ringtown,PA,Pennsylvania,42107,Schuylkill,40.8565,-76.235,756,665,polygon,FALSE,TRUE,America/New_York,3
16392,Leighton,Leighton,AL,Alabama,1033,Colbert,34.6941,-87.5282,756,135,polygon,FALSE,TRUE,America/Chicago,3
16393,Knoxville,Knoxville,AR,Arkansas,5071,Johnson,35.378,-93.3632,756,91,polygon,FALSE,TRUE,America/Chicago,3
16394,Godley,Godley,IL,Illinois,17197,Will,41.2385,-88.2452,756,269,polygon,FALSE,TRUE,America/Chicago,3
16395,Fountain City,Fountain City,IN,Indiana,18177,Wayne,39.9548,-84.9193,756,1106,polygon,FALSE,TRUE,America/Indiana/Indianapolis,3
16396,Cass Lake,Cass Lake,MN,Minnesota,27021,Cass,47.3788,-94.5991,756,253,polygon,FALSE,TRUE,America/Chicago,3
16397,Raymond,Raymond,MN,Minnesota,27067,Kandiyohi,45.0186,-95.2369,756,323,polygon,FALSE,TRUE,America/Chicago,3
16398,Oak Hill,Oak Hill,MI,Michigan,26101,Manistee,44.2197,-86.3031,756,580,polygon,FALSE,FALSE,America/Detroit,3
16399,Port Vincent,Port Vincent,LA,Louisiana,22063,Livingston,30.3384,-90.8423,755,171,polygon,FALSE,TRUE,America/Chicago,3
16400,Peru,Peru,NE,Nebraska,31127,Nemaha,40.4785,-95.7314,755,554,polygon,FALSE,TRUE,America/Chicago,3
16401,Hobson City,Hobson City,AL,Alabama,1015,Calhoun,33.6148,-85.8561,755,278,polygon,FALSE,TRUE,America/Chicago,3
16402,Kinmundy,Kinmundy,IL,Illinois,17121,Marion,38.7726,-88.8539,755,272,polygon,FALSE,TRUE,America/Chicago,3
16403,Patterson,Patterson,GA,Georgia,13229,Pierce,31.3854,-82.1375,755,110,polygon,FALSE,TRUE,America/New_York,3
16404,Gibbon,Gibbon,MN,Minnesota,27143,Sibley,44.5333,-94.5242,755,439,polygon,FALSE,TRUE,America/Chicago,3
16405,Twin Valley,Twin Valley,MN,Minnesota,27107,Norman,47.2589,-96.2592,755,340,polygon,FALSE,TRUE,America/Chicago,3
16406,Bridger,Bridger,MT,Montana,30009,Carbon,45.2946,-108.9166,755,365,polygon,FALSE,TRUE,America/Denver,3
16407,Beechmont,Beechmont,KY,Kentucky,21177,Muhlenberg,37.1714,-87.0364,755,160,polygon,FALSE,FALSE,America/Chicago,3
16408,Chiloquin,Chiloquin,OR,Oregon,41035,Klamath,42.5764,-121.8677,755,356,polygon,FALSE,TRUE,America/Los_Angeles,3
16409,Alcester,Alcester,SD,South Dakota,46127,Union,43.0231,-96.6279,755,873,polygon,FALSE,TRUE,America/Chicago,3
16410,Pine Lake,Pine Lake,GA,Georgia,13089,DeKalb,33.7904,-84.2061,754,1222,polygon,FALSE,TRUE,America/New_York,3
16411,Hedrick,Hedrick,IA,Iowa,19107,Keokuk,41.1712,-92.3079,754,189,polygon,FALSE,TRUE,America/Chicago,3
16412,Weidman,Weidman,MI,Michigan,26073,Isabella,43.7014,-84.9745,754,51,polygon,FALSE,FALSE,America/Detroit,3
16413,Walnut,Walnut,MS,Mississippi,28139,Tippah,34.9497,-88.9236,754,53,polygon,FALSE,TRUE,America/Chicago,3
16414,Montreal,Montreal,WI,Wisconsin,55051,Iron,46.4312,-90.2382,753,130,polygon,FALSE,TRUE,America/Menominee,3
16415,Mount Calvary,Mount Calvary,WI,Wisconsin,55039,Fond du Lac,43.8263,-88.246,753,275,polygon,FALSE,TRUE,America/Chicago,3
16416,Black Diamond,Black Diamond,FL,Florida,12017,Citrus,28.9066,-82.4946,753,73,polygon,FALSE,FALSE,America/New_York,3
16417,New Harmony,New Harmony,IN,Indiana,18129,Posey,38.1288,-87.9302,753,356,polygon,FALSE,TRUE,America/Chicago,3
16418,Church Hill,Church Hill,MD,Maryland,24035,Queen Anne's,39.1451,-75.9808,753,404,polygon,FALSE,TRUE,America/New_York,3
16419,Morgandale,Morgandale,OH,Ohio,39155,Trumbull,41.267,-80.7958,753,109,polygon,FALSE,FALSE,America/New_York,3
16420,Victor,Victor,MT,Montana,30081,Ravalli,46.4161,-114.1491,753,650,polygon,FALSE,FALSE,America/Denver,3
16421,Happy Valley,Happy Valley,NM,New Mexico,35015,Eddy,32.4235,-104.2903,752,135,polygon,FALSE,TRUE,America/Denver,3
16422,Point Blank,Point Blank,TX,Texas,48407,San Jacinto,30.7474,-95.2163,752,143,polygon,FALSE,TRUE,America/Chicago,3
16423,Napoleon,Napoleon,ND,North Dakota,38047,Logan,46.5039,-99.7683,752,210,polygon,FALSE,TRUE,America/Chicago,3
16424,Fonda,Fonda,NY,New York,36057,Montgomery,42.9536,-74.372,752,538,polygon,FALSE,TRUE,America/New_York,3
16425,Hickory,Hickory,PA,Pennsylvania,42125,Washington,40.2957,-80.3052,752,102,polygon,FALSE,FALSE,America/New_York,3
16426,Delaware Water Gap,Delaware Water Gap,PA,Pennsylvania,42089,Monroe,40.975,-75.1392,752,150,polygon,FALSE,TRUE,America/New_York,3
16427,Orangeville,Orangeville,IL,Illinois,17177,Stephenson,42.4659,-89.6469,752,429,polygon,FALSE,TRUE,America/Chicago,3
16428,Middle Amana,Middle Amana,IA,Iowa,19095,Iowa,41.7945,-91.901,752,281,polygon,FALSE,FALSE,America/Chicago,3
16429,Gettysburg,Gettysburg,OH,Ohio,39037,Darke,40.1157,-84.4966,752,662,polygon,FALSE,TRUE,America/New_York,3
16430,Olympian Village,Olympian Village,MO,Missouri,29099,Jefferson,38.1347,-90.4581,752,557,polygon,FALSE,TRUE,America/Chicago,3
16431,Greenwood,Greenwood,MN,Minnesota,27053,Hennepin,44.9122,-93.555,752,809,polygon,FALSE,TRUE,America/Chicago,3
16432,Brinnon,Brinnon,WA,Washington,53031,Jefferson,47.6689,-122.9249,751,30,polygon,FALSE,FALSE,America/Los_Angeles,3
16433,Santa Clara,Santa Clara,TX,Texas,48187,Guadalupe,29.5911,-98.1614,751,134,polygon,FALSE,TRUE,America/Chicago,3
16434,Axtell,Axtell,NE,Nebraska,31099,Kearney,40.4798,-99.1292,751,624,polygon,FALSE,TRUE,America/Chicago,3
16435,Crab Orchard,Crab Orchard,TN,Tennessee,47035,Cumberland,35.9066,-84.8847,751,26,polygon,FALSE,TRUE,America/Chicago,3
16436,White Hall,White Hall,AL,Alabama,1085,Lowndes,32.2993,-86.7148,751,18,polygon,FALSE,TRUE,America/Chicago,3
16437,Perdido,Perdido,AL,Alabama,1003,Baldwin,31.0033,-87.6324,751,26,polygon,FALSE,FALSE,America/Chicago,3
16438,Mexico,Mexico,IN,Indiana,18103,Miami,40.8143,-86.1113,751,53,polygon,FALSE,FALSE,America/Indiana/Indianapolis,3
16439,Haileyville,Haileyville,OK,Oklahoma,40121,Pittsburg,34.8542,-95.5784,751,281,polygon,FALSE,TRUE,America/Chicago,3
16440,Pray,Pray,MT,Montana,30067,Park,45.4151,-110.6533,751,10,polygon,FALSE,FALSE,America/Denver,3
16441,St. Nazianz,St. Nazianz,WI,Wisconsin,55071,Manitowoc,44.0067,-87.9246,750,364,polygon,FALSE,TRUE,America/Chicago,3
16442,Hessmer,Hessmer,LA,Louisiana,22009,Avoyelles,31.0534,-92.1214,750,350,polygon,FALSE,TRUE,America/Chicago,3
16443,Mooringsport,Mooringsport,LA,Louisiana,22017,Caddo,32.6832,-93.9607,750,249,polygon,FALSE,TRUE,America/Chicago,3
16444,Amagansett,Amagansett,NY,New York,36103,Suffolk,40.9844,-72.1326,750,44,polygon,FALSE,FALSE,America/New_York,3
16445,Davidsville,Davidsville,PA,Pennsylvania,42111,Somerset,40.2348,-78.9356,750,125,polygon,FALSE,FALSE,America/New_York,3
16446,Loami,Loami,IL,Illinois,17167,Sangamon,39.6748,-89.8474,750,286,polygon,FALSE,TRUE,America/Chicago,3
16447,Piper City,Piper City,IL,Illinois,17053,Ford,40.7561,-88.1888,750,521,polygon,FALSE,TRUE,America/Chicago,3
16448,Ryan,Ryan,OK,Oklahoma,40067,Jefferson,34.0213,-97.9541,750,324,polygon,FALSE,TRUE,America/Chicago,3
16449,Washingtonville,Washingtonville,OH,Ohio,39029,Columbiana,40.899,-80.7677,750,433,polygon,FALSE,TRUE,America/New_York,3
16450,Clarence,Clarence,MO,Missouri,29205,Shelby,39.7432,-92.2602,750,250,polygon,FALSE,TRUE,America/Chicago,3
16451,Brooten,Brooten,MN,Minnesota,27145,Stearns,45.5001,-95.1157,750,182,polygon,FALSE,TRUE,America/Chicago,3
16452,Phelps,Phelps,KY,Kentucky,21195,Pike,37.509,-82.1605,750,36,polygon,FALSE,FALSE,America/New_York,3
16453,Ninilchik,Ninilchik,AK,Alaska,2122,Kenai Peninsula,60.0745,-151.3843,749,1,polygon,FALSE,FALSE,America/Anchorage,3
16454,Osmond,Osmond,NE,Nebraska,31139,Pierce,42.3583,-97.599,749,362,polygon,FALSE,TRUE,America/Chicago,3
16455,Everson,Everson,PA,Pennsylvania,42051,Fayette,40.0904,-79.5871,749,1497,polygon,FALSE,TRUE,America/New_York,3
16456,Ashmore,Ashmore,IL,Illinois,17029,Coles,39.5306,-88.0201,749,359,polygon,FALSE,TRUE,America/Chicago,3
16457,Ostrander,Ostrander,OH,Ohio,39041,Delaware,40.2684,-83.2089,749,343,polygon,FALSE,TRUE,America/New_York,3
16458,Iberia,Iberia,MO,Missouri,29131,Miller,38.0887,-92.2961,749,328,polygon,FALSE,TRUE,America/Chicago,3
16459,Mabel,Mabel,MN,Minnesota,27045,Fillmore,43.5198,-91.768,749,600,polygon,FALSE,TRUE,America/Chicago,3
16460,Elkton,Elkton,MI,Michigan,26063,Huron,43.8183,-83.1809,749,288,polygon,FALSE,TRUE,America/Detroit,3
16461,Perryville,Perryville,KY,Kentucky,21021,Boyle,37.6494,-84.9513,749,370,polygon,FALSE,TRUE,America/New_York,3
16462,Cambria,Cambria,WI,Wisconsin,55021,Columbia,43.5416,-89.1108,748,294,polygon,FALSE,TRUE,America/Chicago,3
16463,McDade,McDade,TX,Texas,48021,Bastrop,30.2819,-97.2449,748,72,polygon,FALSE,FALSE,America/Chicago,3
16464,Fabrica,Fabrica,TX,Texas,48323,Maverick,28.7446,-100.4934,748,925,polygon,FALSE,TRUE,America/Chicago,3
16465,High Shoals,High Shoals,NC,North Carolina,37071,Gaston,35.3957,-81.2047,748,110,polygon,FALSE,TRUE,America/New_York,3
16466,Palatine Bridge,Palatine Bridge,NY,New York,36057,Montgomery,42.9143,-74.5756,748,313,polygon,FALSE,TRUE,America/New_York,3
16467,Pine Valley,Pine Valley,NY,New York,36015,Chemung,42.2273,-76.8469,748,239,polygon,FALSE,FALSE,America/New_York,3
16468,West Bend,West Bend,IA,Iowa,19147,Palo Alto,42.9599,-94.4457,748,326,polygon,FALSE,TRUE,America/Chicago,3
16469,Parker Strip,Parker Strip,AZ,Arizona,4012,La Paz,34.2803,-114.1269,748,92,polygon,FALSE,FALSE,America/Phoenix,3
16470,Oscoda,Oscoda,MI,Michigan,26069,Iosco,44.425,-83.3339,748,331,polygon,FALSE,FALSE,America/Detroit,3
16471,Bay Shore,Bay Shore,MI,Michigan,26029,Charlevoix,45.3609,-85.1116,748,185,polygon,FALSE,FALSE,America/Detroit,3
16472,Ridge Spring,Ridge Spring,SC,South Carolina,45081,Saluda,33.8453,-81.6617,748,158,polygon,FALSE,TRUE,America/New_York,3
16473,Griggstown,Griggstown,NJ,New Jersey,34035,Somerset,40.44,-74.5989,747,117,polygon,FALSE,FALSE,America/New_York,3
16474,Milford,Milford,TX,Texas,48139,Ellis,32.1214,-96.9498,747,117,polygon,FALSE,TRUE,America/Chicago,3
16475,Drayton,Drayton,ND,North Dakota,38067,Pembina,48.5628,-97.1794,747,438,polygon,FALSE,TRUE,America/Chicago,3
16476,Peconic,Peconic,NY,New York,36103,Suffolk,41.0381,-72.4608,747,85,polygon,FALSE,FALSE,America/New_York,3
16477,Antonito,Antonito,CO,Colorado,8021,Conejos,37.0763,-106.0104,747,676,polygon,FALSE,TRUE,America/Denver,3
16478,Wickes,Wickes,AR,Arkansas,5113,Polk,34.2988,-94.3331,747,124,polygon,FALSE,TRUE,America/Chicago,3
16479,Ridgway,Ridgway,IL,Illinois,17059,Gallatin,37.7979,-88.2606,747,327,polygon,FALSE,TRUE,America/Chicago,3
16480,Sunset Village,Sunset Village,GA,Georgia,13293,Upson,32.8947,-84.4057,747,60,polygon,FALSE,FALSE,America/New_York,3
16481,Dublin,Dublin,IN,Indiana,18177,Wayne,39.8127,-85.2055,747,559,polygon,FALSE,TRUE,America/Indiana/Indianapolis,3
16482,Ridgeville,Ridgeville,IN,Indiana,18135,Randolph,40.2921,-85.0285,747,520,polygon,FALSE,TRUE,America/Indiana/Indianapolis,3
16483,Redmond,Redmond,UT,Utah,49041,Sevier,39.0058,-111.8671,747,300,polygon,FALSE,TRUE,America/Denver,3
16484,Renova,Renova,MS,Mississippi,28011,Bolivar,33.7805,-90.7232,747,332,polygon,FALSE,TRUE,America/Chicago,3
16485,Santa Clara,Santa Clara,PR,Puerto Rico,72007,Aguas Buenas,18.211,-66.132,747,930,polygon,FALSE,FALSE,America/Puerto_Rico,3
16486,Green Spring,Green Spring,KY,Kentucky,21111,Jefferson,38.3163,-85.6137,747,1081,polygon,FALSE,TRUE,America/New_York,3
16487,Driscoll,Driscoll,TX,Texas,48355,Nueces,27.673,-97.751,746,247,polygon,FALSE,TRUE,America/Chicago,3
16488,Bainbridge,Bainbridge,IN,Indiana,18133,Putnam,39.7615,-86.8117,746,719,polygon,FALSE,TRUE,America/Indiana/Indianapolis,3
16489,Manilla,Manilla,IA,Iowa,19047,Crawford,41.8923,-95.2347,746,278,polygon,FALSE,TRUE,America/Chicago,3
16490,Iron Mountain Lake,Iron Mountain Lake,MO,Missouri,29187,St. Francois,37.6854,-90.6184,746,146,polygon,FALSE,TRUE,America/Chicago,3
16491,Park City,Park City,MT,Montana,30095,Stillwater,45.6292,-108.9214,746,301,polygon,FALSE,FALSE,America/Denver,3
16492,Estelline,Estelline,SD,South Dakota,46057,Hamlin,44.5768,-96.9011,746,304,polygon,FALSE,TRUE,America/Chicago,3
16493,Hartrandt,Hartrandt,WY,Wyoming,56025,Natrona,42.8836,-106.3492,745,184,polygon,FALSE,FALSE,America/Denver,3
16494,Blue Ball,Blue Ball,PA,Pennsylvania,42071,Lancaster,40.1157,-76.0517,745,240,polygon,FALSE,FALSE,America/New_York,3
16495,Sugar Grove,Sugar Grove,VA,Virginia,51173,Smyth,36.7689,-81.4075,745,98,polygon,FALSE,FALSE,America/New_York,3
16496,South Vinemont,South Vinemont,AL,Alabama,1043,Cullman,34.2348,-86.8642,745,330,polygon,FALSE,TRUE,America/Chicago,3
16497,Atlanta,Atlanta,IN,Indiana,18057,Hamilton,40.2139,-86.0271,745,920,polygon,FALSE,TRUE,America/Indiana/Indianapolis,3
16498,Chippewa Lake,Chippewa Lake,OH,Ohio,39103,Medina,41.0737,-81.9047,745,1165,polygon,FALSE,TRUE,America/New_York,3
16499,Hancock,Hancock,MN,Minnesota,27149,Stevens,45.4977,-95.795,745,318,polygon,FALSE,TRUE,America/Chicago,3
16500,Tribune,Tribune,KS,Kansas,20071,Greeley,38.472,-101.7545,745,387,polygon,FALSE,TRUE,America/Denver,3
16501,Cottageville,Cottageville,SC,South Carolina,45029,Colleton,32.9362,-80.4803,745,84,polygon,FALSE,TRUE,America/New_York,3
16502,Napi Headquarters,Napi Headquarters,NM,New Mexico,35045,San Juan,36.6538,-108.2186,744,79,polygon,FALSE,TRUE,America/Denver,3
16503,McLean,McLean,TX,Texas,48179,Gray,35.2323,-100.6001,744,248,polygon,FALSE,TRUE,America/Chicago,3
16504,Pleasant Hill,Pleasant Hill,TX,Texas,48373,Polk,31.0033,-94.7936,744,108,polygon,FALSE,FALSE,America/Chicago,3
16505,Sioux Rapids,Sioux Rapids,IA,Iowa,19021,Buena Vista,42.8916,-95.1488,744,347,polygon,FALSE,TRUE,America/Chicago,3
16506,Midvale,Midvale,OH,Ohio,39157,Tuscarawas,40.4357,-81.3698,744,378,polygon,FALSE,TRUE,America/New_York,3
16507,Parma,Parma,MI,Michigan,26075,Jackson,42.2633,-84.5793,744,273,polygon,FALSE,TRUE,America/Detroit,3
16508,Mertzon,Mertzon,TX,Texas,48235,Irion,31.2619,-100.8208,743,188,polygon,FALSE,TRUE,America/Chicago,3
16509,Rosedale,Rosedale,LA,Louisiana,22047,Iberville,30.4429,-91.4601,743,36,polygon,FALSE,TRUE,America/Chicago,3
16510,North Topsail Beach,North Topsail Beach,NC,North Carolina,37133,Onslow,34.4931,-77.4338,743,46,polygon,FALSE,TRUE,America/New_York,3
16511,Iron Station,Iron Station,NC,North Carolina,37109,Lincoln,35.4515,-81.1568,743,121,polygon,FALSE,FALSE,America/New_York,3
16512,Hatton,Hatton,ND,North Dakota,38097,Traill,47.6369,-97.4584,743,514,polygon,FALSE,TRUE,America/Chicago,3
16513,Concow,Concow,CA,California,6007,Butte,39.7733,-121.5196,743,10,polygon,FALSE,FALSE,America/Los_Angeles,3
16514,Edgewater,Edgewater,AL,Alabama,1073,Jefferson,33.5286,-86.9574,743,236,polygon,FALSE,FALSE,America/Chicago,3
16515,Gallant,Gallant,AL,Alabama,1055,Etowah,34.0013,-86.2304,743,19,polygon,FALSE,FALSE,America/Chicago,3
16516,Oppelo,Oppelo,AR,Arkansas,5029,Conway,35.1003,-92.7733,743,118,polygon,FALSE,TRUE,America/Chicago,3
16517,Bertrand,Bertrand,MO,Missouri,29133,Mississippi,36.9082,-89.45,743,350,polygon,FALSE,TRUE,America/Chicago,3
16518,Browerville,Browerville,MN,Minnesota,27153,Todd,46.0807,-94.8646,743,270,polygon,FALSE,TRUE,America/Chicago,3
16519,Bingen,Bingen,WA,Washington,53039,Klickitat,45.714,-121.4703,742,460,polygon,FALSE,TRUE,America/Los_Angeles,3
16520,Alamo,Alamo,NM,New Mexico,35053,Socorro,34.4184,-107.5125,742,7,polygon,FALSE,FALSE,America/Denver,3
16521,San Ildefonso Pueblo,San Ildefonso Pueblo,NM,New Mexico,35049,Santa Fe,35.8955,-106.1225,742,64,polygon,FALSE,FALSE,America/Denver,3
16522,Lott,Lott,TX,Texas,48145,Falls,31.2059,-97.0333,742,283,polygon,FALSE,TRUE,America/Chicago,3
16523,Oak Ridge,Oak Ridge,TX,Texas,48257,Kaufman,32.6489,-96.2598,742,92,polygon,FALSE,TRUE,America/Chicago,3
16524,Blair,Blair,OK,Oklahoma,40065,Jackson,34.7799,-99.3329,742,619,polygon,FALSE,TRUE,America/Chicago,3
16525,Galena,Galena,OH,Ohio,39041,Delaware,40.2218,-82.8812,742,168,polygon,FALSE,TRUE,America/New_York,3
16526,Westmoreland,Westmoreland,KS,Kansas,20149,Pottawatomie,39.3941,-96.4137,742,582,polygon,FALSE,TRUE,America/Chicago,3
16527,Sheridan,Sheridan,MT,Montana,30057,Madison,45.4588,-112.1946,742,283,polygon,FALSE,TRUE,America/Denver,3
16528,Rich Creek,Rich Creek,VA,Virginia,51071,Giles,37.3832,-80.8204,741,349,polygon,FALSE,TRUE,America/New_York,3
16529,Tyrone,Tyrone,OK,Oklahoma,40139,Texas,36.9556,-101.0679,741,691,polygon,FALSE,TRUE,America/Chicago,3
16530,Arlington Heights,Arlington Heights,OH,Ohio,39061,Hamilton,39.2153,-84.4555,741,1094,polygon,FALSE,TRUE,America/New_York,3
16531,Whitelaw,Whitelaw,WI,Wisconsin,55071,Manitowoc,44.1452,-87.8281,740,543,polygon,FALSE,TRUE,America/Chicago,3
16532,Camden,Camden,NC,North Carolina,37029,Camden,36.325,-76.17,740,180,polygon,FALSE,FALSE,America/New_York,3
16533,Hollister,Hollister,NC,North Carolina,37083,Halifax,36.2593,-77.9363,740,72,polygon,FALSE,FALSE,America/New_York,3
16534,East Avon,East Avon,NY,New York,36051,Livingston,42.9128,-77.7072,740,217,polygon,FALSE,FALSE,America/New_York,3
16535,Cochranville,Cochranville,PA,Pennsylvania,42029,Chester,39.8905,-75.9241,740,255,polygon,FALSE,FALSE,America/New_York,3
16536,Inyokern,Inyokern,CA,California,6029,Kern,35.6546,-117.8212,740,26,polygon,FALSE,FALSE,America/Los_Angeles,3
16537,Traver,Traver,CA,California,6107,Tulare,36.4526,-119.4824,740,338,polygon,FALSE,FALSE,America/Los_Angeles,3
16538,Section,Section,AL,Alabama,1071,Jackson,34.5816,-85.9849,740,62,polygon,FALSE,TRUE,America/Chicago,3
16539,Teton,Teton,ID,Idaho,16043,Fremont,43.8872,-111.6724,740,414,polygon,FALSE,TRUE,America/Boise,3
16540,Clarkston,Clarkston,UT,Utah,49005,Cache,41.9204,-112.0504,740,307,polygon,FALSE,TRUE,America/Denver,3
16541,Attica,Attica,MI,Michigan,26087,Lapeer,43.0314,-83.1607,740,59,polygon,FALSE,FALSE,America/Detroit,3
16542,Ona,Ona,FL,Florida,12049,Hardee,27.483,-81.9098,739,10,polygon,FALSE,FALSE,America/New_York,3
16543,Tuscola,Tuscola,TX,Texas,48441,Taylor,32.2106,-99.7994,739,385,polygon,FALSE,TRUE,America/Chicago,3
16544,Jackson Heights,Jackson Heights,NC,North Carolina,37107,Lenoir,35.2236,-77.6333,739,196,polygon,FALSE,TRUE,America/New_York,3
16545,Alhambra Valley,Alhambra Valley,CA,California,6013,Contra Costa,37.9665,-122.132,739,213,polygon,FALSE,TRUE,America/Los_Angeles,3
16546,Ariton,Ariton,AL,Alabama,1045,Dale,31.5978,-85.7131,739,56,polygon,FALSE,TRUE,America/Chicago,3
16547,Essex,Essex,IA,Iowa,19145,Page,40.8327,-95.3038,739,189,polygon,FALSE,TRUE,America/Chicago,3
16548,Hauser,Hauser,ID,Idaho,16055,Kootenai,47.7667,-117.0132,739,288,polygon,FALSE,TRUE,America/Los_Angeles,3
16549,Concrete,Concrete,WA,Washington,53057,Skagit,48.5371,-121.7509,738,242,polygon,FALSE,TRUE,America/Los_Angeles,3
16550,Rome,Rome,WI,Wisconsin,55055,Jefferson,42.9823,-88.6389,738,76,polygon,FALSE,FALSE,America/Chicago,3
16551,Middlebourne,Middlebourne,WV,West Virginia,54095,Tyler,39.4947,-80.907,738,789,polygon,FALSE,TRUE,America/New_York,3
16552,Valle Vista,Valle Vista,TX,Texas,48427,Starr,26.3161,-98.6546,738,3558,polygon,FALSE,TRUE,America/Chicago,2
16553,Marion,Marion,LA,Louisiana,22111,Union,32.8997,-92.2405,738,88,polygon,FALSE,TRUE,America/Chicago,3
16554,Fifth Ward,Fifth Ward,LA,Louisiana,22009,Avoyelles,31.1207,-92.1584,738,54,polygon,FALSE,FALSE,America/Chicago,3
16555,Clarkton,Clarkton,NC,North Carolina,37017,Bladen,34.4889,-78.6559,738,228,polygon,FALSE,TRUE,America/New_York,3
16556,Alden,Alden,IA,Iowa,19083,Hardin,42.5114,-93.38,738,183,polygon,FALSE,TRUE,America/Chicago,3
16557,Pinon,Pinon,AZ,Arizona,4017,Navajo,36.0992,-110.2209,738,43,polygon,FALSE,FALSE,America/Denver,3
16558,New Market,New Market,MD,Maryland,24021,Frederick,39.3889,-77.279,738,175,polygon,FALSE,TRUE,America/New_York,3
16559,Valliant,Valliant,OK,Oklahoma,40089,McCurtain,34.0043,-95.0895,738,368,polygon,FALSE,TRUE,America/Chicago,3
16560,Amanda,Amanda,OH,Ohio,39045,Fairfield,39.6501,-82.7422,738,948,polygon,FALSE,TRUE,America/New_York,3
16561,Cleveland,Cleveland,MN,Minnesota,27079,Le Sueur,44.3236,-93.8353,738,521,polygon,FALSE,TRUE,America/Chicago,3
16562,New Troy,New Troy,MI,Michigan,26021,Berrien,41.879,-86.5476,738,215,polygon,FALSE,FALSE,America/Detroit,3
16563,Redwater,Redwater,MS,Mississippi,28079,Leake,32.7835,-89.5559,738,27,polygon,FALSE,FALSE,America/Chicago,3
16564,Woodland Hills,Woodland Hills,KY,Kentucky,21111,Jefferson,38.2393,-85.5289,738,1351,polygon,FALSE,TRUE,America/New_York,3
16565,Bell Hill,Bell Hill,WA,Washington,53009,Clallam,48.055,-123.087,737,107,polygon,FALSE,FALSE,America/Los_Angeles,3
16566,Steinhatchee,Steinhatchee,FL,Florida,12123,Taylor,29.6795,-83.3837,737,88,polygon,FALSE,FALSE,America/New_York,3
16567,Deshler,Deshler,NE,Nebraska,31169,Thayer,40.1398,-97.7234,737,560,polygon,FALSE,TRUE,America/Chicago,3
16568,East Kingston,East Kingston,NY,New York,36111,Ulster,41.9523,-73.9704,737,422,polygon,FALSE,FALSE,America/New_York,3
16569,North Hornell,North Hornell,NY,New York,36101,Steuben,42.3454,-77.6605,737,579,polygon,FALSE,FALSE,America/New_York,3
16570,Riverdale,Riverdale,VA,Virginia,51083,Halifax,36.6764,-78.8944,737,35,polygon,FALSE,FALSE,America/New_York,3
16571,Columbia,Columbia,AL,Alabama,1069,Houston,31.2968,-85.1103,737,72,polygon,FALSE,TRUE,America/New_York,3
16572,Ty Ty,Ty Ty,GA,Georgia,13277,Tift,31.472,-83.6509,737,361,polygon,FALSE,TRUE,America/New_York,3
16573,Copan,Copan,OK,Oklahoma,40147,Washington,36.9008,-95.9254,737,278,polygon,FALSE,TRUE,America/Chicago,3
16574,Stockton,Stockton,MN,Minnesota,27169,Winona,44.0271,-91.7697,737,167,polygon,FALSE,TRUE,America/Chicago,3
16575,Smithville,Smithville,MS,Mississippi,28095,Monroe,34.068,-88.3983,737,191,polygon,FALSE,TRUE,America/Chicago,3
16576,Converse,Converse,SC,South Carolina,45083,Spartanburg,34.994,-81.8421,737,412,polygon,FALSE,FALSE,America/New_York,3
16577,Chilton,Chilton,TX,Texas,48145,Falls,31.2848,-97.0608,736,71,polygon,FALSE,FALSE,America/Chicago,3
16578,Ector,Ector,TX,Texas,48147,Fannin,33.5793,-96.2731,736,241,polygon,FALSE,TRUE,America/Chicago,3
16579,Bradford,Bradford,AR,Arkansas,5145,White,35.422,-91.4552,736,327,polygon,FALSE,TRUE,America/Chicago,3
16580,Doerun,Doerun,GA,Georgia,13071,Colquitt,31.3218,-83.9171,736,227,polygon,FALSE,TRUE,America/New_York,3
16581,Fairmount,Fairmount,GA,Georgia,13129,Gordon,34.4384,-84.6997,736,155,polygon,FALSE,TRUE,America/New_York,3
16582,Coldwater,Coldwater,KS,Kansas,20033,Comanche,37.2582,-99.3378,736,110,polygon,FALSE,TRUE,America/Chicago,3
16583,Powderly,Powderly,KY,Kentucky,21177,Muhlenberg,37.2374,-87.1589,736,181,polygon,FALSE,TRUE,America/Chicago,3
16584,Carbonado,Carbonado,WA,Washington,53053,Pierce,47.0805,-122.0536,735,681,polygon,FALSE,TRUE,America/Los_Angeles,3
16585,Wauzeka,Wauzeka,WI,Wisconsin,55023,Crawford,43.0851,-90.8995,735,58,polygon,FALSE,TRUE,America/Chicago,3
16586,Forest Junction,Forest Junction,WI,Wisconsin,55015,Calumet,44.2139,-88.1496,735,110,polygon,FALSE,FALSE,America/Chicago,3
16587,Underwood,Underwood,ND,North Dakota,38055,McLean,47.4551,-101.142,735,323,polygon,FALSE,TRUE,America/Chicago,3
16588,Wright City,Wright City,OK,Oklahoma,40089,McCurtain,34.0649,-95.0074,735,316,polygon,FALSE,TRUE,America/Chicago,3
16589,Mountain View,Mountain View,OK,Oklahoma,40075,Kiowa,35.0994,-98.7502,735,526,polygon,FALSE,TRUE,America/Chicago,3
16590,Twinsburg Heights,Twinsburg Heights,OH,Ohio,39153,Summit,41.3064,-81.4579,735,987,polygon,FALSE,FALSE,America/New_York,3
16591,Caseville,Caseville,MI,Michigan,26063,Huron,43.9416,-83.2739,735,253,polygon,FALSE,TRUE,America/Detroit,3
16592,Smithers,Smithers,WV,West Virginia,54019,Fayette,38.1685,-81.2991,734,195,polygon,FALSE,TRUE,America/New_York,3
16593,Anmoore,Anmoore,WV,West Virginia,54033,Harrison,39.2611,-80.2862,734,268,polygon,FALSE,TRUE,America/New_York,3
16594,Montgomery,Montgomery,LA,Louisiana,22043,Grant,31.6677,-92.8877,734,137,polygon,FALSE,TRUE,America/Chicago,3
16595,Brasher Falls,Brasher Falls,NY,New York,36089,St. Lawrence,44.8096,-74.7789,734,172,polygon,FALSE,FALSE,America/New_York,3
16596,Greene,Greene,RI,Rhode Island,44003,Kent,41.6988,-71.7339,734,46,polygon,FALSE,FALSE,America/New_York,3
16597,Swifton,Swifton,AR,Arkansas,5067,Jackson,35.8245,-91.1294,734,513,polygon,FALSE,TRUE,America/Chicago,3
16598,South Coffeyville,South Coffeyville,OK,Oklahoma,40105,Nowata,36.9934,-95.6219,734,466,polygon,FALSE,TRUE,America/Chicago,3
16599,Calhoun,Calhoun,KY,Kentucky,21149,McLean,37.5411,-87.2596,734,433,polygon,FALSE,TRUE,America/Chicago,3
16600,Oxford,Oxford,NE,Nebraska,31065,Furnas,40.253,-99.6322,733,311,polygon,FALSE,TRUE,America/Chicago,3
16601,Niota,Niota,TN,Tennessee,47107,McMinn,35.517,-84.5497,733,123,polygon,FALSE,TRUE,America/New_York,3
16602,Mocanaqua,Mocanaqua,PA,Pennsylvania,42079,Luzerne,41.1406,-76.1368,733,571,polygon,FALSE,FALSE,America/New_York,3
16603,Hot Sulphur Springs,Hot Sulphur Springs,CO,Colorado,8049,Grand,40.0748,-106.1032,733,367,polygon,FALSE,TRUE,America/Denver,3
16604,Bodega Bay,Bodega Bay,CA,California,6097,Sonoma,38.325,-123.0308,733,33,polygon,FALSE,FALSE,America/Los_Angeles,3
16605,Millville,Millville,OH,Ohio,39017,Butler,39.3924,-84.6528,733,485,polygon,FALSE,TRUE,America/New_York,3
16606,Stewartsville,Stewartsville,MO,Missouri,29063,DeKalb,39.7551,-94.4987,733,286,polygon,FALSE,TRUE,America/Chicago,3
16607,Leon,Leon,KS,Kansas,20015,Butler,37.6898,-96.7836,733,390,polygon,FALSE,TRUE,America/Chicago,3
16608,Loon Lake,Loon Lake,WA,Washington,53065,Stevens,48.0685,-117.6297,732,86,polygon,FALSE,FALSE,America/Los_Angeles,3
16609,Branford,Branford,FL,Florida,12121,Suwannee,29.9619,-82.9237,732,254,polygon,FALSE,TRUE,America/New_York,3
16610,Santa Maria,Santa Maria,TX,Texas,48061,Cameron,26.0767,-97.8464,732,1154,polygon,FALSE,FALSE,America/Chicago,3
16611,Moncure,Moncure,NC,North Carolina,37037,Chatham,35.6239,-79.0768,732,59,polygon,FALSE,FALSE,America/New_York,3
16612,Silver Springs,Silver Springs,NY,New York,36121,Wyoming,42.6605,-78.0855,732,296,polygon,FALSE,TRUE,America/New_York,3
16613,Jefferson,Jefferson,PA,Pennsylvania,42133,York,39.8156,-76.841,732,466,polygon,FALSE,TRUE,America/New_York,3
16614,Watson,Watson,IL,Illinois,17049,Effingham,39.0261,-88.5682,732,252,polygon,FALSE,TRUE,America/Chicago,3
16615,Low Mountain,Low Mountain,AZ,Arizona,4017,Navajo,35.9481,-110.0981,732,7,polygon,FALSE,FALSE,America/Denver,3
16616,Marble Cliff,Marble Cliff,OH,Ohio,39049,Franklin,39.9857,-83.0614,732,1040,polygon,FALSE,TRUE,America/New_York,3
16617,Eastborough,Eastborough,KS,Kansas,20173,Sedgwick,37.6856,-97.2592,732,733,polygon,FALSE,TRUE,America/Chicago,3
16618,Camp Wood,Camp Wood,TX,Texas,48385,Real,29.669,-100.0108,731,560,polygon,FALSE,TRUE,America/Chicago,3
16619,Choctaw,Choctaw,LA,Louisiana,22057,Lafourche,29.8457,-90.7238,731,45,polygon,FALSE,FALSE,America/Chicago,3
16620,Moapa Town,Moapa Town,NV,Nevada,32003,Clark,36.7708,-114.6473,731,1,polygon,FALSE,FALSE,America/Los_Angeles,3
16621,Higginson,Higginson,AR,Arkansas,5145,White,35.1968,-91.7152,731,222,polygon,FALSE,TRUE,America/Chicago,3
16622,Pocahontas,Pocahontas,IL,Illinois,17005,Bond,38.8234,-89.5394,731,360,polygon,FALSE,TRUE,America/Chicago,3
16623,St. Meinrad,St. Meinrad,IN,Indiana,18147,Spencer,38.1692,-86.8257,731,167,polygon,FALSE,FALSE,America/Chicago,3
16624,Merrill,Merrill,IA,Iowa,19149,Plymouth,42.7206,-96.2525,731,498,polygon,FALSE,TRUE,America/Chicago,3
16625,St. George Island,St. George Island,FL,Florida,12037,Franklin,29.652,-84.8881,730,59,polygon,FALSE,FALSE,America/New_York,3
16626,Wayne,Wayne,OK,Oklahoma,40087,McClain,34.9171,-97.3167,730,816,polygon,FALSE,TRUE,America/Chicago,3
16627,Vaughn,Vaughn,MT,Montana,30013,Cascade,47.5524,-111.5608,730,78,polygon,FALSE,FALSE,America/Denver,3
16628,Plankinton,Plankinton,SD,South Dakota,46003,Aurora,43.7155,-98.4836,730,369,polygon,FALSE,TRUE,America/Chicago,3
16629,Valley Springs,Valley Springs,SD,South Dakota,46099,Minnehaha,43.5825,-96.4648,730,301,polygon,FALSE,TRUE,America/Chicago,3
16630,Conway,Conway,NC,North Carolina,37131,Northampton,36.4371,-77.2288,729,154,polygon,FALSE,TRUE,America/New_York,3
16631,Philadelphia,Philadelphia,TN,Tennessee,47105,Loudon,35.679,-84.4,729,180,polygon,FALSE,TRUE,America/New_York,3
16632,Conneautville,Conneautville,PA,Pennsylvania,42039,Crawford,41.7572,-80.3685,729,273,polygon,FALSE,TRUE,America/New_York,3
16633,Altus,Altus,AR,Arkansas,5047,Franklin,35.4465,-93.7643,729,150,polygon,FALSE,TRUE,America/Chicago,3
16634,Tampico,Tampico,IL,Illinois,17195,Whiteside,41.6308,-89.785,729,714,polygon,FALSE,TRUE,America/Chicago,3
16635,Buffalo,Buffalo,IN,Indiana,18181,White,40.888,-86.7374,729,118,polygon,FALSE,FALSE,America/Indiana/Indianapolis,3
16636,Nevada,Nevada,OH,Ohio,39175,Wyandot,40.8188,-83.1312,729,274,polygon,FALSE,TRUE,America/New_York,3
16637,South Range,South Range,MI,Michigan,26061,Houghton,47.0703,-88.6441,729,772,polygon,FALSE,TRUE,America/Detroit,3
16638,West Pittsburg,West Pittsburg,PA,Pennsylvania,42073,Lawrence,40.931,-80.3591,728,409,polygon,FALSE,FALSE,America/New_York,3
16639,Gilbertville,Gilbertville,IA,Iowa,19013,Black Hawk,42.4182,-92.214,728,794,polygon,FALSE,TRUE,America/Chicago,3
16640,Philo,Philo,OH,Ohio,39119,Muskingum,39.8613,-81.9088,728,548,polygon,FALSE,TRUE,America/New_York,3
16641,Landfall,Landfall,MN,Minnesota,27163,Washington,44.9508,-92.9766,728,4283,polygon,FALSE,TRUE,America/Chicago,2
16642,Sandersville,Sandersville,MS,Mississippi,28067,Jones,31.7879,-89.0362,728,56,polygon,FALSE,TRUE,America/Chicago,3
16643,Como,Como,TX,Texas,48223,Hopkins,33.0601,-95.4757,727,254,polygon,FALSE,TRUE,America/Chicago,3
16644,Burke,Burke,TX,Texas,48005,Angelina,31.2345,-94.7665,727,99,polygon,FALSE,TRUE,America/Chicago,3
16645,Bethel Springs,Bethel Springs,TN,Tennessee,47109,McNairy,35.2341,-88.6131,727,125,polygon,FALSE,TRUE,America/Chicago,3
16646,Confluence,Confluence,PA,Pennsylvania,42111,Somerset,39.8094,-79.3552,727,175,polygon,FALSE,TRUE,America/New_York,3
16647,Avondale,Avondale,CO,Colorado,8101,Pueblo,38.2351,-104.3434,727,237,polygon,FALSE,FALSE,America/Denver,3
16648,Glen Ellen,Glen Ellen,CA,California,6097,Sonoma,38.3564,-122.5412,727,133,polygon,FALSE,FALSE,America/Los_Angeles,3
16649,Brownstown,Brownstown,IL,Illinois,17051,Fayette,38.9942,-88.9554,727,369,polygon,FALSE,TRUE,America/Chicago,3
16650,Clarks Hill,Clarks Hill,IN,Indiana,18157,Tippecanoe,40.2472,-86.7245,727,1030,polygon,FALSE,TRUE,America/Indiana/Indianapolis,3
16651,Maricopa Colony,Maricopa Colony,AZ,Arizona,4013,Maricopa,33.3626,-112.2268,727,51,polygon,FALSE,TRUE,America/Phoenix,3
16652,Bantam,Bantam,CT,Connecticut,9005,Litchfield,41.7247,-73.2422,727,277,polygon,FALSE,TRUE,America/New_York,3
16653,Betsy Layne,Betsy Layne,KY,Kentucky,21071,Floyd,37.5541,-82.6262,727,155,polygon,FALSE,FALSE,America/New_York,3
16654,Plum Grove,Plum Grove,TX,Texas,48291,Liberty,30.2007,-95.0958,726,74,polygon,FALSE,TRUE,America/Chicago,3
16655,Altamont,Altamont,PA,Pennsylvania,42107,Schuylkill,40.785,-76.217,726,303,polygon,FALSE,FALSE,America/New_York,3
16656,Elkton,Elkton,SD,South Dakota,46011,Brookings,44.2351,-96.4796,726,187,polygon,FALSE,TRUE,America/Chicago,3
16657,Highmore,Highmore,SD,South Dakota,46069,Hyde,44.5214,-99.4393,726,148,polygon,FALSE,TRUE,America/Chicago,3
16658,Cherry Grove,Cherry Grove,WA,Washington,53011,Clark,45.8021,-122.5763,725,118,polygon,FALSE,FALSE,America/Los_Angeles,3
16659,Carlsborg,Carlsborg,WA,Washington,53009,Clallam,48.0842,-123.1697,725,264,polygon,FALSE,FALSE,America/Los_Angeles,3
16660,Wyocena,Wyocena,WI,Wisconsin,55021,Columbia,43.4931,-89.3099,725,195,polygon,FALSE,TRUE,America/Chicago,3
16661,Lawtey,Lawtey,FL,Florida,12007,Bradford,30.0484,-82.0725,725,185,polygon,FALSE,TRUE,America/New_York,3
16662,Orleans,Orleans,VT,Vermont,50019,Orleans,44.8092,-72.2013,725,308,polygon,FALSE,TRUE,America/New_York,3
16663,White,White,GA,Georgia,13015,Bartow,34.2825,-84.7472,725,290,polygon,FALSE,TRUE,America/New_York,3
16664,Bethlehem,Bethlehem,GA,Georgia,13013,Barrow,33.9372,-83.7097,725,112,polygon,FALSE,TRUE,America/New_York,3
16665,York,York,AZ,Arizona,4011,Greenlee,32.9175,-109.196,725,149,polygon,FALSE,FALSE,America/Phoenix,3
16666,Lanesboro,Lanesboro,MN,Minnesota,27045,Fillmore,43.7181,-91.9719,725,214,polygon,FALSE,TRUE,America/Chicago,3
16667,Tekonsha,Tekonsha,MI,Michigan,26025,Calhoun,42.0967,-84.9897,725,303,polygon,FALSE,TRUE,America/Detroit,3
16668,New London,New London,NC,North Carolina,37167,Stanly,35.4348,-80.2198,724,141,polygon,FALSE,TRUE,America/New_York,3
16669,Mott,Mott,ND,North Dakota,38041,Hettinger,46.3744,-102.3189,724,304,polygon,FALSE,TRUE,America/Denver,3
16670,Clay Center,Clay Center,NE,Nebraska,31035,Clay,40.5256,-98.055,724,382,polygon,FALSE,TRUE,America/Chicago,3
16671,Ackermanville,Ackermanville,PA,Pennsylvania,42095,Northampton,40.835,-75.2226,724,204,polygon,FALSE,FALSE,America/New_York,3
16672,Gordon,Gordon,PA,Pennsylvania,42107,Schuylkill,40.75,-76.3401,724,471,polygon,FALSE,TRUE,America/New_York,3
16673,Lytle Creek,Lytle Creek,CA,California,6071,San Bernardino,34.2499,-117.5044,724,46,polygon,FALSE,FALSE,America/Los_Angeles,3
16674,Oakman,Oakman,AL,Alabama,1127,Walker,33.7141,-87.389,724,90,polygon,FALSE,TRUE,America/Chicago,3
16675,Gould,Gould,AR,Arkansas,5079,Lincoln,33.9872,-91.564,724,180,polygon,FALSE,TRUE,America/Chicago,3
16676,Lockesburg,Lockesburg,AR,Arkansas,5133,Sevier,33.9716,-94.1761,724,80,polygon,FALSE,TRUE,America/Chicago,3
16677,Greenview,Greenview,IL,Illinois,17129,Menard,40.085,-89.7407,724,328,polygon,FALSE,TRUE,America/Chicago,3
16678,Garnavillo,Garnavillo,IA,Iowa,19043,Clayton,42.8662,-91.2364,724,273,polygon,FALSE,TRUE,America/Chicago,3
16679,Bella Villa,Bella Villa,MO,Missouri,29189,St. Louis,38.5436,-90.2854,724,2166,polygon,FALSE,TRUE,America/Chicago,2
16680,Wilson,Wilson,KS,Kansas,20053,Ellsworth,38.8255,-98.4749,724,467,polygon,FALSE,TRUE,America/Chicago,3
16681,Mohall,Mohall,ND,North Dakota,38075,Renville,48.7661,-101.5169,723,262,polygon,FALSE,TRUE,America/Chicago,3
16682,Gilberton,Gilberton,PA,Pennsylvania,42107,Schuylkill,40.7961,-76.2235,723,196,polygon,FALSE,TRUE,America/New_York,3
16683,Delta,Delta,PA,Pennsylvania,42133,York,39.7267,-76.3271,723,1065,polygon,FALSE,TRUE,America/New_York,3
16684,Woodville,Woodville,AL,Alabama,1071,Jackson,34.6256,-86.2792,723,42,polygon,FALSE,TRUE,America/Chicago,3
16685,Wheatland,Wheatland,IA,Iowa,19045,Clinton,41.8329,-90.8379,723,461,polygon,FALSE,TRUE,America/Chicago,3
16686,Schaller,Schaller,IA,Iowa,19161,Sac,42.4965,-95.2963,723,221,polygon,FALSE,TRUE,America/Chicago,3
16687,Whiting,Whiting,IA,Iowa,19133,Monona,42.1272,-96.1508,723,278,polygon,FALSE,TRUE,America/Chicago,3
16688,Passamaquoddy Pleasant Point,Passamaquoddy Pleasant Point,ME,Maine,23029,Washington,44.9613,-67.0547,723,494,polygon,FALSE,TRUE,America/New_York,3
16689,Gainesville,Gainesville,MO,Missouri,29153,Ozark,36.6063,-92.4245,723,97,polygon,FALSE,TRUE,America/Chicago,3
16690,Merrill,Merrill,MI,Michigan,26145,Saginaw,43.4091,-84.3345,723,401,polygon,FALSE,TRUE,America/Detroit,3
16691,Fairfield,Fairfield,MT,Montana,30099,Teton,47.6152,-111.9814,723,915,polygon,FALSE,TRUE,America/Denver,3
16692,Salem,Salem,KY,Kentucky,21139,Livingston,37.2653,-88.241,723,327,polygon,FALSE,TRUE,America/Chicago,3
16693,Noonday,Noonday,TX,Texas,48423,Smith,32.2445,-95.397,722,133,polygon,FALSE,TRUE,America/Chicago,3
16694,Winton,Winton,NC,North Carolina,37091,Hertford,36.3899,-76.9349,722,344,polygon,FALSE,TRUE,America/New_York,3
16695,Morrison,Morrison,TN,Tennessee,47177,Warren,35.6048,-85.9117,722,103,polygon,FALSE,TRUE,America/Chicago,3
16696,Heuvelton,Heuvelton,NY,New York,36089,St. Lawrence,44.617,-75.4046,722,366,polygon,FALSE,TRUE,America/New_York,3
16697,Green Mountain Falls,Green Mountain Falls,CO,Colorado,8119,Teller,38.9345,-105.0235,722,255,polygon,FALSE,TRUE,America/Denver,3
16698,Elizabeth,Elizabeth,IL,Illinois,17085,Jo Daviess,42.3164,-90.2206,722,319,polygon,FALSE,TRUE,America/Chicago,3
16699,Gaston,Gaston,OR,Oregon,41067,Washington,45.4348,-123.1449,722,822,polygon,FALSE,TRUE,America/Los_Angeles,3
16700,Scarbro,Scarbro,WV,West Virginia,54019,Fayette,37.9504,-81.1666,721,414,polygon,FALSE,FALSE,America/New_York,3
16701,Bulls Gap,Bulls Gap,TN,Tennessee,47073,Hawkins,36.2616,-83.0788,721,228,polygon,FALSE,TRUE,America/New_York,3
16702,Koppel,Koppel,PA,Pennsylvania,42007,Beaver,40.8356,-80.3213,721,518,polygon,FALSE,TRUE,America/New_York,3
16703,Tyronza,Tyronza,AR,Arkansas,5111,Poinsett,35.4868,-90.3559,721,180,polygon,FALSE,TRUE,America/Chicago,3
16704,Stewardson,Stewardson,IL,Illinois,17173,Shelby,39.2639,-88.6301,721,449,polygon,FALSE,TRUE,America/Chicago,3
16705,North High Shoals,North High Shoals,GA,Georgia,13219,Oconee,33.8271,-83.5014,721,115,polygon,FALSE,TRUE,America/New_York,3
16706,Shipshewana,Shipshewana,IN,Indiana,18087,LaGrange,41.6743,-85.5765,721,204,polygon,FALSE,TRUE,America/Indiana/Indianapolis,3
16707,Fremont,Fremont,IA,Iowa,19123,Mahaska,41.2126,-92.4342,721,269,polygon,FALSE,TRUE,America/Chicago,3
16708,Pigeon Creek,Pigeon Creek,OH,Ohio,39153,Summit,41.1101,-81.6723,721,311,polygon,FALSE,FALSE,America/New_York,3
16709,Liberal,Liberal,MO,Missouri,29011,Barton,37.559,-94.5161,721,334,polygon,FALSE,TRUE,America/Chicago,3
16710,Holdingford,Holdingford,MN,Minnesota,27145,Stearns,45.7298,-94.4717,721,334,polygon,FALSE,TRUE,America/Chicago,3
16711,Whitewater,Whitewater,KS,Kansas,20015,Butler,37.9636,-97.146,721,677,polygon,FALSE,TRUE,America/Chicago,3
16712,Ruch,Ruch,OR,Oregon,41029,Jackson,42.2314,-123.0403,721,41,polygon,FALSE,FALSE,America/Los_Angeles,3
16713,Cedar Key,Cedar Key,FL,Florida,12075,Levy,29.1462,-83.0388,720,275,polygon,FALSE,TRUE,America/New_York,3
16714,Andrews,Andrews,FL,Florida,12075,Levy,29.5496,-82.8884,720,51,polygon,FALSE,FALSE,America/New_York,3
16715,Peletier,Peletier,NC,North Carolina,37031,Carteret,34.727,-77.0759,720,76,polygon,FALSE,TRUE,America/New_York,3
16716,Chippewa Park,Chippewa Park,OH,Ohio,39091,Logan,40.516,-83.8875,720,631,polygon,FALSE,FALSE,America/New_York,3
16717,Brownton,Brownton,MN,Minnesota,27085,McLeod,44.7326,-94.3508,720,700,polygon,FALSE,TRUE,America/Chicago,3
16718,Alma,Alma,WI,Wisconsin,55011,Buffalo,44.3371,-91.9223,719,52,polygon,FALSE,TRUE,America/Chicago,3
16719,Deal,Deal,NJ,New Jersey,34025,Monmouth,40.2497,-73.9976,719,234,polygon,FALSE,TRUE,America/New_York,3
16720,Gouldsboro,Gouldsboro,PA,Pennsylvania,42127,Wayne,41.2428,-75.4448,719,106,polygon,FALSE,FALSE,America/New_York,3
16721,Grass Valley,Grass Valley,NV,Nevada,32027,Pershing,40.7971,-117.7603,719,8,polygon,FALSE,TRUE,America/Los_Angeles,3
16722,Opal,Opal,VA,Virginia,51061,Fauquier,38.6201,-77.8049,719,88,polygon,FALSE,FALSE,America/New_York,3
16723,Waterloo,Waterloo,CA,California,6077,San Joaquin,38.0365,-121.1846,719,51,polygon,FALSE,FALSE,America/Los_Angeles,3
16724,Cammack Village,Cammack Village,AR,Arkansas,5119,Pulaski,34.7808,-92.3449,719,981,polygon,FALSE,TRUE,America/Chicago,3
16725,Lakeview,Lakeview,AR,Arkansas,5005,Baxter,36.3739,-92.5387,719,266,polygon,FALSE,TRUE,America/Chicago,3
16726,Quitman,Quitman,AR,Arkansas,5023,Cleburne,35.382,-92.2142,719,143,polygon,FALSE,TRUE,America/Chicago,3
16727,Kansas,Kansas,IL,Illinois,17045,Edgar,39.5545,-87.9396,719,271,polygon,FALSE,TRUE,America/Chicago,3
16728,Grandview,Grandview,IN,Indiana,18147,Spencer,37.9369,-86.9842,719,289,polygon,FALSE,TRUE,America/Chicago,3
16729,Lake Tapawingo,Lake Tapawingo,MO,Missouri,29095,Jackson,39.019,-94.3131,719,756,polygon,FALSE,TRUE,America/Chicago,3
16730,Golden City,Golden City,MO,Missouri,29011,Barton,37.3931,-94.0943,719,268,polygon,FALSE,TRUE,America/Chicago,3
16731,Karlstad,Karlstad,MN,Minnesota,27069,Kittson,48.578,-96.5169,719,184,polygon,FALSE,TRUE,America/Chicago,3
16732,Cannonsburg,Cannonsburg,KY,Kentucky,21019,Boyd,38.3806,-82.7006,719,159,polygon,FALSE,FALSE,America/New_York,3
16733,Edgemont,Edgemont,SD,South Dakota,46047,Fall River,43.2973,-103.8323,719,201,polygon,FALSE,TRUE,America/Denver,3
16734,Etna,Etna,CA,California,6093,Siskiyou,41.4582,-122.8946,718,364,polygon,FALSE,TRUE,America/Los_Angeles,3
16735,Ider,Ider,AL,Alabama,1049,DeKalb,34.7022,-85.6691,718,51,polygon,FALSE,TRUE,America/Chicago,3
16736,Addison,Addison,AL,Alabama,1133,Winston,34.2017,-87.1765,718,73,polygon,FALSE,TRUE,America/Chicago,3
16737,New Florence,New Florence,MO,Missouri,29139,Montgomery,38.9092,-91.4529,718,92,polygon,FALSE,TRUE,America/Chicago,3
16738,Buckley,Buckley,MI,Michigan,26165,Wexford,44.5033,-85.672,718,152,polygon,FALSE,TRUE,America/Detroit,3
16739,Welaka,Welaka,FL,Florida,12107,Putnam,29.4822,-81.6658,717,187,polygon,FALSE,TRUE,America/New_York,3
16740,Glen Ullin,Glen Ullin,ND,North Dakota,38059,Morton,46.812,-101.8333,717,271,polygon,FALSE,TRUE,America/North_Dakota/New_Salem,3
16741,Fair Haven,Fair Haven,NY,New York,36011,Cayuga,43.3263,-76.7044,717,157,polygon,FALSE,TRUE,America/New_York,3
16742,Flemington,Flemington,GA,Georgia,13179,Liberty,31.8507,-81.5603,717,58,polygon,FALSE,TRUE,America/New_York,3
16743,Perrysville,Perrysville,OH,Ohio,39005,Ashland,40.6584,-82.3144,717,351,polygon,FALSE,TRUE,America/New_York,3
16744,Kadoka,Kadoka,SD,South Dakota,46071,Jackson,43.8325,-101.5081,717,121,polygon,FALSE,TRUE,America/Denver,3
16745,Stokes,Stokes,NC,North Carolina,37147,Pitt,35.7105,-77.2676,716,62,polygon,FALSE,FALSE,America/New_York,3
16746,Wilton,Wilton,ND,North Dakota,38055,McLean,47.1581,-100.7842,716,497,polygon,FALSE,TRUE,America/Chicago,3
16747,Cleveland,Cleveland,NY,New York,36075,Oswego,43.2398,-75.8847,716,244,polygon,FALSE,TRUE,America/New_York,3
16748,Courtdale,Courtdale,PA,Pennsylvania,42079,Luzerne,41.2848,-75.9142,716,274,polygon,FALSE,TRUE,America/New_York,3
16749,Allenhurst,Allenhurst,GA,Georgia,13179,Liberty,31.7839,-81.6078,716,252,polygon,FALSE,TRUE,America/New_York,3
16750,Plains,Plains,GA,Georgia,13261,Sumter,32.0331,-84.3946,716,339,polygon,FALSE,TRUE,America/New_York,3
16751,Lyons,Lyons,IN,Indiana,18055,Greene,38.9884,-87.0812,716,343,polygon,FALSE,TRUE,America/Indiana/Indianapolis,3
16752,Scio,Scio,OH,Ohio,39067,Harrison,40.399,-81.0882,716,496,polygon,FALSE,TRUE,America/New_York,3
16753,Hinckley,Hinckley,UT,Utah,49027,Millard,39.3336,-112.6736,716,55,polygon,FALSE,TRUE,America/Denver,3
16754,Point Hope,Point Hope,AK,Alaska,2185,North Slope,68.3445,-166.6738,715,55,polygon,FALSE,TRUE,America/Nome,3
16755,Foot of Ten,Foot of Ten,PA,Pennsylvania,42013,Blair,40.4182,-78.4612,715,471,polygon,FALSE,FALSE,America/New_York,3
16756,Tonica,Tonica,IL,Illinois,17099,LaSalle,41.2159,-89.0702,715,202,polygon,FALSE,TRUE,America/Chicago,3
16757,Hunting Valley,Hunting Valley,OH,Ohio,39035,Cuyahoga,41.4802,-81.4108,715,34,polygon,FALSE,TRUE,America/New_York,3
16758,Pilot Knob,Pilot Knob,MO,Missouri,29093,Iron,37.6237,-90.6454,715,307,polygon,FALSE,TRUE,America/Chicago,3
16759,Busby,Busby,MT,Montana,30003,Big Horn,45.5281,-106.9753,715,19,polygon,FALSE,FALSE,America/Denver,3
16760,Mayesville,Mayesville,SC,South Carolina,45085,Sumter,33.9849,-80.2044,715,269,polygon,FALSE,TRUE,America/New_York,3
16761,Pateros,Pateros,WA,Washington,53047,Okanogan,48.0536,-119.8994,714,546,polygon,FALSE,TRUE,America/Los_Angeles,3
16762,West Hamlin,West Hamlin,WV,West Virginia,54043,Lincoln,38.2801,-82.1941,714,516,polygon,FALSE,TRUE,America/New_York,3
16763,Killona,Killona,LA,Louisiana,22089,St. Charles,29.9985,-90.4851,714,345,polygon,FALSE,FALSE,America/Chicago,3
16764,Lakewood Park,Lakewood Park,TN,Tennessee,47031,Coffee,35.6482,-86.1357,714,48,polygon,FALSE,TRUE,America/Chicago,3
16765,Langeloth,Langeloth,PA,Pennsylvania,42125,Washington,40.3631,-80.4137,714,264,polygon,FALSE,FALSE,America/New_York,3
16766,Nucla,Nucla,CO,Colorado,8085,Montrose,38.2668,-108.549,714,397,polygon,FALSE,TRUE,America/Denver,3
16767,Wadley,Wadley,AL,Alabama,1111,Randolph,33.1239,-85.5683,714,189,polygon,FALSE,TRUE,America/Chicago,3
16768,Sweet Home,Sweet Home,AR,Arkansas,5119,Pulaski,34.6707,-92.2465,714,70,polygon,FALSE,FALSE,America/Chicago,3
16769,Avon,Avon,IL,Illinois,17057,Fulton,40.662,-90.4351,714,611,polygon,FALSE,TRUE,America/Chicago,3
16770,La Rue,La Rue,OH,Ohio,39101,Marion,40.578,-83.3821,714,576,polygon,FALSE,TRUE,America/New_York,3
16771,Jonesburg,Jonesburg,MO,Missouri,29139,Montgomery,38.8546,-91.3028,714,196,polygon,FALSE,TRUE,America/Chicago,3
16772,Williamsburg,Williamsburg,CO,Colorado,8043,Fremont,38.384,-105.171,713,77,polygon,FALSE,TRUE,America/Denver,3
16773,Ventura,Ventura,IA,Iowa,19033,Cerro Gordo,43.1283,-93.4621,713,155,polygon,FALSE,TRUE,America/Chicago,3
16774,Adair,Adair,IA,Iowa,19077,Guthrie,41.5004,-94.6434,713,125,polygon,FALSE,TRUE,America/Chicago,3
16775,Roff,Roff,OK,Oklahoma,40123,Pontotoc,34.6288,-96.8411,713,298,polygon,FALSE,TRUE,America/Chicago,3
16776,Berlin Heights,Berlin Heights,OH,Ohio,39043,Erie,41.3204,-82.4904,713,171,polygon,FALSE,TRUE,America/New_York,3
16777,Hillcrest,Hillcrest,TX,Texas,48039,Brazoria,29.3924,-95.2233,712,625,polygon,FALSE,TRUE,America/Chicago,3
16778,Riegelwood,Riegelwood,NC,North Carolina,37047,Columbus,34.3444,-78.2198,712,89,polygon,FALSE,FALSE,America/New_York,3
16779,Elmore City,Elmore City,OK,Oklahoma,40049,Garvin,34.6299,-97.3909,712,300,polygon,FALSE,TRUE,America/Chicago,3
16780,Thatcher,Thatcher,UT,Utah,49003,Box Elder,41.6815,-112.3201,712,22,polygon,FALSE,FALSE,America/Denver,3
16781,Hawk Point,Hawk Point,MO,Missouri,29113,Lincoln,38.9714,-91.1321,712,734,polygon,FALSE,TRUE,America/Chicago,3
16782,Marine on St. Croix,Marine on St. Croix,MN,Minnesota,27163,Washington,45.1983,-92.7783,712,70,polygon,FALSE,TRUE,America/Chicago,3
16783,Jefferson,Jefferson,SC,South Carolina,45025,Chesterfield,34.6512,-80.3866,712,152,polygon,FALSE,TRUE,America/New_York,3
16784,Steele,Steele,ND,North Dakota,38043,Kidder,46.8568,-99.9181,711,494,polygon,FALSE,TRUE,America/Chicago,3
16785,Mount Morris,Mount Morris,PA,Pennsylvania,42059,Greene,39.7342,-80.0755,711,103,polygon,FALSE,FALSE,America/New_York,3
16786,Grazierville,Grazierville,PA,Pennsylvania,42013,Blair,40.6576,-78.2707,711,249,polygon,FALSE,FALSE,America/New_York,3
16787,New Kingstown,New Kingstown,PA,Pennsylvania,42041,Cumberland,40.2311,-77.0728,711,172,polygon,FALSE,FALSE,America/New_York,3
16788,La Honda,La Honda,CA,California,6081,San Mateo,37.3182,-122.2651,711,64,polygon,FALSE,FALSE,America/Los_Angeles,3
16789,Blythe,Blythe,GA,Georgia,13245,Richmond,33.3011,-82.2025,711,96,polygon,FALSE,TRUE,America/New_York,3
16790,Pelion,Pelion,SC,South Carolina,45063,Lexington,33.7751,-81.2502,711,74,polygon,FALSE,TRUE,America/New_York,3
16791,Horseshoe Bend,Horseshoe Bend,TX,Texas,48367,Parker,32.5752,-97.8782,710,166,polygon,FALSE,TRUE,America/Chicago,3
16792,Zavalla,Zavalla,TX,Texas,48005,Angelina,31.1584,-94.418,710,131,polygon,FALSE,TRUE,America/Chicago,3
16793,Walnuttown,Walnuttown,PA,Pennsylvania,42011,Berks,40.4467,-75.8405,710,462,polygon,FALSE,FALSE,America/New_York,3
16794,Arrington,Arrington,VA,Virginia,51125,Nelson,37.6744,-78.8929,710,26,polygon,FALSE,FALSE,America/New_York,3
16795,Cluster Springs,Cluster Springs,VA,Virginia,51083,Halifax,36.6128,-78.9221,710,31,polygon,FALSE,FALSE,America/New_York,3
16796,New Straitsville,New Straitsville,OH,Ohio,39127,Perry,39.5793,-82.2343,710,210,polygon,FALSE,TRUE,America/New_York,3
16797,Hanson,Hanson,KY,Kentucky,21107,Hopkins,37.4184,-87.4808,710,116,polygon,FALSE,TRUE,America/Chicago,3
16798,Echo,Echo,OR,Oregon,41059,Umatilla,45.7431,-119.1919,710,473,polygon,FALSE,TRUE,America/Los_Angeles,3
16799,Cedar Crest,Cedar Crest,NM,New Mexico,35001,Bernalillo,35.1114,-106.3802,709,87,polygon,FALSE,FALSE,America/Denver,3
16800,Efland,Efland,NC,North Carolina,37135,Orange,36.0806,-79.1718,709,153,polygon,FALSE,FALSE,America/New_York,3
16801,Bertrand,Bertrand,NE,Nebraska,31137,Phelps,40.5263,-99.6324,709,493,polygon,FALSE,TRUE,America/Chicago,3
16802,Lexington,Lexington,AL,Alabama,1077,Lauderdale,34.9652,-87.3735,709,84,polygon,FALSE,TRUE,America/Chicago,3
16803,Stockton,Stockton,AL,Alabama,1003,Baldwin,30.9946,-87.86,709,29,polygon,FALSE,FALSE,America/Chicago,3
16804,Seneca Gardens,Seneca Gardens,KY,Kentucky,21111,Jefferson,38.2272,-85.6772,709,1787,polygon,FALSE,TRUE,America/New_York,3
16805,Faulkton,Faulkton,SD,South Dakota,46049,Faulk,45.0342,-99.1267,709,270,polygon,FALSE,TRUE,America/Chicago,3
16806,Rebersburg,Rebersburg,PA,Pennsylvania,42027,Centre,40.9426,-77.4441,708,201,polygon,FALSE,FALSE,America/New_York,3
16807,Nicholson,Nicholson,PA,Pennsylvania,42131,Wyoming,41.6268,-75.7861,708,235,polygon,FALSE,TRUE,America/New_York,3
16808,Indio Hills,Indio Hills,CA,California,6065,Riverside,33.8411,-116.2484,708,12,polygon,FALSE,FALSE,America/Los_Angeles,3
16809,Mineral City,Mineral City,OH,Ohio,39157,Tuscarawas,40.6018,-81.361,708,334,polygon,FALSE,TRUE,America/New_York,3
16810,Cherokee,Cherokee,KS,Kansas,20037,Crawford,37.3451,-94.8215,708,381,polygon,FALSE,TRUE,America/Chicago,3
16811,Walkerville,Walkerville,MT,Montana,30093,Silver Bow,46.0366,-112.5396,708,122,polygon,FALSE,TRUE,America/Denver,3
16812,North,North,SC,South Carolina,45075,Orangeburg,33.6164,-81.103,708,316,polygon,FALSE,TRUE,America/New_York,3
16813,Wallace,Wallace,LA,Louisiana,22095,St. John the Baptist,30.0303,-90.6569,707,42,polygon,FALSE,FALSE,America/Chicago,3
16814,Eastview,Eastview,TN,Tennessee,47109,McNairy,35.0877,-88.5517,707,53,polygon,FALSE,TRUE,America/Chicago,3
16815,Morrison,Morrison,OK,Oklahoma,40103,Noble,36.2924,-97.0291,707,186,polygon,FALSE,TRUE,America/Chicago,3
16816,Eureka,Eureka,UT,Utah,49023,Juab,39.9588,-112.1149,707,183,polygon,FALSE,TRUE,America/Denver,3
16817,Clear Lake,Clear Lake,MN,Minnesota,27141,Sherburne,45.4463,-93.9985,707,266,polygon,FALSE,TRUE,America/Chicago,3
16818,Udall,Udall,KS,Kansas,20035,Cowley,37.3889,-97.1177,707,501,polygon,FALSE,TRUE,America/Chicago,3
16819,Pajonal,Pajonal,PR,Puerto Rico,72054,Florida,18.3848,-66.5559,707,2448,polygon,FALSE,FALSE,America/Puerto_Rico,2
16820,Crofton,Crofton,KY,Kentucky,21047,Christian,37.0477,-87.4843,707,430,polygon,FALSE,TRUE,America/Chicago,3
16821,Garden Grove,Garden Grove,FL,Florida,12053,Hernando,28.4716,-82.4348,706,281,polygon,FALSE,FALSE,America/New_York,3
16822,Vernon,Vernon,FL,Florida,12133,Washington,30.6197,-85.7062,706,57,polygon,FALSE,TRUE,America/Chicago,3
16823,Normangee,Normangee,TX,Texas,48289,Leon,31.03,-96.1161,706,244,polygon,FALSE,TRUE,America/Chicago,3
16824,Quinhagak,Quinhagak,AK,Alaska,2050,Bethel,59.7511,-161.8993,706,66,polygon,FALSE,TRUE,America/Anchorage,3
16825,Rosedale,Rosedale,IN,Indiana,18121,Parke,39.6225,-87.2818,706,690,polygon,FALSE,TRUE,America/Indiana/Indianapolis,3
16826,Kerkhoven,Kerkhoven,MN,Minnesota,27151,Swift,45.1922,-95.3199,706,327,polygon,FALSE,TRUE,America/Chicago,3
16827,Bruce,Bruce,WI,Wisconsin,55107,Rusk,45.459,-91.2734,705,117,polygon,FALSE,TRUE,America/Chicago,3
16828,Tigerton,Tigerton,WI,Wisconsin,55115,Shawano,44.7409,-89.0459,705,149,polygon,FALSE,TRUE,America/Chicago,3
16829,Sierra Blanca,Sierra Blanca,TX,Texas,48229,Hudspeth,31.1834,-105.3395,705,57,polygon,FALSE,FALSE,America/Denver,3
16830,Savoonga,Savoonga,AK,Alaska,2180,Nome,63.6797,-170.4831,705,46,polygon,FALSE,TRUE,America/Nome,3
16831,Morgantown,Morgantown,PA,Pennsylvania,42011,Berks,40.1539,-75.8906,705,288,polygon,FALSE,FALSE,America/New_York,3
16832,Vandling,Vandling,PA,Pennsylvania,42069,Lackawanna,41.631,-75.4703,705,207,polygon,FALSE,TRUE,America/New_York,3
16833,Hennepin,Hennepin,IL,Illinois,17155,Putnam,41.2589,-89.3216,705,51,polygon,FALSE,TRUE,America/Chicago,3
16834,Grover,Grover,NC,North Carolina,37045,Cleveland,35.1735,-81.452,704,284,polygon,FALSE,TRUE,America/New_York,3
16835,Scotts Corners,Scotts Corners,NY,New York,36119,Westchester,41.1889,-73.5561,704,153,polygon,FALSE,FALSE,America/New_York,3
16836,Eldorado Springs,Eldorado Springs,CO,Colorado,8013,Boulder,39.9367,-105.2625,704,105,polygon,FALSE,FALSE,America/Denver,3
16837,Rockport,Rockport,AR,Arkansas,5059,Hot Spring,34.4069,-92.8078,704,86,polygon,FALSE,TRUE,America/Chicago,3
16838,Vici,Vici,OK,Oklahoma,40043,Dewey,36.1487,-99.2993,704,629,polygon,FALSE,TRUE,America/Chicago,3
16839,Adena,Adena,OH,Ohio,39081,Jefferson,40.2166,-80.8762,704,506,polygon,FALSE,TRUE,America/New_York,3
16840,Quincy,Quincy,OH,Ohio,39091,Logan,40.2956,-83.9687,704,239,polygon,FALSE,TRUE,America/New_York,3
16841,Concorde Hills,Concorde Hills,OH,Ohio,39061,Hamilton,39.211,-84.3572,704,772,polygon,FALSE,TRUE,America/New_York,3
16842,Westbrook,Westbrook,MN,Minnesota,27033,Cottonwood,44.0422,-95.4376,704,410,polygon,FALSE,TRUE,America/Chicago,3
16843,Sherman,Sherman,MS,Mississippi,28115,Pontotoc,34.3611,-88.8387,704,156,polygon,FALSE,TRUE,America/Chicago,3
16844,Crystal Springs,Crystal Springs,FL,Florida,12101,Pasco,28.183,-82.1539,703,47,polygon,FALSE,FALSE,America/New_York,3
16845,Bogue,Bogue,NC,North Carolina,37031,Carteret,34.698,-77.0311,703,98,polygon,FALSE,TRUE,America/New_York,3
16846,Woodland,Woodland,NC,North Carolina,37131,Northampton,36.3306,-77.2149,703,216,polygon,FALSE,TRUE,America/New_York,3
16847,Newman Grove,Newman Grove,NE,Nebraska,31119,Madison,41.7469,-97.7767,703,497,polygon,FALSE,TRUE,America/Chicago,3
16848,Preston,Preston,MD,Maryland,24011,Caroline,38.7112,-75.909,703,501,polygon,FALSE,TRUE,America/New_York,3
16849,Big Wells,Big Wells,TX,Texas,48127,Dimmit,28.5699,-99.5702,702,489,polygon,FALSE,TRUE,America/Chicago,3
16850,Whitakers,Whitakers,NC,North Carolina,37127,Nash,36.1057,-77.713,702,330,polygon,FALSE,TRUE,America/New_York,3
16851,Loyalton,Loyalton,CA,California,6091,Sierra,39.6768,-120.2448,702,762,polygon,FALSE,TRUE,America/Los_Angeles,3
16852,Murray,Murray,IA,Iowa,19039,Clarke,41.0413,-93.9489,702,341,polygon,FALSE,TRUE,America/Chicago,3
16853,Chevy Chase Section Five,Chevy Chase Section Five,MD,Maryland,24031,Montgomery,38.984,-77.074,702,2538,polygon,FALSE,TRUE,America/New_York,2
16854,Okay,Okay,OK,Oklahoma,40145,Wagoner,35.854,-95.3143,702,327,polygon,FALSE,TRUE,America/Chicago,3
16855,Chesapeake,Chesapeake,OH,Ohio,39087,Lawrence,38.4298,-82.4489,702,572,polygon,FALSE,TRUE,America/New_York,3
16856,Cloudcroft,Cloudcroft,NM,New Mexico,35035,Otero,32.9532,-105.7328,701,165,polygon,FALSE,TRUE,America/Denver,3
16857,Shelby,Shelby,NE,Nebraska,31143,Polk,41.194,-97.426,701,481,polygon,FALSE,TRUE,America/Chicago,3
16858,Corfu,Corfu,NY,New York,36037,Genesee,42.9611,-78.4026,701,271,polygon,FALSE,TRUE,America/New_York,3
16859,Tangier,Tangier,VA,Virginia,51001,Accomack,37.8235,-75.9934,701,499,polygon,FALSE,TRUE,America/New_York,3
16860,Seymour,Seymour,IA,Iowa,19185,Wayne,40.6824,-93.1212,701,115,polygon,FALSE,TRUE,America/Chicago,3
16861,Porum,Porum,OK,Oklahoma,40101,Muskogee,35.3568,-95.2634,701,323,polygon,FALSE,TRUE,America/Chicago,3
16862,Gambell,Gambell,AK,Alaska,2180,Nome,63.7538,-171.6881,700,25,polygon,FALSE,TRUE,America/Nome,3
16863,Reile's Acres,Reile's Acres,ND,North Dakota,38017,Cass,46.927,-96.8666,700,538,polygon,FALSE,TRUE,America/Chicago,3
16864,Scalp Level,Scalp Level,PA,Pennsylvania,42021,Cambria,40.2495,-78.8442,700,410,polygon,FALSE,TRUE,America/New_York,3
16865,Maplesville,Maplesville,AL,Alabama,1021,Chilton,32.7867,-86.8783,700,82,polygon,FALSE,TRUE,America/Chicago,3
16866,Walnut Grove,Walnut Grove,AL,Alabama,1055,Etowah,34.0641,-86.2863,700,53,polygon,FALSE,TRUE,America/Chicago,3
16867,Yarnell,Yarnell,AZ,Arizona,4025,Yavapai,34.2283,-112.7631,700,30,polygon,FALSE,FALSE,America/Phoenix,3
16868,McCoole,McCoole,MD,Maryland,24001,Allegany,39.4534,-78.9731,700,192,polygon,FALSE,FALSE,America/New_York,3
16869,Trimont,Trimont,MN,Minnesota,27091,Martin,43.7611,-94.7162,700,343,polygon,FALSE,TRUE,America/Chicago,3
16870,South Hills,South Hills,MT,Montana,30043,Jefferson,46.5564,-111.9974,700,46,polygon,FALSE,TRUE,America/Denver,3
16871,Wiscon,Wiscon,FL,Florida,12053,Hernando,28.5409,-82.4664,699,320,polygon,FALSE,FALSE,America/New_York,3
16872,Parks,Parks,LA,Louisiana,22099,St. Martin,30.2173,-91.8271,699,319,polygon,FALSE,TRUE,America/Chicago,3
16873,Schroon Lake,Schroon Lake,NY,New York,36031,Essex,43.8345,-73.7647,699,93,polygon,FALSE,FALSE,America/New_York,3
16874,New Milford,New Milford,IL,Illinois,17201,Winnebago,42.1778,-89.0647,699,180,polygon,FALSE,TRUE,America/Chicago,3
16875,Alburnett,Alburnett,IA,Iowa,19113,Linn,42.1492,-91.621,699,329,polygon,FALSE,TRUE,America/Chicago,3
16876,Stratford,Stratford,IA,Iowa,19079,Hamilton,42.2691,-93.9272,699,141,polygon,FALSE,TRUE,America/Chicago,3
16877,Harleyville,Harleyville,SC,South Carolina,45035,Dorchester,33.2126,-80.4478,699,234,polygon,FALSE,TRUE,America/New_York,3
16878,Collbran,Collbran,CO,Colorado,8077,Mesa,39.2399,-107.9636,698,482,polygon,FALSE,TRUE,America/Denver,3
16879,Brooklyn,Brooklyn,IL,Illinois,17163,St. Clair,38.6542,-90.1678,698,332,polygon,FALSE,TRUE,America/Chicago,3
16880,Wood Heights,Wood Heights,MO,Missouri,29177,Ray,39.3414,-94.1635,698,118,polygon,FALSE,TRUE,America/Chicago,3
16881,Greenbush,Greenbush,MN,Minnesota,27135,Roseau,48.701,-96.1835,698,177,polygon,FALSE,TRUE,America/Chicago,3
16882,Upton,Upton,KY,Kentucky,21093,Hardin,37.4626,-85.899,698,198,polygon,FALSE,TRUE,America/New_York,3
16883,North Freedom,North Freedom,WI,Wisconsin,55111,Sauk,43.459,-89.8603,697,321,polygon,FALSE,TRUE,America/Chicago,3
16884,Saluda,Saluda,NC,North Carolina,37149,Polk,35.2375,-82.3469,697,173,polygon,FALSE,TRUE,America/New_York,3
16885,Charleston,Charleston,TN,Tennessee,47011,Bradley,35.2863,-84.7611,697,259,polygon,FALSE,TRUE,America/New_York,3
16886,Deemston,Deemston,PA,Pennsylvania,42125,Washington,40.0273,-80.0334,697,28,polygon,FALSE,TRUE,America/New_York,3
16887,Hampton,Hampton,MN,Minnesota,27037,Dakota,44.6085,-93.0025,697,218,polygon,FALSE,TRUE,America/Chicago,3
16888,Condon,Condon,OR,Oregon,41021,Gilliam,45.2366,-120.1859,697,329,polygon,FALSE,TRUE,America/Los_Angeles,3
16889,Bloomington,Bloomington,WI,Wisconsin,55043,Grant,42.8932,-90.9264,696,212,polygon,FALSE,TRUE,America/Chicago,3
16890,Duck Key,Duck Key,FL,Florida,12087,Monroe,24.771,-80.9132,696,448,polygon,FALSE,FALSE,America/New_York,3
16891,Pleasant View,Pleasant View,PA,Pennsylvania,42005,Armstrong,40.6121,-79.5711,696,274,polygon,FALSE,FALSE,America/New_York,3
16892,Revloc,Revloc,PA,Pennsylvania,42021,Cambria,40.4914,-78.7636,696,781,polygon,FALSE,FALSE,America/New_York,3
16893,Medora,Medora,IN,Indiana,18071,Jackson,38.8245,-86.1712,696,855,polygon,FALSE,TRUE,America/Indiana/Indianapolis,3
16894,Hospers,Hospers,IA,Iowa,19167,Sioux,43.0722,-95.9039,696,533,polygon,FALSE,TRUE,America/Chicago,3
16895,Bancroft,Bancroft,IA,Iowa,19109,Kossuth,43.2929,-94.2176,696,482,polygon,FALSE,TRUE,America/Chicago,3
16896,Courtland,Courtland,MN,Minnesota,27103,Nicollet,44.2701,-94.3464,696,102,polygon,FALSE,TRUE,America/Chicago,3
16897,Science Hill,Science Hill,KY,Kentucky,21199,Pulaski,37.174,-84.6329,696,350,polygon,FALSE,TRUE,America/New_York,3
16898,Mellen,Mellen,WI,Wisconsin,55003,Ashland,46.324,-90.6607,695,144,polygon,FALSE,TRUE,America/Chicago,3
16899,Casper Mountain,Casper Mountain,WY,Wyoming,56025,Natrona,42.7448,-106.3206,695,25,polygon,FALSE,FALSE,America/Denver,3
16900,Unalakleet,Unalakleet,AK,Alaska,2180,Nome,63.8922,-160.786,695,93,polygon,FALSE,TRUE,America/Anchorage,3
16901,Rougemont,Rougemont,NC,North Carolina,37063,Durham,36.2209,-78.9206,695,42,polygon,FALSE,FALSE,America/New_York,3
16902,Wartrace,Wartrace,TN,Tennessee,47003,Bedford,35.5253,-86.3301,695,306,polygon,FALSE,TRUE,America/Chicago,3
16903,Queenstown,Queenstown,MD,Maryland,24035,Queen Anne's,38.9868,-76.1633,695,133,polygon,FALSE,TRUE,America/New_York,3
16904,Perry,Perry,MO,Missouri,29173,Ralls,39.43,-91.6665,695,212,polygon,FALSE,TRUE,America/Chicago,3
16905,Canton,Canton,KS,Kansas,20113,McPherson,38.3859,-97.43,695,540,polygon,FALSE,TRUE,America/Chicago,3
16906,Frankfort,Frankfort,KS,Kansas,20117,Marshall,39.704,-96.417,695,266,polygon,FALSE,TRUE,America/Chicago,3
16907,Wallace,Wallace,SC,South Carolina,45069,Marlboro,34.7201,-79.8479,695,40,polygon,FALSE,FALSE,America/New_York,3
16908,Melbourne Village,Melbourne Village,FL,Florida,12009,Brevard,28.088,-80.6652,694,460,polygon,FALSE,TRUE,America/New_York,3
16909,Pecan Hill,Pecan Hill,TX,Texas,48139,Ellis,32.4906,-96.7815,694,125,polygon,FALSE,TRUE,America/Chicago,3
16910,Vineyard Lake,Vineyard Lake,MI,Michigan,26075,Jackson,42.0868,-84.2102,694,104,polygon,FALSE,TRUE,America/Detroit,3
16911,Kenefick,Kenefick,TX,Texas,48291,Liberty,30.1069,-94.8502,693,172,polygon,FALSE,TRUE,America/Chicago,3
16912,York Haven,York Haven,PA,Pennsylvania,42133,York,40.1106,-76.7149,693,897,polygon,FALSE,TRUE,America/New_York,3
16913,Ridgeway,Ridgeway,VA,Virginia,51089,Henry,36.5781,-79.8583,693,280,polygon,FALSE,TRUE,America/New_York,3
16914,Ashkum,Ashkum,IL,Illinois,17075,Iroquois,40.8783,-87.9533,693,326,polygon,FALSE,TRUE,America/Chicago,3
16915,Battle Creek,Battle Creek,IA,Iowa,19093,Ida,42.3168,-95.6003,693,536,polygon,FALSE,TRUE,America/Chicago,3
16916,Warsaw,Warsaw,OH,Ohio,39031,Coshocton,40.336,-82.0019,693,550,polygon,FALSE,TRUE,America/New_York,3
16917,Loretto,Loretto,KY,Kentucky,21155,Marion,37.6351,-85.3985,693,83,polygon,FALSE,TRUE,America/New_York,3
16918,Oakville,Oakville,WA,Washington,53027,Grays Harbor,46.8403,-123.2337,692,483,polygon,FALSE,TRUE,America/Los_Angeles,3
16919,Cascade,Cascade,WI,Wisconsin,55117,Sheboygan,43.6599,-88.0071,692,324,polygon,FALSE,TRUE,America/Chicago,3
16920,James Town,James Town,WY,Wyoming,56037,Sweetwater,41.5651,-109.5392,692,83,polygon,FALSE,FALSE,America/Denver,3
16921,Lone Oak,Lone Oak,TX,Texas,48231,Hunt,32.9961,-95.9406,692,240,polygon,FALSE,TRUE,America/Chicago,3
16922,Lorain,Lorain,PA,Pennsylvania,42021,Cambria,40.296,-78.8961,692,788,polygon,FALSE,TRUE,America/New_York,3
16923,Fort Jones,Fort Jones,CA,California,6093,Siskiyou,41.6085,-122.8411,692,443,polygon,FALSE,TRUE,America/Los_Angeles,3
16924,Pisgah,Pisgah,AL,Alabama,1071,Jackson,34.6844,-85.846,692,55,polygon,FALSE,TRUE,America/Chicago,3
16925,Portal,Portal,GA,Georgia,13031,Bulloch,32.5383,-81.9297,692,133,polygon,FALSE,TRUE,America/New_York,3
16926,West Lebanon,West Lebanon,IN,Indiana,18171,Warren,40.2724,-87.3862,692,434,polygon,FALSE,TRUE,America/Indiana/Indianapolis,3
16927,Mullan,Mullan,ID,Idaho,16079,Shoshone,47.4689,-115.7968,692,322,polygon,FALSE,TRUE,America/Los_Angeles,3
16928,Marne,Marne,OH,Ohio,39089,Licking,40.0725,-82.3091,692,304,polygon,FALSE,FALSE,America/New_York,3
16929,Corydon,Corydon,KY,Kentucky,21101,Henderson,37.7403,-87.7063,692,492,polygon,FALSE,TRUE,America/Chicago,3
16930,Mill Creek,Mill Creek,WV,West Virginia,54083,Randolph,38.7319,-79.9725,691,584,polygon,FALSE,TRUE,America/New_York,3
16931,Masthope,Masthope,PA,Pennsylvania,42103,Pike,41.5154,-75.0257,691,51,polygon,FALSE,FALSE,America/New_York,3
16932,Saluda,Saluda,VA,Virginia,51119,Middlesex,37.6053,-76.5938,691,82,polygon,FALSE,FALSE,America/New_York,3
16933,Seville,Seville,CA,California,6107,Tulare,36.4856,-119.2247,691,419,polygon,FALSE,FALSE,America/Los_Angeles,3
16934,Town of Pines,Town of Pines,IN,Indiana,18127,Porter,41.6882,-86.9518,691,118,polygon,FALSE,TRUE,America/Chicago,3
16935,Chesapeake City,Chesapeake City,MD,Maryland,24015,Cecil,39.528,-75.8095,691,503,polygon,FALSE,TRUE,America/New_York,3
16936,Springer,Springer,OK,Oklahoma,40019,Carter,34.2909,-97.1255,691,17,polygon,FALSE,TRUE,America/Chicago,3
16937,McDermott,McDermott,OH,Ohio,39145,Scioto,38.8344,-83.0583,691,460,polygon,FALSE,FALSE,America/New_York,3
16938,Bevier,Bevier,MO,Missouri,29121,Macon,39.7508,-92.5644,691,273,polygon,FALSE,TRUE,America/Chicago,3
16939,Brownsdale,Brownsdale,MN,Minnesota,27099,Mower,43.7401,-92.8675,691,593,polygon,FALSE,TRUE,America/Chicago,3
16940,Oriskany Falls,Oriskany Falls,NY,New York,36065,Oneida,42.938,-75.4636,690,526,polygon,FALSE,TRUE,America/New_York,3
16941,Sewickley Hills,Sewickley Hills,PA,Pennsylvania,42003,Allegheny,40.568,-80.1271,690,107,polygon,FALSE,TRUE,America/New_York,3
16942,Joppa,Joppa,AL,Alabama,1043,Cullman,34.2982,-86.5506,690,137,polygon,FALSE,FALSE,America/Chicago,3
16943,Potomac,Potomac,IL,Illinois,17183,Vermilion,40.3068,-87.7977,690,545,polygon,FALSE,TRUE,America/Chicago,3
16944,Deerfield,Deerfield,KS,Kansas,20093,Kearny,37.9818,-101.1331,690,553,polygon,FALSE,TRUE,America/Chicago,3
16945,Fort Gay,Fort Gay,WV,West Virginia,54099,Wayne,38.1201,-82.5948,689,308,polygon,FALSE,TRUE,America/New_York,3
16946,Falls City,Falls City,TX,Texas,48255,Karnes,28.9821,-98.0216,689,298,polygon,FALSE,TRUE,America/Chicago,3
16947,Bardwell,Bardwell,TX,Texas,48139,Ellis,32.2671,-96.6954,689,872,polygon,FALSE,TRUE,America/Chicago,3
16948,Crossville,Crossville,IL,Illinois,17193,White,38.1626,-88.0643,689,415,polygon,FALSE,TRUE,America/Chicago,3
16949,Cedarville,Cedarville,IL,Illinois,17177,Stephenson,42.3756,-89.6363,689,590,polygon,FALSE,TRUE,America/Chicago,3
16950,Lakeside,Lakeside,IA,Iowa,19021,Buena Vista,42.6178,-95.1772,689,1158,polygon,FALSE,TRUE,America/Chicago,3
16951,Walnut Creek,Walnut Creek,AZ,Arizona,4015,Mohave,35.1312,-114.1267,689,173,polygon,FALSE,TRUE,America/Phoenix,3
16952,Algoma,Algoma,MS,Mississippi,28115,Pontotoc,34.1788,-89.0336,689,40,polygon,FALSE,TRUE,America/Chicago,3
16953,Coleman,Coleman,WI,Wisconsin,55075,Marinette,45.0672,-88.0359,688,195,polygon,FALSE,TRUE,America/Chicago,3
16954,Montfort,Montfort,WI,Wisconsin,55043,Grant,42.9697,-90.4331,688,493,polygon,FALSE,TRUE,America/Chicago,3
16955,Pleasant Hill,Pleasant Hill,LA,Louisiana,22085,Sabine,31.8154,-93.5164,688,164,polygon,FALSE,TRUE,America/Chicago,3
16956,La Fargeville,La Fargeville,NY,New York,36045,Jefferson,44.196,-75.9627,688,80,polygon,FALSE,FALSE,America/New_York,3
16957,Junction City,Junction City,CA,California,6105,Trinity,40.7274,-123.0615,688,9,polygon,FALSE,FALSE,America/Los_Angeles,3
16958,Shannon,Shannon,IL,Illinois,17015,Carroll,42.1524,-89.7402,688,551,polygon,FALSE,TRUE,America/Chicago,3
16959,Wheaton,Wheaton,MO,Missouri,29009,Barry,36.7616,-94.057,688,522,polygon,FALSE,TRUE,America/Chicago,3
16960,Allenport,Allenport,PA,Pennsylvania,42061,Huntingdon,40.3686,-77.8707,687,273,polygon,FALSE,FALSE,America/New_York,3
16961,Greeley Hill,Greeley Hill,CA,California,6043,Mariposa,37.7569,-120.1291,687,12,polygon,FALSE,FALSE,America/Los_Angeles,3
16962,Olin,Olin,IA,Iowa,19105,Jones,41.9977,-91.1417,687,259,polygon,FALSE,TRUE,America/Chicago,3
16963,Wellsburg,Wellsburg,IA,Iowa,19075,Grundy,42.4339,-92.9266,687,241,polygon,FALSE,TRUE,America/Chicago,3
16964,Bokchito,Bokchito,OK,Oklahoma,40013,Bryan,34.0179,-96.1416,687,679,polygon,FALSE,TRUE,America/Chicago,3
16965,Clarks Grove,Clarks Grove,MN,Minnesota,27047,Freeborn,43.7618,-93.329,687,467,polygon,FALSE,TRUE,America/Chicago,3
16966,Calumet,Calumet,MI,Michigan,26061,Houghton,47.2478,-88.4535,687,1331,polygon,FALSE,TRUE,America/Detroit,3
16967,Atlanta,Atlanta,MI,Michigan,26119,Montmorency,45.0017,-84.1536,687,80,polygon,FALSE,FALSE,America/Detroit,3
16968,Silverton,Silverton,TX,Texas,48045,Briscoe,34.4714,-101.3041,686,263,polygon,FALSE,TRUE,America/Chicago,3
16969,Newland,Newland,NC,North Carolina,37011,Avery,36.088,-81.9274,686,354,polygon,FALSE,TRUE,America/New_York,3
16970,Indianola,Indianola,CA,California,6023,Humboldt,40.8133,-124.0808,686,187,polygon,FALSE,FALSE,America/Los_Angeles,3
16971,Linnell Camp,Linnell Camp,CA,California,6107,Tulare,36.3089,-119.2225,686,2261,polygon,FALSE,TRUE,America/Los_Angeles,2
16972,Madison,Madison,AR,Arkansas,5123,St. Francis,35.0188,-90.7299,686,151,polygon,FALSE,TRUE,America/Chicago,3
16973,Grayhawk,Grayhawk,MO,Missouri,29186,Ste. Genevieve,37.931,-90.239,686,60,polygon,FALSE,TRUE,America/Chicago,3
16974,Buffalo Lake,Buffalo Lake,MN,Minnesota,27129,Renville,44.737,-94.6173,686,377,polygon,FALSE,TRUE,America/Chicago,3
16975,Carlton,Carlton,MT,Montana,30063,Missoula,46.6796,-114.0718,686,43,polygon,FALSE,FALSE,America/Denver,3
16976,Scooba,Scooba,MS,Mississippi,28069,Kemper,32.8302,-88.4771,686,106,polygon,FALSE,TRUE,America/Chicago,3
16977,Thaxton,Thaxton,MS,Mississippi,28115,Pontotoc,34.3071,-89.1745,686,25,polygon,FALSE,TRUE,America/Chicago,3
16978,War,War,WV,West Virginia,54047,McDowell,37.304,-81.6801,685,296,polygon,FALSE,TRUE,America/New_York,3
16979,Leroy,Leroy,AL,Alabama,1129,Washington,31.4952,-87.969,685,22,polygon,FALSE,FALSE,America/Chicago,3
16980,Amity,Amity,AR,Arkansas,5019,Clark,34.2662,-93.4634,685,82,polygon,FALSE,TRUE,America/Chicago,3
16981,Wild Rose,Wild Rose,WI,Wisconsin,55137,Waushara,44.179,-89.2439,684,181,polygon,FALSE,TRUE,America/Chicago,3
16982,Powellton,Powellton,WV,West Virginia,54019,Fayette,38.0941,-81.322,684,49,polygon,FALSE,FALSE,America/New_York,3
16983,Sedalia,Sedalia,NC,North Carolina,37081,Guilford,36.076,-79.6208,684,132,polygon,FALSE,TRUE,America/New_York,3
16984,East Butler,East Butler,PA,Pennsylvania,42019,Butler,40.8789,-79.8474,684,253,polygon,FALSE,TRUE,America/New_York,3
16985,Mounds,Mounds,IL,Illinois,17153,Pulaski,37.1145,-89.2024,684,218,polygon,FALSE,TRUE,America/Chicago,3
16986,Trenton,Trenton,TX,Texas,48147,Fannin,33.4273,-96.3409,683,140,polygon,FALSE,TRUE,America/Chicago,3
16987,Detroit,Detroit,TX,Texas,48387,Red River,33.6602,-95.2664,683,166,polygon,FALSE,TRUE,America/Chicago,3
16988,Westover Hills,Westover Hills,TX,Texas,48439,Tarrant,32.7436,-97.4123,683,372,polygon,FALSE,TRUE,America/Chicago,3
16989,Elwood,Elwood,NE,Nebraska,31073,Gosper,40.5897,-99.8616,683,509,polygon,FALSE,TRUE,America/Chicago,3
16990,Pomfret,Pomfret,MD,Maryland,24017,Charles,38.5699,-77.0304,683,96,polygon,FALSE,FALSE,America/New_York,3
16991,Bloomdale,Bloomdale,OH,Ohio,39173,Wood,41.1716,-83.5534,683,396,polygon,FALSE,TRUE,America/New_York,3
16992,Spring Valley,Spring Valley,KY,Kentucky,21111,Jefferson,38.2968,-85.6108,683,1334,polygon,FALSE,TRUE,America/New_York,3
16993,Madrone,Madrone,NM,New Mexico,35061,Valencia,34.5792,-106.7285,682,85,polygon,FALSE,FALSE,America/Denver,3
16994,Millville,Millville,CA,California,6089,Shasta,40.5576,-122.1696,682,32,polygon,FALSE,FALSE,America/Los_Angeles,3
16995,Bradford,Bradford,IL,Illinois,17175,Stark,41.1772,-89.6583,682,661,polygon,FALSE,TRUE,America/Chicago,3
16996,Woodlawn,Woodlawn,IL,Illinois,17081,Jefferson,38.3283,-89.0345,682,309,polygon,FALSE,TRUE,America/Chicago,3
16997,Aroma Park,Aroma Park,IL,Illinois,17091,Kankakee,41.0788,-87.8011,682,140,polygon,FALSE,TRUE,America/Chicago,3
16998,Ruthven,Ruthven,IA,Iowa,19147,Palo Alto,43.13,-94.8984,682,623,polygon,FALSE,TRUE,America/Chicago,3
16999,Porter,Porter,OK,Oklahoma,40145,Wagoner,35.8687,-95.5206,682,350,polygon,FALSE,TRUE,America/Chicago,3
17000,Boswell,Boswell,OK,Oklahoma,40023,Choctaw,34.0281,-95.8683,682,383,polygon,FALSE,TRUE,America/Chicago,3
17001,Wayne Lakes,Wayne Lakes,OH,Ohio,39037,Darke,40.0217,-84.6625,682,495,polygon,FALSE,TRUE,America/New_York,3
17002,Stockton,Stockton,UT,Utah,49045,Tooele,40.4496,-112.3674,682,156,polygon,FALSE,TRUE,America/Denver,3
17003,Hoffman,Hoffman,MN,Minnesota,27051,Grant,45.8341,-95.787,682,122,polygon,FALSE,TRUE,America/Chicago,3
17004,Scranton,Scranton,KS,Kansas,20139,Osage,38.7778,-95.7402,682,244,polygon,FALSE,TRUE,America/Chicago,3
17005,Onaga,Onaga,KS,Kansas,20149,Pottawatomie,39.4892,-96.1703,682,401,polygon,FALSE,TRUE,America/Chicago,3
17006,The Silos,The Silos,MT,Montana,30007,Broadwater,46.3984,-111.5865,682,51,polygon,FALSE,TRUE,America/Denver,3
17007,Enoree,Enoree,SC,South Carolina,45083,Spartanburg,34.6593,-81.9609,682,170,polygon,FALSE,FALSE,America/New_York,3
17008,Kress,Kress,TX,Texas,48437,Swisher,34.3658,-101.7484,681,472,polygon,FALSE,TRUE,America/Chicago,3
17009,Strykersville,Strykersville,NY,New York,36121,Wyoming,42.708,-78.4483,681,76,polygon,FALSE,FALSE,America/New_York,3
17010,Kreamer,Kreamer,PA,Pennsylvania,42109,Snyder,40.8003,-76.9709,681,212,polygon,FALSE,FALSE,America/New_York,3
17011,Saxton,Saxton,PA,Pennsylvania,42009,Bedford,40.2127,-78.247,681,646,polygon,FALSE,TRUE,America/New_York,3
17012,Millerstown,Millerstown,PA,Pennsylvania,42099,Perry,40.5543,-77.153,681,311,polygon,FALSE,TRUE,America/New_York,3
17013,Wilton,Wilton,AL,Alabama,1117,Shelby,33.0813,-86.8799,681,274,polygon,FALSE,TRUE,America/Chicago,3
17014,Ririe,Ririe,ID,Idaho,16051,Jefferson,43.6324,-111.7714,681,508,polygon,FALSE,TRUE,America/Boise,3
17015,Rocky Fork Point,Rocky Fork Point,OH,Ohio,39071,Highland,39.1878,-83.4901,681,369,polygon,FALSE,FALSE,America/New_York,3
17016,Miller,Miller,MO,Missouri,29109,Lawrence,37.2148,-93.8406,681,346,polygon,FALSE,TRUE,America/Chicago,3
17017,Maple Rapids,Maple Rapids,MI,Michigan,26037,Clinton,43.1077,-84.6897,681,192,polygon,FALSE,TRUE,America/Detroit,3
17018,Palo Seco,Palo Seco,PR,Puerto Rico,72095,Maunabo,18.0093,-65.9369,681,578,polygon,FALSE,FALSE,America/Puerto_Rico,3
17019,Reeseville,Reeseville,WI,Wisconsin,55027,Dodge,43.3062,-88.8445,680,420,polygon,FALSE,TRUE,America/Chicago,3
17020,North Walpole,North Walpole,NH,New Hampshire,33005,Cheshire,43.1469,-72.4459,680,383,polygon,FALSE,FALSE,America/New_York,3
17021,Greens Landing,Greens Landing,PA,Pennsylvania,42015,Bradford,41.9312,-76.5403,680,98,polygon,FALSE,TRUE,America/New_York,3
17022,Gillett,Gillett,AR,Arkansas,5001,Arkansas,34.1193,-91.3789,680,263,polygon,FALSE,TRUE,America/Chicago,3
17023,Ochlocknee,Ochlocknee,GA,Georgia,13275,Thomas,30.9752,-84.0517,680,283,polygon,FALSE,TRUE,America/New_York,3
17024,McClure,McClure,OH,Ohio,39069,Henry,41.371,-83.9415,680,527,polygon,FALSE,TRUE,America/New_York,3
17025,Lake Shore,Lake Shore,UT,Utah,49049,Utah,40.1322,-111.7483,680,24,polygon,FALSE,FALSE,America/Denver,3
17026,Parkdale,Parkdale,MI,Michigan,26101,Manistee,44.272,-86.2805,680,169,polygon,FALSE,FALSE,America/Detroit,3
17027,Peña Pobre,Pena Pobre,PR,Puerto Rico,72103,Naguabo,18.2174,-65.8221,680,2625,polygon,FALSE,FALSE,America/Puerto_Rico,2
17028,Powers,Powers,OR,Oregon,41011,Coos,42.8859,-124.0734,680,448,polygon,FALSE,TRUE,America/Los_Angeles,3
17029,Pueblo Nuevo,Pueblo Nuevo,TX,Texas,48479,Webb,27.4939,-99.3099,679,450,polygon,FALSE,FALSE,America/Chicago,3
17030,Hollow Rock,Hollow Rock,TN,Tennessee,47017,Carroll,36.0355,-88.274,679,155,polygon,FALSE,TRUE,America/Chicago,3
17031,Oxford,Oxford,AR,Arkansas,5065,Izard,36.2092,-91.919,679,38,polygon,FALSE,TRUE,America/Chicago,3
17032,La Moille,La Moille,IL,Illinois,17011,Bureau,41.5301,-89.2833,679,218,polygon,FALSE,TRUE,America/Chicago,3
17033,Kingston,Kingston,GA,Georgia,13015,Bartow,34.232,-84.9445,679,208,polygon,FALSE,TRUE,America/New_York,3
17034,Colfax,Colfax,IN,Indiana,18023,Clinton,40.1941,-86.6668,679,707,polygon,FALSE,TRUE,America/Indiana/Indianapolis,3
17035,Boyden,Boyden,IA,Iowa,19167,Sioux,43.1891,-96.0032,679,384,polygon,FALSE,TRUE,America/Chicago,3
17036,Central,Central,UT,Utah,49053,Washington,37.415,-113.6263,679,104,polygon,FALSE,FALSE,America/Denver,3
17037,Warsaw,Warsaw,MN,Minnesota,27131,Rice,44.2576,-93.3771,679,304,polygon,FALSE,FALSE,America/Chicago,3
17038,Minneola,Minneola,KS,Kansas,20025,Clark,37.4421,-100.0131,679,570,polygon,FALSE,TRUE,America/Chicago,3
17039,Cascade,Cascade,MT,Montana,30013,Cascade,47.277,-111.7025,679,399,polygon,FALSE,TRUE,America/Denver,3
17040,Melrose,Melrose,OR,Oregon,41019,Douglas,43.2529,-123.4575,679,60,polygon,FALSE,FALSE,America/Los_Angeles,3
17041,Dongola,Dongola,IL,Illinois,17181,Union,37.3599,-89.1654,678,240,polygon,FALSE,TRUE,America/Chicago,3
17042,Paragon,Paragon,IN,Indiana,18109,Morgan,39.3952,-86.5627,678,951,polygon,FALSE,TRUE,America/Indiana/Indianapolis,3
17043,West Mansfield,West Mansfield,OH,Ohio,39091,Logan,40.4007,-83.5444,678,313,polygon,FALSE,TRUE,America/New_York,3
17044,Mound City,Mound City,KS,Kansas,20107,Linn,38.1328,-94.8494,678,226,polygon,FALSE,TRUE,America/Chicago,3
17045,Reidville,Reidville,SC,South Carolina,45083,Spartanburg,34.866,-82.105,678,155,polygon,FALSE,TRUE,America/New_York,3
17046,Hindman,Hindman,KY,Kentucky,21119,Knott,37.335,-82.9819,678,84,polygon,FALSE,TRUE,America/New_York,3
17047,Beasley,Beasley,TX,Texas,48157,Fort Bend,29.4946,-95.9146,677,245,polygon,FALSE,TRUE,America/Chicago,3
17048,Point Comfort,Point Comfort,TX,Texas,48057,Calhoun,28.6715,-96.5589,677,198,polygon,FALSE,TRUE,America/Chicago,3
17049,Kingstown,Kingstown,NC,North Carolina,37045,Cleveland,35.3621,-81.62,677,148,polygon,FALSE,TRUE,America/New_York,3
17050,Nuangola,Nuangola,PA,Pennsylvania,42079,Luzerne,41.158,-75.9773,677,248,polygon,FALSE,TRUE,America/New_York,3
17051,Ohio City,Ohio City,OH,Ohio,39161,Van Wert,40.7703,-84.6162,677,491,polygon,FALSE,TRUE,America/New_York,3
17052,Fleming-Neon,Fleming-Neon,KY,Kentucky,21133,Letcher,37.1953,-82.7047,677,161,polygon,FALSE,TRUE,America/New_York,3
17053,Rockland,Rockland,WI,Wisconsin,55063,La Crosse,43.9075,-90.9165,676,389,polygon,FALSE,TRUE,America/Chicago,3
17054,Loleta,Loleta,CA,California,6023,Humboldt,40.6409,-124.2225,676,122,polygon,FALSE,FALSE,America/Los_Angeles,3
17055,Clyde,Clyde,CA,California,6013,Contra Costa,38.0253,-122.0278,676,1821,polygon,FALSE,FALSE,America/Los_Angeles,3
17056,Keiser,Keiser,AR,Arkansas,5093,Mississippi,35.674,-90.0958,676,702,polygon,FALSE,TRUE,America/Chicago,3
17057,Elnora,Elnora,IN,Indiana,18027,Daviess,38.8762,-87.0846,676,267,polygon,FALSE,TRUE,America/Indiana/Vincennes,3
17058,Kiowa,Kiowa,OK,Oklahoma,40121,Pittsburg,34.7223,-95.9018,676,204,polygon,FALSE,TRUE,America/Chicago,3
17059,Pe Ell,Pe Ell,WA,Washington,53041,Lewis,46.5712,-123.2982,675,440,polygon,FALSE,TRUE,America/Los_Angeles,3
17060,Noorvik,Noorvik,AK,Alaska,2188,Northwest Arctic,66.8292,-161.0376,675,310,polygon,FALSE,TRUE,America/Anchorage,3
17061,Hebron,Hebron,ND,North Dakota,38059,Morton,46.9023,-102.0444,675,173,polygon,FALSE,TRUE,America/North_Dakota/New_Salem,3
17062,Salisbury,Salisbury,PA,Pennsylvania,42111,Somerset,39.7535,-79.0843,675,679,polygon,FALSE,TRUE,America/New_York,3
17063,Cold Springs,Cold Springs,CA,California,6017,El Dorado,38.7468,-120.8761,675,344,polygon,FALSE,FALSE,America/Los_Angeles,3
17064,Kirkwood,Kirkwood,IL,Illinois,17187,Warren,40.8678,-90.7483,675,277,polygon,FALSE,TRUE,America/Chicago,3
17065,Alapaha,Alapaha,GA,Georgia,13019,Berrien,31.3832,-83.2237,675,253,polygon,FALSE,TRUE,America/New_York,3
17066,Pennville,Pennville,IN,Indiana,18075,Jay,40.492,-85.147,675,524,polygon,FALSE,TRUE,America/Indiana/Indianapolis,3
17067,Mount Aetna,Mount Aetna,MD,Maryland,24043,Washington,39.5989,-77.6128,675,184,polygon,FALSE,FALSE,America/New_York,3
17068,Leawood,Leawood,MO,Missouri,29145,Newton,37.0333,-94.4947,675,211,polygon,FALSE,TRUE,America/Chicago,3
17069,Hendricks,Hendricks,MN,Minnesota,27081,Lincoln,44.5076,-96.4281,675,278,polygon,FALSE,TRUE,America/Chicago,3
17070,Pikeville,Pikeville,NC,North Carolina,37191,Wayne,35.4971,-77.9879,674,344,polygon,FALSE,TRUE,America/New_York,3
17071,Mohrsville,Mohrsville,PA,Pennsylvania,42011,Berks,40.4781,-75.9852,674,398,polygon,FALSE,FALSE,America/New_York,3
17072,Grand View Estates,Grand View Estates,CO,Colorado,8035,Douglas,39.5439,-104.8189,674,317,polygon,FALSE,FALSE,America/Denver,3
17073,Weiner,Weiner,AR,Arkansas,5111,Poinsett,35.6197,-90.9054,674,190,polygon,FALSE,TRUE,America/Chicago,3
17074,Lakeside,Lakeside,OH,Ohio,39123,Ottawa,41.5408,-82.7534,674,378,polygon,FALSE,FALSE,America/New_York,3
17075,Chillicothe,Chillicothe,TX,Texas,48197,Hardeman,34.256,-99.5144,673,254,polygon,FALSE,TRUE,America/Chicago,3
17076,Toksook Bay,Toksook Bay,AK,Alaska,2050,Bethel,60.5333,-165.1557,673,9,polygon,FALSE,TRUE,America/Nome,3
17077,McAdenville,McAdenville,NC,North Carolina,37071,Gaston,35.2652,-81.0805,673,191,polygon,FALSE,TRUE,America/New_York,3
17078,Coloma,Coloma,CA,California,6017,El Dorado,38.8026,-120.8946,673,77,polygon,FALSE,FALSE,America/Los_Angeles,3
17079,Clayton,Clayton,IL,Illinois,17001,Adams,40.0301,-90.958,673,293,polygon,FALSE,TRUE,America/Chicago,3
17080,Upper Marlboro,Upper Marlboro,MD,Maryland,24033,Prince George's,38.8171,-76.7546,673,632,polygon,FALSE,TRUE,America/New_York,3
17081,Tenkiller,Tenkiller,OK,Oklahoma,40021,Cherokee,35.7975,-94.8656,673,13,polygon,FALSE,FALSE,America/Chicago,3
17082,New Bloomfield,New Bloomfield,MO,Missouri,29027,Callaway,38.7167,-92.0914,673,168,polygon,FALSE,TRUE,America/Chicago,3
17083,Chicopee,Chicopee,KS,Kansas,20037,Crawford,37.3834,-94.7443,673,82,polygon,FALSE,FALSE,America/Chicago,3
17084,Bardwell,Bardwell,KY,Kentucky,21039,Carlisle,36.874,-89.0091,673,300,polygon,FALSE,TRUE,America/Chicago,3
17085,Kimball,Kimball,SD,South Dakota,46015,Brule,43.7468,-98.9569,673,84,polygon,FALSE,TRUE,America/Chicago,3
17086,New Underwood,New Underwood,SD,South Dakota,46103,Pennington,44.0978,-102.8362,673,233,polygon,FALSE,TRUE,America/Denver,3
17087,Sunset Valley,Sunset Valley,TX,Texas,48453,Travis,30.2258,-97.8158,672,185,polygon,FALSE,TRUE,America/Chicago,3
17088,Miranda,Miranda,CA,California,6023,Humboldt,40.2289,-123.8173,672,173,polygon,FALSE,FALSE,America/Los_Angeles,3
17089,Ellendale,Ellendale,MN,Minnesota,27147,Steele,43.8727,-93.2993,672,311,polygon,FALSE,TRUE,America/Chicago,3
17090,Kasota,Kasota,MN,Minnesota,27079,Le Sueur,44.2916,-93.9689,672,213,polygon,FALSE,TRUE,America/Chicago,3
17091,Haviland,Haviland,KS,Kansas,20097,Kiowa,37.6174,-99.1059,672,526,polygon,FALSE,TRUE,America/Chicago,3
17092,Six Mile,Six Mile,SC,South Carolina,45077,Pickens,34.8082,-82.8154,672,127,polygon,FALSE,TRUE,America/New_York,3
17093,Brownsboro Farm,Brownsboro Farm,KY,Kentucky,21111,Jefferson,38.304,-85.5946,672,1141,polygon,FALSE,TRUE,America/New_York,3
17094,Nenahnezad,Nenahnezad,NM,New Mexico,35045,San Juan,36.7354,-108.4253,671,74,polygon,FALSE,FALSE,America/Denver,3
17095,Strawn,Strawn,TX,Texas,48363,Palo Pinto,32.5509,-98.4978,671,332,polygon,FALSE,TRUE,America/Chicago,3
17096,Adams,Adams,TN,Tennessee,47147,Robertson,36.5826,-87.0634,671,98,polygon,FALSE,TRUE,America/Chicago,3
17097,Farmersville,Farmersville,IL,Illinois,17135,Montgomery,39.4412,-89.6521,671,368,polygon,FALSE,TRUE,America/Chicago,3
17098,Morley,Morley,MO,Missouri,29201,Scott,37.0433,-89.6122,671,323,polygon,FALSE,TRUE,America/Chicago,3
17099,Marble,Marble,MN,Minnesota,27061,Itasca,47.328,-93.294,671,60,polygon,FALSE,TRUE,America/Chicago,3
17100,Vader,Vader,WA,Washington,53041,Lewis,46.4045,-122.9569,670,278,polygon,FALSE,TRUE,America/Los_Angeles,3
17101,Petrolia,Petrolia,TX,Texas,48077,Clay,34.0132,-98.2312,670,350,polygon,FALSE,TRUE,America/Chicago,3
17102,St. Florian,St. Florian,AL,Alabama,1077,Lauderdale,34.8714,-87.6224,670,68,polygon,FALSE,TRUE,America/Chicago,3
17103,Cecilton,Cecilton,MD,Maryland,24015,Cecil,39.4046,-75.8675,670,535,polygon,FALSE,TRUE,America/New_York,3
17104,Havre North,Havre North,MT,Montana,30041,Hill,48.5632,-109.6712,670,77,polygon,FALSE,TRUE,America/Denver,3
17105,Kuttawa,Kuttawa,KY,Kentucky,21143,Lyon,37.0594,-88.1149,670,118,polygon,FALSE,TRUE,America/Chicago,3
17106,Rocky Hill,Rocky Hill,NJ,New Jersey,34035,Somerset,40.4002,-74.6405,669,422,polygon,FALSE,TRUE,America/New_York,3
17107,Oak Grove,Oak Grove,TX,Texas,48257,Kaufman,32.5327,-96.3186,669,131,polygon,FALSE,TRUE,America/Chicago,3
17108,McRae,McRae,AR,Arkansas,5145,White,35.1119,-91.8253,669,383,polygon,FALSE,TRUE,America/Chicago,3
17109,Bluford,Bluford,IL,Illinois,17081,Jefferson,38.3256,-88.735,669,166,polygon,FALSE,TRUE,America/Chicago,3
17110,Freeport,Freeport,MN,Minnesota,27145,Stearns,45.6627,-94.6888,669,219,polygon,FALSE,TRUE,America/Chicago,3
17111,Hillman,Hillman,MI,Michigan,26119,Montmorency,45.0647,-83.8975,669,158,polygon,FALSE,TRUE,America/Detroit,3
17112,Colton,Colton,SD,South Dakota,46099,Minnehaha,43.7871,-96.928,669,368,polygon,FALSE,TRUE,America/Chicago,3
17113,Armour,Armour,SD,South Dakota,46043,Douglas,43.319,-98.3448,669,273,polygon,FALSE,TRUE,America/Chicago,3
17114,Happy,Happy,TX,Texas,48437,Swisher,34.7416,-101.8572,668,243,polygon,FALSE,TRUE,America/Chicago,3
17115,Palmer,Palmer,TN,Tennessee,47061,Grundy,35.3576,-85.5656,668,52,polygon,FALSE,TRUE,America/Chicago,3
17116,Douglassville,Douglassville,PA,Pennsylvania,42011,Berks,40.2577,-75.7251,668,399,polygon,FALSE,FALSE,America/New_York,3
17117,Douglas City,Douglas City,CA,California,6105,Trinity,40.6636,-122.9261,668,10,polygon,FALSE,FALSE,America/Los_Angeles,3
17118,Saybrook,Saybrook,IL,Illinois,17113,McLean,40.4281,-88.5263,668,325,polygon,FALSE,TRUE,America/Chicago,3
17119,Adrian,Adrian,GA,Georgia,13107,Emanuel,32.5306,-82.592,668,187,polygon,FALSE,TRUE,America/New_York,3
17120,McBain,McBain,MI,Michigan,26113,Missaukee,44.1961,-85.2154,668,204,polygon,FALSE,TRUE,America/Detroit,3
17121,Worden,Worden,MT,Montana,30111,Yellowstone,45.9623,-108.1623,668,130,polygon,FALSE,FALSE,America/Denver,3
17122,Silver Cliff,Silver Cliff,CO,Colorado,8027,Custer,38.1204,-105.4104,667,16,polygon,FALSE,TRUE,America/Denver,3
17123,Coggon,Coggon,IA,Iowa,19113,Linn,42.2783,-91.5304,667,412,polygon,FALSE,TRUE,America/Chicago,3
17124,Liberty,Liberty,MS,Mississippi,28005,Amite,31.1611,-90.8006,667,124,polygon,FALSE,TRUE,America/Chicago,3
17125,Cecilia,Cecilia,KY,Kentucky,21093,Hardin,37.6622,-85.9522,667,179,polygon,FALSE,FALSE,America/New_York,3
17126,Nisqually Indian Community,Nisqually Indian Community,WA,Washington,53067,Thurston,47.0178,-122.6728,666,90,polygon,FALSE,TRUE,America/Los_Angeles,3
17127,White Hall,White Hall,WV,West Virginia,54049,Marion,39.4241,-80.1889,666,244,polygon,FALSE,TRUE,America/New_York,3
17128,Beverly,Beverly,WV,West Virginia,54083,Randolph,38.8442,-79.8718,666,585,polygon,FALSE,TRUE,America/New_York,3
17129,Chamberino,Chamberino,NM,New Mexico,35013,Doña Ana,32.0364,-106.6776,666,84,polygon,FALSE,FALSE,America/Denver,3
17130,Rushville,Rushville,NY,New York,36123,Yates,42.7607,-77.2274,666,402,polygon,FALSE,TRUE,America/New_York,3
17131,Park Crest,Park Crest,PA,Pennsylvania,42107,Schuylkill,40.8192,-76.0601,666,361,polygon,FALSE,FALSE,America/New_York,3
17132,Sligo,Sligo,PA,Pennsylvania,42031,Clarion,41.1081,-79.4964,666,182,polygon,FALSE,TRUE,America/New_York,3
17133,Forest View,Forest View,IL,Illinois,17031,Cook,41.8073,-87.7798,666,220,polygon,FALSE,TRUE,America/Chicago,3
17134,Winslow West,Winslow West,AZ,Arizona,4017,Navajo,34.9923,-110.7069,666,14,polygon,FALSE,FALSE,America/Phoenix,3
17135,Sebeka,Sebeka,MN,Minnesota,27159,Wadena,46.629,-95.0878,666,104,polygon,FALSE,TRUE,America/Chicago,3
17136,Canyon City,Canyon City,OR,Oregon,41023,Grant,44.393,-118.9494,666,182,polygon,FALSE,TRUE,America/Los_Angeles,3
17137,Taholah,Taholah,WA,Washington,53027,Grays Harbor,47.3283,-124.2728,665,74,polygon,FALSE,FALSE,America/Los_Angeles,3
17138,Eleva,Eleva,WI,Wisconsin,55121,Trempealeau,44.5763,-91.4705,665,451,polygon,FALSE,TRUE,America/Chicago,3
17139,Sullivan,Sullivan,WI,Wisconsin,55055,Jefferson,43.0118,-88.5903,665,226,polygon,FALSE,TRUE,America/Chicago,3
17140,Auburndale,Auburndale,WI,Wisconsin,55141,Wood,44.6266,-90.0144,665,123,polygon,FALSE,TRUE,America/Chicago,3
17141,Potosi,Potosi,WI,Wisconsin,55043,Grant,42.6875,-90.7108,665,156,polygon,FALSE,TRUE,America/Chicago,3
17142,Yakutat,Yakutat,AK,Alaska,2282,Yakutat,59.567,-139.5966,665,2,polygon,FALSE,FALSE,America/Yakutat,3
17143,Ocean Isle Beach,Ocean Isle Beach,NC,North Carolina,37019,Brunswick,33.9011,-78.4394,665,69,polygon,FALSE,TRUE,America/New_York,3
17144,Avon,Avon,NC,North Carolina,37055,Dare,35.3467,-75.5069,665,113,polygon,FALSE,FALSE,America/New_York,3
17145,Turbotville,Turbotville,PA,Pennsylvania,42097,Northumberland,41.1019,-76.7695,665,571,polygon,FALSE,TRUE,America/New_York,3
17146,Albert City,Albert City,IA,Iowa,19021,Buena Vista,42.7816,-94.9491,665,471,polygon,FALSE,TRUE,America/Chicago,3
17147,Parcelas Viejas Borinquen,Parcelas Viejas Borinquen,PR,Puerto Rico,72025,Caguas,18.1739,-66.0406,665,5296,polygon,FALSE,TRUE,America/Puerto_Rico,2
17148,Holden Beach,Holden Beach,NC,North Carolina,37019,Brunswick,33.912,-78.3182,664,93,polygon,FALSE,TRUE,America/New_York,3
17149,Friendship,Friendship,TN,Tennessee,47033,Crockett,35.9084,-89.2414,664,194,polygon,FALSE,TRUE,America/Chicago,3
17150,High Falls,High Falls,NY,New York,36111,Ulster,41.8275,-74.1184,664,214,polygon,FALSE,FALSE,America/New_York,3
17151,South New Castle,South New Castle,PA,Pennsylvania,42073,Lawrence,40.9747,-80.3457,664,790,polygon,FALSE,TRUE,America/New_York,3
17152,Thompsontown,Thompsontown,PA,Pennsylvania,42067,Juniata,40.5658,-77.2362,664,786,polygon,FALSE,TRUE,America/New_York,3
17153,Smith Corner,Smith Corner,CA,California,6029,Kern,35.4788,-119.2771,664,1167,polygon,FALSE,FALSE,America/Los_Angeles,3
17154,Sycamore,Sycamore,GA,Georgia,13287,Turner,31.671,-83.6353,664,259,polygon,FALSE,TRUE,America/New_York,3
17155,Kooskia,Kooskia,ID,Idaho,16049,Idaho,46.1413,-115.9766,664,405,polygon,FALSE,TRUE,America/Los_Angeles,3
17156,Russia,Russia,OH,Ohio,39149,Shelby,40.2341,-84.4077,664,326,polygon,FALSE,TRUE,America/New_York,3
17157,Racine,Racine,OH,Ohio,39105,Meigs,38.9685,-81.9112,664,488,polygon,FALSE,TRUE,America/New_York,3
17158,Loretto,Loretto,MN,Minnesota,27053,Hennepin,45.0548,-93.6353,664,993,polygon,FALSE,TRUE,America/Chicago,3
17159,Center City,Center City,MN,Minnesota,27025,Chisago,45.3941,-92.8141,664,438,polygon,FALSE,TRUE,America/Chicago,3
17160,Wye,Wye,MT,Montana,30063,Missoula,46.9523,-114.1331,664,87,polygon,FALSE,FALSE,America/Denver,3
17161,Mathiston,Mathiston,MS,Mississippi,28155,Webster,33.539,-89.1277,664,104,polygon,FALSE,TRUE,America/Chicago,3
17162,Startup,Startup,WA,Washington,53061,Snohomish,47.867,-121.7492,663,61,polygon,FALSE,FALSE,America/Los_Angeles,3
17163,Addison,Addison,WV,West Virginia,54101,Webster,38.4782,-80.4082,663,568,polygon,FALSE,TRUE,America/New_York,3
17164,Peñasco,Penasco,NM,New Mexico,35055,Taos,36.1703,-105.6907,663,210,polygon,FALSE,FALSE,America/Denver,3
17165,Crofton,Crofton,NE,Nebraska,31107,Knox,42.7315,-97.4986,663,400,polygon,FALSE,TRUE,America/Chicago,3
17166,Puryear,Puryear,TN,Tennessee,47079,Henry,36.4413,-88.3324,663,270,polygon,FALSE,TRUE,America/Chicago,3
17167,Silverton,Silverton,CO,Colorado,8111,San Juan,37.811,-107.6648,663,306,polygon,FALSE,TRUE,America/Denver,3
17168,Deer Creek,Deer Creek,IL,Illinois,17179,Tazewell,40.6293,-89.3313,663,478,polygon,FALSE,TRUE,America/Chicago,3
17169,St. Leon,St. Leon,IN,Indiana,18029,Dearborn,39.2935,-84.9641,663,37,polygon,FALSE,TRUE,America/New_York,3
17170,Oldenburg,Oldenburg,IN,Indiana,18047,Franklin,39.3388,-85.2041,663,595,polygon,FALSE,TRUE,America/Indiana/Indianapolis,3
17171,Viola,Viola,WI,Wisconsin,55103,Richland,43.507,-90.6735,662,256,polygon,FALSE,TRUE,America/Chicago,3
17172,Greenwood,Greenwood,FL,Florida,12063,Jackson,30.8727,-85.1612,662,56,polygon,FALSE,TRUE,America/Chicago,3
17173,Alda,Alda,NE,Nebraska,31079,Hall,40.8666,-98.4679,662,452,polygon,FALSE,TRUE,America/Chicago,3
17174,Dobbins,Dobbins,CA,California,6115,Yuba,39.3657,-121.2127,662,32,polygon,FALSE,FALSE,America/Los_Angeles,3
17175,Tres Pinos,Tres Pinos,CA,California,6069,San Benito,36.7904,-121.3105,662,71,polygon,FALSE,FALSE,America/Los_Angeles,3
17176,Matherville,Matherville,IL,Illinois,17131,Mercer,41.2596,-90.6055,662,653,polygon,FALSE,TRUE,America/Chicago,3
17177,Oneida,Oneida,IL,Illinois,17095,Knox,41.0722,-90.2247,662,334,polygon,FALSE,TRUE,America/Chicago,3
17178,Dudleyville,Dudleyville,AZ,Arizona,4021,Pinal,32.9128,-110.7345,662,38,polygon,FALSE,FALSE,America/Phoenix,3
17179,Iron River,Iron River,WI,Wisconsin,55007,Bayfield,46.5671,-91.4069,661,40,polygon,FALSE,FALSE,America/Chicago,3
17180,Ashley,Ashley,ND,North Dakota,38051,McIntosh,46.0347,-99.3736,661,396,polygon,FALSE,TRUE,America/Chicago,3
17181,Elmwood,Elmwood,NE,Nebraska,31025,Cass,40.8426,-96.2947,661,679,polygon,FALSE,TRUE,America/Chicago,3
17182,Osino,Osino,NV,Nevada,32007,Elko,40.9409,-115.6611,661,102,polygon,FALSE,FALSE,America/Los_Angeles,3
17183,Mechanicsburg,Mechanicsburg,IL,Illinois,17167,Sangamon,39.8021,-89.4067,661,246,polygon,FALSE,TRUE,America/Chicago,3
17184,Cleveland,Cleveland,MO,Missouri,29037,Cass,38.6788,-94.598,661,172,polygon,FALSE,TRUE,America/Chicago,3
17185,Rolling Fields,Rolling Fields,KY,Kentucky,21111,Jefferson,38.2689,-85.6708,661,1098,polygon,FALSE,TRUE,America/New_York,3
17186,Manzanita,Manzanita,OR,Oregon,41057,Tillamook,45.7165,-123.9352,661,310,polygon,FALSE,TRUE,America/Los_Angeles,3
17187,Blessing,Blessing,TX,Texas,48321,Matagorda,28.8727,-96.2173,660,125,polygon,FALSE,FALSE,America/Chicago,3
17188,Amherst,Amherst,TX,Texas,48279,Lamb,34.012,-102.4148,660,278,polygon,FALSE,TRUE,America/Chicago,3
17189,Pultneyville,Pultneyville,NY,New York,36117,Wayne,43.2735,-77.1825,660,113,polygon,FALSE,FALSE,America/New_York,3
17190,Shenandoah Retreat,Shenandoah Retreat,VA,Virginia,51043,Clarke,39.1373,-77.8637,660,169,polygon,FALSE,FALSE,America/New_York,3
17191,Cisne,Cisne,IL,Illinois,17191,Wayne,38.5141,-88.4374,660,404,polygon,FALSE,TRUE,America/Chicago,3
17192,Flovilla,Flovilla,GA,Georgia,13035,Butts,33.2524,-83.903,660,130,polygon,FALSE,TRUE,America/New_York,3
17193,Agency,Agency,MO,Missouri,29021,Buchanan,39.6698,-94.7587,660,69,polygon,FALSE,TRUE,America/Chicago,3
17194,Motley,Motley,MN,Minnesota,27097,Morrison,46.3349,-94.6423,660,183,polygon,FALSE,TRUE,America/Chicago,3
17195,La Prairie,La Prairie,MN,Minnesota,27061,Itasca,47.2302,-93.4913,660,154,polygon,FALSE,TRUE,America/Chicago,3
17196,Parkway Village,Parkway Village,KY,Kentucky,21111,Jefferson,38.2113,-85.7381,660,2907,polygon,FALSE,TRUE,America/New_York,2
17197,Strathmoor Village,Strathmoor Village,KY,Kentucky,21111,Jefferson,38.2208,-85.6778,660,2440,polygon,FALSE,TRUE,America/New_York,2
17198,Bay View,Bay View,WA,Washington,53057,Skagit,48.487,-122.4628,659,97,polygon,FALSE,FALSE,America/Los_Angeles,3
17199,St. Edward,St. Edward,NE,Nebraska,31011,Boone,41.5715,-97.8611,659,386,polygon,FALSE,TRUE,America/Chicago,3
17200,Maury City,Maury City,TN,Tennessee,47033,Crockett,35.8145,-89.2239,659,225,polygon,FALSE,TRUE,America/Chicago,3
17201,Deer Lake,Deer Lake,PA,Pennsylvania,42107,Schuylkill,40.6214,-76.0565,659,580,polygon,FALSE,TRUE,America/New_York,3
17202,Taylor Springs,Taylor Springs,IL,Illinois,17135,Montgomery,39.131,-89.4947,659,249,polygon,FALSE,TRUE,America/Chicago,3
17203,Bluffs,Bluffs,IL,Illinois,17171,Scott,39.7494,-90.5352,659,285,polygon,FALSE,TRUE,America/Chicago,3
17204,Dalzell,Dalzell,IL,Illinois,17011,Bureau,41.3551,-89.1759,659,262,polygon,FALSE,TRUE,America/Chicago,3
17205,Millington,Millington,IL,Illinois,17093,Kendall,41.5623,-88.6023,659,359,polygon,FALSE,TRUE,America/Chicago,3
17206,Palmyra,Palmyra,IL,Illinois,17117,Macoupin,39.4345,-89.9959,659,254,polygon,FALSE,TRUE,America/Chicago,3
17207,Blairstown,Blairstown,IA,Iowa,19011,Benton,41.9059,-92.0821,659,512,polygon,FALSE,TRUE,America/Chicago,3
17208,Finzel,Finzel,MD,Maryland,24023,Garrett,39.7018,-78.952,659,64,polygon,FALSE,FALSE,America/New_York,3
17209,Sardis,Sardis,OH,Ohio,39111,Monroe,39.6266,-80.9059,659,201,polygon,FALSE,FALSE,America/New_York,3
17210,Wabasso,Wabasso,MN,Minnesota,27127,Redwood,44.4025,-95.2554,659,299,polygon,FALSE,TRUE,America/Chicago,3
17211,Heidelberg,Heidelberg,MS,Mississippi,28061,Jasper,31.8898,-88.9879,659,49,polygon,FALSE,TRUE,America/Chicago,3
17212,Pippa Passes,Pippa Passes,KY,Kentucky,21119,Knott,37.3342,-82.8733,659,570,polygon,FALSE,TRUE,America/New_York,3
17213,Wampum,Wampum,PA,Pennsylvania,42073,Lawrence,40.8863,-80.3393,658,258,polygon,FALSE,TRUE,America/New_York,3
17214,Oak Level,Oak Level,VA,Virginia,51089,Henry,36.7944,-79.9392,658,41,polygon,FALSE,FALSE,America/New_York,3
17215,Remington,Remington,VA,Virginia,51061,Fauquier,38.5346,-77.8083,658,1159,polygon,FALSE,TRUE,America/New_York,3
17216,San Luis,San Luis,CO,Colorado,8023,Costilla,37.2024,-105.4225,658,448,polygon,FALSE,TRUE,America/Denver,3
17217,Carlisle,Carlisle,IN,Indiana,18153,Sullivan,38.9608,-87.4015,658,490,polygon,FALSE,TRUE,America/Indiana/Indianapolis,3
17218,Stanwood,Stanwood,IA,Iowa,19031,Cedar,41.8927,-91.1488,658,321,polygon,FALSE,TRUE,America/Chicago,3
17219,Sharptown,Sharptown,MD,Maryland,24045,Wicomico,38.5382,-75.719,658,601,polygon,FALSE,TRUE,America/New_York,3
17220,Virgin,Virgin,UT,Utah,49053,Washington,37.2082,-113.2086,658,14,polygon,FALSE,TRUE,America/Denver,3
17221,Clyde,Clyde,KS,Kansas,20029,Cloud,39.5918,-97.4001,658,377,polygon,FALSE,TRUE,America/Chicago,3
17222,Clio,Clio,SC,South Carolina,45069,Marlboro,34.5791,-79.5461,658,296,polygon,FALSE,TRUE,America/New_York,3
17223,Selma,Selma,OR,Oregon,41033,Josephine,42.2797,-123.6151,658,39,polygon,FALSE,FALSE,America/Los_Angeles,3
17224,Friendship,Friendship,WI,Wisconsin,55001,Adams,43.972,-89.8202,657,281,polygon,FALSE,TRUE,America/Chicago,3
17225,Rossiter,Rossiter,PA,Pennsylvania,42063,Indiana,40.8991,-78.9356,657,134,polygon,FALSE,FALSE,America/New_York,3
17226,Milan,Milan,GA,Georgia,13271,Telfair,32.0194,-83.0631,657,81,polygon,FALSE,TRUE,America/New_York,3
17227,McNary,McNary,AZ,Arizona,4001,Apache,34.0923,-109.8541,657,46,polygon,FALSE,FALSE,America/Phoenix,3
17228,Marion,Marion,UT,Utah,49043,Summit,40.6813,-111.2828,657,43,polygon,FALSE,FALSE,America/Denver,3
17229,Happy Valley,Happy Valley,AK,Alaska,2122,Kenai Peninsula,59.9137,-151.6072,656,2,polygon,FALSE,FALSE,America/Anchorage,3
17230,Elrod,Elrod,NC,North Carolina,37155,Robeson,34.6072,-79.2307,656,47,polygon,FALSE,FALSE,America/New_York,3
17231,Hershey,Hershey,NE,Nebraska,31111,Lincoln,41.1601,-100.9985,656,331,polygon,FALSE,TRUE,America/Chicago,3
17232,Round Hill,Round Hill,VA,Virginia,51107,Loudoun,39.1319,-77.7681,656,690,polygon,FALSE,TRUE,America/New_York,3
17233,Elberfeld,Elberfeld,IN,Indiana,18173,Warrick,38.1617,-87.4481,656,827,polygon,FALSE,TRUE,America/Chicago,3
17234,Washburn,Washburn,IA,Iowa,19013,Black Hawk,42.4112,-92.2685,656,204,polygon,FALSE,FALSE,America/Chicago,3
17235,Van Horne,Van Horne,IA,Iowa,19011,Benton,42.0083,-92.0897,656,272,polygon,FALSE,TRUE,America/Chicago,3
17236,Housatonic,Housatonic,MA,Massachusetts,25003,Berkshire,42.2487,-73.3626,656,284,polygon,FALSE,FALSE,America/New_York,3
17237,Sunday Lake,Sunday Lake,WA,Washington,53061,Snohomish,48.2306,-122.2684,655,146,polygon,FALSE,TRUE,America/Los_Angeles,3
17238,Skokomish,Skokomish,WA,Washington,53045,Mason,47.3298,-123.1579,655,37,polygon,FALSE,FALSE,America/Los_Angeles,3
17239,Beemer,Beemer,NE,Nebraska,31039,Cuming,41.93,-96.8092,655,631,polygon,FALSE,TRUE,America/Chicago,3
17240,Niantic,Niantic,IL,Illinois,17115,Macon,39.8541,-89.1652,655,243,polygon,FALSE,TRUE,America/Chicago,3
17241,Thayer,Thayer,IL,Illinois,17167,Sangamon,39.5404,-89.758,655,414,polygon,FALSE,TRUE,America/Chicago,3
17242,Shueyville,Shueyville,IA,Iowa,19103,Johnson,41.8462,-91.6512,655,135,polygon,FALSE,TRUE,America/Chicago,3
17243,Cordova,Cordova,MD,Maryland,24041,Talbot,38.868,-75.9989,655,51,polygon,FALSE,FALSE,America/New_York,3
17244,Joliet,Joliet,MT,Montana,30009,Carbon,45.4845,-108.9721,655,921,polygon,FALSE,TRUE,America/Denver,3
17245,Milner,Milner,GA,Georgia,13171,Lamar,33.1177,-84.193,654,121,polygon,FALSE,TRUE,America/New_York,3
17246,New Washington,New Washington,IN,Indiana,18019,Clark,38.5657,-85.5461,654,48,polygon,FALSE,FALSE,America/Kentucky/Louisville,3
17247,Lake Buckhorn,Lake Buckhorn,OH,Ohio,39075,Holmes,40.4744,-81.9082,654,143,polygon,FALSE,TRUE,America/New_York,3
17248,Greendale,Greendale,MO,Missouri,29189,St. Louis,38.6938,-90.3125,654,1312,polygon,FALSE,TRUE,America/Chicago,3
17249,Lecompton,Lecompton,KS,Kansas,20045,Douglas,39.0358,-95.3929,654,143,polygon,FALSE,TRUE,America/Chicago,3
17250,Monroe,Monroe,OR,Oregon,41003,Benton,44.3168,-123.2989,654,499,polygon,FALSE,TRUE,America/Los_Angeles,3
17251,Tierra Amarilla,Tierra Amarilla,NM,New Mexico,35039,Rio Arriba,36.7061,-106.5599,653,93,polygon,FALSE,FALSE,America/Denver,3
17252,Bendersville,Bendersville,PA,Pennsylvania,42001,Adams,39.9813,-77.2493,653,558,polygon,FALSE,TRUE,America/New_York,3
17253,Pennsbury Village,Pennsbury Village,PA,Pennsylvania,42003,Allegheny,40.4282,-80.1011,653,3338,polygon,FALSE,TRUE,America/New_York,2
17254,Jacksonville,Jacksonville,PA,Pennsylvania,42063,Indiana,40.5652,-79.2952,653,37,polygon,FALSE,FALSE,America/New_York,3
17255,Delft Colony,Delft Colony,CA,California,6107,Tulare,36.512,-119.4465,653,3841,polygon,FALSE,FALSE,America/Los_Angeles,2
17256,Sycamore Hills,Sycamore Hills,MO,Missouri,29189,St. Louis,38.7012,-90.3489,653,1887,polygon,FALSE,TRUE,America/Chicago,3
17257,Clarissa,Clarissa,MN,Minnesota,27153,Todd,46.1284,-94.949,653,248,polygon,FALSE,TRUE,America/Chicago,3
17258,Cove,Cove,OR,Oregon,41061,Union,45.2964,-117.8102,653,313,polygon,FALSE,TRUE,America/Los_Angeles,3
17259,McLaughlin,McLaughlin,SD,South Dakota,46031,Corson,45.8133,-100.8107,653,623,polygon,FALSE,TRUE,America/Denver,3
17260,Hernandez,Hernandez,NM,New Mexico,35039,Rio Arriba,36.0567,-106.1186,652,148,polygon,FALSE,FALSE,America/Denver,3
17261,Greensburg,Greensburg,LA,Louisiana,22091,St. Helena,30.83,-90.6698,652,99,polygon,FALSE,TRUE,America/Chicago,3
17262,Grantsboro,Grantsboro,NC,North Carolina,37137,Pamlico,35.1448,-76.8447,652,65,polygon,FALSE,TRUE,America/New_York,3
17263,Yates City,Yates City,IL,Illinois,17095,Knox,40.7776,-90.0139,652,510,polygon,FALSE,TRUE,America/Chicago,3
17264,Rocky Ripple,Rocky Ripple,IN,Indiana,18097,Marion,39.8484,-86.1731,652,831,polygon,FALSE,TRUE,America/Indiana/Indianapolis,3
17265,Fremont,Fremont,WI,Wisconsin,55135,Waupaca,44.2602,-88.8715,651,243,polygon,FALSE,TRUE,America/Chicago,3
17266,Ducor,Ducor,CA,California,6107,Tulare,35.8943,-119.0456,651,411,polygon,FALSE,FALSE,America/Los_Angeles,3
17267,Lost Nation,Lost Nation,IL,Illinois,17141,Ogle,41.9124,-89.3689,651,102,polygon,FALSE,FALSE,America/Chicago,3
17268,Glenwood,Glenwood,GA,Georgia,13309,Wheeler,32.1805,-82.6709,651,135,polygon,FALSE,TRUE,America/New_York,3
17269,Waterford,Waterford,OH,Ohio,39167,Washington,39.5407,-81.6424,651,533,polygon,FALSE,FALSE,America/New_York,3
17270,Jewett,Jewett,OH,Ohio,39067,Harrison,40.3681,-81.0031,651,494,polygon,FALSE,TRUE,America/New_York,3
17271,Viburnum,Viburnum,MO,Missouri,29093,Iron,37.7149,-91.1295,651,146,polygon,FALSE,TRUE,America/Chicago,3
17272,Hills,Hills,MN,Minnesota,27133,Rock,43.5278,-96.3594,651,399,polygon,FALSE,TRUE,America/Chicago,3
17273,Weston,Weston,OR,Oregon,41059,Umatilla,45.8165,-118.4258,651,370,polygon,FALSE,TRUE,America/Los_Angeles,3
17274,Salem,Salem,NM,New Mexico,35013,Doña Ana,32.7122,-107.2044,650,209,polygon,FALSE,FALSE,America/Denver,3
17275,Allgood,Allgood,AL,Alabama,1009,Blount,33.9064,-86.5178,650,241,polygon,FALSE,TRUE,America/Chicago,3
17276,New Boston,New Boston,IL,Illinois,17131,Mercer,41.1698,-90.9998,650,266,polygon,FALSE,TRUE,America/Chicago,3
17277,Alhambra,Alhambra,IL,Illinois,17119,Madison,38.8878,-89.7361,650,332,polygon,FALSE,TRUE,America/Chicago,3
17278,Holland,Holland,IN,Indiana,18037,Dubois,38.2464,-87.0384,650,671,polygon,FALSE,TRUE,America/Indiana/Vincennes,3
17279,Peter,Peter,UT,Utah,49005,Cache,41.7716,-111.9859,650,11,polygon,FALSE,TRUE,America/Denver,3
17280,Sheridan,Sheridan,MI,Michigan,26117,Montcalm,43.2086,-85.0739,650,227,polygon,FALSE,TRUE,America/Detroit,3
17281,Tucker,Tucker,MS,Mississippi,28099,Neshoba,32.7081,-89.05,650,64,polygon,FALSE,FALSE,America/Chicago,3
17282,Crawford,Crawford,MS,Mississippi,28087,Lowndes,33.3023,-88.6253,650,179,polygon,FALSE,TRUE,America/Chicago,3
17283,Holden,Holden,WV,West Virginia,54045,Logan,37.8238,-82.0788,649,67,polygon,FALSE,FALSE,America/New_York,3
17284,Dahlgren Center,Dahlgren Center,VA,Virginia,51099,King George,38.34,-77.0324,649,61,polygon,TRUE,TRUE,America/New_York,3
17285,Perdido Beach,Perdido Beach,AL,Alabama,1003,Baldwin,30.3554,-87.5036,649,211,polygon,FALSE,TRUE,America/Chicago,3
17286,Oak City,Oak City,UT,Utah,49027,Millard,39.3762,-112.3391,649,266,polygon,FALSE,TRUE,America/Denver,3
17287,Birch Tree,Birch Tree,MO,Missouri,29203,Shannon,36.9967,-91.4916,649,181,polygon,FALSE,TRUE,America/Chicago,3
17288,Welcome,Welcome,MN,Minnesota,27091,Martin,43.6662,-94.6071,649,172,polygon,FALSE,TRUE,America/Chicago,3
17289,Pretty Prairie,Pretty Prairie,KS,Kansas,20155,Reno,37.78,-98.0224,649,435,polygon,FALSE,TRUE,America/Chicago,3
17290,Cloverdale,Cloverdale,MS,Mississippi,28001,Adams,31.496,-91.4152,649,220,polygon,FALSE,FALSE,America/Chicago,3
17291,Wickliffe,Wickliffe,KY,Kentucky,21007,Ballard,36.9658,-89.0822,649,219,polygon,FALSE,TRUE,America/Chicago,3
17292,Yah-ta-hey,Yah-ta-hey,NM,New Mexico,35031,McKinley,35.6216,-108.7919,648,62,polygon,FALSE,FALSE,America/Denver,3
17293,Riviera,Riviera,TX,Texas,48273,Kleberg,27.2992,-97.7996,648,67,polygon,FALSE,FALSE,America/Chicago,3
17294,Holiday Beach,Holiday Beach,TX,Texas,48007,Aransas,28.167,-97.006,648,155,polygon,FALSE,FALSE,America/Chicago,3
17295,Port Leyden,Port Leyden,NY,New York,36049,Lewis,43.5838,-75.3413,648,405,polygon,FALSE,TRUE,America/New_York,3
17296,Owensburg,Owensburg,IN,Indiana,18055,Greene,38.9305,-86.7292,648,42,polygon,FALSE,FALSE,America/Indiana/Indianapolis,3
17297,Timberlake,Timberlake,OH,Ohio,39085,Lake,41.6655,-81.4428,648,1185,polygon,FALSE,TRUE,America/New_York,3
17298,Ottertail,Ottertail,MN,Minnesota,27111,Otter Tail,46.4267,-95.5638,648,58,polygon,FALSE,TRUE,America/Chicago,3
17299,Heron Lake,Heron Lake,MN,Minnesota,27063,Jackson,43.798,-95.3198,648,201,polygon,FALSE,TRUE,America/Chicago,3
17300,Hanover,Hanover,KS,Kansas,20201,Washington,39.8935,-96.8753,648,417,polygon,FALSE,TRUE,America/Chicago,3
17301,Woonsocket,Woonsocket,SD,South Dakota,46111,Sanborn,44.0541,-98.2724,648,319,polygon,FALSE,TRUE,America/Chicago,3
17302,Greenevers,Greenevers,NC,North Carolina,37061,Duplin,34.8271,-77.9247,647,159,polygon,FALSE,TRUE,America/New_York,3
17303,Gallaway,Gallaway,TN,Tennessee,47047,Fayette,35.3274,-89.6066,647,40,polygon,FALSE,TRUE,America/Chicago,3
17304,New Florence,New Florence,PA,Pennsylvania,42129,Westmoreland,40.379,-79.0752,647,762,polygon,FALSE,TRUE,America/New_York,3
17305,Evansville,Evansville,IL,Illinois,17157,Randolph,38.0889,-89.9322,647,316,polygon,FALSE,TRUE,America/Chicago,3
17306,Creston,Creston,IL,Illinois,17141,Ogle,41.9336,-88.9743,647,218,polygon,FALSE,TRUE,America/Chicago,3
17307,Sharpsburg,Sharpsburg,MD,Maryland,24043,Washington,39.4576,-77.7496,647,1157,polygon,FALSE,TRUE,America/New_York,3
17308,Norwood,Norwood,MO,Missouri,29229,Wright,37.1072,-92.4189,647,156,polygon,FALSE,TRUE,America/Chicago,3
17309,Norborne,Norborne,MO,Missouri,29033,Carroll,39.3024,-93.6759,647,385,polygon,FALSE,TRUE,America/Chicago,3
17310,New Chapel Hill,New Chapel Hill,TX,Texas,48423,Smith,32.3012,-95.1674,646,104,polygon,FALSE,TRUE,America/Chicago,3
17311,Asharoken,Asharoken,NY,New York,36103,Suffolk,40.938,-73.3815,646,167,polygon,FALSE,TRUE,America/New_York,3
17312,Baumstown,Baumstown,PA,Pennsylvania,42011,Berks,40.2777,-75.8066,646,249,polygon,FALSE,FALSE,America/New_York,3
17313,Beulah Valley,Beulah Valley,CO,Colorado,8101,Pueblo,38.0664,-104.9785,646,36,polygon,FALSE,FALSE,America/Denver,3
17314,Arivaca,Arivaca,AZ,Arizona,4019,Pima,31.575,-111.2926,646,8,polygon,FALSE,FALSE,America/Phoenix,3
17315,North Middletown,North Middletown,KY,Kentucky,21017,Bourbon,38.1426,-84.1102,646,749,polygon,FALSE,TRUE,America/New_York,3
17316,Dicksonville,Dicksonville,PA,Pennsylvania,42063,Indiana,40.7153,-79.0105,645,276,polygon,FALSE,FALSE,America/New_York,3
17317,Genoa,Genoa,NV,Nevada,32005,Douglas,39.0256,-119.8309,645,27,polygon,FALSE,FALSE,America/Los_Angeles,3
17318,Cordova,Cordova,IL,Illinois,17161,Rock Island,41.6775,-90.3218,645,433,polygon,FALSE,TRUE,America/Chicago,3
17319,Milroy,Milroy,IN,Indiana,18139,Rush,39.498,-85.4676,645,376,polygon,FALSE,FALSE,America/Indiana/Indianapolis,3
17320,Carey,Carey,ID,Idaho,16013,Blaine,43.3097,-113.9444,645,72,polygon,FALSE,TRUE,America/Boise,3
17321,Savanna,Savanna,OK,Oklahoma,40121,Pittsburg,34.8353,-95.8357,645,175,polygon,FALSE,TRUE,America/Chicago,3
17322,Stephen,Stephen,MN,Minnesota,27089,Marshall,48.4518,-96.8769,645,319,polygon,FALSE,TRUE,America/Chicago,3
17323,Winchester,Winchester,WI,Wisconsin,55139,Winnebago,44.1982,-88.6599,644,107,polygon,FALSE,FALSE,America/Chicago,3
17324,Boomer,Boomer,WV,West Virginia,54019,Fayette,38.1491,-81.2798,644,236,polygon,FALSE,FALSE,America/New_York,3
17325,Shoshoni,Shoshoni,WY,Wyoming,56013,Fremont,43.238,-108.1068,644,69,polygon,FALSE,TRUE,America/Denver,3
17326,Picture Rocks,Picture Rocks,PA,Pennsylvania,42081,Lycoming,41.2804,-76.7079,644,255,polygon,FALSE,TRUE,America/New_York,3
17327,South Wilmington,South Wilmington,IL,Illinois,17063,Grundy,41.1745,-88.2795,644,505,polygon,FALSE,TRUE,America/Chicago,3
17328,Coffeen,Coffeen,IL,Illinois,17135,Montgomery,39.0883,-89.3898,644,213,polygon,FALSE,TRUE,America/Chicago,3
17329,Bryantown,Bryantown,MD,Maryland,24017,Charles,38.5498,-76.8429,644,60,polygon,FALSE,FALSE,America/New_York,3
17330,Kirtland Hills,Kirtland Hills,OH,Ohio,39085,Lake,41.6362,-81.3193,644,44,polygon,FALSE,TRUE,America/New_York,3
17331,Minnesota Lake,Minnesota Lake,MN,Minnesota,27043,Faribault,43.8408,-93.8279,644,153,polygon,FALSE,TRUE,America/Chicago,3
17332,Barlow,Barlow,KY,Kentucky,21007,Ballard,37.0511,-89.0445,644,451,polygon,FALSE,TRUE,America/Chicago,3
17333,Lynch,Lynch,KY,Kentucky,21095,Harlan,36.9641,-82.9139,644,830,polygon,FALSE,TRUE,America/New_York,3
17334,Alexandria,Alexandria,SD,South Dakota,46061,Hanson,43.654,-97.7799,644,398,polygon,FALSE,TRUE,America/Chicago,3
17335,Ojo Amarillo,Ojo Amarillo,NM,New Mexico,35045,San Juan,36.6942,-108.3704,643,126,polygon,FALSE,FALSE,America/Denver,3
17336,Spring Gardens,Spring Gardens,TX,Texas,48355,Nueces,27.7615,-97.7419,643,247,polygon,FALSE,FALSE,America/Chicago,3
17337,Green Valley,Green Valley,IL,Illinois,17179,Tazewell,40.4072,-89.6442,643,825,polygon,FALSE,TRUE,America/Chicago,3
17338,Blairsville,Blairsville,GA,Georgia,13291,Union,34.8761,-83.9548,643,224,polygon,FALSE,TRUE,America/New_York,3
17339,Stanton,Stanton,IA,Iowa,19137,Montgomery,40.981,-95.1029,643,271,polygon,FALSE,TRUE,America/Chicago,3
17340,Agency,Agency,IA,Iowa,19179,Wapello,40.9975,-92.3072,643,382,polygon,FALSE,TRUE,America/Chicago,3
17341,Rock Island,Rock Island,OK,Oklahoma,40079,Le Flore,35.1831,-94.4811,643,20,polygon,FALSE,TRUE,America/Chicago,3
17342,Gilbert,Gilbert,SC,South Carolina,45063,Lexington,33.9245,-81.3928,643,91,polygon,FALSE,TRUE,America/New_York,3
17343,Franklin,Franklin,WV,West Virginia,54071,Pendleton,38.6452,-79.3332,642,440,polygon,FALSE,TRUE,America/New_York,3
17344,Knippa,Knippa,TX,Texas,48463,Uvalde,29.3076,-99.6329,642,48,polygon,FALSE,FALSE,America/Chicago,3
17345,Caddo Valley,Caddo Valley,AR,Arkansas,5019,Clark,34.1897,-93.0679,642,80,polygon,FALSE,TRUE,America/Chicago,3
17346,Shawnee,Shawnee,OH,Ohio,39127,Perry,39.6063,-82.2046,642,110,polygon,FALSE,TRUE,America/New_York,3
17347,Huntsville,Huntsville,UT,Utah,49057,Weber,41.2602,-111.7741,642,299,polygon,FALSE,TRUE,America/Denver,3
17348,Argyle,Argyle,MN,Minnesota,27089,Marshall,48.3366,-96.8162,642,164,polygon,FALSE,TRUE,America/Chicago,3
17349,Almena,Almena,WI,Wisconsin,55005,Barron,45.4149,-92.0384,641,219,polygon,FALSE,TRUE,America/Chicago,3
17350,Frost,Frost,TX,Texas,48349,Navarro,32.0788,-96.8086,641,218,polygon,FALSE,TRUE,America/Chicago,3
17351,Bolton,Bolton,NC,North Carolina,37047,Columbus,34.3174,-78.3977,641,68,polygon,FALSE,TRUE,America/New_York,3
17352,Tidioute,Tidioute,PA,Pennsylvania,42123,Warren,41.6847,-79.4004,641,230,polygon,FALSE,TRUE,America/New_York,3
17353,Noble,Noble,IL,Illinois,17159,Richland,38.6974,-88.2234,641,243,polygon,FALSE,TRUE,America/Chicago,3
17354,Harmony,Harmony,IN,Indiana,18021,Clay,39.5337,-87.073,641,300,polygon,FALSE,TRUE,America/Indiana/Indianapolis,3
17355,Wittmann,Wittmann,AZ,Arizona,4013,Maricopa,33.7749,-112.5251,641,256,polygon,FALSE,FALSE,America/Phoenix,3
17356,Mendon,Mendon,OH,Ohio,39107,Mercer,40.6733,-84.5175,641,445,polygon,FALSE,TRUE,America/New_York,3
17357,Elloree,Elloree,SC,South Carolina,45075,Orangeburg,33.5302,-80.5711,641,243,polygon,FALSE,TRUE,America/New_York,3
17358,Castlewood,Castlewood,SD,South Dakota,46057,Hamlin,44.7242,-97.0309,641,215,polygon,FALSE,TRUE,America/Chicago,3
17359,Harrah,Harrah,WA,Washington,53077,Yakima,46.4071,-120.5421,640,1142,polygon,FALSE,TRUE,America/Los_Angeles,3
17360,Francis Creek,Francis Creek,WI,Wisconsin,55071,Manitowoc,44.2005,-87.7208,640,217,polygon,FALSE,TRUE,America/Chicago,3
17361,Tivoli,Tivoli,TX,Texas,48391,Refugio,28.4608,-96.8915,640,221,polygon,FALSE,FALSE,America/Chicago,3
17362,Clayton,Clayton,LA,Louisiana,22029,Concordia,31.7226,-91.5373,640,156,polygon,FALSE,TRUE,America/Chicago,3
17363,Bordelonville,Bordelonville,LA,Louisiana,22009,Avoyelles,31.1011,-91.9005,640,56,polygon,FALSE,FALSE,America/Chicago,3
17364,Flintville,Flintville,TN,Tennessee,47103,Lincoln,35.0601,-86.4164,640,46,polygon,FALSE,FALSE,America/Chicago,3
17365,Nemacolin,Nemacolin,PA,Pennsylvania,42059,Greene,39.8784,-79.9295,640,172,polygon,FALSE,FALSE,America/New_York,3
17366,Reedsville,Reedsville,PA,Pennsylvania,42087,Mifflin,40.6646,-77.593,640,372,polygon,FALSE,FALSE,America/New_York,3
17367,Jennerstown,Jennerstown,PA,Pennsylvania,42111,Somerset,40.1635,-79.0611,640,128,polygon,FALSE,TRUE,America/New_York,3
17368,Rowes Run,Rowes Run,PA,Pennsylvania,42051,Fayette,40.0089,-79.8177,640,200,polygon,FALSE,FALSE,America/New_York,3
17369,Beaver Springs,Beaver Springs,PA,Pennsylvania,42109,Snyder,40.7448,-77.2169,640,182,polygon,FALSE,FALSE,America/New_York,3
17370,Simla,Simla,CO,Colorado,8039,Elbert,39.1408,-104.0824,640,401,polygon,FALSE,TRUE,America/Denver,3
17371,Vermont,Vermont,IL,Illinois,17057,Fulton,40.2957,-90.429,640,196,polygon,FALSE,TRUE,America/Chicago,3
17372,Grafton,Grafton,IL,Illinois,17083,Jersey,38.9764,-90.4257,640,66,polygon,FALSE,TRUE,America/Chicago,3
17373,Brighton,Brighton,IA,Iowa,19183,Washington,41.1747,-91.8212,640,316,polygon,FALSE,TRUE,America/Chicago,3
17374,Round Valley,Round Valley,AZ,Arizona,4007,Gila,34.1877,-111.3018,640,51,polygon,FALSE,TRUE,America/Phoenix,3
17375,Mount Lena,Mount Lena,MD,Maryland,24043,Washington,39.554,-77.6218,640,197,polygon,FALSE,FALSE,America/New_York,3
17376,Malta,Malta,OH,Ohio,39115,Morgan,39.6515,-81.8639,640,719,polygon,FALSE,TRUE,America/New_York,3
17377,Story,Story,WY,Wyoming,56033,Sheridan,44.5731,-106.9142,639,34,polygon,FALSE,FALSE,America/Denver,3
17378,Roxton,Roxton,TX,Texas,48277,Lamar,33.5453,-95.7247,639,285,polygon,FALSE,TRUE,America/Chicago,3
17379,Longville,Longville,LA,Louisiana,22011,Beauregard,30.609,-93.2282,639,43,polygon,FALSE,FALSE,America/Chicago,3
17380,Whitsett,Whitsett,NC,North Carolina,37081,Guilford,36.0783,-79.572,639,95,polygon,FALSE,TRUE,America/New_York,3
17381,Stratton,Stratton,CO,Colorado,8063,Kit Carson,39.3029,-102.6035,639,480,polygon,FALSE,TRUE,America/Denver,3
17382,Cardwell,Cardwell,MO,Missouri,29069,Dunklin,36.0475,-90.2909,639,391,polygon,FALSE,TRUE,America/Chicago,3
17383,Rollingstone,Rollingstone,MN,Minnesota,27169,Winona,44.0993,-91.8187,639,566,polygon,FALSE,TRUE,America/Chicago,3
17384,Alden,Alden,MN,Minnesota,27047,Freeborn,43.6695,-93.5735,639,255,polygon,FALSE,TRUE,America/Chicago,3
17385,Crowder,Crowder,MS,Mississippi,28119,Quitman,34.1729,-90.1377,639,540,polygon,FALSE,TRUE,America/Chicago,3
17386,Dufur,Dufur,OR,Oregon,41065,Wasco,45.453,-121.1289,639,422,polygon,FALSE,TRUE,America/Los_Angeles,3
17387,Roeville,Roeville,FL,Florida,12113,Santa Rosa,30.6836,-86.9927,638,56,polygon,FALSE,FALSE,America/Chicago,3
17388,St. Lucie Village,St. Lucie Village,FL,Florida,12111,St. Lucie,27.4966,-80.3416,638,274,polygon,FALSE,TRUE,America/New_York,3
17389,Kotlik,Kotlik,AK,Alaska,2158,Kusilvak,63.0305,-163.553,638,82,polygon,FALSE,TRUE,America/Nome,3
17390,West City,West City,IL,Illinois,17055,Franklin,37.9962,-88.947,638,153,polygon,FALSE,TRUE,America/Chicago,3
17391,Findlay,Findlay,IL,Illinois,17173,Shelby,39.5223,-88.7546,638,266,polygon,FALSE,TRUE,America/Chicago,3
17392,Notus,Notus,ID,Idaho,16027,Canyon,43.7266,-116.7998,638,669,polygon,FALSE,TRUE,America/Boise,3
17393,Welling,Welling,OK,Oklahoma,40021,Cherokee,35.8561,-94.8458,638,8,polygon,FALSE,FALSE,America/Chicago,3
17394,Lake Camelot,Lake Camelot,WI,Wisconsin,55001,Adams,44.2147,-89.7623,637,65,polygon,FALSE,TRUE,America/Chicago,3
17395,Deweyville,Deweyville,TX,Texas,48351,Newton,30.3034,-93.7592,637,21,polygon,FALSE,FALSE,America/Chicago,3
17396,Robbinsville,Robbinsville,NC,North Carolina,37075,Graham,35.3217,-83.8094,637,370,polygon,FALSE,TRUE,America/New_York,3
17397,Mokelumne Hill,Mokelumne Hill,CA,California,6009,Calaveras,38.3057,-120.7061,637,79,polygon,FALSE,FALSE,America/Los_Angeles,3
17398,Valier,Valier,IL,Illinois,17055,Franklin,38.0176,-89.0439,637,218,polygon,FALSE,TRUE,America/Chicago,3
17399,Cohutta,Cohutta,GA,Georgia,13313,Whitfield,34.9539,-84.9593,637,52,polygon,FALSE,TRUE,America/New_York,3
17400,Roberts,Roberts,ID,Idaho,16051,Jefferson,43.7206,-112.1283,637,784,polygon,FALSE,TRUE,America/Boise,3
17401,Bajandas,Bajandas,PR,Puerto Rico,72069,Humacao,18.1601,-65.7831,637,380,polygon,FALSE,FALSE,America/Puerto_Rico,3
17402,Talpa,Talpa,NM,New Mexico,35055,Taos,36.3421,-105.5923,636,187,polygon,FALSE,FALSE,America/Denver,3
17403,Smithville,Smithville,GA,Georgia,13177,Lee,31.9013,-84.2552,636,97,polygon,FALSE,TRUE,America/New_York,3
17404,Roseland,Roseland,IN,Indiana,18141,St. Joseph,41.7176,-86.2505,636,638,polygon,FALSE,TRUE,America/Indiana/Indianapolis,3
17405,Moravia,Moravia,IA,Iowa,19007,Appanoose,40.8918,-92.8191,636,220,polygon,FALSE,TRUE,America/Chicago,3
17406,Waterville,Waterville,KS,Kansas,20117,Marshall,39.6919,-96.7469,636,499,polygon,FALSE,TRUE,America/Chicago,3
17407,Weir,Weir,KS,Kansas,20021,Cherokee,37.3083,-94.7747,636,256,polygon,FALSE,TRUE,America/Chicago,3
17408,Canistota,Canistota,SD,South Dakota,46087,McCook,43.5978,-97.2926,636,437,polygon,FALSE,TRUE,America/Chicago,3
17409,Micanopy,Micanopy,FL,Florida,12001,Alachua,29.506,-82.2806,635,236,polygon,FALSE,TRUE,America/New_York,3
17410,Middleton,Middleton,TN,Tennessee,47069,Hardeman,35.0593,-88.8901,635,117,polygon,FALSE,TRUE,America/Chicago,3
17411,Sunset Bay,Sunset Bay,NY,New York,36013,Chautauqua,42.5607,-79.1308,635,369,polygon,FALSE,FALSE,America/New_York,3
17412,East Vandergrift,East Vandergrift,PA,Pennsylvania,42129,Westmoreland,40.5973,-79.563,635,1943,polygon,FALSE,TRUE,America/New_York,3
17413,Lynn,Lynn,AL,Alabama,1133,Winston,34.0548,-87.5555,635,23,polygon,FALSE,TRUE,America/Chicago,3
17414,Highfill,Highfill,AR,Arkansas,5007,Benton,36.2767,-94.3237,635,13,polygon,FALSE,TRUE,America/Chicago,3
17415,Alpha,Alpha,IL,Illinois,17073,Henry,41.1917,-90.3802,635,793,polygon,FALSE,TRUE,America/Chicago,3
17416,Bull Creek,Bull Creek,MO,Missouri,29213,Taney,36.7151,-93.202,635,1456,polygon,FALSE,TRUE,America/Chicago,3
17417,Lake Benton,Lake Benton,MN,Minnesota,27081,Lincoln,44.2644,-96.2918,635,62,polygon,FALSE,TRUE,America/Chicago,3
17418,McDowell,McDowell,KY,Kentucky,21071,Floyd,37.459,-82.734,635,98,polygon,FALSE,FALSE,America/New_York,3
17419,Livingston,Livingston,WI,Wisconsin,55043,Grant,42.9001,-90.4337,634,235,polygon,FALSE,TRUE,America/Chicago,3
17420,Jay,Jay,FL,Florida,12113,Santa Rosa,30.9504,-87.1523,634,147,polygon,FALSE,TRUE,America/Chicago,3
17421,Milnor,Milnor,ND,North Dakota,38081,Sargent,46.2603,-97.4571,634,248,polygon,FALSE,TRUE,America/Chicago,3
17422,Dove Creek,Dove Creek,CO,Colorado,8033,Dolores,37.7668,-108.9071,634,427,polygon,FALSE,TRUE,America/Denver,3
17423,Elgin,Elgin,IA,Iowa,19065,Fayette,42.9553,-91.6356,634,369,polygon,FALSE,TRUE,America/Chicago,3
17424,Onida,Onida,SD,South Dakota,46119,Sully,44.7048,-100.0675,634,364,polygon,FALSE,TRUE,America/Chicago,3
17425,Clarkson,Clarkson,NE,Nebraska,31037,Colfax,41.7234,-97.1215,633,308,polygon,FALSE,TRUE,America/Chicago,3
17426,Villa Heights,Villa Heights,VA,Virginia,51089,Henry,36.6981,-79.8994,633,254,polygon,FALSE,FALSE,America/New_York,3
17427,McDonald Chapel,McDonald Chapel,AL,Alabama,1073,Jefferson,33.5189,-86.9385,633,227,polygon,FALSE,FALSE,America/Chicago,3
17428,Cedar Creek,Cedar Creek,AZ,Arizona,4007,Gila,33.903,-110.1929,633,14,polygon,FALSE,FALSE,America/Phoenix,3
17429,Downey,Downey,ID,Idaho,16005,Bannock,42.4288,-112.1233,633,249,polygon,FALSE,TRUE,America/Boise,3
17430,Taconite,Taconite,MN,Minnesota,27061,Itasca,47.3315,-93.3758,633,8,polygon,FALSE,TRUE,America/Chicago,3
17431,Big Point,Big Point,MS,Mississippi,28059,Jackson,30.5905,-88.4846,633,83,polygon,FALSE,FALSE,America/Chicago,3
17432,Trout Lake,Trout Lake,WA,Washington,53039,Klickitat,45.9975,-121.529,632,35,polygon,FALSE,FALSE,America/Los_Angeles,3
17433,Norwalk,Norwalk,WI,Wisconsin,55081,Monroe,43.8342,-90.6269,632,236,polygon,FALSE,TRUE,America/Chicago,3
17434,San Jose,San Jose,NM,New Mexico,35039,Rio Arriba,36.0367,-106.1004,632,134,polygon,FALSE,FALSE,America/Denver,3
17435,Campbell,Campbell,TX,Texas,48231,Hunt,33.1483,-95.9532,632,183,polygon,FALSE,TRUE,America/Chicago,3
17436,Western Lake,Western Lake,TX,Texas,48367,Parker,32.6215,-97.816,632,70,polygon,FALSE,FALSE,America/Chicago,3
17437,Potters Hill,Potters Hill,NC,North Carolina,37061,Duplin,34.9645,-77.6983,632,45,polygon,FALSE,FALSE,America/New_York,3
17438,Nelsonville,Nelsonville,NY,New York,36079,Putnam,41.4291,-73.9466,632,236,polygon,FALSE,TRUE,America/New_York,3
17439,Paul Smiths,Paul Smiths,NY,New York,36033,Franklin,44.4341,-74.2533,632,947,polygon,FALSE,FALSE,America/New_York,3
17440,Smith River,Smith River,CA,California,6015,Del Norte,41.9249,-124.1494,632,61,polygon,FALSE,FALSE,America/Los_Angeles,3
17441,Excel,Excel,AL,Alabama,1099,Monroe,31.4264,-87.3433,632,148,polygon,FALSE,TRUE,America/Chicago,3
17442,Binger,Binger,OK,Oklahoma,40015,Caddo,35.3105,-98.3433,632,279,polygon,FALSE,TRUE,America/Chicago,3
17443,Rose City,Rose City,MI,Michigan,26129,Ogemaw,44.4209,-84.116,632,226,polygon,FALSE,TRUE,America/Detroit,3
17444,Ulm,Ulm,MT,Montana,30013,Cascade,47.4197,-111.5252,632,12,polygon,FALSE,FALSE,America/Denver,3
17445,Davis,Davis,WV,West Virginia,54093,Tucker,39.1266,-79.4609,631,133,polygon,FALSE,TRUE,America/New_York,3
17446,Mangham,Mangham,LA,Louisiana,22083,Richland,32.309,-91.7795,631,227,polygon,FALSE,TRUE,America/Chicago,3
17447,Golconda,Golconda,IL,Illinois,17151,Pope,37.3622,-88.4872,631,496,polygon,FALSE,TRUE,America/Chicago,3
17448,Gibson,Gibson,GA,Georgia,13125,Glascock,33.2334,-82.596,631,237,polygon,FALSE,TRUE,America/New_York,3
17449,Hayden,Hayden,AZ,Arizona,4007,Gila,32.9995,-110.7814,631,192,polygon,FALSE,TRUE,America/Phoenix,3
17450,Vayas,Vayas,PR,Puerto Rico,72113,Ponce,18.0541,-66.5858,631,2273,polygon,FALSE,FALSE,America/Puerto_Rico,2
17451,Brooksville,Brooksville,KY,Kentucky,21023,Bracken,38.6818,-84.0666,631,516,polygon,FALSE,TRUE,America/New_York,3
17452,Wingo,Wingo,KY,Kentucky,21083,Graves,36.6422,-88.7396,631,249,polygon,FALSE,TRUE,America/Chicago,3
17453,Ridgeway,Ridgeway,WI,Wisconsin,55049,Iowa,42.9986,-89.993,630,195,polygon,FALSE,TRUE,America/Chicago,3
17454,Man,Man,WV,West Virginia,54045,Logan,37.7522,-81.8923,630,221,polygon,FALSE,TRUE,America/New_York,3
17455,Pinckard,Pinckard,AL,Alabama,1045,Dale,31.3173,-85.543,630,45,polygon,FALSE,TRUE,America/Chicago,3
17456,Parkers Settlement,Parkers Settlement,IN,Indiana,18129,Posey,38.044,-87.7146,630,138,polygon,FALSE,FALSE,America/Chicago,3
17457,The Lakes,The Lakes,MN,Minnesota,27101,Murray,44.136,-95.7083,630,7,polygon,FALSE,FALSE,America/Chicago,3
17458,Hoyt,Hoyt,KS,Kansas,20085,Jackson,39.2493,-95.7081,630,518,polygon,FALSE,TRUE,America/Chicago,3
17459,Melrose,Melrose,NM,New Mexico,35009,Curry,34.4289,-103.6296,629,143,polygon,FALSE,TRUE,America/Denver,3
17460,Grosse Tete,Grosse Tete,LA,Louisiana,22047,Iberville,30.4148,-91.4395,629,165,polygon,FALSE,TRUE,America/Chicago,3
17461,Mermentau,Mermentau,LA,Louisiana,22001,Acadia,30.1874,-92.584,629,113,polygon,FALSE,TRUE,America/Chicago,3
17462,Fish Springs,Fish Springs,NV,Nevada,32005,Douglas,38.9536,-119.6511,629,26,polygon,FALSE,TRUE,America/Los_Angeles,3
17463,Hamilton,Hamilton,VA,Virginia,51107,Loudoun,39.1349,-77.6642,629,1161,polygon,FALSE,TRUE,America/New_York,3
17464,Hartford,Hartford,AR,Arkansas,5131,Sebastian,35.0236,-94.3799,629,128,polygon,FALSE,TRUE,America/Chicago,3
17465,Rancho Mesa Verde,Rancho Mesa Verde,AZ,Arizona,4027,Yuma,32.5944,-114.6551,629,2162,polygon,FALSE,TRUE,America/Phoenix,2
17466,Risingsun,Risingsun,OH,Ohio,39173,Wood,41.2671,-83.4268,629,426,polygon,FALSE,TRUE,America/New_York,3
17467,Springdale,Springdale,UT,Utah,49053,Washington,37.1816,-113.0048,629,52,polygon,FALSE,TRUE,America/Denver,3
17468,Johnson City,Johnson City,OR,Oregon,41005,Clackamas,45.4045,-122.5795,629,3485,polygon,FALSE,TRUE,America/Los_Angeles,2
17469,New Hope,New Hope,TX,Texas,48085,Collin,33.2115,-96.5636,628,169,polygon,FALSE,TRUE,America/Chicago,3
17470,Fallon Station,Fallon Station,NV,Nevada,32001,Churchill,39.4151,-118.7165,628,85,polygon,TRUE,TRUE,America/Los_Angeles,3
17471,Westcliffe,Westcliffe,CO,Colorado,8027,Custer,38.134,-105.4654,628,196,polygon,FALSE,TRUE,America/Denver,3
17472,Chattaroy,Chattaroy,WV,West Virginia,54059,Mingo,37.7062,-82.2737,627,118,polygon,FALSE,FALSE,America/New_York,3
17473,Paauilo,Paauilo,HI,Hawaii,15001,Hawaii,20.0397,-155.3696,627,232,polygon,FALSE,FALSE,Pacific/Honolulu,3
17474,Laurel Hill,Laurel Hill,FL,Florida,12091,Okaloosa,30.9641,-86.4561,627,65,polygon,FALSE,TRUE,America/Chicago,3
17475,Ladonia,Ladonia,TX,Texas,48147,Fannin,33.4283,-95.9482,627,121,polygon,FALSE,TRUE,America/Chicago,3
17476,Lovelady,Lovelady,TX,Texas,48225,Houston,31.1279,-95.4456,627,183,polygon,FALSE,TRUE,America/Chicago,3
17477,Graford,Graford,TX,Texas,48363,Palo Pinto,32.9374,-98.2476,627,337,polygon,FALSE,TRUE,America/Chicago,3
17478,Firth,Firth,NE,Nebraska,31109,Lancaster,40.5359,-96.6049,627,716,polygon,FALSE,TRUE,America/Chicago,3
17479,Allardt,Allardt,TN,Tennessee,47049,Fentress,36.3811,-84.8814,627,64,polygon,FALSE,TRUE,America/Chicago,3
17480,Taconic Shores,Taconic Shores,NY,New York,36021,Columbia,42.1192,-73.5532,627,291,polygon,FALSE,FALSE,America/New_York,3
17481,Mingoville,Mingoville,PA,Pennsylvania,42027,Centre,40.937,-77.6597,627,132,polygon,FALSE,FALSE,America/New_York,3
17482,Winterstown,Winterstown,PA,Pennsylvania,42133,York,39.8408,-76.6175,627,100,polygon,FALSE,TRUE,America/New_York,3
17483,Boyce,Boyce,VA,Virginia,51043,Clarke,39.0933,-78.0601,627,659,polygon,FALSE,TRUE,America/New_York,3
17484,Reece City,Reece City,AL,Alabama,1055,Etowah,34.0772,-86.0345,627,68,polygon,FALSE,TRUE,America/Chicago,3
17485,East Barre,East Barre,VT,Vermont,50023,Washington,44.1498,-72.4498,627,90,polygon,FALSE,FALSE,America/New_York,3
17486,Davis,Davis,IL,Illinois,17177,Stephenson,42.4216,-89.4147,627,597,polygon,FALSE,TRUE,America/Chicago,3
17487,Painted Hills,Painted Hills,IN,Indiana,18109,Morgan,39.3963,-86.3494,627,139,polygon,FALSE,FALSE,America/Indiana/Indianapolis,3
17488,Burneyville,Burneyville,OK,Oklahoma,40085,Love,33.9055,-97.2913,627,14,polygon,FALSE,FALSE,America/Chicago,3
17489,Lansing,Lansing,OH,Ohio,39013,Belmont,40.0758,-80.7919,627,860,polygon,FALSE,FALSE,America/New_York,3
17490,Selby,Selby,SD,South Dakota,46129,Walworth,45.5057,-100.0329,627,339,polygon,FALSE,TRUE,America/Chicago,3
17491,Fairfield,Fairfield,WA,Washington,53063,Spokane,47.3848,-117.1748,626,392,polygon,FALSE,TRUE,America/Los_Angeles,3
17492,Millville,Millville,DE,Delaware,10005,Sussex,38.5356,-75.1284,626,94,polygon,FALSE,TRUE,America/New_York,3
17493,Halaula,Halaula,HI,Hawaii,15001,Hawaii,20.2261,-155.7816,626,91,polygon,FALSE,FALSE,Pacific/Honolulu,3
17494,Kirtland,Kirtland,NM,New Mexico,35045,San Juan,36.7502,-108.3588,626,134,polygon,FALSE,TRUE,America/Denver,3
17495,Stonewall,Stonewall,TX,Texas,48171,Gillespie,30.2497,-98.6593,626,16,polygon,FALSE,FALSE,America/Chicago,3
17496,Boothville,Boothville,LA,Louisiana,22075,Plaquemines,29.333,-89.4052,626,112,polygon,FALSE,FALSE,America/Chicago,3
17497,Lake Winola,Lake Winola,PA,Pennsylvania,42131,Wyoming,41.5105,-75.8509,626,156,polygon,FALSE,FALSE,America/New_York,3
17498,West College Corner,West College Corner,IN,Indiana,18161,Union,39.5694,-84.819,626,905,polygon,FALSE,TRUE,America/New_York,3
17499,Muddy,Muddy,MT,Montana,30003,Big Horn,45.5798,-106.7754,626,8,polygon,FALSE,FALSE,America/Denver,3
17500,Blue Berry Hill,Blue Berry Hill,TX,Texas,48025,Bee,28.3855,-97.792,625,82,polygon,FALSE,FALSE,America/Chicago,3
17501,Pilot Station,Pilot Station,AK,Alaska,2158,Kusilvak,61.9422,-162.8828,625,150,polygon,FALSE,TRUE,America/Nome,3
17502,Lakota,Lakota,ND,North Dakota,38063,Nelson,48.0429,-98.3468,625,241,polygon,FALSE,TRUE,America/Chicago,3
17503,Michie,Michie,TN,Tennessee,47109,McNairy,35.0605,-88.4257,625,42,polygon,FALSE,TRUE,America/Chicago,3
17504,Ravine,Ravine,PA,Pennsylvania,42107,Schuylkill,40.5686,-76.3937,625,221,polygon,FALSE,FALSE,America/New_York,3
17505,Potrero,Potrero,CA,California,6073,San Diego,32.6131,-116.6068,625,76,polygon,FALSE,FALSE,America/Los_Angeles,3
17506,English,English,IN,Indiana,18025,Crawford,38.3408,-86.4592,625,79,polygon,FALSE,TRUE,America/Indiana/Marengo,3
17507,Queen City,Queen City,MO,Missouri,29197,Schuyler,40.4127,-92.5663,625,234,polygon,FALSE,TRUE,America/Chicago,3
17508,La Belle,La Belle,MO,Missouri,29111,Lewis,40.1165,-91.9147,625,355,polygon,FALSE,TRUE,America/Chicago,3
17509,Anguilla,Anguilla,MS,Mississippi,28125,Sharkey,32.9719,-90.8284,625,233,polygon,FALSE,TRUE,America/Chicago,3
17510,Sharon,Sharon,SC,South Carolina,45091,York,34.952,-81.3436,625,184,polygon,FALSE,TRUE,America/New_York,3
17511,Satsop,Satsop,WA,Washington,53027,Grays Harbor,47.0223,-123.4737,624,34,polygon,FALSE,FALSE,America/Los_Angeles,3
17512,New Berlin,New Berlin,TX,Texas,48187,Guadalupe,29.4892,-98.1094,624,25,polygon,FALSE,TRUE,America/Chicago,3
17513,Catawba,Catawba,NC,North Carolina,37035,Catawba,35.7066,-81.0659,624,61,polygon,FALSE,TRUE,America/New_York,3
17514,Redwood,Redwood,NY,New York,36045,Jefferson,44.3011,-75.8063,624,122,polygon,FALSE,FALSE,America/New_York,3
17515,Morrisdale,Morrisdale,PA,Pennsylvania,42033,Clearfield,40.9484,-78.2278,624,143,polygon,FALSE,FALSE,America/New_York,3
17516,Derby Line,Derby Line,VT,Vermont,50019,Orleans,45.0008,-72.1034,624,332,polygon,FALSE,TRUE,America/Montreal,3
17517,What Cheer,What Cheer,IA,Iowa,19107,Keokuk,41.3998,-92.3546,624,196,polygon,FALSE,TRUE,America/Chicago,3
17518,Randall,Randall,MN,Minnesota,27097,Morrison,46.0887,-94.5007,624,120,polygon,FALSE,TRUE,America/Chicago,3
17519,Balaton,Balaton,MN,Minnesota,27083,Lyon,44.2331,-95.8707,624,166,polygon,FALSE,TRUE,America/Chicago,3
17520,Avoca,Avoca,WI,Wisconsin,55049,Iowa,43.1906,-90.326,623,106,polygon,FALSE,TRUE,America/Chicago,3
17521,Camp Douglas,Camp Douglas,WI,Wisconsin,55057,Juneau,43.9197,-90.2697,623,240,polygon,FALSE,TRUE,America/Chicago,3
17522,Hawley,Hawley,TX,Texas,48253,Jones,32.6037,-99.8111,623,82,polygon,FALSE,TRUE,America/Chicago,3
17523,Dodge City,Dodge City,AL,Alabama,1043,Cullman,34.0453,-86.8837,623,69,polygon,FALSE,TRUE,America/Chicago,3
17524,New Market,New Market,IN,Indiana,18107,Montgomery,39.9527,-86.9215,623,883,polygon,FALSE,TRUE,America/Indiana/Indianapolis,3
17525,Hayden Lake,Hayden Lake,ID,Idaho,16055,Kootenai,47.7638,-116.7558,623,393,polygon,FALSE,TRUE,America/Los_Angeles,3
17526,Carney,Carney,OK,Oklahoma,40081,Lincoln,35.8065,-97.0154,623,138,polygon,FALSE,TRUE,America/Chicago,3
17527,Vienna Center,Vienna Center,OH,Ohio,39155,Trumbull,41.2345,-80.6541,623,251,polygon,FALSE,TRUE,America/New_York,3
17528,Neffs,Neffs,OH,Ohio,39013,Belmont,40.032,-80.8171,623,60,polygon,FALSE,FALSE,America/New_York,3
17529,Iberia,Iberia,OH,Ohio,39117,Morrow,40.6747,-82.8403,623,62,polygon,FALSE,FALSE,America/New_York,3
17530,Pueblito del Carmen,Pueblito del Carmen,PR,Puerto Rico,72057,Guayama,18.0316,-66.1656,623,264,polygon,FALSE,TRUE,America/Puerto_Rico,3
17531,Tripp,Tripp,SD,South Dakota,46067,Hutchinson,43.2255,-97.9658,623,405,polygon,FALSE,TRUE,America/Chicago,3
17532,Ferndale,Ferndale,FL,Florida,12069,Lake,28.622,-81.7014,622,89,polygon,FALSE,FALSE,America/New_York,3
17533,Richfield,Richfield,NC,North Carolina,37167,Stanly,35.4703,-80.2575,622,106,polygon,FALSE,TRUE,America/New_York,3
17534,Hammondsport,Hammondsport,NY,New York,36101,Steuben,42.4082,-77.2236,622,695,polygon,FALSE,TRUE,America/New_York,3
17535,Oneida Castle,Oneida Castle,NY,New York,36065,Oneida,43.0814,-75.6331,622,467,polygon,FALSE,TRUE,America/New_York,3
17536,Wyano,Wyano,PA,Pennsylvania,42129,Westmoreland,40.2015,-79.694,622,203,polygon,FALSE,FALSE,America/New_York,3
17537,Doyle,Doyle,CA,California,6035,Lassen,40.0275,-120.1172,622,39,polygon,FALSE,FALSE,America/Los_Angeles,3
17538,St. Francisville,St. Francisville,IL,Illinois,17101,Lawrence,38.5919,-87.6474,622,322,polygon,FALSE,TRUE,America/Chicago,3
17539,Fontanelle,Fontanelle,IA,Iowa,19001,Adair,41.29,-94.5602,622,251,polygon,FALSE,TRUE,America/Chicago,3
17540,Farmington,Farmington,IA,Iowa,19177,Van Buren,40.6389,-91.7391,622,512,polygon,FALSE,TRUE,America/Chicago,3
17541,Bettsville,Bettsville,OH,Ohio,39147,Seneca,41.2441,-83.2338,622,460,polygon,FALSE,TRUE,America/New_York,3
17542,Glenville,Glenville,MN,Minnesota,27047,Freeborn,43.5738,-93.2817,622,214,polygon,FALSE,TRUE,America/Chicago,3
17543,Port Austin,Port Austin,MI,Michigan,26063,Huron,44.0431,-82.9945,622,243,polygon,FALSE,TRUE,America/Detroit,3
17544,Peterstown,Peterstown,WV,West Virginia,54063,Monroe,37.3991,-80.795,621,757,polygon,FALSE,TRUE,America/New_York,3
17545,Patterson Springs,Patterson Springs,NC,North Carolina,37045,Cleveland,35.233,-81.5162,621,263,polygon,FALSE,TRUE,America/New_York,3
17546,Imboden,Imboden,AR,Arkansas,5075,Lawrence,36.2021,-91.1823,621,249,polygon,FALSE,TRUE,America/Chicago,3
17547,Huntington,Huntington,AR,Arkansas,5131,Sebastian,35.0813,-94.2665,621,358,polygon,FALSE,TRUE,America/Chicago,3
17548,Zanesville,Zanesville,IN,Indiana,18179,Wells,40.9155,-85.2807,621,289,polygon,FALSE,TRUE,America/Indiana/Indianapolis,3
17549,Vicksburg,Vicksburg,AZ,Arizona,4012,La Paz,33.7293,-113.8254,621,1,polygon,FALSE,FALSE,America/Phoenix,3
17550,Smelterville,Smelterville,ID,Idaho,16079,Shoshone,47.5426,-116.1774,621,784,polygon,FALSE,TRUE,America/Los_Angeles,3
17551,Earlsboro,Earlsboro,OK,Oklahoma,40125,Pottawatomie,35.3277,-96.8014,621,26,polygon,FALSE,TRUE,America/Chicago,3
17552,Ridgeley,Ridgeley,WV,West Virginia,54057,Mineral,39.6432,-78.7711,620,824,polygon,FALSE,TRUE,America/New_York,3
17553,Matlacha,Matlacha,FL,Florida,12071,Lee,26.6304,-82.0719,620,1199,polygon,FALSE,FALSE,America/New_York,3
17554,Cushing,Cushing,TX,Texas,48347,Nacogdoches,31.8126,-94.8411,620,174,polygon,FALSE,TRUE,America/Chicago,3
17555,Pattison,Pattison,TX,Texas,48473,Waller,29.8193,-95.9765,620,71,polygon,FALSE,TRUE,America/Chicago,3
17556,Clarence,Clarence,PA,Pennsylvania,42027,Centre,41.0484,-77.946,620,144,polygon,FALSE,FALSE,America/New_York,3
17557,Mifflin,Mifflin,PA,Pennsylvania,42067,Juniata,40.5686,-77.4048,620,1373,polygon,FALSE,TRUE,America/New_York,3
17558,Quentin,Quentin,PA,Pennsylvania,42075,Lebanon,40.2793,-76.4352,620,375,polygon,FALSE,FALSE,America/New_York,3
17559,Gasquet,Gasquet,CA,California,6015,Del Norte,41.8429,-123.9733,620,50,polygon,FALSE,FALSE,America/Los_Angeles,3
17560,Camanche Village,Camanche Village,CA,California,6005,Amador,38.2662,-120.9866,620,44,polygon,FALSE,FALSE,America/Los_Angeles,3
17561,North Courtland,North Courtland,AL,Alabama,1079,Lawrence,34.6788,-87.3083,620,361,polygon,FALSE,TRUE,America/Chicago,3
17562,Burlington,Burlington,IL,Illinois,17089,Kane,42.0415,-88.5511,620,33,polygon,FALSE,TRUE,America/Chicago,3
17563,Veyo,Veyo,UT,Utah,49053,Washington,37.3375,-113.693,620,115,polygon,FALSE,FALSE,America/Denver,3
17564,Ozawkie,Ozawkie,KS,Kansas,20087,Jefferson,39.2354,-95.4659,620,806,polygon,FALSE,TRUE,America/Chicago,3
17565,Meridian Station,Meridian Station,MS,Mississippi,28075,Lauderdale,32.5485,-88.6092,620,141,polygon,TRUE,TRUE,America/Chicago,3
17566,Inez,Inez,KY,Kentucky,21159,Martin,37.8693,-82.5399,620,138,polygon,FALSE,TRUE,America/New_York,3
17567,Webster,Webster,WI,Wisconsin,55013,Burnett,45.8798,-92.3628,619,136,polygon,FALSE,TRUE,America/Chicago,3
17568,Sea Ranch Lakes,Sea Ranch Lakes,FL,Florida,12011,Broward,26.2007,-80.0981,619,1373,polygon,FALSE,TRUE,America/New_York,3
17569,Roby,Roby,TX,Texas,48151,Fisher,32.746,-100.3794,619,332,polygon,FALSE,TRUE,America/Chicago,3
17570,Conneaut Lake,Conneaut Lake,PA,Pennsylvania,42039,Crawford,41.6023,-80.3094,619,658,polygon,FALSE,TRUE,America/New_York,3
17571,Desert Shores,Desert Shores,CA,California,6025,Imperial,33.4041,-116.0394,619,342,polygon,FALSE,FALSE,America/Los_Angeles,3
17572,Baileyton,Baileyton,AL,Alabama,1043,Cullman,34.2609,-86.6082,619,45,polygon,FALSE,TRUE,America/Chicago,3
17573,Chemung,Chemung,IL,Illinois,17111,McHenry,42.4162,-88.6642,619,850,polygon,FALSE,FALSE,America/Chicago,3
17574,Camden,Camden,IN,Indiana,18015,Carroll,40.6099,-86.5397,619,923,polygon,FALSE,TRUE,America/Indiana/Indianapolis,3
17575,St. Charles,St. Charles,IA,Iowa,19121,Madison,41.288,-93.8075,619,444,polygon,FALSE,TRUE,America/Chicago,3
17576,Shiloh,Shiloh,OH,Ohio,39139,Richland,40.9695,-82.6016,619,261,polygon,FALSE,TRUE,America/New_York,3
17577,Parma,Parma,MO,Missouri,29143,New Madrid,36.6117,-89.8189,619,374,polygon,FALSE,TRUE,America/Chicago,3
17578,Grove City,Grove City,MN,Minnesota,27093,Meeker,45.148,-94.6815,619,363,polygon,FALSE,TRUE,America/Chicago,3
17579,Suttons Bay,Suttons Bay,MI,Michigan,26089,Leelanau,44.9798,-85.6506,619,186,polygon,FALSE,TRUE,America/Detroit,3
17580,Parmelee,Parmelee,SD,South Dakota,46121,Todd,43.3241,-101.041,619,41,polygon,FALSE,FALSE,America/Chicago,3
17581,North Omak,North Omak,WA,Washington,53047,Okanogan,48.444,-119.4459,618,21,polygon,FALSE,FALSE,America/Los_Angeles,3
17582,Gasburg,Gasburg,VA,Virginia,51025,Brunswick,36.5588,-77.8722,618,42,polygon,FALSE,FALSE,America/New_York,3
17583,Scottsville,Scottsville,VA,Virginia,51003,Albemarle,37.8063,-78.4919,618,156,polygon,FALSE,TRUE,America/New_York,3
17584,Moores Hill,Moores Hill,IN,Indiana,18029,Dearborn,39.1129,-85.0893,618,554,polygon,FALSE,TRUE,America/New_York,3
17585,Cygnet,Cygnet,OH,Ohio,39173,Wood,41.2407,-83.6437,618,720,polygon,FALSE,TRUE,America/New_York,3
17586,Madison,Madison,KS,Kansas,20073,Greenwood,38.1335,-96.1372,618,406,polygon,FALSE,TRUE,America/Chicago,3
17587,Garland,Garland,NC,North Carolina,37163,Sampson,34.7859,-78.3947,617,221,polygon,FALSE,TRUE,America/New_York,3
17588,Elgin,Elgin,NE,Nebraska,31003,Antelope,41.9831,-98.0828,617,327,polygon,FALSE,TRUE,America/Chicago,3
17589,Adams,Adams,NE,Nebraska,31067,Gage,40.4571,-96.5127,617,400,polygon,FALSE,TRUE,America/Chicago,3
17590,Klamath,Klamath,CA,California,6015,Del Norte,41.5322,-124.0063,617,19,polygon,FALSE,FALSE,America/Los_Angeles,3
17591,Lakehead,Lakehead,CA,California,6089,Shasta,40.9007,-122.3924,617,50,polygon,FALSE,FALSE,America/Los_Angeles,3
17592,Valley Acres,Valley Acres,CA,California,6029,Kern,35.2087,-119.4106,617,57,polygon,FALSE,FALSE,America/Los_Angeles,3
17593,Trafford,Trafford,AL,Alabama,1073,Jefferson,33.8194,-86.7467,617,97,polygon,FALSE,TRUE,America/Chicago,3
17594,Golden,Golden,IL,Illinois,17001,Adams,40.1104,-91.0193,617,370,polygon,FALSE,TRUE,America/Chicago,3
17595,Lahoma,Lahoma,OK,Oklahoma,40047,Garfield,36.3878,-98.0898,617,708,polygon,FALSE,TRUE,America/Chicago,3
17596,Garden City,Garden City,UT,Utah,49033,Rich,41.937,-111.4122,617,27,polygon,FALSE,TRUE,America/Denver,3
17597,Lidgerwood,Lidgerwood,ND,North Dakota,38077,Richland,46.0738,-97.1451,616,364,polygon,FALSE,TRUE,America/Chicago,3
17598,Forest Home,Forest Home,NY,New York,36109,Tompkins,42.453,-76.4702,616,946,polygon,FALSE,FALSE,America/New_York,3
17599,South Royalton,South Royalton,VT,Vermont,50027,Windsor,43.8123,-72.5156,616,214,polygon,FALSE,FALSE,America/New_York,3
17600,Crescent,Crescent,IA,Iowa,19155,Pottawattamie,41.3653,-95.859,616,245,polygon,FALSE,TRUE,America/Chicago,3
17601,Edgerton,Edgerton,MO,Missouri,29165,Platte,39.5022,-94.629,616,213,polygon,FALSE,TRUE,America/Chicago,3
17602,Elmore,Elmore,MN,Minnesota,27043,Faribault,43.5069,-94.0888,616,261,polygon,FALSE,TRUE,America/Chicago,3
17603,Lemon Grove,Lemon Grove,FL,Florida,12049,Hardee,27.5765,-81.636,615,7,polygon,FALSE,FALSE,America/New_York,3
17604,East Williston,East Williston,FL,Florida,12075,Levy,29.3883,-82.4165,615,78,polygon,FALSE,TRUE,America/New_York,3
17605,Greensboro,Greensboro,FL,Florida,12039,Gadsden,30.5705,-84.7324,615,103,polygon,FALSE,TRUE,America/New_York,3
17606,Rosman,Rosman,NC,North Carolina,37175,Transylvania,35.1458,-82.8201,615,434,polygon,FALSE,TRUE,America/New_York,3
17607,Smallwood,Smallwood,NY,New York,36105,Sullivan,41.6595,-74.8202,615,157,polygon,FALSE,FALSE,America/New_York,3
17608,Bergholz,Bergholz,OH,Ohio,39081,Jefferson,40.5208,-80.8851,615,421,polygon,FALSE,TRUE,America/New_York,3
17609,Tumalo,Tumalo,OR,Oregon,41017,Deschutes,44.1561,-121.328,615,139,polygon,FALSE,FALSE,America/Los_Angeles,3
17610,Dellwood,Dellwood,WI,Wisconsin,55001,Adams,43.9545,-89.9341,614,45,polygon,FALSE,FALSE,America/Chicago,3
17611,Stockbridge,Stockbridge,WI,Wisconsin,55015,Calumet,44.0717,-88.3105,614,72,polygon,FALSE,TRUE,America/Chicago,3
17612,Breesport,Breesport,NY,New York,36015,Chemung,42.1816,-76.7358,614,145,polygon,FALSE,FALSE,America/New_York,3
17613,Sankertown,Sankertown,PA,Pennsylvania,42021,Cambria,40.4714,-78.5921,614,803,polygon,FALSE,TRUE,America/New_York,3
17614,Arcadia University,Arcadia University,PA,Pennsylvania,42091,Montgomery,40.0918,-75.1653,614,2405,polygon,FALSE,TRUE,America/New_York,2
17615,Menno,Menno,SD,South Dakota,46067,Hutchinson,43.2386,-97.5772,614,455,polygon,FALSE,TRUE,America/Chicago,3
17616,Shishmaref,Shishmaref,AK,Alaska,2180,Nome,66.2372,-166.1027,613,101,polygon,FALSE,TRUE,America/Nome,3
17617,Kipnuk,Kipnuk,AK,Alaska,2050,Bethel,59.9373,-164.0616,613,11,polygon,FALSE,FALSE,America/Nome,3
17618,North Philipsburg,North Philipsburg,PA,Pennsylvania,42027,Centre,40.9092,-78.2088,613,316,polygon,FALSE,FALSE,America/New_York,3
17619,Mountainburg,Mountainburg,AR,Arkansas,5033,Crawford,35.6361,-94.1679,613,155,polygon,FALSE,TRUE,America/Chicago,3
17620,Irvington,Irvington,IL,Illinois,17189,Washington,38.4386,-89.1601,613,234,polygon,FALSE,TRUE,America/Chicago,3
17621,Pomeroy,Pomeroy,IA,Iowa,19025,Calhoun,42.5519,-94.6778,613,115,polygon,FALSE,TRUE,America/Chicago,3
17622,East Fork,East Fork,AZ,Arizona,4017,Navajo,33.8081,-109.9227,613,114,polygon,FALSE,FALSE,America/Phoenix,3
17623,Paoli,Paoli,OK,Oklahoma,40049,Garvin,34.8261,-97.2619,613,591,polygon,FALSE,TRUE,America/Chicago,3
17624,Lowry City,Lowry City,MO,Missouri,29185,St. Clair,38.1401,-93.7275,613,230,polygon,FALSE,TRUE,America/Chicago,3
17625,Trimble,Trimble,MO,Missouri,29049,Clinton,39.4761,-94.5619,613,399,polygon,FALSE,TRUE,America/Chicago,3
17626,Seville,Seville,FL,Florida,12127,Volusia,29.3364,-81.5065,612,33,polygon,FALSE,FALSE,America/New_York,3
17627,Gates,Gates,TN,Tennessee,47097,Lauderdale,35.8407,-89.4081,612,335,polygon,FALSE,TRUE,America/Chicago,3
17628,Pennwyn,Pennwyn,PA,Pennsylvania,42011,Berks,40.2895,-75.9731,612,444,polygon,FALSE,FALSE,America/New_York,3
17629,Lawrenceville,Lawrenceville,PA,Pennsylvania,42117,Tioga,41.9959,-77.1304,612,405,polygon,FALSE,TRUE,America/New_York,3
17630,Sherando,Sherando,VA,Virginia,51015,Augusta,37.9889,-78.9442,612,33,polygon,FALSE,FALSE,America/New_York,3
17631,Hamilton Branch,Hamilton Branch,CA,California,6063,Plumas,40.2772,-121.0961,612,217,polygon,FALSE,FALSE,America/Los_Angeles,3
17632,Ava,Ava,IL,Illinois,17077,Jackson,37.8886,-89.4965,612,223,polygon,FALSE,TRUE,America/Chicago,3
17633,Shelby,Shelby,IA,Iowa,19165,Shelby,41.5067,-95.4506,612,126,polygon,FALSE,TRUE,America/Chicago,3
17634,Keystone,Keystone,IA,Iowa,19011,Benton,41.9995,-92.1982,612,527,polygon,FALSE,TRUE,America/Chicago,3
17635,Bennington,Bennington,KS,Kansas,20143,Ottawa,39.0332,-97.5933,612,561,polygon,FALSE,TRUE,America/Chicago,3
17636,Matador,Matador,TX,Texas,48345,Motley,34.015,-100.8211,611,180,polygon,FALSE,TRUE,America/Chicago,3
17637,Union,Union,LA,Louisiana,22093,St. James,30.0917,-90.8844,611,24,polygon,FALSE,FALSE,America/Chicago,3
17638,Trimble,Trimble,TN,Tennessee,47045,Dyer,36.202,-89.188,611,364,polygon,FALSE,TRUE,America/Chicago,3
17639,Wampsville,Wampsville,NY,New York,36053,Madison,43.0772,-75.7097,611,230,polygon,FALSE,TRUE,America/New_York,3
17640,Timber Hills,Timber Hills,PA,Pennsylvania,42075,Lebanon,40.2457,-76.4838,611,353,polygon,FALSE,FALSE,America/New_York,3
17641,Millwood,Millwood,PA,Pennsylvania,42129,Westmoreland,40.3504,-79.2853,611,380,polygon,FALSE,FALSE,America/New_York,3
17642,Irvona,Irvona,PA,Pennsylvania,42033,Clearfield,40.7736,-78.5501,611,253,polygon,FALSE,TRUE,America/New_York,3
17643,Yatesville,Yatesville,PA,Pennsylvania,42079,Luzerne,41.3037,-75.7825,611,387,polygon,FALSE,TRUE,America/New_York,3
17644,Whitesburg,Whitesburg,GA,Georgia,13045,Carroll,33.4928,-84.9137,611,85,polygon,FALSE,TRUE,America/New_York,3
17645,Gisela,Gisela,AZ,Arizona,4007,Gila,34.1015,-111.2895,611,82,polygon,FALSE,FALSE,America/Phoenix,3
17646,Muir,Muir,MI,Michigan,26067,Ionia,42.9973,-84.9359,611,331,polygon,FALSE,TRUE,America/Detroit,3
17647,Isola,Isola,MS,Mississippi,28053,Humphreys,33.2634,-90.5923,611,319,polygon,FALSE,TRUE,America/Chicago,3
17648,Reardan,Reardan,WA,Washington,53043,Lincoln,47.6697,-117.8779,610,474,polygon,FALSE,TRUE,America/Los_Angeles,3
17649,Winfall,Winfall,NC,North Carolina,37143,Perquimans,36.2104,-76.455,610,102,polygon,FALSE,TRUE,America/New_York,3
17650,Lyndon,Lyndon,IL,Illinois,17195,Whiteside,41.7174,-89.924,610,311,polygon,FALSE,TRUE,America/Chicago,3
17651,Bartelso,Bartelso,IL,Illinois,17027,Clinton,38.5371,-89.4672,610,546,polygon,FALSE,TRUE,America/Chicago,3
17652,Elk Horn,Elk Horn,IA,Iowa,19165,Shelby,41.593,-95.0615,610,306,polygon,FALSE,TRUE,America/Chicago,3
17653,Ponemah,Ponemah,MN,Minnesota,27007,Beltrami,48.0348,-94.8983,610,21,polygon,FALSE,FALSE,America/Chicago,3
17654,Nortonville,Nortonville,KS,Kansas,20087,Jefferson,39.4158,-95.3304,610,545,polygon,FALSE,TRUE,America/Chicago,3
17655,Foots Creek,Foots Creek,OR,Oregon,41029,Jackson,42.3845,-123.1408,610,38,polygon,FALSE,FALSE,America/Los_Angeles,3
17656,Grayland,Grayland,WA,Washington,53027,Grays Harbor,46.8304,-124.0898,609,34,polygon,FALSE,FALSE,America/Los_Angeles,3
17657,Lake Roesiger,Lake Roesiger,WA,Washington,53061,Snohomish,47.9839,-121.9129,609,60,polygon,FALSE,FALSE,America/Los_Angeles,3
17658,Garfield,Garfield,WA,Washington,53075,Whitman,47.0103,-117.1395,609,250,polygon,FALSE,TRUE,America/Los_Angeles,3
17659,Nettie,Nettie,WV,West Virginia,54067,Nicholas,38.2183,-80.6889,609,74,polygon,FALSE,FALSE,America/New_York,3
17660,West Point,West Point,AL,Alabama,1043,Cullman,34.2401,-86.9626,609,68,polygon,FALSE,TRUE,America/Chicago,3
17661,Fort Cobb,Fort Cobb,OK,Oklahoma,40015,Caddo,35.1041,-98.4417,609,334,polygon,FALSE,TRUE,America/Chicago,3
17662,La Plena,La Plena,PR,Puerto Rico,72123,Salinas,18.0412,-66.2063,609,620,polygon,FALSE,FALSE,America/Puerto_Rico,3
17663,Sandy Hook,Sandy Hook,KY,Kentucky,21063,Elliott,38.0929,-83.1241,609,239,polygon,FALSE,TRUE,America/New_York,3
17664,Winona,Winona,TX,Texas,48423,Smith,32.4928,-95.173,608,152,polygon,FALSE,TRUE,America/Chicago,3
17665,Dante,Dante,VA,Virginia,51167,Russell,36.9792,-82.296,608,33,polygon,FALSE,FALSE,America/New_York,3
17666,Metamora,Metamora,OH,Ohio,39051,Fulton,41.7114,-83.9057,608,287,polygon,FALSE,TRUE,America/New_York,3
17667,West Milford,West Milford,WV,West Virginia,54033,Harrison,39.2044,-80.4034,607,441,polygon,FALSE,TRUE,America/New_York,3
17668,Ingleside on the Bay,Ingleside on the Bay,TX,Texas,48409,San Patricio,27.8304,-97.221,607,801,polygon,FALSE,TRUE,America/Chicago,3
17669,Provencal,Provencal,LA,Louisiana,22069,Natchitoches,31.6547,-93.1999,607,95,polygon,FALSE,TRUE,America/Chicago,3
17670,River Pines,River Pines,CA,California,6005,Amador,38.5454,-120.7475,607,640,polygon,FALSE,FALSE,America/Los_Angeles,3
17671,Baker,Baker,CA,California,6071,San Bernardino,35.2769,-116.0718,607,87,polygon,FALSE,FALSE,America/Los_Angeles,3
17672,Oak Run,Oak Run,IL,Illinois,17095,Knox,40.9649,-90.1304,607,66,polygon,FALSE,FALSE,America/Chicago,3
17673,Como,Como,IL,Illinois,17195,Whiteside,41.7662,-89.7657,607,219,polygon,FALSE,FALSE,America/Chicago,3
17674,Remy,Remy,OK,Oklahoma,40135,Sequoyah,35.4578,-94.4984,607,18,polygon,FALSE,FALSE,America/Chicago,3
17675,Glencoe,Glencoe,OK,Oklahoma,40119,Payne,36.2313,-96.9302,607,132,polygon,FALSE,TRUE,America/Chicago,3
17676,Cuyahoga Heights,Cuyahoga Heights,OH,Ohio,39035,Cuyahoga,41.435,-81.6562,607,76,polygon,FALSE,TRUE,America/New_York,3
17677,Hartville,Hartville,MO,Missouri,29229,Wright,37.2502,-92.512,607,359,polygon,FALSE,TRUE,America/Chicago,3
17678,Hopkins,Hopkins,MI,Michigan,26005,Allegan,42.6251,-85.7633,607,489,polygon,FALSE,TRUE,America/Detroit,3
17679,New Houlka,New Houlka,MS,Mississippi,28017,Chickasaw,34.0363,-89.0211,607,190,polygon,FALSE,TRUE,America/Chicago,3
17680,Caneyville,Caneyville,KY,Kentucky,21085,Grayson,37.4241,-86.4906,607,142,polygon,FALSE,TRUE,America/Chicago,3
17681,Myrtle Springs,Myrtle Springs,TX,Texas,48467,Van Zandt,32.6151,-95.9329,606,32,polygon,FALSE,FALSE,America/Chicago,3
17682,Mandaree,Mandaree,ND,North Dakota,38053,McKenzie,47.7358,-102.6756,606,21,polygon,FALSE,FALSE,America/Chicago,3
17683,Chesterfield,Chesterfield,TN,Tennessee,47077,Henderson,35.6467,-88.27,606,30,polygon,FALSE,FALSE,America/Chicago,3
17684,Lake Arthur Estates,Lake Arthur Estates,PA,Pennsylvania,42019,Butler,40.9616,-80.1483,606,352,polygon,FALSE,FALSE,America/New_York,3
17685,Elsah,Elsah,IL,Illinois,17083,Jersey,38.9541,-90.3553,606,214,polygon,FALSE,TRUE,America/Chicago,3
17686,Oxford,Oxford,MD,Maryland,24041,Talbot,38.6849,-76.1703,606,434,polygon,FALSE,TRUE,America/New_York,3
17687,Mount Victory,Mount Victory,OH,Ohio,39065,Hardin,40.5338,-83.5211,606,277,polygon,FALSE,TRUE,America/New_York,3
17688,Wanship,Wanship,UT,Utah,49043,Summit,40.8168,-111.4151,606,46,polygon,FALSE,FALSE,America/Denver,3
17689,Myton,Myton,UT,Utah,49013,Duchesne,40.1933,-110.0624,606,232,polygon,FALSE,TRUE,America/Denver,3
17690,Foristell,Foristell,MO,Missouri,29183,St. Charles,38.8156,-90.9626,606,41,polygon,FALSE,TRUE,America/Chicago,3
17691,Fostoria,Fostoria,MI,Michigan,26157,Tuscola,43.2495,-83.3713,606,60,polygon,FALSE,FALSE,America/Detroit,3
17692,Maple Hill,Maple Hill,KS,Kansas,20197,Wabaunsee,39.0856,-96.0281,606,964,polygon,FALSE,TRUE,America/Chicago,3
17693,Howard,Howard,KS,Kansas,20049,Elk,37.4696,-96.2632,606,336,polygon,FALSE,TRUE,America/Chicago,3
17694,Peña Blanca,Pena Blanca,NM,New Mexico,35043,Sandoval,35.5709,-106.3319,605,33,polygon,FALSE,FALSE,America/Denver,3
17695,Fallston,Fallston,NC,North Carolina,37045,Cleveland,35.4289,-81.5023,605,108,polygon,FALSE,TRUE,America/New_York,3
17696,Cokeburg,Cokeburg,PA,Pennsylvania,42125,Washington,40.1001,-80.0656,605,664,polygon,FALSE,TRUE,America/New_York,3
17697,Ursa,Ursa,IL,Illinois,17001,Adams,40.074,-91.3721,605,338,polygon,FALSE,TRUE,America/Chicago,3
17698,McIntyre,McIntyre,GA,Georgia,13319,Wilkinson,32.8466,-83.2011,605,45,polygon,FALSE,TRUE,America/New_York,3
17699,Shonto,Shonto,AZ,Arizona,4017,Navajo,36.5893,-110.6607,605,51,polygon,FALSE,FALSE,America/Denver,3
17700,McIntosh,McIntosh,MN,Minnesota,27119,Polk,47.6369,-95.8864,605,233,polygon,FALSE,TRUE,America/Chicago,3
17701,Circle,Circle,MT,Montana,30055,McCone,47.4176,-105.587,605,298,polygon,FALSE,TRUE,America/Denver,3
17702,Murray Hill,Murray Hill,KY,Kentucky,21111,Jefferson,38.2907,-85.5871,605,1792,polygon,FALSE,TRUE,America/New_York,3
17703,Albion,Albion,WA,Washington,53075,Whitman,46.7916,-117.2511,604,594,polygon,FALSE,TRUE,America/Los_Angeles,3
17704,Reedsville,Reedsville,WV,West Virginia,54077,Preston,39.5102,-79.8006,604,359,polygon,FALSE,TRUE,America/New_York,3
17705,Byron,Byron,WY,Wyoming,56003,Big Horn,44.7964,-108.5081,604,257,polygon,FALSE,TRUE,America/Denver,3
17706,Linn,Linn,TX,Texas,48215,Hidalgo,26.5662,-98.1297,604,4,polygon,FALSE,FALSE,America/Chicago,3
17707,Harrisville,Harrisville,NY,New York,36049,Lewis,44.1532,-75.3211,604,296,polygon,FALSE,FALSE,America/New_York,3
17708,Loghill Village,Loghill Village,CO,Colorado,8091,Ouray,38.1962,-107.779,604,41,polygon,FALSE,FALSE,America/Denver,3
17709,Patton Village,Patton Village,CA,California,6035,Lassen,40.1401,-120.1778,604,70,polygon,FALSE,FALSE,America/Los_Angeles,3
17710,Lockwood,Lockwood,CA,California,6053,Monterey,35.9412,-121.0802,604,21,polygon,FALSE,FALSE,America/Los_Angeles,3
17711,Peters,Peters,CA,California,6077,San Joaquin,37.9763,-121.044,604,92,polygon,FALSE,FALSE,America/Los_Angeles,3
17712,Bedford Park,Bedford Park,IL,Illinois,17031,Cook,41.767,-87.7915,604,39,polygon,FALSE,TRUE,America/Chicago,3
17713,Pavo,Pavo,GA,Georgia,13027,Brooks,30.9597,-83.738,604,132,polygon,FALSE,TRUE,America/New_York,3
17714,Burlington,Burlington,IN,Indiana,18015,Carroll,40.4822,-86.3947,604,381,polygon,FALSE,TRUE,America/Indiana/Indianapolis,3
17715,Millington,Millington,MD,Maryland,24029,Kent,39.2629,-75.8359,604,325,polygon,FALSE,TRUE,America/New_York,3
17716,Calumet,Calumet,OK,Oklahoma,40017,Canadian,35.6014,-98.1247,604,182,polygon,FALSE,TRUE,America/Chicago,3
17717,Thurston,Thurston,OH,Ohio,39045,Fairfield,39.8451,-82.5532,604,576,polygon,FALSE,TRUE,America/New_York,3
17718,Pleasant Hope,Pleasant Hope,MO,Missouri,29167,Polk,37.465,-93.2743,604,150,polygon,FALSE,TRUE,America/Chicago,3
17719,Hardin,Hardin,KY,Kentucky,21157,Marshall,36.7652,-88.3023,604,333,polygon,FALSE,TRUE,America/Chicago,3
17720,Fairchild,Fairchild,WI,Wisconsin,55035,Eau Claire,44.6036,-90.9577,603,160,polygon,FALSE,TRUE,America/Chicago,3
17721,Poplar,Poplar,WI,Wisconsin,55031,Douglas,46.5828,-91.7836,603,19,polygon,FALSE,TRUE,America/Chicago,3
17722,Plum City,Plum City,WI,Wisconsin,55093,Pierce,44.6338,-92.1918,603,223,polygon,FALSE,TRUE,America/Chicago,3
17723,Cedar Grove,Cedar Grove,NM,New Mexico,35049,Santa Fe,35.168,-106.1615,603,12,polygon,FALSE,FALSE,America/Denver,3
17724,Ridgecrest,Ridgecrest,LA,Louisiana,22029,Concordia,31.6018,-91.5304,603,541,polygon,FALSE,TRUE,America/Chicago,3
17725,Elgin,Elgin,ND,North Dakota,38037,Grant,46.4025,-101.843,603,215,polygon,FALSE,TRUE,America/Denver,3
17726,Joffre,Joffre,PA,Pennsylvania,42125,Washington,40.3809,-80.3533,603,259,polygon,FALSE,FALSE,America/New_York,3
17727,Crucible,Crucible,PA,Pennsylvania,42059,Greene,39.9479,-79.9657,603,202,polygon,FALSE,FALSE,America/New_York,3
17728,St. Libory,St. Libory,IL,Illinois,17163,St. Clair,38.3633,-89.7135,603,239,polygon,FALSE,TRUE,America/Chicago,3
17729,Jasper,Jasper,MN,Minnesota,27117,Pipestone,43.8491,-96.3999,603,228,polygon,FALSE,TRUE,America/Chicago,3
17730,Arlee,Arlee,MT,Montana,30047,Lake,47.1679,-114.0838,603,36,polygon,FALSE,FALSE,America/Denver,3
17731,Chenequa,Chenequa,WI,Wisconsin,55133,Waukesha,43.1228,-88.3838,602,67,polygon,FALSE,TRUE,America/Chicago,3
17732,Oxford,Oxford,WI,Wisconsin,55077,Marquette,43.78,-89.5658,602,280,polygon,FALSE,TRUE,America/Chicago,3
17733,Danville,Danville,WV,West Virginia,54005,Boone,38.0808,-81.8342,602,217,polygon,FALSE,TRUE,America/New_York,3
17734,Santa Ana Pueblo,Santa Ana Pueblo,NM,New Mexico,35043,Sandoval,35.3495,-106.5202,602,31,polygon,FALSE,TRUE,America/Denver,3
17735,Carolina,Carolina,RI,Rhode Island,44009,Washington,41.4625,-71.6585,602,94,polygon,FALSE,FALSE,America/New_York,3
17736,Eads,Eads,CO,Colorado,8061,Kiowa,38.4814,-102.7797,602,486,polygon,FALSE,TRUE,America/Denver,3
17737,Scotia,Scotia,CA,California,6023,Humboldt,40.4774,-124.1032,602,311,polygon,FALSE,FALSE,America/Los_Angeles,3
17738,Black Rock,Black Rock,AR,Arkansas,5075,Lawrence,36.107,-91.1074,602,70,polygon,FALSE,TRUE,America/Chicago,3
17739,Dumont,Dumont,IA,Iowa,19023,Butler,42.7522,-92.9736,602,133,polygon,FALSE,TRUE,America/Chicago,3
17740,Burnside,Burnside,AZ,Arizona,4001,Apache,35.7534,-109.6247,602,25,polygon,FALSE,FALSE,America/Denver,3
17741,Bay View,Bay View,OH,Ohio,39043,Erie,41.468,-82.825,602,841,polygon,FALSE,TRUE,America/New_York,3
17742,Natchez,Natchez,LA,Louisiana,22069,Natchitoches,31.6743,-93.0456,601,224,polygon,FALSE,TRUE,America/Chicago,3
17743,East Bend,East Bend,NC,North Carolina,37197,Yadkin,36.2178,-80.5085,601,177,polygon,FALSE,TRUE,America/New_York,3
17744,Salt Creek,Salt Creek,CO,Colorado,8101,Pueblo,38.2389,-104.5881,601,424,polygon,FALSE,FALSE,America/Denver,3
17745,College Station,College Station,AR,Arkansas,5119,Pulaski,34.705,-92.2296,601,222,polygon,FALSE,FALSE,America/Chicago,3
17746,Carnesville,Carnesville,GA,Georgia,13119,Franklin,34.3729,-83.2328,601,73,polygon,FALSE,TRUE,America/New_York,3
17747,Doon,Doon,IA,Iowa,19119,Lyon,43.2792,-96.2323,601,359,polygon,FALSE,TRUE,America/Chicago,3
17748,Juliaetta,Juliaetta,ID,Idaho,16057,Latah,46.574,-116.7096,601,332,polygon,FALSE,TRUE,America/Los_Angeles,3
17749,Washington,Washington,OK,Oklahoma,40087,McClain,35.0583,-97.4922,601,158,polygon,FALSE,TRUE,America/Chicago,3
17750,Doolittle,Doolittle,MO,Missouri,29161,Phelps,37.9425,-91.8913,601,83,polygon,FALSE,TRUE,America/Chicago,3
17751,Verona,Verona,MO,Missouri,29109,Lawrence,36.9631,-93.7936,601,267,polygon,FALSE,TRUE,America/Chicago,3
17752,Claflin,Claflin,KS,Kansas,20009,Barton,38.5245,-98.5369,601,711,polygon,FALSE,TRUE,America/Chicago,3
17753,New Augusta,New Augusta,MS,Mississippi,28111,Perry,31.2036,-89.0272,601,45,polygon,FALSE,TRUE,America/Chicago,3
17754,Loyall,Loyall,KY,Kentucky,21095,Harlan,36.8527,-83.3506,601,786,polygon,FALSE,TRUE,America/New_York,3
17755,Milton,Milton,KY,Kentucky,21223,Trimble,38.7113,-85.3734,601,157,polygon,FALSE,TRUE,America/New_York,3
17756,Fancy Farm,Fancy Farm,KY,Kentucky,21083,Graves,36.8003,-88.7928,601,264,polygon,FALSE,FALSE,America/Chicago,3
17757,May Creek,May Creek,WA,Washington,53061,Snohomish,47.8556,-121.6744,600,364,polygon,FALSE,FALSE,America/Los_Angeles,3
17758,Oconomowoc Lake,Oconomowoc Lake,WI,Wisconsin,55133,Waukesha,43.0975,-88.4521,600,120,polygon,FALSE,TRUE,America/Chicago,3
17759,Fort White,Fort White,FL,Florida,12023,Columbia,29.9224,-82.7135,600,95,polygon,FALSE,TRUE,America/New_York,3
17760,Sandia,Sandia,TX,Texas,48249,Jim Wells,28.0199,-97.8701,600,239,polygon,FALSE,FALSE,America/Chicago,3
17761,New England,New England,ND,North Dakota,38041,Hettinger,46.5408,-102.8669,600,470,polygon,FALSE,TRUE,America/Denver,3
17762,Tuxedo Park,Tuxedo Park,NY,New York,36071,Orange,41.2008,-74.206,600,87,polygon,FALSE,TRUE,America/New_York,3
17763,Barnum,Barnum,MN,Minnesota,27017,Carlton,46.5054,-92.6884,600,229,polygon,FALSE,TRUE,America/Chicago,3
17764,Arlington,Arlington,OR,Oregon,41021,Gilliam,45.7207,-120.1888,600,90,polygon,FALSE,TRUE,America/Los_Angeles,3
17765,Murchison,Murchison,TX,Texas,48213,Henderson,32.2751,-95.7561,599,146,polygon,FALSE,TRUE,America/Chicago,3
17766,Volente,Volente,TX,Texas,48453,Travis,30.4453,-97.908,599,109,polygon,FALSE,TRUE,America/Chicago,3
17767,Niederwald,Niederwald,TX,Texas,48055,Caldwell,30.0041,-97.7531,599,63,polygon,FALSE,TRUE,America/Chicago,3
17768,Rule,Rule,TX,Texas,48207,Haskell,33.182,-99.8933,599,331,polygon,FALSE,TRUE,America/Chicago,3
17769,Florien,Florien,LA,Louisiana,22085,Sabine,31.448,-93.4584,599,103,polygon,FALSE,TRUE,America/Chicago,3
17770,Interlaken,Interlaken,NY,New York,36099,Seneca,42.6189,-76.7251,599,762,polygon,FALSE,TRUE,America/New_York,3
17771,Byrnedale,Byrnedale,PA,Pennsylvania,42047,Elk,41.2916,-78.5023,599,184,polygon,FALSE,FALSE,America/New_York,3
17772,Big Run,Big Run,PA,Pennsylvania,42065,Jefferson,40.9702,-78.8765,599,334,polygon,FALSE,TRUE,America/New_York,3
17773,Knoxville,Knoxville,PA,Pennsylvania,42117,Tioga,41.9604,-77.4379,599,372,polygon,FALSE,TRUE,America/New_York,3
17774,Walden,Walden,CO,Colorado,8057,Jackson,40.7315,-106.2813,599,689,polygon,FALSE,TRUE,America/Denver,3
17775,Beverly Shores,Beverly Shores,IN,Indiana,18127,Porter,41.685,-86.9804,599,64,polygon,FALSE,TRUE,America/Chicago,3
17776,Ireton,Ireton,IA,Iowa,19167,Sioux,42.9749,-96.3216,599,226,polygon,FALSE,TRUE,America/Chicago,3
17777,Cole,Cole,OK,Oklahoma,40087,McClain,35.0992,-97.5663,599,15,polygon,FALSE,TRUE,America/Chicago,3
17778,Marquette,Marquette,KS,Kansas,20113,McPherson,38.5555,-97.8344,599,479,polygon,FALSE,TRUE,America/Chicago,3
17779,Raysal,Raysal,WV,West Virginia,54047,McDowell,37.3367,-81.7712,598,187,polygon,FALSE,FALSE,America/New_York,3
17780,Summertown,Summertown,TN,Tennessee,47099,Lawrence,35.4344,-87.3084,598,114,polygon,FALSE,FALSE,America/Chicago,3
17781,Dry Tavern,Dry Tavern,PA,Pennsylvania,42059,Greene,39.9399,-80.0095,598,170,polygon,FALSE,FALSE,America/New_York,3
17782,Watkins,Watkins,CO,Colorado,8005,Arapahoe,39.6971,-104.5787,598,8,polygon,FALSE,FALSE,America/Denver,3
17783,Hopkins Park,Hopkins Park,IL,Illinois,17091,Kankakee,41.069,-87.6064,598,57,polygon,FALSE,TRUE,America/Chicago,3
17784,Franklin,Franklin,IL,Illinois,17137,Morgan,39.6205,-90.0477,598,278,polygon,FALSE,TRUE,America/Chicago,3
17785,Stanford,Stanford,IL,Illinois,17113,McLean,40.4322,-89.2209,598,348,polygon,FALSE,TRUE,America/Chicago,3
17786,Colbert,Colbert,GA,Georgia,13195,Madison,34.037,-83.2139,598,226,polygon,FALSE,TRUE,America/New_York,3
17787,Minden,Minden,IA,Iowa,19155,Pottawattamie,41.4689,-95.5412,598,518,polygon,FALSE,TRUE,America/Chicago,3
17788,Leadington,Leadington,MO,Missouri,29187,St. Francois,37.8343,-90.4806,598,253,polygon,FALSE,TRUE,America/Chicago,3
17789,Evansville,Evansville,MN,Minnesota,27041,Douglas,46.0062,-95.6869,598,294,polygon,FALSE,TRUE,America/Chicago,3
17790,Prentice,Prentice,WI,Wisconsin,55099,Price,45.5408,-90.2898,597,114,polygon,FALSE,TRUE,America/Chicago,3
17791,Hatley,Hatley,WI,Wisconsin,55073,Marathon,44.8866,-89.3371,597,236,polygon,FALSE,TRUE,America/Chicago,3
17792,Siracusaville,Siracusaville,LA,Louisiana,22101,St. Mary,29.6886,-91.1522,597,288,polygon,FALSE,FALSE,America/Chicago,3
17793,Ingold,Ingold,NC,North Carolina,37163,Sampson,34.8312,-78.3497,597,44,polygon,FALSE,FALSE,America/New_York,3
17794,Patterson Heights,Patterson Heights,PA,Pennsylvania,42007,Beaver,40.7391,-80.3263,597,1002,polygon,FALSE,TRUE,America/New_York,3
17795,Tamaroa,Tamaroa,IL,Illinois,17145,Perry,38.1364,-89.2293,597,240,polygon,FALSE,TRUE,America/Chicago,3
17796,Hopkinton,Hopkinton,IA,Iowa,19055,Delaware,42.3431,-91.2487,597,371,polygon,FALSE,TRUE,America/Chicago,3
17797,Eagletown,Eagletown,OK,Oklahoma,40089,McCurtain,34.0417,-94.57,597,48,polygon,FALSE,FALSE,America/Chicago,3
17798,Eau Claire,Eau Claire,MI,Michigan,26021,Berrien,41.9853,-86.304,597,276,polygon,FALSE,TRUE,America/Detroit,3
17799,St. Paul,St. Paul,KS,Kansas,20133,Neosho,37.5186,-95.1742,597,197,polygon,FALSE,TRUE,America/Chicago,3
17800,Newell,Newell,SD,South Dakota,46019,Butte,44.7174,-103.4184,597,227,polygon,FALSE,TRUE,America/Denver,3
17801,Bath,Bath,WV,West Virginia,54065,Morgan,39.6248,-78.2274,596,685,polygon,FALSE,TRUE,America/New_York,3
17802,Varnamtown,Varnamtown,NC,North Carolina,37019,Brunswick,33.9432,-78.236,596,253,polygon,FALSE,TRUE,America/New_York,3
17803,Belvoir,Belvoir,NC,North Carolina,37147,Pitt,35.7111,-77.47,596,116,polygon,FALSE,FALSE,America/New_York,3
17804,Graeagle,Graeagle,CA,California,6063,Plumas,39.7572,-120.6486,596,20,polygon,FALSE,FALSE,America/Los_Angeles,3
17805,Babbie,Babbie,AL,Alabama,1039,Covington,31.3022,-86.3229,596,20,polygon,FALSE,TRUE,America/Chicago,3
17806,Fairmount,Fairmount,IL,Illinois,17183,Vermilion,40.0456,-87.8293,596,724,polygon,FALSE,TRUE,America/Chicago,3
17807,Sutherland,Sutherland,IA,Iowa,19141,O'Brien,42.9729,-95.4951,596,264,polygon,FALSE,TRUE,America/Chicago,3
17808,Nome,Nome,TX,Texas,48245,Jefferson,30.0364,-94.4064,595,185,polygon,FALSE,TRUE,America/Chicago,3
17809,Balmorhea,Balmorhea,TX,Texas,48389,Reeves,30.984,-103.7438,595,593,polygon,FALSE,TRUE,America/Chicago,3
17810,Harmony,Harmony,NC,North Carolina,37097,Iredell,35.959,-80.7735,595,169,polygon,FALSE,TRUE,America/New_York,3
17811,Portland,Portland,ND,North Dakota,38097,Traill,47.4995,-97.3693,595,275,polygon,FALSE,TRUE,America/Chicago,3
17812,Greenwood,Greenwood,NE,Nebraska,31025,Cass,40.9614,-96.4433,595,558,polygon,FALSE,TRUE,America/Chicago,3
17813,Clinton,Clinton,PA,Pennsylvania,42003,Allegheny,40.4926,-80.296,595,276,polygon,FALSE,FALSE,America/New_York,3
17814,Cranesville,Cranesville,PA,Pennsylvania,42049,Erie,41.904,-80.3418,595,245,polygon,FALSE,TRUE,America/New_York,3
17815,Seven Mile Ford,Seven Mile Ford,VA,Virginia,51173,Smyth,36.8129,-81.6294,595,159,polygon,FALSE,FALSE,America/New_York,3
17816,Blandinsville,Blandinsville,IL,Illinois,17109,McDonough,40.554,-90.8683,595,262,polygon,FALSE,TRUE,America/Chicago,3
17817,Dieterich,Dieterich,IL,Illinois,17049,Effingham,39.0601,-88.3825,595,183,polygon,FALSE,TRUE,America/Chicago,3
17818,Kewanna,Kewanna,IN,Indiana,18049,Fulton,41.0194,-86.4125,595,419,polygon,FALSE,TRUE,America/Indiana/Indianapolis,3
17819,Oaktown,Oaktown,IN,Indiana,18083,Knox,38.8717,-87.4412,595,845,polygon,FALSE,TRUE,America/Indiana/Vincennes,3
17820,Kanawha,Kanawha,IA,Iowa,19081,Hancock,42.9342,-93.7933,595,114,polygon,FALSE,TRUE,America/Chicago,3
17821,North Chevy Chase,North Chevy Chase,MD,Maryland,24031,Montgomery,39.0021,-77.0743,595,1971,polygon,FALSE,TRUE,America/New_York,3
17822,Velma,Velma,OK,Oklahoma,40137,Stephens,34.4548,-97.6617,595,163,polygon,FALSE,TRUE,America/Chicago,3
17823,Kinsman Center,Kinsman Center,OH,Ohio,39155,Trumbull,41.4544,-80.5854,595,104,polygon,FALSE,TRUE,America/New_York,3
17824,Austinburg,Austinburg,OH,Ohio,39007,Ashtabula,41.7692,-80.8556,595,69,polygon,FALSE,FALSE,America/New_York,3
17825,Matthews,Matthews,MO,Missouri,29143,New Madrid,36.7584,-89.5688,595,117,polygon,FALSE,TRUE,America/Chicago,3
17826,Peck,Peck,MI,Michigan,26151,Sanilac,43.2588,-82.8167,595,220,polygon,FALSE,TRUE,America/Detroit,3
17827,Shepherd,Shepherd,MT,Montana,30111,Yellowstone,45.9469,-108.3463,595,103,polygon,FALSE,FALSE,America/Denver,3
17828,Eureka,Eureka,WI,Wisconsin,55139,Winnebago,44.0073,-88.8426,594,222,polygon,FALSE,FALSE,America/Chicago,3
17829,Hartford City,Hartford City,WV,West Virginia,54053,Mason,38.9978,-81.9905,594,185,polygon,FALSE,TRUE,America/New_York,3
17830,Grant Town,Grant Town,WV,West Virginia,54049,Marion,39.559,-80.1772,594,435,polygon,FALSE,TRUE,America/New_York,3
17831,Plantersville,Plantersville,TX,Texas,48185,Grimes,30.3325,-95.8633,594,116,polygon,FALSE,TRUE,America/Chicago,3
17832,Fox River,Fox River,AK,Alaska,2122,Kenai Peninsula,59.8723,-150.9984,594,1,polygon,FALSE,FALSE,America/Anchorage,3
17833,Unionville,Unionville,NY,New York,36071,Orange,41.3013,-74.5619,594,750,polygon,FALSE,TRUE,America/New_York,3
17834,Hooversville,Hooversville,PA,Pennsylvania,42111,Somerset,40.1504,-78.9132,594,375,polygon,FALSE,TRUE,America/New_York,3
17835,Sherrard,Sherrard,IL,Illinois,17131,Mercer,41.3109,-90.4991,594,247,polygon,FALSE,TRUE,America/Chicago,3
17836,San Jose,San Jose,IL,Illinois,17107,Logan,40.3051,-89.6048,594,553,polygon,FALSE,TRUE,America/Chicago,3
17837,Danielsville,Danielsville,GA,Georgia,13195,Madison,34.1238,-83.2201,594,158,polygon,FALSE,TRUE,America/New_York,3
17838,Coalville,Coalville,IA,Iowa,19187,Webster,42.4406,-94.1193,594,105,polygon,FALSE,FALSE,America/Chicago,3
17839,Hornersville,Hornersville,MO,Missouri,29069,Dunklin,36.0404,-90.1158,594,293,polygon,FALSE,TRUE,America/Chicago,3
17840,Vienna,Vienna,MO,Missouri,29125,Maries,38.1875,-91.9501,594,214,polygon,FALSE,TRUE,America/Chicago,3
17841,Trail,Trail,OR,Oregon,41029,Jackson,42.6568,-122.8135,594,33,polygon,FALSE,FALSE,America/Los_Angeles,3
17842,Rolette,Rolette,ND,North Dakota,38079,Rolette,48.6609,-99.8417,593,227,polygon,FALSE,TRUE,America/Chicago,3
17843,Dodge,Dodge,NE,Nebraska,31053,Dodge,41.7218,-96.8804,593,579,polygon,FALSE,TRUE,America/Chicago,3
17844,Cassadaga,Cassadaga,NY,New York,36013,Chautauqua,42.3427,-79.318,593,273,polygon,FALSE,TRUE,America/New_York,3
17845,Cairnbrook,Cairnbrook,PA,Pennsylvania,42111,Somerset,40.1247,-78.8189,593,271,polygon,FALSE,FALSE,America/New_York,3
17846,Grand Mound,Grand Mound,IA,Iowa,19045,Clinton,41.8232,-90.6502,593,125,polygon,FALSE,TRUE,America/Chicago,3
17847,Goldfield,Goldfield,IA,Iowa,19197,Wright,42.7356,-93.9181,593,191,polygon,FALSE,TRUE,America/Chicago,3
17848,Webbers Falls,Webbers Falls,OK,Oklahoma,40101,Muskogee,35.512,-95.1601,593,59,polygon,FALSE,TRUE,America/Chicago,3
17849,Racine,Racine,MN,Minnesota,27099,Mower,43.7755,-92.481,593,342,polygon,FALSE,TRUE,America/Chicago,3
17850,Campobello,Campobello,SC,South Carolina,45083,Spartanburg,35.1224,-82.1495,593,65,polygon,FALSE,TRUE,America/New_York,3
17851,Briarcliffe Acres,Briarcliffe Acres,SC,South Carolina,45051,Horry,33.7899,-78.749,593,349,polygon,FALSE,TRUE,America/New_York,3
17852,Bucoda,Bucoda,WA,Washington,53067,Thurston,46.7968,-122.868,592,407,polygon,FALSE,TRUE,America/Los_Angeles,3
17853,Solon Springs,Solon Springs,WI,Wisconsin,55031,Douglas,46.3495,-91.8208,592,145,polygon,FALSE,TRUE,America/Chicago,3
17854,Stagecoach,Stagecoach,TX,Texas,48339,Montgomery,30.1438,-95.7079,592,198,polygon,FALSE,TRUE,America/Chicago,3
17855,Bunnlevel,Bunnlevel,NC,North Carolina,37085,Harnett,35.31,-78.7725,592,30,polygon,FALSE,FALSE,America/New_York,3
17856,Lawndale,Lawndale,NC,North Carolina,37045,Cleveland,35.4142,-81.5631,592,284,polygon,FALSE,TRUE,America/New_York,3
17857,Minto,Minto,ND,North Dakota,38099,Walsh,48.2924,-97.373,592,159,polygon,FALSE,TRUE,America/Chicago,3
17858,North Creek,North Creek,NY,New York,36113,Warren,43.6923,-73.9835,592,130,polygon,FALSE,FALSE,America/New_York,3
17859,Clark,Clark,PA,Pennsylvania,42085,Mercer,41.2831,-80.4088,592,75,polygon,FALSE,TRUE,America/New_York,3
17860,Swink,Swink,CO,Colorado,8089,Otero,38.014,-103.6284,592,816,polygon,FALSE,TRUE,America/Denver,3
17861,Lucas,Lucas,OH,Ohio,39139,Richland,40.7042,-82.4222,592,337,polygon,FALSE,TRUE,America/New_York,3
17862,Orderville,Orderville,UT,Utah,49025,Kane,37.254,-112.6574,592,26,polygon,FALSE,TRUE,America/Denver,3
17863,Littlefork,Littlefork,MN,Minnesota,27071,Koochiching,48.3964,-93.5578,592,192,polygon,FALSE,TRUE,America/Chicago,3
17864,Wibaux,Wibaux,MT,Montana,30109,Wibaux,46.9866,-104.19,592,213,polygon,FALSE,TRUE,America/Denver,3
17865,Bancroft,Bancroft,WV,West Virginia,54079,Putnam,38.5107,-81.8418,591,1642,polygon,FALSE,TRUE,America/New_York,3
17866,Encinal,Encinal,TX,Texas,48283,La Salle,28.041,-99.3546,591,528,polygon,FALSE,TRUE,America/Chicago,3
17867,Colmesneil,Colmesneil,TX,Texas,48457,Tyler,30.9097,-94.422,591,114,polygon,FALSE,TRUE,America/Chicago,3
17868,Ossipee,Ossipee,NC,North Carolina,37001,Alamance,36.1678,-79.5135,591,376,polygon,FALSE,TRUE,America/New_York,3
17869,Hawk Run,Hawk Run,PA,Pennsylvania,42033,Clearfield,40.9228,-78.2042,591,283,polygon,FALSE,FALSE,America/New_York,3
17870,Hollis Crossroads,Hollis Crossroads,AL,Alabama,1029,Cleburne,33.5231,-85.6437,591,18,polygon,FALSE,FALSE,America/Chicago,3
17871,Oak Grove,Oak Grove,IL,Illinois,17161,Rock Island,41.4119,-90.5742,591,346,polygon,FALSE,TRUE,America/Chicago,3
17872,Nelson,Nelson,AZ,Arizona,4019,Pima,32.4298,-111.2649,591,478,polygon,FALSE,FALSE,America/Phoenix,3
17873,Mayersville,Mayersville,MS,Mississippi,28055,Issaquena,32.8964,-91.0467,591,207,polygon,FALSE,TRUE,America/Chicago,3
17874,Verdunville,Verdunville,WV,West Virginia,54045,Logan,37.8532,-82.0603,590,85,polygon,FALSE,FALSE,America/New_York,3
17875,Napoleonville,Napoleonville,LA,Louisiana,22007,Assumption,29.9384,-91.0263,590,1352,polygon,FALSE,TRUE,America/Chicago,3
17876,Caroga Lake,Caroga Lake,NY,New York,36035,Fulton,43.1353,-74.481,590,91,polygon,FALSE,FALSE,America/New_York,3
17877,Rauchtown,Rauchtown,PA,Pennsylvania,42035,Clinton,41.1261,-77.2364,590,127,polygon,FALSE,FALSE,America/New_York,3
17878,Dustin Acres,Dustin Acres,CA,California,6029,Kern,35.2159,-119.375,590,61,polygon,FALSE,FALSE,America/Los_Angeles,3
17879,Summit,Summit,AR,Arkansas,5089,Marion,36.2522,-92.6883,590,188,polygon,FALSE,TRUE,America/Chicago,3
17880,Pierce,Pierce,ID,Idaho,16035,Clearwater,46.493,-115.7995,590,276,polygon,FALSE,TRUE,America/Los_Angeles,3
17881,Holiday Lakes,Holiday Lakes,OH,Ohio,39077,Huron,41.0923,-82.7292,590,131,polygon,FALSE,TRUE,America/New_York,3
17882,Presque Isle Harbor,Presque Isle Harbor,MI,Michigan,26141,Presque Isle,45.3227,-83.4849,590,36,polygon,FALSE,TRUE,America/Detroit,3
17883,Magnolia,Magnolia,KY,Kentucky,21123,Larue,37.4502,-85.74,590,111,polygon,FALSE,FALSE,America/Chicago,3
17884,Avon,Avon,SD,South Dakota,46009,Bon Homme,43.0052,-98.0592,590,352,polygon,FALSE,TRUE,America/Chicago,3
17885,Justice,Justice,WV,West Virginia,54059,Mingo,37.5992,-81.8381,589,172,polygon,FALSE,FALSE,America/New_York,3
17886,Spring Lake,Spring Lake,FL,Florida,12053,Hernando,28.4952,-82.3017,589,68,polygon,FALSE,FALSE,America/New_York,3
17887,Golinda,Golinda,TX,Texas,48145,Falls,31.3711,-97.0763,589,56,polygon,FALSE,TRUE,America/Chicago,3
17888,Ansonville,Ansonville,NC,North Carolina,37007,Anson,35.1041,-80.1097,589,154,polygon,FALSE,TRUE,America/New_York,3
17889,Worthington,Worthington,PA,Pennsylvania,42005,Armstrong,40.838,-79.6349,589,330,polygon,FALSE,TRUE,America/New_York,3
17890,Mathews,Mathews,VA,Virginia,51115,Mathews,37.4365,-76.3245,589,114,polygon,FALSE,FALSE,America/New_York,3
17891,Hurtsboro,Hurtsboro,AL,Alabama,1113,Russell,32.2401,-85.4147,589,220,polygon,FALSE,TRUE,America/Chicago,3
17892,South Shaftsbury,South Shaftsbury,VT,Vermont,50003,Bennington,42.9411,-73.202,589,101,polygon,FALSE,FALSE,America/New_York,3
17893,Etna Green,Etna Green,IN,Indiana,18085,Kosciusko,41.2755,-86.0461,589,453,polygon,FALSE,TRUE,America/Indiana/Indianapolis,3
17894,San Jose,San Jose,AZ,Arizona,4009,Graham,32.8169,-109.5957,589,54,polygon,FALSE,FALSE,America/Phoenix,3
17895,Canton,Canton,OK,Oklahoma,40011,Blaine,36.055,-98.5884,589,436,polygon,FALSE,TRUE,America/Chicago,3
17896,Green City,Green City,MO,Missouri,29211,Sullivan,40.2639,-92.9563,589,158,polygon,FALSE,TRUE,America/Chicago,3
17897,Butterfield,Butterfield,MN,Minnesota,27165,Watonwan,43.9586,-94.7938,589,579,polygon,FALSE,TRUE,America/Chicago,3
17898,Sunfield,Sunfield,MI,Michigan,26045,Eaton,42.7612,-84.9952,589,299,polygon,FALSE,TRUE,America/Detroit,3
17899,K-Bar Ranch,K-Bar Ranch,TX,Texas,48249,Jim Wells,27.9928,-97.9267,588,67,polygon,FALSE,FALSE,America/Chicago,3
17900,Littleton,Littleton,NC,North Carolina,37083,Halifax,36.4343,-77.911,588,238,polygon,FALSE,TRUE,America/New_York,3
17901,Onyx,Onyx,CA,California,6029,Kern,35.6839,-118.2102,588,19,polygon,FALSE,FALSE,America/Los_Angeles,3
17902,Courtland,Courtland,AL,Alabama,1079,Lawrence,34.6703,-87.3262,588,76,polygon,FALSE,TRUE,America/Chicago,3
17903,Forkland,Forkland,AL,Alabama,1063,Greene,32.6489,-87.8671,588,64,polygon,FALSE,TRUE,America/Chicago,3
17904,Tower Hill,Tower Hill,IL,Illinois,17173,Shelby,39.3868,-88.9592,588,225,polygon,FALSE,TRUE,America/Chicago,3
17905,Kellogg,Kellogg,IA,Iowa,19099,Jasper,41.7181,-92.9071,588,621,polygon,FALSE,TRUE,America/Chicago,3
17906,Arcadia,Arcadia,OH,Ohio,39063,Hancock,41.1078,-83.5144,588,393,polygon,FALSE,TRUE,America/New_York,3
17907,Innsbrook,Innsbrook,MO,Missouri,29219,Warren,38.7631,-91.0552,588,22,polygon,FALSE,TRUE,America/Chicago,3
17908,Standing Pine,Standing Pine,MS,Mississippi,28079,Leake,32.6749,-89.4529,588,65,polygon,FALSE,FALSE,America/Chicago,3
17909,Boyle,Boyle,MS,Mississippi,28011,Bolivar,33.7065,-90.7249,588,153,polygon,FALSE,TRUE,America/Chicago,3
17910,Bradley Junction,Bradley Junction,FL,Florida,12105,Polk,27.7942,-81.9784,587,107,polygon,FALSE,FALSE,America/New_York,3
17911,Barnegat Light,Barnegat Light,NJ,New Jersey,34029,Ocean,39.753,-74.1095,587,272,polygon,FALSE,TRUE,America/New_York,3
17912,Post Oak Bend City,Post Oak Bend City,TX,Texas,48257,Kaufman,32.6343,-96.3186,587,112,polygon,FALSE,TRUE,America/Chicago,3
17913,Wainwright,Wainwright,AK,Alaska,2185,North Slope,70.638,-159.9713,587,21,polygon,FALSE,TRUE,America/Anchorage,3
17914,Port Matilda,Port Matilda,PA,Pennsylvania,42027,Centre,40.8003,-78.0523,587,402,polygon,FALSE,TRUE,America/New_York,3
17915,Blanchard,Blanchard,PA,Pennsylvania,42027,Centre,41.0663,-77.6078,587,188,polygon,FALSE,FALSE,America/New_York,3
17916,Shartlesville,Shartlesville,PA,Pennsylvania,42011,Berks,40.5135,-76.1017,587,254,polygon,FALSE,FALSE,America/New_York,3
17917,Fort Garland,Fort Garland,CO,Colorado,8023,Costilla,37.4279,-105.435,587,603,polygon,FALSE,FALSE,America/Denver,3
17918,Lake Hughes,Lake Hughes,CA,California,6037,Los Angeles,34.6833,-118.4588,587,21,polygon,FALSE,FALSE,America/Los_Angeles,3
17919,Shipman,Shipman,IL,Illinois,17117,Macoupin,39.1203,-90.0452,587,171,polygon,FALSE,TRUE,America/Chicago,3
17920,Willisville,Willisville,IL,Illinois,17145,Perry,37.9828,-89.5898,587,582,polygon,FALSE,TRUE,America/Chicago,3
17921,Orleans,Orleans,IA,Iowa,19059,Dickinson,43.4513,-95.0991,587,203,polygon,FALSE,TRUE,America/Chicago,3
17922,Cousins Island,Cousins Island,ME,Maine,23005,Cumberland,43.7631,-70.1409,587,213,polygon,FALSE,FALSE,America/New_York,3
17923,Old Green,Old Green,OK,Oklahoma,40001,Adair,35.9845,-94.6036,587,70,polygon,FALSE,TRUE,America/Chicago,3
17924,Oakwood,Oakwood,OH,Ohio,39125,Paulding,41.0927,-84.3747,587,322,polygon,FALSE,TRUE,America/New_York,3
17925,Kelso,Kelso,MO,Missouri,29201,Scott,37.1924,-89.5504,587,714,polygon,FALSE,TRUE,America/Chicago,3
17926,Dale,Dale,WI,Wisconsin,55087,Outagamie,44.2757,-88.6729,586,151,polygon,FALSE,FALSE,America/Chicago,3
17927,La Paloma-Lost Creek,La Paloma-Lost Creek,TX,Texas,48355,Nueces,27.7195,-97.7391,586,26,polygon,FALSE,TRUE,America/Chicago,3
17928,Simpson,Simpson,LA,Louisiana,22115,Vernon,31.2583,-93.0194,586,36,polygon,FALSE,TRUE,America/Chicago,3
17929,Stannards,Stannards,NY,New York,36003,Allegany,42.0741,-77.9123,586,80,polygon,FALSE,FALSE,America/New_York,3
17930,Grangeville,Grangeville,CA,California,6031,Kings,36.3439,-119.7075,586,353,polygon,FALSE,FALSE,America/Los_Angeles,3
17931,Yonah,Yonah,GA,Georgia,13311,White,34.6437,-83.7411,586,72,polygon,FALSE,FALSE,America/New_York,3
17932,Burke,Burke,SD,South Dakota,46053,Gregory,43.1827,-99.2922,586,404,polygon,FALSE,TRUE,America/Chicago,3
17933,Casco,Casco,WI,Wisconsin,55061,Kewaunee,44.5558,-87.6197,585,339,polygon,FALSE,TRUE,America/Chicago,3
17934,McConnell,McConnell,WV,West Virginia,54045,Logan,37.8282,-81.9652,585,719,polygon,FALSE,FALSE,America/New_York,3
17935,Wabasso,Wabasso,FL,Florida,12061,Indian River,27.7478,-80.4363,585,92,polygon,FALSE,FALSE,America/New_York,3
17936,Meadow,Meadow,TX,Texas,48445,Terry,33.3377,-102.2058,585,140,polygon,FALSE,TRUE,America/Chicago,3
17937,Clayhatchee,Clayhatchee,AL,Alabama,1045,Dale,31.2434,-85.7136,585,83,polygon,FALSE,TRUE,America/Chicago,3
17938,Dexter,Dexter,IA,Iowa,19049,Dallas,41.5154,-94.2276,585,180,polygon,FALSE,TRUE,America/Chicago,3
17939,Hill City,Hill City,MN,Minnesota,27001,Aitkin,46.983,-93.5959,585,202,polygon,FALSE,TRUE,America/Chicago,3
17940,Brownsville,Brownsville,WI,Wisconsin,55027,Dodge,43.6146,-88.495,584,367,polygon,FALSE,TRUE,America/Chicago,3
17941,Cheneyville,Cheneyville,LA,Louisiana,22079,Rapides,31.011,-92.29,584,221,polygon,FALSE,TRUE,America/Chicago,3
17942,Stuart,Stuart,NE,Nebraska,31089,Holt,42.6008,-99.1404,584,165,polygon,FALSE,TRUE,America/Chicago,3
17943,Mesa Verde,Mesa Verde,CA,California,6065,Riverside,33.5957,-114.7317,584,52,polygon,FALSE,FALSE,America/Los_Angeles,3
17944,Dubois,Dubois,ID,Idaho,16033,Clark,44.1727,-112.2293,584,82,polygon,FALSE,TRUE,America/Boise,3
17945,St. George Island,St. George Island,MD,Maryland,24037,St. Mary's,38.1155,-76.4771,584,286,polygon,FALSE,FALSE,America/New_York,3
17946,Welch,Welch,OK,Oklahoma,40035,Craig,36.8738,-95.0948,584,514,polygon,FALSE,TRUE,America/Chicago,3
17947,Kevil,Kevil,KY,Kentucky,21007,Ballard,37.0842,-88.8829,584,396,polygon,FALSE,TRUE,America/Chicago,3
17948,East Pecos,East Pecos,NM,New Mexico,35047,San Miguel,35.5765,-105.6499,583,62,polygon,FALSE,FALSE,America/Denver,3
17949,Wade,Wade,NC,North Carolina,37051,Cumberland,35.1639,-78.7371,583,126,polygon,FALSE,TRUE,America/New_York,3
17950,Cedar Bluffs,Cedar Bluffs,NE,Nebraska,31155,Saunders,41.3971,-96.6098,583,581,polygon,FALSE,TRUE,America/Chicago,3
17951,Penns Creek,Penns Creek,PA,Pennsylvania,42109,Snyder,40.8631,-77.0563,583,306,polygon,FALSE,FALSE,America/New_York,3
17952,San Simeon,San Simeon,CA,California,6079,San Luis Obispo,35.6182,-121.1375,583,282,polygon,FALSE,FALSE,America/Los_Angeles,3
17953,Cherry Valley,Cherry Valley,AR,Arkansas,5037,Cross,35.4021,-90.7545,583,258,polygon,FALSE,TRUE,America/Chicago,3
17954,Clermont,Clermont,IA,Iowa,19065,Fayette,43.0001,-91.6523,583,183,polygon,FALSE,TRUE,America/Chicago,3
17955,Zeb,Zeb,OK,Oklahoma,40021,Cherokee,35.8061,-95.0438,583,26,polygon,FALSE,FALSE,America/Chicago,3
17956,Naylor,Naylor,MO,Missouri,29181,Ripley,36.5745,-90.6056,583,406,polygon,FALSE,TRUE,America/Chicago,3
17957,Addison,Addison,MI,Michigan,26091,Lenawee,41.9862,-84.3491,583,235,polygon,FALSE,TRUE,America/Detroit,3
17958,Summersville,Summersville,KY,Kentucky,21087,Green,37.3265,-85.543,583,77,polygon,FALSE,FALSE,America/Chicago,3
17959,South Wallins,South Wallins,KY,Kentucky,21095,Harlan,36.8153,-83.4044,583,35,polygon,FALSE,FALSE,America/New_York,3
17960,Butler,Butler,KY,Kentucky,21191,Pendleton,38.7877,-84.372,583,1185,polygon,FALSE,TRUE,America/New_York,3
17961,Pioneer,Pioneer,FL,Florida,12051,Hendry,26.7258,-81.219,582,10,polygon,FALSE,TRUE,America/New_York,3
17962,Big Thicket Lake Estates,Big Thicket Lake Estates,TX,Texas,48291,Liberty,30.4874,-94.7678,582,96,polygon,FALSE,TRUE,America/Chicago,3
17963,Los Ebanos,Los Ebanos,TX,Texas,48427,Starr,26.4114,-98.9185,582,7449,polygon,FALSE,FALSE,America/Chicago,2
17964,Wheatland,Wheatland,PA,Pennsylvania,42085,Mercer,41.197,-80.4956,582,257,polygon,FALSE,TRUE,America/New_York,3
17965,Uvalda,Uvalda,GA,Georgia,13209,Montgomery,32.0371,-82.508,582,118,polygon,FALSE,TRUE,America/New_York,3
17966,West Point,West Point,IN,Indiana,18157,Tippecanoe,40.3412,-87.0432,582,46,polygon,FALSE,TRUE,America/Indiana/Indianapolis,3
17967,Galena,Galena,MD,Maryland,24029,Kent,39.3425,-75.8787,582,623,polygon,FALSE,TRUE,America/New_York,3
17968,Hulbert,Hulbert,OK,Oklahoma,40021,Cherokee,35.9315,-95.1436,582,216,polygon,FALSE,TRUE,America/Chicago,3
17969,Lake Milton,Lake Milton,OH,Ohio,39099,Mahoning,41.096,-80.9812,582,151,polygon,FALSE,FALSE,America/New_York,3
17970,Timber Lakes,Timber Lakes,UT,Utah,49051,Wasatch,40.4733,-111.2533,582,25,polygon,FALSE,FALSE,America/Denver,3
17971,Hot Springs,Hot Springs,MT,Montana,30089,Sanders,47.6091,-114.6702,582,585,polygon,FALSE,TRUE,America/Denver,3
17972,Sanbornville,Sanbornville,NH,New Hampshire,33003,Carroll,43.5524,-71.03,581,141,polygon,FALSE,FALSE,America/New_York,3
17973,Warrior Run,Warrior Run,PA,Pennsylvania,42079,Luzerne,41.1876,-75.9505,581,299,polygon,FALSE,TRUE,America/New_York,3
17974,Nelsonia,Nelsonia,VA,Virginia,51001,Accomack,37.8224,-75.5895,581,128,polygon,FALSE,FALSE,America/New_York,3
17975,Minnetonka Beach,Minnetonka Beach,MN,Minnesota,27053,Hennepin,44.9385,-93.5865,581,479,polygon,FALSE,TRUE,America/Chicago,3
17976,Port Sanilac,Port Sanilac,MI,Michigan,26151,Sanilac,43.4277,-82.5446,581,263,polygon,FALSE,TRUE,America/Detroit,3
17977,White City,White City,KS,Kansas,20127,Morris,38.7938,-96.7349,581,180,polygon,FALSE,TRUE,America/Chicago,3
17978,Florence,Florence,MT,Montana,30081,Ravalli,46.6345,-114.0814,581,292,polygon,FALSE,FALSE,America/Denver,3
17979,South Dayton,South Dayton,NY,New York,36009,Cattaraugus,42.3628,-79.051,580,222,polygon,FALSE,TRUE,America/New_York,3
17980,Copake Lake,Copake Lake,NY,New York,36021,Columbia,42.1416,-73.5903,580,23,polygon,FALSE,FALSE,America/New_York,3
17981,Keithsburg,Keithsburg,IL,Illinois,17131,Mercer,41.1004,-90.9353,580,87,polygon,FALSE,TRUE,America/Chicago,3
17982,Tusayan,Tusayan,AZ,Arizona,4005,Coconino,35.955,-112.1202,580,13,polygon,FALSE,TRUE,America/Phoenix,3
17983,Bernice,Bernice,OK,Oklahoma,40041,Delaware,36.622,-94.9109,580,259,polygon,FALSE,TRUE,America/Chicago,3
17984,Carlisle,Carlisle,OK,Oklahoma,40135,Sequoyah,35.5042,-95.0323,580,8,polygon,FALSE,FALSE,America/Chicago,3
17985,Surfside Beach,Surfside Beach,TX,Texas,48039,Brazoria,28.956,-95.2836,579,140,polygon,FALSE,TRUE,America/Chicago,3
17986,Norwood,Norwood,CO,Colorado,8113,San Miguel,38.129,-108.2917,579,790,polygon,FALSE,TRUE,America/Denver,3
17987,Plainview,Plainview,AR,Arkansas,5149,Yell,34.9899,-93.2979,579,153,polygon,FALSE,TRUE,America/Chicago,3
17988,Pangburn,Pangburn,AR,Arkansas,5145,White,35.4261,-91.8394,579,410,polygon,FALSE,TRUE,America/Chicago,3
17989,Cowden,Cowden,IL,Illinois,17173,Shelby,39.2495,-88.8596,579,556,polygon,FALSE,TRUE,America/Chicago,3
17990,Holiday Hills,Holiday Hills,IL,Illinois,17111,McHenry,42.2976,-88.2294,579,247,polygon,FALSE,TRUE,America/Chicago,3
17991,Campbellsburg,Campbellsburg,IN,Indiana,18175,Washington,38.6514,-86.2613,579,225,polygon,FALSE,TRUE,America/Indiana/Indianapolis,3
17992,Fairland,Fairland,IN,Indiana,18145,Shelby,39.5849,-85.8627,579,195,polygon,FALSE,TRUE,America/Indiana/Indianapolis,3
17993,Ainsworth,Ainsworth,IA,Iowa,19183,Washington,41.29,-91.5545,579,608,polygon,FALSE,TRUE,America/Chicago,3
17994,Clark Fork,Clark Fork,ID,Idaho,16017,Bonner,48.1472,-116.1768,579,226,polygon,FALSE,TRUE,America/Los_Angeles,3
17995,Rudolph,Rudolph,OH,Ohio,39173,Wood,41.2966,-83.6641,579,276,polygon,FALSE,FALSE,America/New_York,3
17996,Clara,Clara,MS,Mississippi,28153,Wayne,31.5831,-88.6916,579,57,polygon,FALSE,FALSE,America/Chicago,3
17997,Colman,Colman,SD,South Dakota,46101,Moody,43.9835,-96.8148,579,118,polygon,FALSE,TRUE,America/Chicago,3
17998,Briny Breezes,Briny Breezes,FL,Florida,12099,Palm Beach,26.509,-80.0543,578,3901,polygon,FALSE,TRUE,America/New_York,2
17999,Center,Center,ND,North Dakota,38065,Oliver,47.1149,-101.2977,578,466,polygon,FALSE,TRUE,America/North_Dakota/Center,3
18000,Chaumont,Chaumont,NY,New York,36045,Jefferson,44.0675,-76.1301,578,226,polygon,FALSE,TRUE,America/New_York,3
18001,Martins Creek,Martins Creek,PA,Pennsylvania,42095,Northampton,40.7816,-75.1912,578,273,polygon,FALSE,FALSE,America/New_York,3
18002,Marion Heights,Marion Heights,PA,Pennsylvania,42097,Northumberland,40.8035,-76.4641,578,1110,polygon,FALSE,TRUE,America/New_York,3
18003,Pickensville,Pickensville,AL,Alabama,1107,Pickens,33.2336,-88.2743,578,28,polygon,FALSE,TRUE,America/Chicago,3
18004,Garfield,Garfield,AR,Arkansas,5007,Benton,36.4554,-93.9757,578,72,polygon,FALSE,TRUE,America/Chicago,3
18005,Moulton,Moulton,IA,Iowa,19007,Appanoose,40.6854,-92.6765,578,221,polygon,FALSE,TRUE,America/Chicago,3
18006,Eminence,Eminence,MO,Missouri,29203,Shannon,37.1509,-91.3586,578,118,polygon,FALSE,TRUE,America/Chicago,3
18007,Hot Springs,Hot Springs,NC,North Carolina,37115,Madison,35.892,-82.8291,577,71,polygon,FALSE,TRUE,America/New_York,3
18008,Doyle,Doyle,TN,Tennessee,47185,White,35.8552,-85.512,577,180,polygon,FALSE,TRUE,America/Chicago,3
18009,Saddle Rock Estates,Saddle Rock Estates,NY,New York,36059,Nassau,40.7939,-73.7414,577,2858,polygon,FALSE,FALSE,America/New_York,2
18010,Holland,Holland,AR,Arkansas,5045,Faulkner,35.166,-92.277,577,33,polygon,FALSE,TRUE,America/Chicago,3
18011,Cartwright,Cartwright,OK,Oklahoma,40013,Bryan,33.8555,-96.561,577,93,polygon,FALSE,FALSE,America/Chicago,3
18012,Glenaire,Glenaire,MO,Missouri,29047,Clay,39.2198,-94.4515,577,820,polygon,FALSE,TRUE,America/Chicago,3
18013,New Auburn,New Auburn,WI,Wisconsin,55017,Chippewa,45.1988,-91.5666,576,65,polygon,FALSE,TRUE,America/Chicago,3
18014,Hometown,Hometown,WV,West Virginia,54079,Putnam,38.5288,-81.8552,576,277,polygon,FALSE,FALSE,America/New_York,3
18015,Palestine,Palestine,AR,Arkansas,5123,St. Francis,34.9689,-90.9062,576,70,polygon,FALSE,TRUE,America/Chicago,3
18016,Holcomb,Holcomb,MO,Missouri,29069,Dunklin,36.4022,-90.0249,576,381,polygon,FALSE,TRUE,America/Chicago,3
18017,Clifton,Clifton,SC,South Carolina,45083,Spartanburg,34.9846,-81.8222,576,207,polygon,FALSE,FALSE,America/New_York,3
18018,Bedford,Bedford,KY,Kentucky,21223,Trimble,38.5957,-85.3175,576,817,polygon,FALSE,TRUE,America/New_York,3
18019,Placedo,Placedo,TX,Texas,48469,Victoria,28.6919,-96.8258,575,397,polygon,FALSE,FALSE,America/Chicago,3
18020,Morganza,Morganza,LA,Louisiana,22077,Pointe Coupee,30.7383,-91.592,575,183,polygon,FALSE,TRUE,America/Chicago,3
18021,Stebbins,Stebbins,AK,Alaska,2180,Nome,63.4706,-162.2597,575,6,polygon,FALSE,TRUE,America/Nome,3
18022,Beaver City,Beaver City,NE,Nebraska,31065,Furnas,40.1383,-99.8276,575,224,polygon,FALSE,TRUE,America/Chicago,3
18023,La Crosse,La Crosse,VA,Virginia,51117,Mecklenburg,36.7014,-78.0939,575,189,polygon,FALSE,TRUE,America/New_York,3
18024,Mulberry Grove,Mulberry Grove,IL,Illinois,17005,Bond,38.9245,-89.2662,575,221,polygon,FALSE,TRUE,America/Chicago,3
18025,Newton,Newton,GA,Georgia,13007,Baker,31.3172,-84.3376,575,76,polygon,FALSE,TRUE,America/New_York,3
18026,Fonda,Fonda,IA,Iowa,19151,Pocahontas,42.5816,-94.8457,575,212,polygon,FALSE,TRUE,America/Chicago,3
18027,Brookside,Brookside,OH,Ohio,39013,Belmont,40.0708,-80.7606,575,1282,polygon,FALSE,TRUE,America/New_York,3
18028,Loa,Loa,UT,Utah,49055,Wayne,38.4038,-111.6451,575,233,polygon,FALSE,TRUE,America/Denver,3
18029,Hungry Horse,Hungry Horse,MT,Montana,30029,Flathead,48.3843,-114.0652,575,154,polygon,FALSE,FALSE,America/Denver,3
18030,Corsica,Corsica,SD,South Dakota,46043,Douglas,43.4223,-98.4073,575,265,polygon,FALSE,TRUE,America/Chicago,3
18031,Pineville,Pineville,WV,West Virginia,54109,Wyoming,37.5846,-81.5355,574,288,polygon,FALSE,TRUE,America/New_York,3
18032,Carlsbad,Carlsbad,TX,Texas,48451,Tom Green,31.6113,-100.6407,574,142,polygon,FALSE,FALSE,America/Chicago,3
18033,Kasigluk,Kasigluk,AK,Alaska,2050,Bethel,60.8785,-162.5272,574,18,polygon,FALSE,FALSE,America/Nome,3
18034,Dorchester,Dorchester,NE,Nebraska,31151,Saline,40.6475,-97.1149,574,465,polygon,FALSE,TRUE,America/Chicago,3
18035,Lovingston,Lovingston,VA,Virginia,51125,Nelson,37.7605,-78.8689,574,54,polygon,FALSE,FALSE,America/New_York,3
18036,Grannis,Grannis,AR,Arkansas,5113,Polk,34.2398,-94.322,574,27,polygon,FALSE,TRUE,America/Chicago,3
18037,Cotton Plant,Cotton Plant,AR,Arkansas,5147,Woodruff,35.0059,-91.252,574,213,polygon,FALSE,TRUE,America/Chicago,3
18038,Richland,Richland,IA,Iowa,19107,Keokuk,41.1856,-91.996,574,288,polygon,FALSE,TRUE,America/Chicago,3
18039,Tees Toh,Tees Toh,AZ,Arizona,4017,Navajo,35.4849,-110.3989,574,13,polygon,FALSE,FALSE,America/Denver,3
18040,Fairfax,Fairfax,MO,Missouri,29005,Atchison,40.3392,-95.3921,574,476,polygon,FALSE,TRUE,America/Chicago,3
18041,Wellington,Wellington,KY,Kentucky,21111,Jefferson,38.2168,-85.6702,574,2430,polygon,FALSE,TRUE,America/New_York,2
18042,White River,White River,SD,South Dakota,46095,Mellette,43.5671,-100.7448,574,425,polygon,FALSE,TRUE,America/Chicago,3
18043,Annetta South,Annetta South,TX,Texas,48367,Parker,32.6742,-97.6481,573,115,polygon,FALSE,TRUE,America/Chicago,3
18044,Newcastle,Newcastle,TX,Texas,48503,Young,33.1951,-98.7436,573,123,polygon,FALSE,TRUE,America/Chicago,3
18045,Egan,Egan,LA,Louisiana,22001,Acadia,30.246,-92.5136,573,45,polygon,FALSE,FALSE,America/Chicago,3
18046,Jamestown,Jamestown,PA,Pennsylvania,42085,Mercer,41.4843,-80.437,573,265,polygon,FALSE,TRUE,America/New_York,3
18047,Emlenton,Emlenton,PA,Pennsylvania,42121,Venango,41.1806,-79.7073,573,380,polygon,FALSE,TRUE,America/New_York,3
18048,Sugar Grove,Sugar Grove,PA,Pennsylvania,42123,Warren,41.9837,-79.3395,573,197,polygon,FALSE,TRUE,America/New_York,3
18049,Bobtown,Bobtown,PA,Pennsylvania,42059,Greene,39.7603,-79.9848,573,359,polygon,FALSE,FALSE,America/New_York,3
18050,Magnet Cove,Magnet Cove,AR,Arkansas,5059,Hot Spring,34.4492,-92.8379,573,107,polygon,FALSE,FALSE,America/Chicago,3
18051,Fountain Lake,Fountain Lake,AR,Arkansas,5051,Garland,34.6121,-92.9233,573,45,polygon,FALSE,TRUE,America/Chicago,3
18052,North Troy,North Troy,VT,Vermont,50019,Orleans,44.9963,-72.4038,573,118,polygon,FALSE,TRUE,America/New_York,3
18053,Spanish Valley,Spanish Valley,UT,Utah,49037,San Juan,38.4743,-109.421,573,15,polygon,FALSE,FALSE,America/Denver,3
18054,Cathlamet,Cathlamet,WA,Washington,53069,Wahkiakum,46.2055,-123.3835,572,440,polygon,FALSE,TRUE,America/Los_Angeles,3
18055,Rowlesburg,Rowlesburg,WV,West Virginia,54077,Preston,39.3482,-79.6764,572,218,polygon,FALSE,TRUE,America/New_York,3
18056,Hepzibah,Hepzibah,WV,West Virginia,54033,Harrison,39.3309,-80.3341,572,239,polygon,FALSE,FALSE,America/New_York,3
18057,Hoffman,Hoffman,NC,North Carolina,37153,Richmond,35.0313,-79.5491,572,64,polygon,FALSE,TRUE,America/New_York,3
18058,Jarratt,Jarratt,VA,Virginia,51081,Greensville,36.816,-77.4689,572,175,polygon,FALSE,TRUE,America/New_York,3
18059,Andover,Andover,IL,Illinois,17073,Henry,41.2949,-90.2907,572,222,polygon,FALSE,TRUE,America/Chicago,3
18060,Stanfield,Stanfield,AZ,Arizona,4021,Pinal,32.8794,-111.9636,572,56,polygon,FALSE,FALSE,America/Phoenix,3
18061,La Mesa,La Mesa,NM,New Mexico,35013,Doña Ana,32.1244,-106.709,571,92,polygon,FALSE,FALSE,America/Denver,3
18062,Heilwood,Heilwood,PA,Pennsylvania,42063,Indiana,40.6322,-78.8931,571,58,polygon,FALSE,FALSE,America/New_York,3
18063,Sandy Level,Sandy Level,VA,Virginia,51089,Henry,36.5645,-79.7276,571,32,polygon,FALSE,FALSE,America/New_York,3
18064,West Point,West Point,CA,California,6009,Calaveras,38.4043,-120.5374,571,59,polygon,FALSE,FALSE,America/Los_Angeles,3
18065,Collins,Collins,GA,Georgia,13267,Tattnall,32.1793,-82.1103,571,216,polygon,FALSE,TRUE,America/New_York,3
18066,Smithton,Smithton,MO,Missouri,29159,Pettis,38.6812,-93.093,571,732,polygon,FALSE,TRUE,America/Chicago,3
18067,White Earth,White Earth,MN,Minnesota,27005,Becker,47.0977,-95.8445,571,64,polygon,FALSE,FALSE,America/Chicago,3
18068,Heart Butte,Heart Butte,MT,Montana,30073,Pondera,48.2905,-112.8363,571,48,polygon,FALSE,FALSE,America/Denver,3
18069,Garza-Salinas II,Garza-Salinas II,TX,Texas,48427,Starr,26.3519,-98.7595,570,2775,polygon,FALSE,TRUE,America/Chicago,2
18070,Smiley,Smiley,TX,Texas,48177,Gonzales,29.2713,-97.6376,570,422,polygon,FALSE,TRUE,America/Chicago,3
18071,Pittman Center,Pittman Center,TN,Tennessee,47155,Sevier,35.7595,-83.3886,570,36,polygon,FALSE,TRUE,America/New_York,3
18072,Nelliston,Nelliston,NY,New York,36057,Montgomery,42.9318,-74.6099,570,199,polygon,FALSE,TRUE,America/New_York,3
18073,Sutersville,Sutersville,PA,Pennsylvania,42129,Westmoreland,40.2361,-79.8015,570,809,polygon,FALSE,TRUE,America/New_York,3
18074,Cowan,Cowan,CA,California,6099,Stanislaus,37.5601,-120.9888,570,1561,polygon,FALSE,TRUE,America/Los_Angeles,3
18075,Dana,Dana,IN,Indiana,18165,Vermillion,39.8072,-87.4945,570,753,polygon,FALSE,TRUE,America/Indiana/Indianapolis,3
18076,Central Valley,Central Valley,UT,Utah,49041,Sevier,38.6992,-112.0967,570,104,polygon,FALSE,TRUE,America/Denver,3
18077,Verndale,Verndale,MN,Minnesota,27159,Wadena,46.3971,-95.0112,570,224,polygon,FALSE,TRUE,America/Chicago,3
18078,Brooks,Brooks,OR,Oregon,41047,Marion,45.0509,-122.9575,570,426,polygon,FALSE,FALSE,America/Los_Angeles,3
18079,Carolina,Carolina,WV,West Virginia,54049,Marion,39.4795,-80.2728,569,264,polygon,FALSE,FALSE,America/New_York,3
18080,Paukaa,Paukaa,HI,Hawaii,15001,Hawaii,19.7625,-155.0948,569,516,polygon,FALSE,FALSE,Pacific/Honolulu,3
18081,La Barge,La Barge,WY,Wyoming,56023,Lincoln,42.2605,-110.1971,569,226,polygon,FALSE,TRUE,America/Denver,3
18082,El Rancho Vela,El Rancho Vela,TX,Texas,48427,Starr,26.4038,-98.7691,569,1700,polygon,FALSE,TRUE,America/Chicago,3
18083,Pleasant Valley,Pleasant Valley,AK,Alaska,2090,Fairbanks North Star,64.8855,-146.8986,569,7,polygon,FALSE,FALSE,America/Anchorage,3
18084,Cooper Landing,Cooper Landing,AK,Alaska,2122,Kenai Peninsula,60.4945,-149.841,569,3,polygon,FALSE,FALSE,America/Anchorage,3
18085,East Nassau,East Nassau,NY,New York,36083,Rensselaer,42.533,-73.5085,569,45,polygon,FALSE,TRUE,America/New_York,3
18086,Hunterstown,Hunterstown,PA,Pennsylvania,42001,Adams,39.8826,-77.1569,569,127,polygon,FALSE,FALSE,America/New_York,3
18087,Sand Rock,Sand Rock,AL,Alabama,1019,Cherokee,34.2308,-85.7712,569,53,polygon,FALSE,TRUE,America/Chicago,3
18088,North City,North City,IL,Illinois,17055,Franklin,37.9918,-89.0636,569,101,polygon,FALSE,TRUE,America/Chicago,3
18089,East Ellijay,East Ellijay,GA,Georgia,13123,Gilmer,34.6759,-84.4761,569,64,polygon,FALSE,TRUE,America/New_York,3
18090,Dansville,Dansville,MI,Michigan,26065,Ingham,42.5558,-84.303,569,218,polygon,FALSE,TRUE,America/Detroit,3
18091,Hartley,Hartley,TX,Texas,48205,Hartley,35.8914,-102.3934,568,31,polygon,FALSE,FALSE,America/Chicago,3
18092,Annetta North,Annetta North,TX,Texas,48367,Parker,32.7193,-97.6723,568,58,polygon,FALSE,TRUE,America/Chicago,3
18093,St. Mary's,St. Mary's,AK,Alaska,2158,Kusilvak,62.0718,-163.2805,568,4,polygon,FALSE,TRUE,America/Nome,3
18094,Arnold,Arnold,NE,Nebraska,31041,Custer,41.4232,-100.1936,568,327,polygon,FALSE,TRUE,America/Chicago,3
18095,Petersburg,Petersburg,TN,Tennessee,47103,Lincoln,35.3173,-86.6407,568,217,polygon,FALSE,TRUE,America/Chicago,3
18096,Bowmans Addition,Bowmans Addition,MD,Maryland,24001,Allegany,39.6876,-78.7541,568,222,polygon,FALSE,FALSE,America/New_York,3
18097,Corning,Corning,OH,Ohio,39127,Perry,39.6016,-82.0876,568,508,polygon,FALSE,TRUE,America/New_York,3
18098,Ponce de Leon,Ponce de Leon,FL,Florida,12059,Holmes,30.7234,-85.9374,567,44,polygon,FALSE,TRUE,America/Chicago,3
18099,Arroyo Colorado Estates,Arroyo Colorado Estates,TX,Texas,48061,Cameron,26.1864,-97.6113,567,202,polygon,FALSE,TRUE,America/Chicago,3
18100,Wilson,Wilson,LA,Louisiana,22037,East Feliciana,30.9236,-91.109,567,80,polygon,FALSE,TRUE,America/Chicago,3
18101,Akiachak,Akiachak,AK,Alaska,2050,Bethel,60.9209,-161.402,567,31,polygon,FALSE,FALSE,America/Anchorage,3
18102,Stem,Stem,NC,North Carolina,37077,Granville,36.1963,-78.7201,567,144,polygon,FALSE,TRUE,America/New_York,3
18103,Mead,Mead,NE,Nebraska,31155,Saunders,41.2136,-96.4824,567,359,polygon,FALSE,TRUE,America/Chicago,3
18104,Overton,Overton,NE,Nebraska,31047,Dawson,40.7406,-99.5374,567,405,polygon,FALSE,TRUE,America/Chicago,3
18105,Millsboro,Millsboro,PA,Pennsylvania,42125,Washington,39.9902,-80.0022,567,277,polygon,FALSE,FALSE,America/New_York,3
18106,Lewis Run,Lewis Run,PA,Pennsylvania,42083,McKean,41.8694,-78.66,567,125,polygon,FALSE,TRUE,America/New_York,3
18107,Hot Springs,Hot Springs,VA,Virginia,51017,Bath,38.0013,-79.8239,567,39,polygon,FALSE,FALSE,America/New_York,3
18108,West Goshen,West Goshen,CA,California,6107,Tulare,36.349,-119.4516,567,185,polygon,FALSE,TRUE,America/Los_Angeles,3
18109,Taylor,Taylor,AR,Arkansas,5027,Columbia,33.0998,-93.4618,567,220,polygon,FALSE,TRUE,America/Chicago,3
18110,Sharpsville,Sharpsville,IN,Indiana,18159,Tipton,40.3797,-86.0869,567,950,polygon,FALSE,TRUE,America/Indiana/Indianapolis,3
18111,Harveysburg,Harveysburg,OH,Ohio,39165,Warren,39.5022,-83.9984,567,220,polygon,FALSE,TRUE,America/New_York,3
18112,Buchtel,Buchtel,OH,Ohio,39009,Athens,39.4634,-82.181,567,450,polygon,FALSE,TRUE,America/New_York,3
18113,Humboldt,Humboldt,SD,South Dakota,46099,Minnehaha,43.6447,-97.0742,567,353,polygon,FALSE,TRUE,America/Chicago,3
18114,Tuntutuliak,Tuntutuliak,AK,Alaska,2050,Bethel,60.3843,-162.6838,566,1,polygon,FALSE,FALSE,America/Nome,3
18115,Fox,Fox,AK,Alaska,2090,Fairbanks North Star,64.9749,-147.609,566,16,polygon,FALSE,FALSE,America/Anchorage,3
18116,Freeburg,Freeburg,PA,Pennsylvania,42109,Snyder,40.7626,-76.9409,566,685,polygon,FALSE,TRUE,America/New_York,3
18117,Fulton,Fulton,CA,California,6097,Sonoma,38.4937,-122.7734,566,112,polygon,FALSE,FALSE,America/Los_Angeles,3
18118,Hickman,Hickman,CA,California,6099,Stanislaus,37.6228,-120.7532,566,281,polygon,FALSE,FALSE,America/Los_Angeles,3
18119,Carroll,Carroll,OH,Ohio,39045,Fairfield,39.8027,-82.7063,566,347,polygon,FALSE,TRUE,America/New_York,3
18120,St. Francis,St. Francis,SD,South Dakota,46121,Todd,43.1426,-100.9028,566,603,polygon,FALSE,TRUE,America/Chicago,3
18121,Newton Grove,Newton Grove,NC,North Carolina,37163,Sampson,35.2522,-78.3552,565,70,polygon,FALSE,TRUE,America/New_York,3
18122,Palmyra,Palmyra,NE,Nebraska,31131,Otoe,40.7057,-96.392,565,641,polygon,FALSE,TRUE,America/Chicago,3
18123,Medaryville,Medaryville,IN,Indiana,18131,Pulaski,41.0803,-86.8905,565,475,polygon,FALSE,TRUE,America/Indiana/Winamac,3
18124,Lanesville,Lanesville,IN,Indiana,18061,Harrison,38.2352,-85.9867,565,491,polygon,FALSE,TRUE,America/Kentucky/Louisville,3
18125,Stoutsville,Stoutsville,OH,Ohio,39045,Fairfield,39.6049,-82.8235,565,188,polygon,FALSE,TRUE,America/New_York,3
18126,Port Washington,Port Washington,OH,Ohio,39157,Tuscarawas,40.3268,-81.5191,565,424,polygon,FALSE,TRUE,America/New_York,3
18127,Riverlea,Riverlea,OH,Ohio,39049,Franklin,40.0805,-83.0254,565,1446,polygon,FALSE,TRUE,America/New_York,3
18128,Meyers Lake,Meyers Lake,OH,Ohio,39151,Stark,40.8159,-81.4165,565,997,polygon,FALSE,TRUE,America/New_York,3
18129,Good Thunder,Good Thunder,MN,Minnesota,27013,Blue Earth,44.0067,-94.0703,565,348,polygon,FALSE,TRUE,America/Chicago,3
18130,Vanderbilt,Vanderbilt,MI,Michigan,26137,Otsego,45.1435,-84.6639,565,200,polygon,FALSE,TRUE,America/Detroit,3
18131,Coulee City,Coulee City,WA,Washington,53025,Grant,47.6122,-119.2895,564,235,polygon,FALSE,TRUE,America/Los_Angeles,3
18132,Gresham,Gresham,WI,Wisconsin,55115,Shawano,44.8478,-88.7856,564,190,polygon,FALSE,TRUE,America/Chicago,3
18133,Loraine,Loraine,TX,Texas,48335,Mitchell,32.4087,-100.7125,564,209,polygon,FALSE,TRUE,America/Chicago,3
18134,Grey Forest,Grey Forest,TX,Texas,48029,Bexar,29.6169,-98.6833,564,303,polygon,FALSE,TRUE,America/Chicago,3
18135,Ocracoke,Ocracoke,NC,North Carolina,37095,Hyde,35.1264,-75.9212,564,25,polygon,FALSE,FALSE,America/New_York,3
18136,Howells,Howells,NE,Nebraska,31037,Colfax,41.7241,-97.0043,564,377,polygon,FALSE,TRUE,America/Chicago,3
18137,Richfield,Richfield,PA,Pennsylvania,42067,Juniata,40.6868,-77.114,564,187,polygon,FALSE,FALSE,America/New_York,3
18138,Johnson Village,Johnson Village,CO,Colorado,8015,Chaffee,38.812,-106.1071,564,728,polygon,FALSE,FALSE,America/Denver,3
18139,Bonanza,Bonanza,AR,Arkansas,5131,Sebastian,35.2335,-94.4168,564,77,polygon,FALSE,TRUE,America/Chicago,3
18140,Grand Tower,Grand Tower,IL,Illinois,17077,Jackson,37.6343,-89.5013,564,174,polygon,FALSE,TRUE,America/Chicago,3
18141,Arabi,Arabi,GA,Georgia,13081,Crisp,31.8282,-83.7302,564,34,polygon,FALSE,TRUE,America/New_York,3
18142,Coatesville,Coatesville,IN,Indiana,18063,Hendricks,39.6881,-86.6698,564,333,polygon,FALSE,TRUE,America/Indiana/Indianapolis,3
18143,Quasqueton,Quasqueton,IA,Iowa,19019,Buchanan,42.3945,-91.7578,564,193,polygon,FALSE,TRUE,America/Chicago,3
18144,Belt,Belt,MT,Montana,30013,Cascade,47.3873,-110.9276,564,644,polygon,FALSE,TRUE,America/Denver,3
18145,East Cathlamet,East Cathlamet,WA,Washington,53069,Wahkiakum,46.1968,-123.358,563,127,polygon,FALSE,FALSE,America/Los_Angeles,3
18146,Lind,Lind,WA,Washington,53001,Adams,46.9703,-118.6164,563,196,polygon,FALSE,TRUE,America/Los_Angeles,3
18147,Allison,Allison,PA,Pennsylvania,42051,Fayette,39.9853,-79.8732,563,325,polygon,FALSE,FALSE,America/New_York,3
18148,Madison,Madison,CA,California,6113,Yolo,38.675,-121.9702,563,140,polygon,FALSE,FALSE,America/Los_Angeles,3
18149,Sidell,Sidell,IL,Illinois,17183,Vermilion,39.9097,-87.8236,563,234,polygon,FALSE,TRUE,America/Chicago,3
18150,Icehouse Canyon,Icehouse Canyon,AZ,Arizona,4007,Gila,33.3553,-110.7965,563,44,polygon,FALSE,TRUE,America/Phoenix,3
18151,Britton,Britton,MI,Michigan,26091,Lenawee,41.9877,-83.8304,563,274,polygon,FALSE,TRUE,America/Detroit,3
18152,Metamora,Metamora,MI,Michigan,26087,Lapeer,42.9422,-83.2897,563,261,polygon,FALSE,TRUE,America/Detroit,3
18153,Shedd,Shedd,OR,Oregon,41043,Linn,44.4579,-123.1119,563,144,polygon,FALSE,FALSE,America/Los_Angeles,3
18154,Bailey,Bailey,NC,North Carolina,37127,Nash,35.7807,-78.1128,562,309,polygon,FALSE,TRUE,America/New_York,3
18155,Boys Town,Boys Town,NE,Nebraska,31055,Douglas,41.256,-96.1336,562,165,polygon,FALSE,TRUE,America/Chicago,3
18156,Titusville,Titusville,NY,New York,36027,Dutchess,41.6663,-73.8633,562,314,polygon,FALSE,FALSE,America/New_York,3
18157,Oakland,Oakland,PA,Pennsylvania,42115,Susquehanna,41.9506,-75.6095,562,486,polygon,FALSE,TRUE,America/New_York,3
18158,Calpella,Calpella,CA,California,6045,Mendocino,39.2322,-123.197,562,85,polygon,FALSE,FALSE,America/Los_Angeles,3
18159,Dexter,Dexter,GA,Georgia,13175,Laurens,32.4331,-83.0595,562,282,polygon,FALSE,TRUE,America/New_York,3
18160,Pendergrass,Pendergrass,GA,Georgia,13157,Jackson,34.1646,-83.6827,562,71,polygon,FALSE,TRUE,America/New_York,3
18161,Collegeville,Collegeville,IN,Indiana,18073,Jasper,40.9058,-87.1612,562,194,polygon,FALSE,FALSE,America/Chicago,3
18162,Middle Point,Middle Point,OH,Ohio,39161,Van Wert,40.8559,-84.4463,562,387,polygon,FALSE,TRUE,America/New_York,3
18163,Cook,Cook,MN,Minnesota,27137,St. Louis,47.8414,-92.6888,562,83,polygon,FALSE,TRUE,America/Chicago,3
18164,Big Sandy,Big Sandy,MT,Montana,30015,Chouteau,48.1785,-110.1134,562,455,polygon,FALSE,TRUE,America/Denver,3
18165,Paradise,Paradise,TX,Texas,48497,Wise,33.1504,-97.6887,561,107,polygon,FALSE,TRUE,America/Chicago,3
18166,Richardton,Richardton,ND,North Dakota,38089,Stark,46.8841,-102.3332,561,158,polygon,FALSE,TRUE,America/Denver,3
18167,Dudley,Dudley,GA,Georgia,13175,Laurens,32.5321,-83.0805,561,63,polygon,FALSE,TRUE,America/New_York,3
18168,West Baden Springs,West Baden Springs,IN,Indiana,18117,Orange,38.5675,-86.612,561,198,polygon,FALSE,TRUE,America/Indiana/Indianapolis,3
18169,Anthon,Anthon,IA,Iowa,19193,Woodbury,42.3881,-95.8657,561,306,polygon,FALSE,TRUE,America/Chicago,3
18170,Washington Grove,Washington Grove,MD,Maryland,24031,Montgomery,39.1406,-77.1746,561,648,polygon,FALSE,TRUE,America/New_York,3
18171,Mulliken,Mulliken,MI,Michigan,26045,Eaton,42.763,-84.8963,561,207,polygon,FALSE,TRUE,America/Detroit,3
18172,Quonochontaug,Quonochontaug,RI,Rhode Island,44009,Washington,41.3447,-71.7059,560,160,polygon,FALSE,FALSE,America/New_York,3
18173,Helen,Helen,GA,Georgia,13311,White,34.7044,-83.7201,560,99,polygon,FALSE,TRUE,America/New_York,3
18174,Norway,Norway,IN,Indiana,18181,White,40.7797,-86.7719,560,241,polygon,FALSE,FALSE,America/Indiana/Indianapolis,3
18175,Fort Duchesne,Fort Duchesne,UT,Utah,49047,Uintah,40.2811,-109.877,560,30,polygon,FALSE,FALSE,America/Denver,3
18176,Graceville,Graceville,MN,Minnesota,27011,Big Stone,45.5686,-96.4372,560,373,polygon,FALSE,TRUE,America/Chicago,3
18177,Waubay,Waubay,SD,South Dakota,46037,Day,45.3345,-97.3055,560,148,polygon,FALSE,TRUE,America/Chicago,3
18178,South Cle Elum,South Cle Elum,WA,Washington,53037,Kittitas,47.1862,-120.9526,559,538,polygon,FALSE,TRUE,America/Los_Angeles,3
18179,St. John,St. John,WA,Washington,53075,Whitman,47.0915,-117.5887,559,321,polygon,FALSE,TRUE,America/Los_Angeles,3
18180,Cove,Cove,TX,Texas,48071,Chambers,29.8122,-94.8201,559,177,polygon,FALSE,TRUE,America/Chicago,3
18181,Wickett,Wickett,TX,Texas,48475,Ward,31.5673,-103.0059,559,306,polygon,FALSE,TRUE,America/Chicago,3
18182,Sorrel,Sorrel,LA,Louisiana,22101,St. Mary,29.8879,-91.6226,559,101,polygon,FALSE,FALSE,America/Chicago,3
18183,Culbertson,Culbertson,NE,Nebraska,31087,Hitchcock,40.2284,-100.8351,559,257,polygon,FALSE,TRUE,America/Chicago,3
18184,Wausa,Wausa,NE,Nebraska,31107,Knox,42.4979,-97.5393,559,411,polygon,FALSE,TRUE,America/Chicago,3
18185,Andersonville,Andersonville,TN,Tennessee,47001,Anderson,36.197,-84.033,559,133,polygon,FALSE,FALSE,America/New_York,3
18186,Avery,Avery,CA,California,6009,Calaveras,38.1939,-120.379,559,47,polygon,FALSE,FALSE,America/Los_Angeles,3
18187,North Gate,North Gate,CA,California,6013,Contra Costa,37.9062,-121.9981,559,328,polygon,FALSE,TRUE,America/Los_Angeles,3
18188,Brooks,Brooks,GA,Georgia,13113,Fayette,33.2925,-84.4588,559,50,polygon,FALSE,TRUE,America/New_York,3
18189,Leary,Leary,GA,Georgia,13037,Calhoun,31.4847,-84.5133,559,67,polygon,FALSE,TRUE,America/New_York,3
18190,Matthews,Matthews,IN,Indiana,18053,Grant,40.3875,-85.4977,559,612,polygon,FALSE,TRUE,America/Indiana/Indianapolis,3
18191,Arcadia,Arcadia,MO,Missouri,29093,Iron,37.5864,-90.6293,559,261,polygon,FALSE,TRUE,America/Chicago,3
18192,Lewistown Heights,Lewistown Heights,MT,Montana,30027,Fergus,47.0784,-109.4736,559,91,polygon,FALSE,FALSE,America/Denver,3
18193,Ravenna,Ravenna,KY,Kentucky,21065,Estill,37.6871,-83.9502,559,690,polygon,FALSE,TRUE,America/New_York,3
18194,Park City,Park City,KY,Kentucky,21009,Barren,37.0934,-86.0486,559,147,polygon,FALSE,TRUE,America/Chicago,3
18195,Rosalia,Rosalia,WA,Washington,53075,Whitman,47.2363,-117.3764,558,342,polygon,FALSE,TRUE,America/Los_Angeles,3
18196,Lincoln Park,Lincoln Park,TX,Texas,48121,Denton,33.224,-96.9727,558,1323,polygon,FALSE,FALSE,America/Chicago,3
18197,Deport,Deport,TX,Texas,48277,Lamar,33.5291,-95.3174,558,193,polygon,FALSE,TRUE,America/Chicago,3
18198,Rote,Rote,PA,Pennsylvania,42035,Clinton,41.0781,-77.4114,558,198,polygon,FALSE,FALSE,America/New_York,3
18199,Subiaco,Subiaco,AR,Arkansas,5083,Logan,35.2982,-93.6385,558,113,polygon,FALSE,TRUE,America/Chicago,3
18200,Prairie du Rocher,Prairie du Rocher,IL,Illinois,17157,Randolph,38.0817,-90.0976,558,377,polygon,FALSE,TRUE,America/Chicago,3
18201,Westfield,Westfield,IL,Illinois,17023,Clark,39.4555,-87.9963,558,220,polygon,FALSE,TRUE,America/Chicago,3
18202,Melba,Melba,ID,Idaho,16027,Canyon,43.3726,-116.5322,558,538,polygon,FALSE,TRUE,America/Boise,3
18203,Galesville,Galesville,MD,Maryland,24003,Anne Arundel,38.8379,-76.5514,558,166,polygon,FALSE,FALSE,America/New_York,3
18204,Fairplay,Fairplay,MD,Maryland,24043,Washington,39.5357,-77.7463,558,178,polygon,FALSE,FALSE,America/New_York,3
18205,Akins,Akins,OK,Oklahoma,40135,Sequoyah,35.5043,-94.67,558,15,polygon,FALSE,FALSE,America/Chicago,3
18206,Amalga,Amalga,UT,Utah,49005,Cache,41.8565,-111.8974,558,61,polygon,FALSE,TRUE,America/Denver,3
18207,Green Isle,Green Isle,MN,Minnesota,27143,Sibley,44.6804,-94.0052,558,212,polygon,FALSE,TRUE,America/Chicago,3
18208,Sabin,Sabin,MN,Minnesota,27027,Clay,46.7814,-96.6542,558,468,polygon,FALSE,TRUE,America/Chicago,3
18209,Polonia,Polonia,WI,Wisconsin,55097,Portage,44.5756,-89.4118,557,64,polygon,FALSE,FALSE,America/Chicago,3
18210,Switzer,Switzer,WV,West Virginia,54045,Logan,37.7879,-81.9865,557,91,polygon,FALSE,FALSE,America/New_York,3
18211,Robinette,Robinette,WV,West Virginia,54045,Logan,37.7856,-81.788,557,71,polygon,FALSE,FALSE,America/New_York,3
18212,Hawk Cove,Hawk Cove,TX,Texas,48231,Hunt,32.8839,-96.0833,557,584,polygon,FALSE,TRUE,America/Chicago,3
18213,Buffalo Gap,Buffalo Gap,TX,Texas,48441,Taylor,32.2833,-99.8342,557,88,polygon,FALSE,TRUE,America/Chicago,3
18214,Moscow,Moscow,TN,Tennessee,47047,Fayette,35.0611,-89.3893,557,168,polygon,FALSE,TRUE,America/Chicago,3
18215,Sand Ridge,Sand Ridge,NY,New York,36075,Oswego,43.2559,-76.2317,557,89,polygon,FALSE,FALSE,America/New_York,3
18216,Wall,Wall,PA,Pennsylvania,42003,Allegheny,40.3916,-79.786,557,491,polygon,FALSE,TRUE,America/New_York,3
18217,Carlock,Carlock,IL,Illinois,17113,McLean,40.5835,-89.1287,557,544,polygon,FALSE,TRUE,America/Chicago,3
18218,Hammon,Hammon,OK,Oklahoma,40129,Roger Mills,35.6323,-99.3832,557,296,polygon,FALSE,TRUE,America/Chicago,3
18219,Caledonia,Caledonia,OH,Ohio,39101,Marion,40.6363,-82.9694,557,929,polygon,FALSE,TRUE,America/New_York,3
18220,Hide-A-Way Hills,Hide-A-Way Hills,OH,Ohio,39073,Hocking,39.6551,-82.466,557,82,polygon,FALSE,FALSE,America/New_York,3
18221,Rawson,Rawson,OH,Ohio,39063,Hancock,40.9569,-83.785,557,543,polygon,FALSE,TRUE,America/New_York,3
18222,South Boardman,South Boardman,MI,Michigan,26079,Kalkaska,44.64,-85.2864,557,65,polygon,FALSE,FALSE,America/Detroit,3
18223,Attica,Attica,KS,Kansas,20077,Harper,37.2426,-98.2276,557,339,polygon,FALSE,TRUE,America/Chicago,3
18224,Pryor,Pryor,MT,Montana,30003,Big Horn,45.4125,-108.5291,557,5,polygon,FALSE,FALSE,America/Denver,3
18225,Kilmichael,Kilmichael,MS,Mississippi,28097,Montgomery,33.4404,-89.5674,557,77,polygon,FALSE,TRUE,America/Chicago,3
18226,Olanta,Olanta,SC,South Carolina,45041,Florence,33.9357,-79.932,557,216,polygon,FALSE,TRUE,America/New_York,3
18227,Star Prairie,Star Prairie,WI,Wisconsin,55109,St. Croix,45.1975,-92.5321,556,100,polygon,FALSE,TRUE,America/Chicago,3
18228,Pratt,Pratt,WV,West Virginia,54039,Kanawha,38.2082,-81.3868,556,749,polygon,FALSE,TRUE,America/New_York,3
18229,Auburn,Auburn,WY,Wyoming,56023,Lincoln,42.7943,-111.0135,556,99,polygon,FALSE,FALSE,America/Denver,3
18230,San Perlita,San Perlita,TX,Texas,48489,Willacy,26.501,-97.6398,556,413,polygon,FALSE,TRUE,America/Chicago,3
18231,Edgeley,Edgeley,ND,North Dakota,38045,LaMoure,46.3625,-98.7126,556,287,polygon,FALSE,TRUE,America/Chicago,3
18232,Wauneta,Wauneta,NE,Nebraska,31029,Chase,40.4164,-101.3766,556,221,polygon,FALSE,TRUE,America/Denver,3
18233,Pleasant Hill,Pleasant Hill,TN,Tennessee,47035,Cumberland,35.9767,-85.1996,556,131,polygon,FALSE,TRUE,America/Chicago,3
18234,Evans Mills,Evans Mills,NY,New York,36045,Jefferson,44.087,-75.8078,556,262,polygon,FALSE,TRUE,America/New_York,3
18235,Smock,Smock,PA,Pennsylvania,42051,Fayette,39.9997,-79.7775,556,137,polygon,FALSE,FALSE,America/New_York,3
18236,Dushore,Dushore,PA,Pennsylvania,42113,Sullivan,41.5249,-76.3988,556,272,polygon,FALSE,TRUE,America/New_York,3
18237,Stinson Beach,Stinson Beach,CA,California,6041,Marin,37.9051,-122.6456,556,149,polygon,FALSE,FALSE,America/Los_Angeles,3
18238,Grimes,Grimes,AL,Alabama,1045,Dale,31.2999,-85.4502,556,171,polygon,FALSE,TRUE,America/Chicago,3
18239,Hartman,Hartman,AR,Arkansas,5071,Johnson,35.4353,-93.6235,556,135,polygon,FALSE,TRUE,America/Chicago,3
18240,Crescent City,Crescent City,IL,Illinois,17075,Iroquois,40.7717,-87.8564,556,471,polygon,FALSE,TRUE,America/Chicago,3
18241,Leeton,Leeton,MO,Missouri,29101,Johnson,38.5833,-93.6952,556,422,polygon,FALSE,TRUE,America/Chicago,3
18242,Ranier,Ranier,MN,Minnesota,27071,Koochiching,48.6066,-93.353,556,200,polygon,FALSE,TRUE,America/Winnipeg,3
18243,Ironton,Ironton,MN,Minnesota,27035,Crow Wing,46.4817,-93.9977,556,148,polygon,FALSE,TRUE,America/Chicago,3
18244,Terry,Terry,MT,Montana,30079,Prairie,46.7923,-105.3125,556,274,polygon,FALSE,TRUE,America/Denver,3
18245,State Line,State Line,MS,Mississippi,28041,Greene,31.436,-88.4738,556,50,polygon,FALSE,TRUE,America/Chicago,3
18246,Bluffview,Bluffview,WI,Wisconsin,55111,Sauk,43.3641,-89.773,555,556,polygon,FALSE,FALSE,America/Chicago,3
18247,Ontario,Ontario,WI,Wisconsin,55123,Vernon,43.7222,-90.5941,555,213,polygon,FALSE,TRUE,America/Chicago,3
18248,Waterproof,Waterproof,LA,Louisiana,22107,Tensas,31.8072,-91.3861,555,307,polygon,FALSE,TRUE,America/Chicago,3
18249,De Valls Bluff,De Valls Bluff,AR,Arkansas,5117,Prairie,34.7859,-91.4602,555,209,polygon,FALSE,TRUE,America/Chicago,3
18250,Turrell,Turrell,AR,Arkansas,5035,Crittenden,35.3763,-90.2704,555,40,polygon,FALSE,TRUE,America/Chicago,3
18251,Irwinton,Irwinton,GA,Georgia,13319,Wilkinson,32.8108,-83.1737,555,68,polygon,FALSE,TRUE,America/New_York,3
18252,Idaville,Idaville,IN,Indiana,18181,White,40.7588,-86.6505,555,36,polygon,FALSE,FALSE,America/Indiana/Indianapolis,3
18253,Olustee,Olustee,OK,Oklahoma,40065,Jackson,34.5476,-99.4241,555,259,polygon,FALSE,TRUE,America/Chicago,3
18254,Hamler,Hamler,OH,Ohio,39069,Henry,41.2281,-84.0355,555,259,polygon,FALSE,TRUE,America/New_York,3
18255,Bloomsdale,Bloomsdale,MO,Missouri,29186,Ste. Genevieve,38.0147,-90.2214,555,131,polygon,FALSE,TRUE,America/Chicago,3
18256,Hollyvilla,Hollyvilla,KY,Kentucky,21111,Jefferson,38.0929,-85.7467,555,627,polygon,FALSE,TRUE,America/New_York,3
18257,Whitesville,Whitesville,KY,Kentucky,21059,Daviess,37.6831,-86.8699,555,499,polygon,FALSE,TRUE,America/Chicago,3
18258,Lake Preston,Lake Preston,SD,South Dakota,46077,Kingsbury,44.3617,-97.376,555,282,polygon,FALSE,TRUE,America/Chicago,3
18259,Wausaukee,Wausaukee,WI,Wisconsin,55075,Marinette,45.378,-87.9552,554,155,polygon,FALSE,TRUE,America/Chicago,3
18260,Cokeville,Cokeville,WY,Wyoming,56023,Lincoln,42.068,-110.9607,554,163,polygon,FALSE,TRUE,America/Denver,3
18261,Junction City,Junction City,LA,Louisiana,22111,Union,33.0073,-92.7224,554,173,polygon,FALSE,TRUE,America/Chicago,3
18262,Martin,Martin,LA,Louisiana,22081,Red River,32.0983,-93.2193,554,18,polygon,FALSE,TRUE,America/Chicago,3
18263,Turtle Lake,Turtle Lake,ND,North Dakota,38055,McLean,47.5216,-100.8907,554,417,polygon,FALSE,TRUE,America/Chicago,3
18264,San Ardo,San Ardo,CA,California,6053,Monterey,36.0237,-120.9074,554,476,polygon,FALSE,FALSE,America/Los_Angeles,3
18265,Berlin,Berlin,GA,Georgia,13071,Colquitt,31.0683,-83.6236,554,256,polygon,FALSE,TRUE,America/New_York,3
18266,Francisco,Francisco,IN,Indiana,18051,Gibson,38.3327,-87.4481,554,350,polygon,FALSE,TRUE,America/Chicago,3
18267,Sabula,Sabula,IA,Iowa,19097,Jackson,42.0665,-90.1766,554,432,polygon,FALSE,TRUE,America/Chicago,3
18268,Peninsula,Peninsula,OH,Ohio,39153,Summit,41.2379,-81.5519,554,48,polygon,FALSE,TRUE,America/New_York,3
18269,Beverly Hills,Beverly Hills,MO,Missouri,29189,St. Louis,38.6979,-90.2901,554,2381,polygon,FALSE,TRUE,America/Chicago,2
18270,Lyle,Lyle,MN,Minnesota,27099,Mower,43.5057,-92.9412,554,281,polygon,FALSE,TRUE,America/Chicago,3
18271,Halstad,Halstad,MN,Minnesota,27107,Norman,47.3511,-96.8247,554,705,polygon,FALSE,TRUE,America/Chicago,3
18272,New Lothrop,New Lothrop,MI,Michigan,26155,Shiawassee,43.1168,-83.9693,554,247,polygon,FALSE,TRUE,America/Detroit,3
18273,Trego,Trego,MT,Montana,30053,Lincoln,48.6578,-114.9302,554,4,polygon,FALSE,FALSE,America/Denver,3
18274,Martin,Martin,KY,Kentucky,21071,Floyd,37.5669,-82.7603,554,292,polygon,FALSE,TRUE,America/New_York,3
18275,Kieler,Kieler,WI,Wisconsin,55043,Grant,42.5823,-90.6051,553,254,polygon,FALSE,FALSE,America/Chicago,3
18276,Gauley Bridge,Gauley Bridge,WV,West Virginia,54019,Fayette,38.1681,-81.2038,553,134,polygon,FALSE,TRUE,America/New_York,3
18277,Gilbert,Gilbert,LA,Louisiana,22041,Franklin,32.0507,-91.6567,553,203,polygon,FALSE,TRUE,America/Chicago,3
18278,Springmont,Springmont,PA,Pennsylvania,42011,Berks,40.3274,-76.0043,553,1270,polygon,FALSE,FALSE,America/New_York,3
18279,Quantico,Quantico,VA,Virginia,51153,Prince William,38.5224,-77.2901,553,3066,polygon,FALSE,TRUE,America/New_York,2
18280,North Washington,North Washington,CO,Colorado,8001,Adams,39.8085,-104.9792,553,41,polygon,FALSE,FALSE,America/Denver,3
18281,Lake Petersburg,Lake Petersburg,IL,Illinois,17129,Menard,39.9832,-89.8655,553,121,polygon,FALSE,FALSE,America/Chicago,3
18282,Union,Union,IL,Illinois,17111,McHenry,42.2316,-88.5448,553,255,polygon,FALSE,TRUE,America/Chicago,3
18283,Wilsonville,Wilsonville,IL,Illinois,17117,Macoupin,39.0694,-89.8553,553,223,polygon,FALSE,TRUE,America/Chicago,3
18284,Young,Young,AZ,Arizona,4007,Gila,34.1189,-110.9559,553,4,polygon,FALSE,FALSE,America/Phoenix,3
18285,Vaughn,Vaughn,WA,Washington,53053,Pierce,47.355,-122.7773,552,90,polygon,FALSE,FALSE,America/Los_Angeles,3
18286,Fieldsboro,Fieldsboro,NJ,New Jersey,34005,Burlington,40.1364,-74.7315,552,764,polygon,FALSE,TRUE,America/New_York,3
18287,South Van Horn,South Van Horn,AK,Alaska,2090,Fairbanks North Star,64.8091,-147.7855,552,26,polygon,FALSE,TRUE,America/Anchorage,3
18288,Odessa,Odessa,NY,New York,36097,Schuyler,42.335,-76.7881,552,187,polygon,FALSE,TRUE,America/New_York,3
18289,Saylorsburg,Saylorsburg,PA,Pennsylvania,42089,Monroe,40.8997,-75.3179,552,176,polygon,FALSE,FALSE,America/New_York,3
18290,Lavelle,Lavelle,PA,Pennsylvania,42107,Schuylkill,40.7623,-76.3869,552,187,polygon,FALSE,FALSE,America/New_York,3
18291,Fayette City,Fayette City,PA,Pennsylvania,42051,Fayette,40.1007,-79.8392,552,1111,polygon,FALSE,TRUE,America/New_York,3
18292,Danforth,Danforth,IL,Illinois,17075,Iroquois,40.822,-87.9778,552,445,polygon,FALSE,TRUE,America/Chicago,3
18293,Enfield,Enfield,IL,Illinois,17193,White,38.1009,-88.3382,552,210,polygon,FALSE,TRUE,America/Chicago,3
18294,Leesburg,Leesburg,IN,Indiana,18085,Kosciusko,41.3307,-85.8489,552,818,polygon,FALSE,TRUE,America/Indiana/Indianapolis,3
18295,Kirkersville,Kirkersville,OH,Ohio,39089,Licking,39.95,-82.5985,552,95,polygon,FALSE,TRUE,America/New_York,3
18296,Valley City,Valley City,OH,Ohio,39103,Medina,41.2354,-81.9357,552,162,polygon,FALSE,FALSE,America/New_York,3
18297,Trenton,Trenton,UT,Utah,49005,Cache,41.9116,-111.9356,552,25,polygon,FALSE,TRUE,America/Denver,3
18298,Mayfield,Mayfield,UT,Utah,49039,Sanpete,39.1192,-111.7078,552,238,polygon,FALSE,TRUE,America/Denver,3
18299,Horton Bay,Horton Bay,MI,Michigan,26029,Charlevoix,45.2814,-85.0742,552,44,polygon,FALSE,FALSE,America/Detroit,3
18300,Cecil,Cecil,WI,Wisconsin,55115,Shawano,44.8107,-88.4485,551,118,polygon,FALSE,TRUE,America/Chicago,3
18301,Neosho,Neosho,WI,Wisconsin,55027,Dodge,43.3101,-88.5192,551,404,polygon,FALSE,TRUE,America/Chicago,3
18302,Harts,Harts,WV,West Virginia,54043,Lincoln,38.0343,-82.129,551,23,polygon,FALSE,FALSE,America/New_York,3
18303,Reddick,Reddick,FL,Florida,12083,Marion,29.3687,-82.1976,551,168,polygon,FALSE,TRUE,America/New_York,3
18304,Tyrone,Tyrone,NM,New Mexico,35017,Grant,32.7099,-108.3028,551,634,polygon,FALSE,FALSE,America/Denver,3
18305,Liverpool,Liverpool,TX,Texas,48039,Brazoria,29.3018,-95.2744,551,195,polygon,FALSE,TRUE,America/Chicago,3
18306,Pittsburg,Pittsburg,IL,Illinois,17199,Williamson,37.7771,-88.8499,551,103,polygon,FALSE,TRUE,America/Chicago,3
18307,Thomson,Thomson,IL,Illinois,17015,Carroll,41.9731,-90.1119,551,87,polygon,FALSE,TRUE,America/Chicago,3
18308,North Brentwood,North Brentwood,MD,Maryland,24033,Prince George's,38.945,-76.951,551,1884,polygon,FALSE,TRUE,America/New_York,3
18309,Hickory Grove,Hickory Grove,SC,South Carolina,45091,York,34.9785,-81.418,551,127,polygon,FALSE,TRUE,America/New_York,3
18310,Petersburg,Petersburg,KY,Kentucky,21015,Boone,39.0531,-84.8572,551,33,polygon,FALSE,FALSE,America/New_York,3
18311,Thomas,Thomas,WV,West Virginia,54093,Tucker,39.1459,-79.4958,550,47,polygon,FALSE,TRUE,America/New_York,3
18312,West Wildwood,West Wildwood,NJ,New Jersey,34009,Cape May,39.0005,-74.8234,550,742,polygon,FALSE,TRUE,America/New_York,3
18313,Miami,Miami,TX,Texas,48393,Roberts,35.6923,-100.6416,550,181,polygon,FALSE,TRUE,America/Chicago,3
18314,Groom,Groom,TX,Texas,48065,Carson,35.205,-101.1071,550,285,polygon,FALSE,TRUE,America/Chicago,3
18315,Chatham,Chatham,LA,Louisiana,22049,Jackson,32.3094,-92.4519,550,214,polygon,FALSE,TRUE,America/Chicago,3
18316,Indianola,Indianola,NE,Nebraska,31145,Red Willow,40.2346,-100.4198,550,170,polygon,FALSE,TRUE,America/Chicago,3
18317,McElhattan,McElhattan,PA,Pennsylvania,42035,Clinton,41.1572,-77.3617,550,158,polygon,FALSE,FALSE,America/New_York,3
18318,Schram City,Schram City,IL,Illinois,17135,Montgomery,39.1631,-89.461,550,293,polygon,FALSE,TRUE,America/Chicago,3
18319,Everly,Everly,IA,Iowa,19041,Clay,43.1619,-95.3198,550,203,polygon,FALSE,TRUE,America/Chicago,3
18320,Phillipsburg,Phillipsburg,OH,Ohio,39113,Montgomery,39.904,-84.4009,550,796,polygon,FALSE,TRUE,America/New_York,3
18321,Higbee,Higbee,MO,Missouri,29175,Randolph,39.3059,-92.5128,550,493,polygon,FALSE,TRUE,America/Chicago,3
18322,Hickory Flat,Hickory Flat,MS,Mississippi,28009,Benton,34.616,-89.1913,550,221,polygon,FALSE,TRUE,America/Chicago,3
18323,Garrison,Garrison,KY,Kentucky,21135,Lewis,38.6075,-83.1834,550,78,polygon,FALSE,FALSE,America/New_York,3
18324,Dyckesville,Dyckesville,WI,Wisconsin,55009,Brown,44.6404,-87.7656,549,204,polygon,FALSE,FALSE,America/Chicago,3
18325,Riverside,Riverside,TX,Texas,48471,Walker,30.8472,-95.3984,549,105,polygon,FALSE,TRUE,America/Chicago,3
18326,Mer Rouge,Mer Rouge,LA,Louisiana,22067,Morehouse,32.7767,-91.7949,549,180,polygon,FALSE,TRUE,America/Chicago,3
18327,Aniak,Aniak,AK,Alaska,2050,Bethel,61.5817,-159.5451,549,34,polygon,FALSE,TRUE,America/Anchorage,3
18328,Lyons Falls,Lyons Falls,NY,New York,36049,Lewis,43.6171,-75.3619,549,217,polygon,FALSE,TRUE,America/New_York,3
18329,Flagler,Flagler,CO,Colorado,8063,Kit Carson,39.2955,-103.0767,549,166,polygon,FALSE,TRUE,America/Denver,3
18330,Valley Head,Valley Head,AL,Alabama,1049,DeKalb,34.5575,-85.6214,549,61,polygon,FALSE,TRUE,America/Chicago,3
18331,Derby Center,Derby Center,VT,Vermont,50019,Orleans,44.955,-72.1361,549,152,polygon,FALSE,TRUE,America/New_York,3
18332,Morven,Morven,GA,Georgia,13027,Brooks,30.9434,-83.5003,549,122,polygon,FALSE,TRUE,America/New_York,3
18333,La Paz,La Paz,IN,Indiana,18099,Marshall,41.456,-86.3083,549,552,polygon,FALSE,TRUE,America/Indiana/Indianapolis,3
18334,Batavia,Batavia,IA,Iowa,19101,Jefferson,40.9951,-92.1674,549,356,polygon,FALSE,TRUE,America/Chicago,3
18335,Keota,Keota,OK,Oklahoma,40061,Haskell,35.2569,-94.9224,549,559,polygon,FALSE,TRUE,America/Chicago,3
18336,Jeromesville,Jeromesville,OH,Ohio,39005,Ashland,40.8037,-82.1965,549,587,polygon,FALSE,TRUE,America/New_York,3
18337,Clarksville,Clarksville,OH,Ohio,39027,Clinton,39.4016,-83.9828,549,458,polygon,FALSE,TRUE,America/New_York,3
18338,Byron,Byron,MI,Michigan,26155,Shiawassee,42.8239,-83.9467,549,300,polygon,FALSE,TRUE,America/Detroit,3
18339,Symsonia,Symsonia,KY,Kentucky,21083,Graves,36.9211,-88.5227,549,139,polygon,FALSE,FALSE,America/Chicago,3
18340,Vesper,Vesper,WI,Wisconsin,55141,Wood,44.4805,-89.9676,548,183,polygon,FALSE,TRUE,America/Chicago,3
18341,Bancroft,Bancroft,WI,Wisconsin,55097,Portage,44.3093,-89.5071,548,42,polygon,FALSE,FALSE,America/Chicago,3
18342,Pine Haven,Pine Haven,WY,Wyoming,56011,Crook,44.3534,-104.8104,548,161,polygon,FALSE,TRUE,America/Denver,3
18343,Rancho Chico,Rancho Chico,TX,Texas,48409,San Patricio,28.0243,-97.4966,548,410,polygon,FALSE,FALSE,America/Chicago,3
18344,Friant,Friant,CA,California,6019,Fresno,36.9848,-119.713,548,169,polygon,FALSE,FALSE,America/Los_Angeles,3
18345,Bauxite,Bauxite,AR,Arkansas,5125,Saline,34.5602,-92.4988,548,69,polygon,FALSE,TRUE,America/Chicago,3
18346,Traskwood,Traskwood,AR,Arkansas,5125,Saline,34.4533,-92.6642,548,37,polygon,FALSE,TRUE,America/Chicago,3
18347,North Springfield,North Springfield,VT,Vermont,50027,Windsor,43.33,-72.5263,548,191,polygon,FALSE,FALSE,America/New_York,3
18348,Murrayville,Murrayville,IL,Illinois,17137,Morgan,39.5818,-90.2517,548,426,polygon,FALSE,TRUE,America/Chicago,3
18349,Alex,Alex,OK,Oklahoma,40051,Grady,34.9227,-97.7763,548,31,polygon,FALSE,TRUE,America/Chicago,3
18350,Lyons,Lyons,OH,Ohio,39051,Fulton,41.7004,-84.0718,548,299,polygon,FALSE,TRUE,America/New_York,3
18351,Camden Point,Camden Point,MO,Missouri,29165,Platte,39.4541,-94.7485,548,352,polygon,FALSE,TRUE,America/Chicago,3
18352,San Ygnacio,San Ygnacio,TX,Texas,48505,Zapata,27.048,-99.4321,547,138,polygon,FALSE,FALSE,America/Chicago,3
18353,Lacona,Lacona,NY,New York,36075,Oswego,43.6434,-76.0666,547,189,polygon,FALSE,TRUE,America/New_York,3
18354,Sinclairville,Sinclairville,NY,New York,36013,Chautauqua,42.2653,-79.2591,547,131,polygon,FALSE,TRUE,America/New_York,3
18355,West Valley,West Valley,NY,New York,36009,Cattaraugus,42.4036,-78.6115,547,137,polygon,FALSE,FALSE,America/New_York,3
18356,Kinston,Kinston,AL,Alabama,1031,Coffee,31.22,-86.1705,547,43,polygon,FALSE,TRUE,America/Chicago,3
18357,Patoka,Patoka,IL,Illinois,17121,Marion,38.7541,-89.0958,547,189,polygon,FALSE,TRUE,America/Chicago,3
18358,El Prado Estates,El Prado Estates,AZ,Arizona,4027,Yuma,32.7062,-114.5215,547,218,polygon,FALSE,TRUE,America/Phoenix,3
18359,Hayti Heights,Hayti Heights,MO,Missouri,29155,Pemiscot,36.2311,-89.7682,547,215,polygon,FALSE,TRUE,America/Chicago,3
18360,Hokah,Hokah,MN,Minnesota,27055,Houston,43.7599,-91.35,547,302,polygon,FALSE,TRUE,America/Chicago,3
18361,Copalis Beach,Copalis Beach,WA,Washington,53027,Grays Harbor,47.1205,-124.1722,546,57,polygon,FALSE,FALSE,America/Los_Angeles,3
18362,Red Butte,Red Butte,WY,Wyoming,56025,Natrona,42.8051,-106.4339,546,480,polygon,FALSE,FALSE,America/Denver,3
18363,Thunderbird Bay,Thunderbird Bay,TX,Texas,48049,Brown,31.9087,-99.0207,546,82,polygon,FALSE,TRUE,America/Chicago,3
18364,Roscoe,Roscoe,NY,New York,36105,Sullivan,41.9403,-74.9132,546,293,polygon,FALSE,FALSE,America/New_York,3
18365,Margaretville,Margaretville,NY,New York,36025,Delaware,42.1458,-74.6503,546,308,polygon,FALSE,TRUE,America/New_York,3
18366,Cedarville,Cedarville,MD,Maryland,24033,Prince George's,38.6623,-76.819,546,15,polygon,FALSE,FALSE,America/New_York,3
18367,Clayton,Clayton,WI,Wisconsin,55095,Polk,45.326,-92.171,545,65,polygon,FALSE,TRUE,America/Chicago,3
18368,Alba,Alba,TX,Texas,48499,Wood,32.7906,-95.6343,545,199,polygon,FALSE,TRUE,America/Chicago,3
18369,Williamsfield,Williamsfield,IL,Illinois,17095,Knox,40.9264,-90.0182,545,170,polygon,FALSE,TRUE,America/Chicago,3
18370,Ramona,Ramona,OK,Oklahoma,40147,Washington,36.5322,-95.926,545,271,polygon,FALSE,TRUE,America/Chicago,3
18371,Paragonah,Paragonah,UT,Utah,49021,Iron,37.8854,-112.7707,545,311,polygon,FALSE,TRUE,America/Denver,3
18372,Ashley,Ashley,MI,Michigan,26057,Gratiot,43.1873,-84.4762,545,313,polygon,FALSE,TRUE,America/Detroit,3
18373,Waverly,Waverly,KS,Kansas,20031,Coffey,38.3964,-95.6048,545,287,polygon,FALSE,TRUE,America/Chicago,3
18374,Frenchburg,Frenchburg,KY,Kentucky,21165,Menifee,37.9542,-83.6226,545,250,polygon,FALSE,TRUE,America/New_York,3
18375,Idamay,Idamay,WV,West Virginia,54049,Marion,39.493,-80.2572,544,238,polygon,FALSE,FALSE,America/New_York,3
18376,Ricardo,Ricardo,TX,Texas,48273,Kleberg,27.4186,-97.8476,544,47,polygon,FALSE,FALSE,America/Chicago,3
18377,Lydia,Lydia,LA,Louisiana,22045,Iberia,29.9263,-91.7813,544,123,polygon,FALSE,FALSE,America/Chicago,3
18378,Richmond,Richmond,LA,Louisiana,22065,Madison,32.3884,-91.1804,544,126,polygon,FALSE,TRUE,America/Chicago,3
18379,Kake,Kake,AK,Alaska,2198,Prince of Wales-Hyder,56.9727,-133.9145,544,27,polygon,FALSE,TRUE,America/Sitka,3
18380,Polkville,Polkville,NC,North Carolina,37045,Cleveland,35.4163,-81.644,544,113,polygon,FALSE,TRUE,America/New_York,3
18381,Pembina,Pembina,ND,North Dakota,38067,Pembina,48.9669,-97.2475,544,260,polygon,FALSE,TRUE,America/Chicago,3
18382,Pierron,Pierron,IL,Illinois,17005,Bond,38.7773,-89.5652,544,280,polygon,FALSE,TRUE,America/Chicago,3
18383,Westminster,Westminster,OH,Ohio,39003,Allen,40.699,-83.9795,544,115,polygon,FALSE,FALSE,America/New_York,3
18384,Aneth,Aneth,UT,Utah,49037,San Juan,37.2051,-109.1623,544,19,polygon,FALSE,FALSE,America/Denver,3
18385,Sunfish Lake,Sunfish Lake,MN,Minnesota,27037,Dakota,44.8722,-93.0943,544,140,polygon,FALSE,TRUE,America/Chicago,3
18386,Ulen,Ulen,MN,Minnesota,27027,Clay,47.0781,-96.2581,544,197,polygon,FALSE,TRUE,America/Chicago,3
18387,Glorieta,Glorieta,NM,New Mexico,35049,Santa Fe,35.5839,-105.7629,543,27,polygon,FALSE,FALSE,America/Denver,3
18388,Seaboard,Seaboard,NC,North Carolina,37131,Northampton,36.4907,-77.442,543,217,polygon,FALSE,TRUE,America/New_York,3
18389,Valparaiso,Valparaiso,NE,Nebraska,31155,Saunders,41.0798,-96.833,543,372,polygon,FALSE,TRUE,America/Chicago,3
18390,Bell Buckle,Bell Buckle,TN,Tennessee,47003,Bedford,35.59,-86.353,543,352,polygon,FALSE,TRUE,America/Chicago,3
18391,Claverack-Red Mills,Claverack-Red Mills,NY,New York,36021,Columbia,42.2263,-73.7269,543,70,polygon,FALSE,TRUE,America/New_York,3
18392,Paradise Park,Paradise Park,CA,California,6087,Santa Cruz,37.0063,-122.0425,543,753,polygon,FALSE,FALSE,America/Los_Angeles,3
18393,Mettawa,Mettawa,IL,Illinois,17097,Lake,42.2448,-87.9201,543,40,polygon,FALSE,TRUE,America/Chicago,3
18394,Augusta,Augusta,IL,Illinois,17067,Hancock,40.2307,-90.95,543,303,polygon,FALSE,TRUE,America/Chicago,3
18395,Glenview,Glenview,KY,Kentucky,21111,Jefferson,38.302,-85.6519,543,147,polygon,FALSE,TRUE,America/New_York,3
18396,Robinson,Robinson,PA,Pennsylvania,42063,Indiana,40.4048,-79.1383,542,212,polygon,FALSE,FALSE,America/New_York,3
18397,Laurel Park,Laurel Park,VA,Virginia,51089,Henry,36.6871,-79.7872,542,160,polygon,FALSE,FALSE,America/New_York,3
18398,Independence,Independence,CA,California,6027,Inyo,36.8274,-118.2132,542,42,polygon,FALSE,FALSE,America/Los_Angeles,3
18399,Buckley,Buckley,IL,Illinois,17075,Iroquois,40.597,-88.0375,542,663,polygon,FALSE,TRUE,America/Chicago,3
18400,Laurel,Laurel,IN,Indiana,18047,Franklin,39.5015,-85.1878,542,879,polygon,FALSE,TRUE,America/Indiana/Indianapolis,3
18401,Proctorville,Proctorville,OH,Ohio,39087,Lawrence,38.4375,-82.3818,542,879,polygon,FALSE,TRUE,America/New_York,3
18402,Alexandria,Alexandria,OH,Ohio,39089,Licking,40.0901,-82.612,542,856,polygon,FALSE,TRUE,America/New_York,3
18403,Sunrise Beach,Sunrise Beach,MO,Missouri,29029,Camden,38.1669,-92.7799,542,36,polygon,FALSE,TRUE,America/Chicago,3
18404,Alba,Alba,MO,Missouri,29097,Jasper,37.2372,-94.4175,542,636,polygon,FALSE,TRUE,America/Chicago,3
18405,McClellanville,McClellanville,SC,South Carolina,45019,Charleston,33.0865,-79.468,542,93,polygon,FALSE,TRUE,America/New_York,3
18406,Johnson Siding,Johnson Siding,SD,South Dakota,46103,Pennington,44.0846,-103.438,542,56,polygon,FALSE,FALSE,America/Denver,3
18407,Soldiers Grove,Soldiers Grove,WI,Wisconsin,55023,Crawford,43.3921,-90.7735,541,58,polygon,FALSE,TRUE,America/Chicago,3
18408,Thorntonville,Thorntonville,TX,Texas,48475,Ward,31.5789,-102.9221,541,260,polygon,FALSE,TRUE,America/Chicago,3
18409,Snook,Snook,TX,Texas,48051,Burleson,30.4907,-96.467,541,103,polygon,FALSE,TRUE,America/Chicago,3
18410,Mattawana,Mattawana,PA,Pennsylvania,42087,Mifflin,40.4968,-77.7283,541,267,polygon,FALSE,FALSE,America/New_York,3
18411,Chacra,Chacra,CO,Colorado,8045,Garfield,39.577,-107.4509,541,220,polygon,FALSE,FALSE,America/Denver,3
18412,Los Berros,Los Berros,CA,California,6079,San Luis Obispo,35.0809,-120.545,541,83,polygon,FALSE,FALSE,America/Los_Angeles,3
18413,Madison,Madison,MO,Missouri,29137,Monroe,39.4735,-92.2117,541,466,polygon,FALSE,TRUE,America/Chicago,3
18414,Union,Union,WV,West Virginia,54063,Monroe,37.5905,-80.5419,540,466,polygon,FALSE,TRUE,America/New_York,3
18415,Weston,Weston,TX,Texas,48085,Collin,33.33,-96.6676,540,46,polygon,FALSE,TRUE,America/Chicago,3
18416,Bassett,Bassett,NE,Nebraska,31149,Rock,42.5827,-99.5368,540,469,polygon,FALSE,TRUE,America/Chicago,3
18417,Hay Springs,Hay Springs,NE,Nebraska,31161,Sheridan,42.6834,-102.6896,540,554,polygon,FALSE,TRUE,America/Denver,3
18418,Castleberry,Castleberry,AL,Alabama,1035,Conecuh,31.3001,-87.027,540,121,polygon,FALSE,TRUE,America/Chicago,3
18419,Cadwell,Cadwell,GA,Georgia,13175,Laurens,32.3396,-83.042,540,166,polygon,FALSE,TRUE,America/New_York,3
18420,Achille,Achille,OK,Oklahoma,40013,Bryan,33.8346,-96.39,540,553,polygon,FALSE,TRUE,America/Chicago,3
18421,Lena,Lena,WI,Wisconsin,55083,Oconto,44.953,-88.0476,539,195,polygon,FALSE,TRUE,America/Chicago,3
18422,Paradise Heights,Paradise Heights,FL,Florida,12095,Orange,28.6237,-81.5439,539,451,polygon,FALSE,FALSE,America/New_York,3
18423,Texline,Texline,TX,Texas,48111,Dallam,36.3765,-103.0189,539,204,polygon,FALSE,TRUE,America/Denver,3
18424,West Alto Bonito,West Alto Bonito,TX,Texas,48427,Starr,26.3144,-98.6632,539,1814,polygon,FALSE,FALSE,America/Chicago,3
18425,Roper,Roper,NC,North Carolina,37187,Washington,35.8786,-76.617,539,242,polygon,FALSE,TRUE,America/New_York,3
18426,Saxtons River,Saxtons River,VT,Vermont,50025,Windham,43.1391,-72.5101,539,443,polygon,FALSE,TRUE,America/New_York,3
18427,Mark,Mark,IL,Illinois,17155,Putnam,41.2624,-89.255,539,195,polygon,FALSE,TRUE,America/Chicago,3
18428,Stewart,Stewart,MN,Minnesota,27085,McLeod,44.7236,-94.4869,539,257,polygon,FALSE,TRUE,America/Chicago,3
18429,Gilbertsville,Gilbertsville,KY,Kentucky,21157,Marshall,37.0284,-88.3103,539,205,polygon,FALSE,FALSE,America/Chicago,3
18430,Masontown,Masontown,WV,West Virginia,54077,Preston,39.5512,-79.8003,538,746,polygon,FALSE,TRUE,America/New_York,3
18431,Saltillo,Saltillo,TN,Tennessee,47071,Hardin,35.3822,-88.2393,538,71,polygon,FALSE,TRUE,America/Chicago,3
18432,Glen Osborne,Glen Osborne,PA,Pennsylvania,42003,Allegheny,40.5308,-80.1678,538,484,polygon,FALSE,TRUE,America/New_York,3
18433,Hickory Hills,Hickory Hills,PA,Pennsylvania,42079,Luzerne,41.0347,-75.8221,538,148,polygon,FALSE,FALSE,America/New_York,3
18434,Forest Ranch,Forest Ranch,CA,California,6007,Butte,39.8952,-121.6705,538,14,polygon,FALSE,FALSE,America/Los_Angeles,3
18435,North Salem,North Salem,IN,Indiana,18063,Hendricks,39.8598,-86.6444,538,698,polygon,FALSE,TRUE,America/Indiana/Indianapolis,3
18436,Elizabethtown,Elizabethtown,IN,Indiana,18005,Bartholomew,39.1351,-85.8125,538,794,polygon,FALSE,TRUE,America/Indiana/Indianapolis,3
18437,LeRoy,LeRoy,KS,Kansas,20031,Coffey,38.0863,-95.6331,538,252,polygon,FALSE,TRUE,America/Chicago,3
18438,Pine Lakes,Pine Lakes,FL,Florida,12069,Lake,28.939,-81.4308,537,129,polygon,FALSE,FALSE,America/New_York,3
18439,Elizabeth,Elizabeth,LA,Louisiana,22003,Allen,30.8669,-92.7986,537,126,polygon,FALSE,TRUE,America/Chicago,3
18440,Micro,Micro,NC,North Carolina,37101,Johnston,35.5623,-78.2037,537,512,polygon,FALSE,TRUE,America/New_York,3
18441,Bonnetsville,Bonnetsville,NC,North Carolina,37163,Sampson,34.9993,-78.3962,537,62,polygon,FALSE,FALSE,America/New_York,3
18442,Mountain View,Mountain View,CO,Colorado,8059,Jefferson,39.7748,-105.0567,537,2229,polygon,FALSE,TRUE,America/Denver,2
18443,Courtland,Courtland,CA,California,6067,Sacramento,38.3329,-121.557,537,115,polygon,FALSE,FALSE,America/Los_Angeles,3
18444,Roland,Roland,AR,Arkansas,5119,Pulaski,34.9005,-92.5186,537,25,polygon,FALSE,FALSE,America/Chicago,3
18445,New Meadows,New Meadows,ID,Idaho,16003,Adams,44.9712,-116.2858,537,354,polygon,FALSE,TRUE,America/Boise,3
18446,Verden,Verden,OK,Oklahoma,40051,Grady,35.0831,-98.0872,537,582,polygon,FALSE,TRUE,America/Chicago,3
18447,Hardin,Hardin,MO,Missouri,29177,Ray,39.2677,-93.8314,537,322,polygon,FALSE,TRUE,America/Chicago,3
18448,Geneva,Geneva,MN,Minnesota,27047,Freeborn,43.8226,-93.2683,537,445,polygon,FALSE,TRUE,America/Chicago,3
18449,Claremont,Claremont,MN,Minnesota,27039,Dodge,44.0449,-92.9976,537,189,polygon,FALSE,TRUE,America/Chicago,3
18450,Veblen,Veblen,SD,South Dakota,46091,Marshall,45.862,-97.2869,537,659,polygon,FALSE,TRUE,America/Chicago,3
18451,Launiupoko,Launiupoko,HI,Hawaii,15009,Maui,20.8541,-156.6424,536,38,polygon,FALSE,FALSE,Pacific/Honolulu,3
18452,Mimbres,Mimbres,NM,New Mexico,35017,Grant,32.8332,-107.9559,536,46,polygon,FALSE,FALSE,America/Denver,3
18453,Bryson,Bryson,TX,Texas,48237,Jack,33.1636,-98.3891,536,157,polygon,FALSE,TRUE,America/Chicago,3
18454,Callaway,Callaway,NE,Nebraska,31041,Custer,41.2915,-99.9203,536,296,polygon,FALSE,TRUE,America/Chicago,3
18455,Castalian Springs,Castalian Springs,TN,Tennessee,47165,Sumner,36.4012,-86.3068,536,35,polygon,FALSE,FALSE,America/Chicago,3
18456,Wellsburg,Wellsburg,NY,New York,36015,Chemung,42.0127,-76.7298,536,364,polygon,FALSE,TRUE,America/New_York,3
18457,Montvale,Montvale,VA,Virginia,51019,Bedford,37.3866,-79.7253,536,85,polygon,FALSE,FALSE,America/New_York,3
18458,Norfork,Norfork,AR,Arkansas,5005,Baxter,36.2099,-92.2801,536,91,polygon,FALSE,TRUE,America/Chicago,3
18459,Ailey,Ailey,GA,Georgia,13209,Montgomery,32.1882,-82.5699,536,95,polygon,FALSE,TRUE,America/New_York,3
18460,Hoboken,Hoboken,GA,Georgia,13025,Brantley,31.1813,-82.1313,536,60,polygon,FALSE,TRUE,America/New_York,3
18461,Cynthiana,Cynthiana,IN,Indiana,18129,Posey,38.1872,-87.7086,536,518,polygon,FALSE,TRUE,America/Chicago,3
18462,Russell,Russell,IA,Iowa,19117,Lucas,40.9801,-93.2005,536,199,polygon,FALSE,TRUE,America/Chicago,3
18463,Foxworth,Foxworth,MS,Mississippi,28091,Marion,31.2386,-89.8829,536,74,polygon,FALSE,FALSE,America/Chicago,3
18464,Tijeras,Tijeras,NM,New Mexico,35001,Bernalillo,35.0884,-106.3761,535,182,polygon,FALSE,TRUE,America/Denver,3
18465,Arapahoe,Arapahoe,NC,North Carolina,37137,Pamlico,35.0216,-76.826,535,95,polygon,FALSE,TRUE,America/New_York,3
18466,Trenton,Trenton,NE,Nebraska,31087,Hitchcock,40.1746,-101.0136,535,357,polygon,FALSE,TRUE,America/Chicago,3
18467,Juniata Terrace,Juniata Terrace,PA,Pennsylvania,42087,Mifflin,40.5855,-77.5782,535,1231,polygon,FALSE,TRUE,America/New_York,3
18468,River Falls,River Falls,AL,Alabama,1039,Covington,31.3524,-86.5412,535,30,polygon,FALSE,TRUE,America/Chicago,3
18469,Indian Creek,Indian Creek,IL,Illinois,17097,Lake,42.2272,-87.9783,535,773,polygon,FALSE,TRUE,America/Chicago,3
18470,Olpe,Olpe,KS,Kansas,20111,Lyon,38.2569,-96.1726,535,294,polygon,FALSE,TRUE,America/Chicago,3
18471,Highland Meadows,Highland Meadows,NM,New Mexico,35061,Valencia,34.94,-107.1656,534,29,polygon,FALSE,TRUE,America/Denver,3
18472,Fort Yukon,Fort Yukon,AK,Alaska,2290,Yukon-Koyukuk,66.5806,-145.2415,534,30,polygon,FALSE,TRUE,America/Anchorage,3
18473,Scammon Bay,Scammon Bay,AK,Alaska,2158,Kusilvak,61.842,-165.5833,534,440,polygon,FALSE,TRUE,America/Nome,3
18474,Baneberry,Baneberry,TN,Tennessee,47089,Jefferson,36.0465,-83.2783,534,115,polygon,FALSE,TRUE,America/New_York,3
18475,Peeples Valley,Peeples Valley,AZ,Arizona,4025,Yavapai,34.2773,-112.7654,534,13,polygon,FALSE,FALSE,America/Phoenix,3
18476,Covington,Covington,OK,Oklahoma,40047,Garfield,36.3075,-97.5866,534,403,polygon,FALSE,TRUE,America/Chicago,3
18477,North Fairfield,North Fairfield,OH,Ohio,39077,Huron,41.1045,-82.6139,534,446,polygon,FALSE,TRUE,America/New_York,3
18478,Logan,Logan,KS,Kansas,20147,Phillips,39.6617,-99.5673,534,137,polygon,FALSE,TRUE,America/Chicago,3
18479,Pinewood,Pinewood,SC,South Carolina,45085,Sumter,33.7396,-80.462,534,192,polygon,FALSE,TRUE,America/New_York,3
18480,Tetherow,Tetherow,OR,Oregon,41017,Deschutes,44.0389,-121.3665,534,96,polygon,FALSE,TRUE,America/Los_Angeles,3
18481,Northport,Northport,WI,Wisconsin,55135,Waupaca,44.4082,-88.8038,533,119,polygon,FALSE,FALSE,America/Chicago,3
18482,Hillsboro Pines,Hillsboro Pines,FL,Florida,12011,Broward,26.3253,-80.1947,533,977,polygon,FALSE,FALSE,America/New_York,3
18483,Round Valley,Round Valley,CA,California,6027,Inyo,37.4067,-118.5819,533,14,polygon,FALSE,FALSE,America/Los_Angeles,3
18484,Waldron,Waldron,IN,Indiana,18145,Shelby,39.4535,-85.6629,533,163,polygon,FALSE,FALSE,America/Indiana/Indianapolis,3
18485,Fillmore,Fillmore,IN,Indiana,18133,Putnam,39.6697,-86.7532,533,105,polygon,FALSE,TRUE,America/Indiana/Indianapolis,3
18486,Sanders,Sanders,AZ,Arizona,4001,Apache,35.2095,-109.3224,533,85,polygon,FALSE,FALSE,America/Denver,3
18487,Dill City,Dill City,OK,Oklahoma,40149,Washita,35.282,-99.1335,533,377,polygon,FALSE,TRUE,America/Chicago,3
18488,Foreston,Foreston,MN,Minnesota,27095,Mille Lacs,45.7321,-93.7095,533,143,polygon,FALSE,TRUE,America/Chicago,3
18489,South Williamson,South Williamson,KY,Kentucky,21195,Pike,37.6633,-82.2879,533,104,polygon,FALSE,FALSE,America/New_York,3
18490,Boyd,Boyd,WI,Wisconsin,55017,Chippewa,44.9533,-91.0398,532,110,polygon,FALSE,TRUE,America/Chicago,3
18491,Naturita,Naturita,CO,Colorado,8085,Montrose,38.2183,-108.5666,532,333,polygon,FALSE,TRUE,America/Denver,3
18492,Belle Fontaine,Belle Fontaine,AL,Alabama,1097,Mobile,30.492,-88.1131,532,132,polygon,FALSE,TRUE,America/Chicago,3
18493,Dearing,Dearing,GA,Georgia,13189,McDuffie,33.4149,-82.3852,532,252,polygon,FALSE,TRUE,America/New_York,3
18494,Rolfe,Rolfe,IA,Iowa,19151,Pocahontas,42.8129,-94.5313,532,195,polygon,FALSE,TRUE,America/Chicago,3
18495,Badger,Badger,IA,Iowa,19187,Webster,42.6142,-94.1446,532,188,polygon,FALSE,TRUE,America/Chicago,3
18496,Deerwood,Deerwood,MN,Minnesota,27035,Crow Wing,46.4729,-93.9,532,137,polygon,FALSE,TRUE,America/Chicago,3
18497,Maybee,Maybee,MI,Michigan,26115,Monroe,42.0062,-83.515,532,207,polygon,FALSE,TRUE,America/Detroit,3
18498,Lake City,Lake City,TX,Texas,48409,San Patricio,28.0821,-97.8828,531,281,polygon,FALSE,TRUE,America/Chicago,3
18499,Kasilof,Kasilof,AK,Alaska,2122,Kenai Peninsula,60.331,-151.2293,531,19,polygon,FALSE,FALSE,America/Anchorage,3
18500,Minor Hill,Minor Hill,TN,Tennessee,47055,Giles,35.0424,-87.1653,531,110,polygon,FALSE,TRUE,America/Chicago,3
18501,Shoreham,Shoreham,NY,New York,36103,Suffolk,40.9571,-72.9072,531,451,polygon,FALSE,TRUE,America/New_York,3
18502,West Nanticoke,West Nanticoke,PA,Pennsylvania,42079,Luzerne,41.2202,-76.0095,531,346,polygon,FALSE,FALSE,America/New_York,3
18503,Austin,Austin,PA,Pennsylvania,42105,Potter,41.6373,-78.0903,531,50,polygon,FALSE,TRUE,America/New_York,3
18504,East Rochester,East Rochester,PA,Pennsylvania,42007,Beaver,40.6981,-80.2689,531,560,polygon,FALSE,TRUE,America/New_York,3
18505,Tasley,Tasley,VA,Virginia,51001,Accomack,37.7125,-75.6971,531,192,polygon,FALSE,FALSE,America/New_York,3
18506,Dayton,Dayton,IL,Illinois,17099,LaSalle,41.3856,-88.7959,531,91,polygon,FALSE,FALSE,America/Chicago,3
18507,Lowell,Lowell,OH,Ohio,39167,Washington,39.5292,-81.5068,531,899,polygon,FALSE,TRUE,America/New_York,3
18508,Collins,Collins,OH,Ohio,39077,Huron,41.2508,-82.4915,531,44,polygon,FALSE,FALSE,America/New_York,3
18509,Ivanhoe,Ivanhoe,MN,Minnesota,27081,Lincoln,44.4651,-96.252,531,230,polygon,FALSE,TRUE,America/Chicago,3
18510,Bolton,Bolton,MS,Mississippi,28049,Hinds,32.3546,-90.4586,531,134,polygon,FALSE,TRUE,America/Chicago,3
18511,Artemus,Artemus,KY,Kentucky,21121,Knox,36.8352,-83.8414,531,151,polygon,FALSE,FALSE,America/New_York,3
18512,South Bethany,South Bethany,DE,Delaware,10005,Sussex,38.516,-75.0589,530,406,polygon,FALSE,TRUE,America/New_York,3
18513,Weir,Weir,TX,Texas,48491,Williamson,30.6759,-97.5929,530,129,polygon,FALSE,TRUE,America/Chicago,3
18514,Nunapitchuk,Nunapitchuk,AK,Alaska,2050,Bethel,60.8772,-162.4615,530,29,polygon,FALSE,TRUE,America/Nome,3
18515,Modena,Modena,PA,Pennsylvania,42029,Chester,39.9618,-75.8024,530,594,polygon,FALSE,TRUE,America/New_York,3
18516,Bismarck,Bismarck,IL,Illinois,17183,Vermilion,40.2594,-87.6113,530,275,polygon,FALSE,TRUE,America/Chicago,3
18517,Makanda,Makanda,IL,Illinois,17077,Jackson,37.621,-89.2357,530,38,polygon,FALSE,TRUE,America/Chicago,3
18518,Loch Lynn Heights,Loch Lynn Heights,MD,Maryland,24023,Garrett,39.3919,-79.3726,530,643,polygon,FALSE,TRUE,America/New_York,3
18519,Rushsylvania,Rushsylvania,OH,Ohio,39091,Logan,40.4613,-83.6712,530,260,polygon,FALSE,TRUE,America/New_York,3
18520,La Harpe,La Harpe,KS,Kansas,20001,Allen,37.9165,-95.3023,530,254,polygon,FALSE,TRUE,America/Chicago,3
18521,Macksville,Macksville,KS,Kansas,20185,Stafford,37.9572,-98.9688,530,205,polygon,FALSE,TRUE,America/Chicago,3
18522,Fordsville,Fordsville,KY,Kentucky,21183,Ohio,37.6356,-86.7171,530,456,polygon,FALSE,TRUE,America/Chicago,3
18523,Yankeetown,Yankeetown,FL,Florida,12075,Levy,29.0334,-82.7326,529,26,polygon,FALSE,TRUE,America/New_York,3
18524,Rockleigh,Rockleigh,NJ,New Jersey,34003,Bergen,41.0025,-73.9327,529,203,polygon,FALSE,TRUE,America/New_York,3
18525,Green Acres,Green Acres,ND,North Dakota,38079,Rolette,48.8381,-99.6901,529,135,polygon,FALSE,TRUE,America/Chicago,3
18526,Coolidge,Coolidge,GA,Georgia,13275,Thomas,31.0113,-83.8661,529,250,polygon,FALSE,TRUE,America/New_York,3
18527,Rolling Prairie,Rolling Prairie,IN,Indiana,18091,LaPorte,41.6743,-86.6207,529,193,polygon,FALSE,FALSE,America/Chicago,3
18528,Forgan,Forgan,OK,Oklahoma,40007,Beaver,36.9068,-100.5377,529,538,polygon,FALSE,TRUE,America/Chicago,3
18529,Galien,Galien,MI,Michigan,26021,Berrien,41.8015,-86.4995,529,497,polygon,FALSE,TRUE,America/Detroit,3
18530,Hickory,Hickory,MS,Mississippi,28101,Newton,32.3167,-89.0217,529,218,polygon,FALSE,TRUE,America/Chicago,3
18531,Linden,Linden,WI,Wisconsin,55049,Iowa,42.9186,-90.2742,528,261,polygon,FALSE,TRUE,America/Chicago,3
18532,East Dunseith,East Dunseith,ND,North Dakota,38079,Rolette,48.8546,-100.0285,528,39,polygon,FALSE,FALSE,America/Chicago,3
18533,Benns Church,Benns Church,VA,Virginia,51093,Isle of Wight,36.937,-76.5842,528,49,polygon,FALSE,FALSE,America/New_York,3
18534,Holly Grove,Holly Grove,AR,Arkansas,5095,Monroe,34.6003,-91.1963,528,201,polygon,FALSE,TRUE,America/Chicago,3
18535,Huttig,Huttig,AR,Arkansas,5139,Union,33.0418,-92.1818,528,68,polygon,FALSE,TRUE,America/Chicago,3
18536,Monroe City,Monroe City,IN,Indiana,18083,Knox,38.6145,-87.3531,528,757,polygon,FALSE,TRUE,America/Indiana/Vincennes,3
18537,Reynolds,Reynolds,IN,Indiana,18181,White,40.7492,-86.8743,528,368,polygon,FALSE,TRUE,America/Indiana/Indianapolis,3
18538,Norway,Norway,IA,Iowa,19011,Benton,41.9021,-91.9227,528,469,polygon,FALSE,TRUE,America/Chicago,3
18539,Polo,Polo,MO,Missouri,29025,Caldwell,39.5495,-94.0395,528,331,polygon,FALSE,TRUE,America/Chicago,3
18540,Bland,Bland,MO,Missouri,29073,Gasconade,38.3005,-91.6331,528,315,polygon,FALSE,TRUE,America/Chicago,3
18541,Browns Valley,Browns Valley,MN,Minnesota,27155,Traverse,45.5947,-96.8327,528,261,polygon,FALSE,TRUE,America/Chicago,3
18542,Society Hill,Society Hill,SC,South Carolina,45031,Darlington,34.5098,-79.8539,528,92,polygon,FALSE,TRUE,America/New_York,3
18543,Plum Springs,Plum Springs,KY,Kentucky,21227,Warren,37.021,-86.3777,528,383,polygon,FALSE,TRUE,America/Chicago,3
18544,Verdigre,Verdigre,NE,Nebraska,31107,Knox,42.5974,-98.0357,527,371,polygon,FALSE,TRUE,America/Chicago,3
18545,Lenkerville,Lenkerville,PA,Pennsylvania,42043,Dauphin,40.5327,-76.9594,527,606,polygon,FALSE,FALSE,America/New_York,3
18546,Allensworth,Allensworth,CA,California,6107,Tulare,35.8498,-119.3893,527,65,polygon,FALSE,FALSE,America/Los_Angeles,3
18547,Bradley,Bradley,AR,Arkansas,5073,Lafayette,33.0993,-93.6569,527,222,polygon,FALSE,TRUE,America/Chicago,3
18548,Creal Springs,Creal Springs,IL,Illinois,17199,Williamson,37.6198,-88.8372,527,198,polygon,FALSE,TRUE,America/Chicago,3
18549,St. David,St. David,IL,Illinois,17057,Fulton,40.4921,-90.0519,527,680,polygon,FALSE,TRUE,America/Chicago,3
18550,Elma,Elma,IA,Iowa,19089,Howard,43.2459,-92.4393,527,157,polygon,FALSE,TRUE,America/Chicago,3
18551,West Alton,West Alton,MO,Missouri,29183,St. Charles,38.8665,-90.2085,527,7,polygon,FALSE,TRUE,America/Chicago,3
18552,Pleasant View,Pleasant View,KY,Kentucky,21235,Whitley,36.6781,-84.1284,527,257,polygon,FALSE,FALSE,America/New_York,3
18553,Merrillan,Merrillan,WI,Wisconsin,55053,Jackson,44.4504,-90.8355,526,160,polygon,FALSE,TRUE,America/Chicago,3
18554,Dell City,Dell City,TX,Texas,48229,Hudspeth,31.9349,-105.1998,526,121,polygon,FALSE,TRUE,America/Denver,3
18555,Springfield,Springfield,LA,Louisiana,22063,Livingston,30.4255,-90.5444,526,144,polygon,FALSE,TRUE,America/Chicago,3
18556,Calypso,Calypso,NC,North Carolina,37061,Duplin,35.1548,-78.1044,526,205,polygon,FALSE,TRUE,America/New_York,3
18557,Towner,Towner,ND,North Dakota,38049,McHenry,48.3471,-100.4069,526,245,polygon,FALSE,TRUE,America/Chicago,3
18558,New Alexandria,New Alexandria,PA,Pennsylvania,42129,Westmoreland,40.3945,-79.4175,526,239,polygon,FALSE,TRUE,America/New_York,3
18559,Boykins,Boykins,VA,Virginia,51175,Southampton,36.5779,-77.1989,526,292,polygon,FALSE,TRUE,America/New_York,3
18560,Buena Vista,Buena Vista,CA,California,6005,Amador,38.2974,-120.9179,526,125,polygon,FALSE,FALSE,America/Los_Angeles,3
18561,Thompsonville,Thompsonville,IL,Illinois,17055,Franklin,37.9144,-88.7622,526,100,polygon,FALSE,TRUE,America/Chicago,3
18562,Grandview,Grandview,IA,Iowa,19115,Louisa,41.2772,-91.1875,526,909,polygon,FALSE,TRUE,America/Chicago,3
18563,Drysdale,Drysdale,AZ,Arizona,4027,Yuma,32.6452,-114.7067,526,1241,polygon,FALSE,TRUE,America/Phoenix,3
18564,Candlewood Lake,Candlewood Lake,OH,Ohio,39117,Morrow,40.6214,-82.7764,526,87,polygon,FALSE,TRUE,America/New_York,3
18565,Winchester,Winchester,KS,Kansas,20087,Jefferson,39.3226,-95.2687,526,581,polygon,FALSE,TRUE,America/Chicago,3
18566,Burden,Burden,KS,Kansas,20035,Cowley,37.315,-96.7554,526,392,polygon,FALSE,TRUE,America/Chicago,3
18567,Ghent,Ghent,WV,West Virginia,54081,Raleigh,37.6221,-81.1057,525,158,polygon,FALSE,FALSE,America/New_York,3
18568,Sharon Springs,Sharon Springs,NY,New York,36095,Schoharie,42.793,-74.6129,525,110,polygon,FALSE,TRUE,America/New_York,3
18569,Grand Ridge,Grand Ridge,IL,Illinois,17099,LaSalle,41.2361,-88.831,525,439,polygon,FALSE,TRUE,America/Chicago,3
18570,Corriganville,Corriganville,MD,Maryland,24001,Allegany,39.6945,-78.797,525,520,polygon,FALSE,FALSE,America/New_York,3
18571,Ravia,Ravia,OK,Oklahoma,40069,Johnston,34.2408,-96.7565,525,378,polygon,FALSE,TRUE,America/Chicago,3
18572,Ridgeville Corners,Ridgeville Corners,OH,Ohio,39069,Henry,41.4386,-84.2553,525,221,polygon,FALSE,FALSE,America/New_York,3
18573,Fairgrove,Fairgrove,MI,Michigan,26157,Tuscola,43.5245,-83.5434,525,180,polygon,FALSE,TRUE,America/Detroit,3
18574,Northport,Northport,MI,Michigan,26089,Leelanau,45.1301,-85.6173,525,123,polygon,FALSE,TRUE,America/Detroit,3
18575,Centralia,Centralia,KS,Kansas,20131,Nemaha,39.7242,-96.1304,525,452,polygon,FALSE,TRUE,America/Chicago,3
18576,Thornton,Thornton,TX,Texas,48293,Limestone,31.4111,-96.5738,524,206,polygon,FALSE,TRUE,America/Chicago,3
18577,Elkton,Elkton,TN,Tennessee,47055,Giles,35.0616,-86.897,524,108,polygon,FALSE,TRUE,America/Chicago,3
18578,Pesotum,Pesotum,IL,Illinois,17019,Champaign,39.913,-88.2744,524,355,polygon,FALSE,TRUE,America/Chicago,3
18579,Waco,Waco,GA,Georgia,13143,Haralson,33.7026,-85.1893,524,110,polygon,FALSE,TRUE,America/New_York,3
18580,Scranton,Scranton,IA,Iowa,19073,Greene,42.0191,-94.549,524,107,polygon,FALSE,TRUE,America/Chicago,3
18581,Radcliffe,Radcliffe,IA,Iowa,19083,Hardin,42.3177,-93.4343,524,202,polygon,FALSE,TRUE,America/Chicago,3
18582,Edroy,Edroy,TX,Texas,48409,San Patricio,27.9609,-97.6754,523,91,polygon,FALSE,FALSE,America/Chicago,3
18583,Mineral,Mineral,VA,Virginia,51109,Louisa,38.0068,-77.9061,523,227,polygon,FALSE,TRUE,America/New_York,3
18584,Junction City,Junction City,AR,Arkansas,5139,Union,33.022,-92.7236,523,177,polygon,FALSE,TRUE,America/Chicago,3
18585,Cairo,Cairo,OH,Ohio,39003,Allen,40.8307,-84.0847,523,728,polygon,FALSE,TRUE,America/New_York,3
18586,Indian Point,Indian Point,MO,Missouri,29209,Stone,36.6428,-93.3444,523,71,polygon,FALSE,TRUE,America/Chicago,3
18587,Dearborn,Dearborn,MO,Missouri,29165,Platte,39.5247,-94.774,523,221,polygon,FALSE,TRUE,America/Chicago,3
18588,Waldron,Waldron,MI,Michigan,26059,Hillsdale,41.7242,-84.4188,523,201,polygon,FALSE,TRUE,America/Detroit,3
18589,New Hamilton,New Hamilton,MS,Mississippi,28095,Monroe,33.7435,-88.4389,523,56,polygon,FALSE,FALSE,America/Chicago,3
18590,Mercer,Mercer,WI,Wisconsin,55051,Iron,46.1635,-90.0528,522,45,polygon,FALSE,FALSE,America/Chicago,3
18591,Suring,Suring,WI,Wisconsin,55083,Oconto,45.0007,-88.3693,522,196,polygon,FALSE,TRUE,America/Chicago,3
18592,Mountain Lakes,Mountain Lakes,NH,New Hampshire,33009,Grafton,44.1205,-71.9579,522,57,polygon,FALSE,FALSE,America/New_York,3
18593,Cochiti Lake,Cochiti Lake,NM,New Mexico,35043,Sandoval,35.6478,-106.3425,522,162,polygon,FALSE,FALSE,America/Denver,3
18594,Buckholts,Buckholts,TX,Texas,48331,Milam,30.874,-97.1289,522,148,polygon,FALSE,TRUE,America/Chicago,3
18595,Devers,Devers,TX,Texas,48291,Liberty,30.0287,-94.586,522,108,polygon,FALSE,TRUE,America/Chicago,3
18596,Exeter,Exeter,NE,Nebraska,31059,Fillmore,40.6445,-97.4489,522,318,polygon,FALSE,TRUE,America/Chicago,3
18597,Wakefield,Wakefield,PA,Pennsylvania,42071,Lancaster,39.7766,-76.1804,522,118,polygon,FALSE,FALSE,America/New_York,3
18598,Websterville,Websterville,VT,Vermont,50023,Washington,44.1617,-72.4722,522,121,polygon,FALSE,FALSE,America/New_York,3
18599,Cullom,Cullom,IL,Illinois,17105,Livingston,40.8784,-88.2698,522,604,polygon,FALSE,TRUE,America/Chicago,3
18600,Wapella,Wapella,IL,Illinois,17039,De Witt,40.2218,-88.9612,522,366,polygon,FALSE,TRUE,America/Chicago,3
18601,Hutsonville,Hutsonville,IL,Illinois,17033,Crawford,39.1084,-87.6609,522,324,polygon,FALSE,TRUE,America/Chicago,3
18602,Floodwood,Floodwood,MN,Minnesota,27137,St. Louis,46.9173,-92.9187,522,132,polygon,FALSE,TRUE,America/Chicago,3
18603,Effingham,Effingham,KS,Kansas,20005,Atchison,39.5226,-95.397,522,325,polygon,FALSE,TRUE,America/Chicago,3
18604,Little River,Little River,KS,Kansas,20159,Rice,38.3983,-98.0148,522,516,polygon,FALSE,TRUE,America/Chicago,3
18605,Parker School,Parker School,MT,Montana,30041,Hill,48.2468,-109.7342,522,27,polygon,FALSE,FALSE,America/Denver,3
18606,Lake Norden,Lake Norden,SD,South Dakota,46057,Hamlin,44.5798,-97.2109,522,235,polygon,FALSE,TRUE,America/Chicago,3
18607,Three Lakes,Three Lakes,WI,Wisconsin,55085,Oneida,45.8048,-89.1708,521,71,polygon,FALSE,FALSE,America/Chicago,3
18608,Homer,Homer,NE,Nebraska,31043,Dakota,42.3225,-96.4912,521,543,polygon,FALSE,TRUE,America/Chicago,3
18609,Big Sandy,Big Sandy,TN,Tennessee,47005,Benton,36.2325,-88.0854,521,288,polygon,FALSE,TRUE,America/Chicago,3
18610,Bliss,Bliss,NY,New York,36121,Wyoming,42.5801,-78.2538,521,20,polygon,FALSE,FALSE,America/New_York,3
18611,Accord,Accord,NY,New York,36111,Ulster,41.7972,-74.2319,521,59,polygon,FALSE,FALSE,America/New_York,3
18612,Hillsboro,Hillsboro,AL,Alabama,1079,Lawrence,34.6408,-87.1837,521,106,polygon,FALSE,TRUE,America/Chicago,3
18613,Oak Grove,Oak Grove,AL,Alabama,1121,Talladega,33.1928,-86.3036,521,113,polygon,FALSE,TRUE,America/Chicago,3
18614,Paris,Paris,ID,Idaho,16007,Bear Lake,42.2273,-111.4032,521,57,polygon,FALSE,TRUE,America/Boise,3
18615,Stonewall,Stonewall,OK,Oklahoma,40123,Pontotoc,34.6504,-96.5268,521,437,polygon,FALSE,TRUE,America/Chicago,3
18616,Clearbrook,Clearbrook,MN,Minnesota,27029,Clearwater,47.6962,-95.4287,521,390,polygon,FALSE,TRUE,America/Chicago,3
18617,Mulberry,Mulberry,KS,Kansas,20037,Crawford,37.5562,-94.6236,521,427,polygon,FALSE,TRUE,America/Chicago,3
18618,Jefferson City,Jefferson City,MT,Montana,30043,Jefferson,46.378,-112.0305,521,8,polygon,FALSE,FALSE,America/Denver,3
18619,Winfield,Winfield,TX,Texas,48449,Titus,33.1658,-95.1105,520,258,polygon,FALSE,TRUE,America/Chicago,3
18620,La Puerta,La Puerta,TX,Texas,48427,Starr,26.3468,-98.7504,520,632,polygon,FALSE,FALSE,America/Chicago,3
18621,Calhoun,Calhoun,LA,Louisiana,22073,Ouachita,32.5153,-92.3539,520,85,polygon,FALSE,FALSE,America/Chicago,3
18622,Reinerton,Reinerton,PA,Pennsylvania,42107,Schuylkill,40.5914,-76.5359,520,432,polygon,FALSE,FALSE,America/New_York,3
18623,Arcadia,Arcadia,IA,Iowa,19027,Carroll,42.0862,-95.0432,520,203,polygon,FALSE,TRUE,America/Chicago,3
18624,Lewisville,Lewisville,ID,Idaho,16051,Jefferson,43.6951,-112.0131,520,332,polygon,FALSE,TRUE,America/Boise,3
18625,Republic,Republic,OH,Ohio,39147,Seneca,41.125,-83.0167,520,232,polygon,FALSE,TRUE,America/New_York,3
18626,Sheldon,Sheldon,MO,Missouri,29217,Vernon,37.6582,-94.2954,520,382,polygon,FALSE,TRUE,America/Chicago,3
18627,Audubon,Audubon,MN,Minnesota,27005,Becker,46.8629,-95.9809,520,364,polygon,FALSE,TRUE,America/Chicago,3
18628,East Glacier Park Village,East Glacier Park Village,MT,Montana,30035,Glacier,48.4459,-113.2236,520,46,polygon,FALSE,FALSE,America/Denver,3
18629,Sonora,Sonora,KY,Kentucky,21093,Hardin,37.5319,-85.8947,520,148,polygon,FALSE,TRUE,America/New_York,3
18630,Ettrick,Ettrick,WI,Wisconsin,55121,Trempealeau,44.1695,-91.265,519,271,polygon,FALSE,TRUE,America/Chicago,3
18631,Stetsonville,Stetsonville,WI,Wisconsin,55119,Taylor,45.0772,-90.3143,519,512,polygon,FALSE,TRUE,America/Chicago,3
18632,Morgan,Morgan,TX,Texas,48035,Bosque,32.0156,-97.6061,519,270,polygon,FALSE,TRUE,America/Chicago,3
18633,Pine Forest,Pine Forest,TX,Texas,48361,Orange,30.1757,-94.0367,519,71,polygon,FALSE,TRUE,America/Chicago,3
18634,Sunbright,Sunbright,TN,Tennessee,47129,Morgan,36.2428,-84.6801,519,57,polygon,FALSE,TRUE,America/New_York,3
18635,Cayuga,Cayuga,NY,New York,36011,Cayuga,42.9191,-76.7265,519,221,polygon,FALSE,TRUE,America/New_York,3
18636,East Randolph,East Randolph,NY,New York,36009,Cattaraugus,42.1692,-78.9521,519,184,polygon,FALSE,FALSE,America/New_York,3
18637,Rockvale,Rockvale,CO,Colorado,8043,Fremont,38.3644,-105.1646,519,98,polygon,FALSE,TRUE,America/Denver,3
18638,Our Town,Our Town,AL,Alabama,1123,Tallapoosa,32.8304,-85.9687,519,16,polygon,FALSE,FALSE,America/Chicago,3
18639,Canute,Canute,OK,Oklahoma,40149,Washita,35.422,-99.2776,519,307,polygon,FALSE,TRUE,America/Chicago,3
18640,Eagle Bend,Eagle Bend,MN,Minnesota,27153,Todd,46.1643,-95.0341,519,148,polygon,FALSE,TRUE,America/Chicago,3
18641,Ashland,Ashland,MS,Mississippi,28009,Benton,34.8341,-89.1778,519,109,polygon,FALSE,TRUE,America/Chicago,3
18642,Fairfield,Fairfield,PA,Pennsylvania,42001,Adams,39.7891,-77.3698,518,297,polygon,FALSE,TRUE,America/New_York,3
18643,Gibraltar,Gibraltar,PA,Pennsylvania,42011,Berks,40.2809,-75.8608,518,170,polygon,FALSE,FALSE,America/New_York,3
18644,De Beque,De Beque,CO,Colorado,8077,Mesa,39.3052,-108.208,518,101,polygon,FALSE,TRUE,America/Denver,3
18645,Equality,Equality,IL,Illinois,17059,Gallatin,37.7371,-88.3421,518,227,polygon,FALSE,TRUE,America/Chicago,3
18646,Stillmore,Stillmore,GA,Georgia,13107,Emanuel,32.441,-82.2145,518,64,polygon,FALSE,TRUE,America/New_York,3
18647,Zearing,Zearing,IA,Iowa,19169,Story,42.1589,-93.2972,518,267,polygon,FALSE,TRUE,America/Chicago,3
18648,Brecon,Brecon,OH,Ohio,39061,Hamilton,39.2797,-84.3521,518,332,polygon,FALSE,FALSE,America/New_York,3
18649,Dupree,Dupree,SD,South Dakota,46137,Ziebach,45.0495,-101.6013,518,510,polygon,FALSE,TRUE,America/Denver,3
18650,Big Piney,Big Piney,WY,Wyoming,56035,Sublette,42.5401,-110.1192,517,392,polygon,FALSE,TRUE,America/Denver,3
18651,Acomita Lake,Acomita Lake,NM,New Mexico,35006,Cibola,35.066,-107.6173,517,57,polygon,FALSE,FALSE,America/Denver,3
18652,Avoca,Avoca,AR,Arkansas,5007,Benton,36.398,-94.071,517,106,polygon,FALSE,TRUE,America/Chicago,3
18653,Lake Seneca,Lake Seneca,OH,Ohio,39171,Williams,41.6695,-84.6516,517,140,polygon,FALSE,FALSE,America/New_York,3
18654,Hamburg,Hamburg,MN,Minnesota,27019,Carver,44.7327,-93.9644,517,979,polygon,FALSE,TRUE,America/Chicago,3
18655,Bentley,Bentley,KS,Kansas,20173,Sedgwick,37.8867,-97.5147,517,657,polygon,FALSE,TRUE,America/Chicago,3
18656,Fowler,Fowler,KS,Kansas,20119,Meade,37.3827,-100.1956,517,421,polygon,FALSE,TRUE,America/Chicago,3
18657,George,George,WA,Washington,53025,Grant,47.0846,-119.86,516,144,polygon,FALSE,TRUE,America/Los_Angeles,3
18658,Tannersville,Tannersville,NY,New York,36039,Greene,42.1937,-74.1353,516,171,polygon,FALSE,TRUE,America/New_York,3
18659,Carter Springs,Carter Springs,NV,Nevada,32005,Douglas,38.8619,-119.6413,516,71,polygon,FALSE,TRUE,America/Los_Angeles,3
18660,Walsh,Walsh,CO,Colorado,8009,Baca,37.3861,-102.2799,516,445,polygon,FALSE,TRUE,America/Denver,3
18661,St. Mary's,St. Mary's,CO,Colorado,8019,Clear Creek,39.8162,-105.6479,516,138,polygon,FALSE,TRUE,America/Denver,3
18662,Chadwick,Chadwick,IL,Illinois,17015,Carroll,42.0142,-89.8885,516,639,polygon,FALSE,TRUE,America/Chicago,3
18663,Hudson,Hudson,IN,Indiana,18151,Steuben,41.5318,-85.084,516,286,polygon,FALSE,TRUE,America/Indiana/Indianapolis,3
18664,Deary,Deary,ID,Idaho,16057,Latah,46.8003,-116.5571,516,303,polygon,FALSE,TRUE,America/Los_Angeles,3
18665,Fairfield,Fairfield,OK,Oklahoma,40001,Adair,35.8407,-94.6062,516,40,polygon,FALSE,FALSE,America/Chicago,3
18666,La Plata,La Plata,NM,New Mexico,35045,San Juan,36.9232,-108.1932,515,19,polygon,FALSE,FALSE,America/Denver,3
18667,Easton,Easton,TX,Texas,48401,Rusk,32.382,-94.5912,515,81,polygon,FALSE,TRUE,America/Chicago,3
18668,Oakwood,Oakwood,TX,Texas,48289,Leon,31.5848,-95.8499,515,175,polygon,FALSE,TRUE,America/Chicago,3
18669,Fairmont,Fairmont,NE,Nebraska,31059,Fillmore,40.6333,-97.5876,515,243,polygon,FALSE,TRUE,America/Chicago,3
18670,Chestertown,Chestertown,NY,New York,36113,Warren,43.6461,-73.7945,515,51,polygon,FALSE,FALSE,America/New_York,3
18671,Metompkin,Metompkin,VA,Virginia,51001,Accomack,37.7671,-75.6054,515,171,polygon,FALSE,FALSE,America/New_York,3
18672,Coleville,Coleville,CA,California,6051,Mono,38.5834,-119.516,515,14,polygon,FALSE,FALSE,America/Los_Angeles,3
18673,Niland,Niland,CA,California,6025,Imperial,33.2387,-115.5146,515,495,polygon,FALSE,FALSE,America/Los_Angeles,3
18674,La Crosse,La Crosse,IN,Indiana,18091,LaPorte,41.3179,-86.8896,515,386,polygon,FALSE,TRUE,America/Chicago,3
18675,Early,Early,IA,Iowa,19161,Sac,42.4615,-95.1522,515,508,polygon,FALSE,TRUE,America/Chicago,3
18676,Wyoming,Wyoming,IA,Iowa,19105,Jones,42.0597,-91.0051,515,389,polygon,FALSE,TRUE,America/Chicago,3
18677,Jamesport,Jamesport,MO,Missouri,29061,Daviess,39.9749,-93.8029,515,354,polygon,FALSE,TRUE,America/Chicago,3
18678,Meadow View Addition,Meadow View Addition,SD,South Dakota,46099,Minnehaha,43.6233,-96.7023,515,183,polygon,FALSE,FALSE,America/Chicago,3
18679,Wilkeson,Wilkeson,WA,Washington,53053,Pierce,47.1034,-122.0495,514,426,polygon,FALSE,TRUE,America/Los_Angeles,3
18680,Stewartsville,Stewartsville,NJ,New Jersey,34041,Warren,40.6939,-75.1115,514,1543,polygon,FALSE,FALSE,America/New_York,3
18681,Gloucester,Gloucester,NC,North Carolina,37031,Carteret,34.7292,-76.5391,514,138,polygon,FALSE,FALSE,America/New_York,3
18682,Delleker,Delleker,CA,California,6063,Plumas,39.8101,-120.4969,514,71,polygon,FALSE,FALSE,America/Los_Angeles,3
18683,Edmundson Acres,Edmundson Acres,CA,California,6029,Kern,35.2273,-118.8233,514,2984,polygon,FALSE,FALSE,America/Los_Angeles,2
18684,Lyerly,Lyerly,GA,Georgia,13055,Chattooga,34.4035,-85.4041,514,264,polygon,FALSE,TRUE,America/New_York,3
18685,Williamson,Williamson,GA,Georgia,13231,Pike,33.1777,-84.3582,514,151,polygon,FALSE,TRUE,America/New_York,3
18686,Advance,Advance,IN,Indiana,18011,Boone,39.9956,-86.6199,514,336,polygon,FALSE,TRUE,America/Indiana/Indianapolis,3
18687,Thackerville,Thackerville,OK,Oklahoma,40085,Love,33.7937,-97.1422,514,90,polygon,FALSE,TRUE,America/Chicago,3
18688,Tropic,Tropic,UT,Utah,49017,Garfield,37.6293,-112.0914,514,25,polygon,FALSE,TRUE,America/Denver,3
18689,Corral Viejo,Corral Viejo,PR,Puerto Rico,72113,Ponce,18.0756,-66.6523,514,1133,polygon,FALSE,FALSE,America/Puerto_Rico,3
18690,Grantsville,Grantsville,WV,West Virginia,54013,Calhoun,38.9204,-81.0934,513,455,polygon,FALSE,TRUE,America/New_York,3
18691,East Millstone,East Millstone,NJ,New Jersey,34035,Somerset,40.5011,-74.5661,513,88,polygon,FALSE,FALSE,America/New_York,3
18692,Ranchitos East,Ranchitos East,TX,Texas,48479,Webb,27.4901,-99.3668,513,3263,polygon,FALSE,TRUE,America/Chicago,2
18693,Grayson,Grayson,LA,Louisiana,22021,Caldwell,32.0492,-92.1116,513,155,polygon,FALSE,TRUE,America/Chicago,3
18694,Hostetter,Hostetter,PA,Pennsylvania,42129,Westmoreland,40.264,-79.3976,513,272,polygon,FALSE,FALSE,America/New_York,3
18695,Portland,Portland,PA,Pennsylvania,42095,Northampton,40.9216,-75.0985,513,403,polygon,FALSE,TRUE,America/New_York,3
18696,Downieville-Lawson-Dumont,Downieville-Lawson-Dumont,CO,Colorado,8019,Clear Creek,39.7662,-105.6126,513,254,polygon,FALSE,TRUE,America/Denver,3
18697,Rankin,Rankin,IL,Illinois,17183,Vermilion,40.4644,-87.8959,513,342,polygon,FALSE,TRUE,America/Chicago,3
18698,Trout Valley,Trout Valley,IL,Illinois,17111,McHenry,42.1978,-88.2538,513,463,polygon,FALSE,TRUE,America/Chicago,3
18699,Markleville,Markleville,IN,Indiana,18095,Madison,39.9763,-85.6166,513,357,polygon,FALSE,TRUE,America/Indiana/Indianapolis,3
18700,Shelbyville,Shelbyville,MO,Missouri,29205,Shelby,39.8072,-92.0404,513,255,polygon,FALSE,TRUE,America/Chicago,3
18701,Pennock,Pennock,MN,Minnesota,27067,Kandiyohi,45.1459,-95.175,513,193,polygon,FALSE,TRUE,America/Chicago,3
18702,Gates,Gates,OR,Oregon,41047,Marion,44.7561,-122.4201,513,306,polygon,FALSE,TRUE,America/Los_Angeles,3
18703,Adell,Adell,WI,Wisconsin,55117,Sheboygan,43.6214,-87.9482,512,354,polygon,FALSE,TRUE,America/Chicago,3
18704,Stockton,Stockton,NJ,New Jersey,34019,Hunterdon,40.4062,-74.9759,512,361,polygon,FALSE,TRUE,America/New_York,3
18705,Pardeesville,Pardeesville,PA,Pennsylvania,42079,Luzerne,41.0008,-75.9681,512,302,polygon,FALSE,FALSE,America/New_York,3
18706,Wanamie,Wanamie,PA,Pennsylvania,42079,Luzerne,41.1763,-76.0384,512,201,polygon,FALSE,FALSE,America/New_York,3
18707,Felton,Felton,PA,Pennsylvania,42133,York,39.857,-76.5611,512,313,polygon,FALSE,TRUE,America/New_York,3
18708,Monroe,Monroe,PA,Pennsylvania,42015,Bradford,41.7124,-76.4759,512,400,polygon,FALSE,TRUE,America/New_York,3
18709,Charlotte Court House,Charlotte Court House,VA,Virginia,51037,Charlotte,37.0563,-78.6377,512,49,polygon,FALSE,TRUE,America/New_York,3
18710,Franklin,Franklin,AL,Alabama,1087,Macon,32.4514,-85.7864,512,13,polygon,FALSE,TRUE,America/Chicago,3
18711,Newville,Newville,AL,Alabama,1067,Henry,31.4206,-85.3367,512,49,polygon,FALSE,TRUE,America/Chicago,3
18712,McKinley Heights,McKinley Heights,OH,Ohio,39155,Trumbull,41.1859,-80.7177,512,220,polygon,FALSE,FALSE,America/New_York,3
18713,Russellville,Russellville,OH,Ohio,39015,Brown,38.8673,-83.7878,512,271,polygon,FALSE,TRUE,America/New_York,3
18714,Lewistown,Lewistown,MO,Missouri,29111,Lewis,40.0848,-91.8138,512,400,polygon,FALSE,TRUE,America/Chicago,3
18715,Bancroft,Bancroft,KY,Kentucky,21111,Jefferson,38.2832,-85.6129,512,1302,polygon,FALSE,TRUE,America/New_York,3
18716,Mount Vernon,Mount Vernon,OR,Oregon,41023,Grant,44.4169,-119.1132,512,289,polygon,FALSE,TRUE,America/Los_Angeles,3
18717,Gays Mills,Gays Mills,WI,Wisconsin,55023,Crawford,43.322,-90.8489,511,40,polygon,FALSE,TRUE,America/Chicago,3
18718,Sarita,Sarita,TX,Texas,48261,Kenedy,27.2235,-97.7951,511,165,polygon,FALSE,FALSE,America/Chicago,3
18719,Hatteras,Hatteras,NC,North Carolina,37055,Dare,35.2173,-75.6873,511,125,polygon,FALSE,FALSE,America/New_York,3
18720,Engelhard,Engelhard,NC,North Carolina,37095,Hyde,35.5092,-76.0095,511,61,polygon,FALSE,FALSE,America/New_York,3
18721,Seven Valleys,Seven Valleys,PA,Pennsylvania,42133,York,39.8545,-76.7667,511,181,polygon,FALSE,TRUE,America/New_York,3
18722,Ivy,Ivy,VA,Virginia,51003,Albemarle,38.0611,-78.5987,511,83,polygon,FALSE,FALSE,America/New_York,3
18723,East Springfield,East Springfield,OH,Ohio,39081,Jefferson,40.4473,-80.8601,511,480,polygon,FALSE,FALSE,America/New_York,3
18724,New Bloomington,New Bloomington,OH,Ohio,39101,Marion,40.5837,-83.3125,511,448,polygon,FALSE,TRUE,America/New_York,3
18725,Big Water,Big Water,UT,Utah,49025,Kane,37.0729,-111.6608,511,32,polygon,FALSE,TRUE,America/Denver,3
18726,Milford,Milford,KS,Kansas,20061,Geary,39.1731,-96.9103,511,345,polygon,FALSE,TRUE,America/Chicago,3
18727,Courtland,Courtland,MS,Mississippi,28107,Panola,34.2409,-89.9433,511,174,polygon,FALSE,TRUE,America/Chicago,3
18728,Jacksonboro,Jacksonboro,SC,South Carolina,45029,Colleton,32.7718,-80.4769,511,13,polygon,FALSE,FALSE,America/New_York,3
18729,Jefferson,Jefferson,SD,South Dakota,46127,Union,42.6042,-96.5661,511,386,polygon,FALSE,TRUE,America/Chicago,3
18730,Mountain Lake,Mountain Lake,NJ,New Jersey,34041,Warren,40.8614,-74.9858,510,174,polygon,FALSE,TRUE,America/New_York,3
18731,Aurora,Aurora,NC,North Carolina,37013,Beaufort,35.303,-76.7889,510,212,polygon,FALSE,TRUE,America/New_York,3
18732,Dayton,Dayton,PA,Pennsylvania,42005,Armstrong,40.8811,-79.2411,510,523,polygon,FALSE,TRUE,America/New_York,3
18733,Butte Valley,Butte Valley,CA,California,6007,Butte,39.6571,-121.6363,510,10,polygon,FALSE,TRUE,America/Los_Angeles,3
18734,Elkmont,Elkmont,AL,Alabama,1083,Limestone,34.9289,-86.9765,510,119,polygon,FALSE,TRUE,America/Chicago,3
18735,Avon,Avon,AL,Alabama,1069,Houston,31.1799,-85.2802,510,76,polygon,FALSE,TRUE,America/Chicago,3
18736,Bergman,Bergman,AR,Arkansas,5009,Boone,36.3128,-93.0115,510,150,polygon,FALSE,TRUE,America/Chicago,3
18737,Kimmell,Kimmell,IN,Indiana,18113,Noble,41.395,-85.5487,510,205,polygon,FALSE,FALSE,America/Indiana/Indianapolis,3
18738,Staunton,Staunton,IN,Indiana,18021,Clay,39.4864,-87.1889,510,602,polygon,FALSE,TRUE,America/Indiana/Indianapolis,3
18739,Manistee Lake,Manistee Lake,MI,Michigan,26079,Kalkaska,44.7841,-85.0211,510,55,polygon,FALSE,TRUE,America/Detroit,3
18740,Moran,Moran,KS,Kansas,20001,Allen,37.9165,-95.1715,510,470,polygon,FALSE,TRUE,America/Chicago,3
18741,Touchet,Touchet,WA,Washington,53071,Walla Walla,46.0412,-118.6724,509,161,polygon,FALSE,FALSE,America/Los_Angeles,3
18742,Gibbsville,Gibbsville,WI,Wisconsin,55117,Sheboygan,43.652,-87.8317,509,230,polygon,FALSE,FALSE,America/Chicago,3
18743,Boys Ranch,Boys Ranch,TX,Texas,48359,Oldham,35.5331,-102.2536,509,123,polygon,FALSE,FALSE,America/Chicago,3
18744,New Stuyahok,New Stuyahok,AK,Alaska,2070,Dillingham,59.4762,-157.271,509,5,polygon,FALSE,TRUE,America/Anchorage,3
18745,Canaseraga,Canaseraga,NY,New York,36003,Allegany,42.4618,-77.7773,509,185,polygon,FALSE,TRUE,America/New_York,3
18746,Laurel Run,Laurel Run,PA,Pennsylvania,42079,Luzerne,41.2194,-75.8445,509,37,polygon,FALSE,TRUE,America/New_York,3
18747,Cromwell,Cromwell,IN,Indiana,18113,Noble,41.4034,-85.6142,509,685,polygon,FALSE,TRUE,America/Indiana/Indianapolis,3
18748,Lovilia,Lovilia,IA,Iowa,19135,Monroe,41.1348,-92.9082,509,384,polygon,FALSE,TRUE,America/Chicago,3
18749,Ringwood,Ringwood,OK,Oklahoma,40093,Major,36.3821,-98.2412,509,222,polygon,FALSE,TRUE,America/Chicago,3
18750,Parkway,Parkway,MO,Missouri,29071,Franklin,38.3361,-90.9711,509,537,polygon,FALSE,TRUE,America/Chicago,3
18751,Eolia,Eolia,MO,Missouri,29163,Pike,39.2388,-91.0119,509,161,polygon,FALSE,TRUE,America/Chicago,3
18752,Willernie,Willernie,MN,Minnesota,27163,Washington,45.054,-92.9571,509,1570,polygon,FALSE,TRUE,America/Chicago,3
18753,Haring,Haring,MI,Michigan,26165,Wexford,44.2821,-85.4005,509,88,polygon,FALSE,FALSE,America/Detroit,3
18754,Pine Hollow,Pine Hollow,OR,Oregon,41065,Wasco,45.242,-121.291,509,88,polygon,FALSE,FALSE,America/Los_Angeles,3
18755,Mesa,Mesa,WA,Washington,53021,Franklin,46.5735,-119.0013,508,118,polygon,FALSE,TRUE,America/Los_Angeles,3
18756,Laupahoehoe,Laupahoehoe,HI,Hawaii,15001,Hawaii,19.9749,-155.238,508,92,polygon,FALSE,FALSE,Pacific/Honolulu,3
18757,Berry Hill,Berry Hill,TN,Tennessee,47037,Davidson,36.1196,-86.7673,508,216,polygon,FALSE,TRUE,America/Chicago,3
18758,Hydetown,Hydetown,PA,Pennsylvania,42039,Crawford,41.6512,-79.7245,508,86,polygon,FALSE,TRUE,America/New_York,3
18759,Franklintown,Franklintown,PA,Pennsylvania,42133,York,40.0761,-77.0296,508,767,polygon,FALSE,TRUE,America/New_York,3
18760,Bird-in-Hand,Bird-in-Hand,PA,Pennsylvania,42071,Lancaster,40.0373,-76.1863,508,317,polygon,FALSE,TRUE,America/New_York,3
18761,June Lake,June Lake,CA,California,6051,Mono,37.7677,-119.1022,508,24,polygon,FALSE,FALSE,America/Los_Angeles,3
18762,Winchester,Winchester,OK,Oklahoma,40111,Okmulgee,35.7906,-95.9983,508,36,polygon,FALSE,TRUE,America/Chicago,3
18763,Minford,Minford,OH,Ohio,39145,Scioto,38.8618,-82.8552,508,112,polygon,FALSE,FALSE,America/New_York,3
18764,Randolph,Randolph,UT,Utah,49033,Rich,41.6644,-111.1857,508,178,polygon,FALSE,TRUE,America/Denver,3
18765,New Melle,New Melle,MO,Missouri,29183,St. Charles,38.7181,-90.8833,508,116,polygon,FALSE,TRUE,America/Chicago,3
18766,Cedar Vale,Cedar Vale,KS,Kansas,20019,Chautauqua,37.1061,-96.5018,508,260,polygon,FALSE,TRUE,America/Chicago,3
18767,San Leanna,San Leanna,TX,Texas,48453,Travis,30.1442,-97.8196,507,440,polygon,FALSE,TRUE,America/Chicago,3
18768,Briaroaks,Briaroaks,TX,Texas,48251,Johnson,32.4958,-97.3033,507,183,polygon,FALSE,TRUE,America/Chicago,3
18769,Pink Hill,Pink Hill,NC,North Carolina,37107,Lenoir,35.0563,-77.7436,507,421,polygon,FALSE,TRUE,America/New_York,3
18770,Bolton Landing,Bolton Landing,NY,New York,36113,Warren,43.5614,-73.6588,507,184,polygon,FALSE,FALSE,America/New_York,3
18771,Reynolds,Reynolds,IL,Illinois,17161,Rock Island,41.3319,-90.6723,507,531,polygon,FALSE,TRUE,America/Chicago,3
18772,Swea City,Swea City,IA,Iowa,19109,Kossuth,43.3832,-94.3111,507,265,polygon,FALSE,TRUE,America/Chicago,3
18773,Otho,Otho,IA,Iowa,19187,Webster,42.4222,-94.1493,507,427,polygon,FALSE,TRUE,America/Chicago,3
18774,Allerton,Allerton,IA,Iowa,19185,Wayne,40.7077,-93.3689,507,171,polygon,FALSE,TRUE,America/Chicago,3
18775,Groton Long Point,Groton Long Point,CT,Connecticut,9011,New London,41.3145,-72.0087,507,458,polygon,FALSE,TRUE,America/New_York,3
18776,Rock Creek,Rock Creek,OH,Ohio,39007,Ashtabula,41.6604,-80.8543,507,220,polygon,FALSE,TRUE,America/New_York,3
18777,New Haven,New Haven,OH,Ohio,39061,Hamilton,39.2772,-84.744,507,188,polygon,FALSE,FALSE,America/New_York,3
18778,Amboy,Amboy,MN,Minnesota,27013,Blue Earth,43.888,-94.1582,507,621,polygon,FALSE,TRUE,America/Chicago,3
18779,Eastlake,Eastlake,MI,Michigan,26101,Manistee,44.2449,-86.2927,507,163,polygon,FALSE,TRUE,America/Detroit,3
18780,Chief Lake,Chief Lake,WI,Wisconsin,55113,Sawyer,45.9213,-91.3312,506,9,polygon,FALSE,FALSE,America/Chicago,3
18781,St. Joseph,St. Joseph,WI,Wisconsin,55063,La Crosse,43.7855,-91.0436,506,103,polygon,FALSE,FALSE,America/Chicago,3
18782,Bear River,Bear River,WY,Wyoming,56041,Uinta,41.3859,-111.0271,506,101,polygon,FALSE,TRUE,America/Denver,3
18783,Sargent,Sargent,NE,Nebraska,31041,Custer,41.6399,-99.3688,506,179,polygon,FALSE,TRUE,America/Chicago,3
18784,Green Lane,Green Lane,PA,Pennsylvania,42091,Montgomery,40.3364,-75.4709,506,612,polygon,FALSE,TRUE,America/New_York,3
18785,Newell,Newell,PA,Pennsylvania,42051,Fayette,40.0748,-79.8897,506,313,polygon,FALSE,TRUE,America/New_York,3
18786,Grand Lake,Grand Lake,CO,Colorado,8049,Grand,40.2503,-105.8231,506,189,polygon,FALSE,TRUE,America/Denver,3
18787,Sacaton Flats Village,Sacaton Flats Village,AZ,Arizona,4021,Pinal,33.0559,-111.659,506,31,polygon,FALSE,TRUE,America/Phoenix,3
18788,Center,Center,MO,Missouri,29173,Ralls,39.5096,-91.5291,506,492,polygon,FALSE,TRUE,America/Chicago,3
18789,Benzonia,Benzonia,MI,Michigan,26019,Benzie,44.616,-86.0989,506,172,polygon,FALSE,TRUE,America/Detroit,3
18790,Cankton,Cankton,LA,Louisiana,22097,St. Landry,30.3455,-92.113,505,95,polygon,FALSE,TRUE,America/Chicago,3
18791,Cross Roads,Cross Roads,PA,Pennsylvania,42133,York,39.82,-76.5728,505,107,polygon,FALSE,TRUE,America/New_York,3
18792,Summerville,Summerville,PA,Pennsylvania,42065,Jefferson,41.1163,-79.1879,505,327,polygon,FALSE,TRUE,America/New_York,3
18793,Saguache,Saguache,CO,Colorado,8109,Saguache,38.0863,-106.1409,505,494,polygon,FALSE,TRUE,America/Denver,3
18794,Hillsdale,Hillsdale,IL,Illinois,17161,Rock Island,41.6108,-90.1752,505,300,polygon,FALSE,TRUE,America/Chicago,3
18795,Christiansburg,Christiansburg,OH,Ohio,39021,Champaign,40.0567,-84.0254,505,820,polygon,FALSE,TRUE,America/New_York,3
18796,Brownsville,Brownsville,MN,Minnesota,27055,Houston,43.6992,-91.2823,505,105,polygon,FALSE,TRUE,America/Chicago,3
18797,Eskridge,Eskridge,KS,Kansas,20197,Wabaunsee,38.8595,-96.1049,505,376,polygon,FALSE,TRUE,America/Chicago,3
18798,Clifton,Clifton,KS,Kansas,20201,Washington,39.5681,-97.2807,505,477,polygon,FALSE,TRUE,America/Chicago,3
18799,Cross Hill,Cross Hill,SC,South Carolina,45059,Laurens,34.3045,-81.9836,505,61,polygon,FALSE,TRUE,America/New_York,3
18800,Forman,Forman,ND,North Dakota,38081,Sargent,46.104,-97.6369,504,249,polygon,FALSE,TRUE,America/Chicago,3
18801,Lockhart,Lockhart,AL,Alabama,1039,Covington,31.0128,-86.3505,504,178,polygon,FALSE,TRUE,America/Chicago,3
18802,Strong,Strong,AR,Arkansas,5139,Union,33.1079,-92.3598,504,175,polygon,FALSE,TRUE,America/Chicago,3
18803,Mound City,Mound City,IL,Illinois,17153,Pulaski,37.0854,-89.1628,504,288,polygon,FALSE,TRUE,America/Chicago,3
18804,Dows,Dows,IA,Iowa,19197,Wright,42.6593,-93.5012,504,252,polygon,FALSE,TRUE,America/Chicago,3
18805,Runnells,Runnells,IA,Iowa,19153,Polk,41.5141,-93.3604,504,456,polygon,FALSE,TRUE,America/Chicago,3
18806,Darrtown,Darrtown,OH,Ohio,39017,Butler,39.4975,-84.669,504,82,polygon,FALSE,FALSE,America/New_York,3
18807,Houston Acres,Houston Acres,KY,Kentucky,21111,Jefferson,38.2147,-85.6143,504,1350,polygon,FALSE,TRUE,America/New_York,3
18808,Minong,Minong,WI,Wisconsin,55129,Washburn,46.0978,-91.8263,503,127,polygon,FALSE,TRUE,America/Chicago,3
18809,Amherstdale,Amherstdale,WV,West Virginia,54045,Logan,37.7799,-81.8183,503,64,polygon,FALSE,FALSE,America/New_York,3
18810,Hermleigh,Hermleigh,TX,Texas,48415,Scurry,32.6365,-100.7523,503,21,polygon,FALSE,FALSE,America/Chicago,3
18811,Wrigley,Wrigley,TN,Tennessee,47081,Hickman,35.8997,-87.3537,503,203,polygon,FALSE,FALSE,America/Chicago,3
18812,Granada,Granada,CO,Colorado,8099,Prowers,38.063,-102.3115,503,283,polygon,FALSE,TRUE,America/Denver,3
18813,Liberty,Liberty,IL,Illinois,17001,Adams,39.8842,-91.1084,503,496,polygon,FALSE,TRUE,America/Chicago,3
18814,Odum,Odum,GA,Georgia,13305,Wayne,31.6665,-82.0269,503,95,polygon,FALSE,TRUE,America/New_York,3
18815,Laurelville,Laurelville,OH,Ohio,39073,Hocking,39.4719,-82.7374,503,920,polygon,FALSE,TRUE,America/New_York,3
18816,Wheelwright,Wheelwright,KY,Kentucky,21071,Floyd,37.3392,-82.7186,503,110,polygon,FALSE,TRUE,America/New_York,3
18817,Hampton,Hampton,FL,Florida,12007,Bradford,29.8643,-82.138,502,183,polygon,FALSE,TRUE,America/New_York,3
18818,Jayton,Jayton,TX,Texas,48263,Kent,33.2502,-100.5748,502,114,polygon,FALSE,TRUE,America/Chicago,3
18819,Leary,Leary,TX,Texas,48037,Bowie,33.469,-94.2191,502,149,polygon,FALSE,TRUE,America/Chicago,3
18820,Parryville,Parryville,PA,Pennsylvania,42025,Carbon,40.8243,-75.6701,502,120,polygon,FALSE,TRUE,America/New_York,3
18821,Fawn Lake Forest,Fawn Lake Forest,PA,Pennsylvania,42103,Pike,41.5158,-75.0548,502,75,polygon,FALSE,FALSE,America/New_York,3
18822,Wintergreen,Wintergreen,VA,Virginia,51125,Nelson,37.9161,-78.9382,502,22,polygon,FALSE,FALSE,America/New_York,3
18823,Central City,Central City,AR,Arkansas,5131,Sebastian,35.33,-94.2347,502,87,polygon,FALSE,TRUE,America/Chicago,3
18824,Dahlgren,Dahlgren,IL,Illinois,17065,Hamilton,38.198,-88.6847,502,190,polygon,FALSE,TRUE,America/Chicago,3
18825,McCurtain,McCurtain,OK,Oklahoma,40061,Haskell,35.1509,-94.9669,502,176,polygon,FALSE,TRUE,America/Chicago,3
18826,Hamersville,Hamersville,OH,Ohio,39015,Brown,38.9192,-83.9856,502,448,polygon,FALSE,TRUE,America/New_York,3
18827,Holt,Holt,MO,Missouri,29047,Clay,39.4553,-94.3371,502,431,polygon,FALSE,TRUE,America/Chicago,3
18828,Sacred Heart,Sacred Heart,MN,Minnesota,27129,Renville,44.7817,-95.3507,502,195,polygon,FALSE,TRUE,America/Chicago,3
18829,Robards,Robards,KY,Kentucky,21101,Henderson,37.6766,-87.5333,502,64,polygon,FALSE,TRUE,America/Chicago,3
18830,Arjay,Arjay,KY,Kentucky,21013,Bell,36.8061,-83.6421,502,312,polygon,FALSE,FALSE,America/New_York,3
18831,Waldo,Waldo,WI,Wisconsin,55117,Sheboygan,43.6766,-87.9478,501,198,polygon,FALSE,TRUE,America/Chicago,3
18832,Florence,Florence,WI,Wisconsin,55037,Florence,45.925,-88.2525,501,113,polygon,FALSE,FALSE,America/Chicago,3
18833,Chauncey,Chauncey,WV,West Virginia,54045,Logan,37.7652,-81.9834,501,134,polygon,FALSE,FALSE,America/New_York,3
18834,Drakes Branch,Drakes Branch,VA,Virginia,51037,Charlotte,36.9933,-78.6009,501,46,polygon,FALSE,TRUE,America/New_York,3
18835,Mount Sidney,Mount Sidney,VA,Virginia,51015,Augusta,38.2586,-78.9654,501,116,polygon,FALSE,FALSE,America/New_York,3
18836,Shelter Cove,Shelter Cove,CA,California,6023,Humboldt,40.0389,-124.0558,501,33,polygon,FALSE,FALSE,America/Los_Angeles,3
18837,Garden City,Garden City,AL,Alabama,1043,Cullman,34.0152,-86.752,501,64,polygon,FALSE,TRUE,America/Chicago,3
18838,Buda,Buda,IL,Illinois,17011,Bureau,41.329,-89.6793,501,190,polygon,FALSE,TRUE,America/Chicago,3
18839,Dalton City,Dalton City,IL,Illinois,17139,Moultrie,39.7168,-88.8065,501,317,polygon,FALSE,TRUE,America/Chicago,3
18840,Hillsboro,Hillsboro,IN,Indiana,18045,Fountain,40.1089,-87.1576,501,617,polygon,FALSE,TRUE,America/Indiana/Indianapolis,3
18841,Mackay,Mackay,ID,Idaho,16037,Custer,43.912,-113.6127,501,223,polygon,FALSE,TRUE,America/Boise,3
18842,Tryon,Tryon,OK,Oklahoma,40081,Lincoln,35.8816,-96.9655,501,83,polygon,FALSE,TRUE,America/Chicago,3
18843,Wayland,Wayland,MO,Missouri,29045,Clark,40.3963,-91.5754,501,287,polygon,FALSE,TRUE,America/Chicago,3
18844,Bethel,Bethel,MN,Minnesota,27003,Anoka,45.4022,-93.2711,501,197,polygon,FALSE,TRUE,America/Chicago,3
18845,Camden,Camden,MI,Michigan,26059,Hillsdale,41.755,-84.7562,501,241,polygon,FALSE,TRUE,America/Detroit,3
18846,Goessel,Goessel,KS,Kansas,20115,Marion,38.2473,-97.3456,501,511,polygon,FALSE,TRUE,America/Chicago,3
18847,Gas,Gas,KS,Kansas,20001,Allen,37.9229,-95.3453,501,268,polygon,FALSE,TRUE,America/Chicago,3
18848,Oakland,Oakland,MS,Mississippi,28161,Yalobusha,34.0557,-89.9151,501,141,polygon,FALSE,TRUE,America/Chicago,3
18849,Wilmot,Wilmot,SD,South Dakota,46109,Roberts,45.4091,-96.8546,501,362,polygon,FALSE,TRUE,America/Chicago,3
18850,Wilton,Wilton,WI,Wisconsin,55081,Monroe,43.8132,-90.5268,500,216,polygon,FALSE,TRUE,America/Chicago,3
18851,Gibson,Gibson,NC,North Carolina,37165,Scotland,34.7595,-79.6069,500,197,polygon,FALSE,TRUE,America/New_York,3
18852,Calhoun,Calhoun,TN,Tennessee,47107,McMinn,35.2979,-84.7454,500,177,polygon,FALSE,TRUE,America/New_York,3
18853,Onley,Onley,VA,Virginia,51001,Accomack,37.6916,-75.718,500,241,polygon,FALSE,TRUE,America/New_York,3
18854,Bass Lake,Bass Lake,CA,California,6039,Madera,37.328,-119.5668,500,102,polygon,FALSE,FALSE,America/Los_Angeles,3
18855,Joiner,Joiner,AR,Arkansas,5093,Mississippi,35.5056,-90.15,500,313,polygon,FALSE,TRUE,America/Chicago,3
18856,Leola,Leola,AR,Arkansas,5053,Grant,34.1701,-92.5914,500,225,polygon,FALSE,TRUE,America/Chicago,3
18857,Byromville,Byromville,GA,Georgia,13093,Dooly,32.2018,-83.9073,500,533,polygon,FALSE,TRUE,America/New_York,3
18858,Secretary,Secretary,MD,Maryland,24019,Dorchester,38.6082,-75.947,500,662,polygon,FALSE,TRUE,America/New_York,3
18859,Van Buren,Van Buren,OH,Ohio,39063,Hancock,41.1388,-83.6494,500,699,polygon,FALSE,TRUE,America/New_York,3
18860,Gem Lake,Gem Lake,MN,Minnesota,27123,Ramsey,45.0579,-93.0405,500,184,polygon,FALSE,TRUE,America/Chicago,3
18861,Freeport,Freeport,MI,Michigan,26015,Barry,42.7642,-85.316,500,244,polygon,FALSE,TRUE,America/Detroit,3
18862,Wishram,Wishram,WA,Washington,53039,Klickitat,45.6599,-120.9698,499,150,polygon,FALSE,FALSE,America/Los_Angeles,3
18863,Lucerne,Lucerne,WY,Wyoming,56017,Hot Springs,43.7136,-108.1873,499,9,polygon,FALSE,FALSE,America/Denver,3
18864,Chula Vista,Chula Vista,TX,Texas,48061,Cameron,26.0739,-97.4397,499,1053,polygon,FALSE,FALSE,America/Chicago,3
18865,South Mills,South Mills,NC,North Carolina,37029,Camden,36.4379,-76.3308,499,107,polygon,FALSE,FALSE,America/New_York,3
18866,Stockdale,Stockdale,PA,Pennsylvania,42125,Washington,40.0835,-79.8503,499,747,polygon,FALSE,TRUE,America/New_York,3
18867,Gordonville,Gordonville,PA,Pennsylvania,42071,Lancaster,40.0211,-76.1365,499,202,polygon,FALSE,FALSE,America/New_York,3
18868,Eva,Eva,AL,Alabama,1103,Morgan,34.3274,-86.7614,499,46,polygon,FALSE,TRUE,America/Chicago,3
18869,Elaine,Elaine,AR,Arkansas,5107,Phillips,34.3086,-90.8535,499,376,polygon,FALSE,TRUE,America/Chicago,3
18870,Farina,Farina,IL,Illinois,17051,Fayette,38.8301,-88.7797,499,132,polygon,FALSE,TRUE,America/Chicago,3
18871,New Albin,New Albin,IA,Iowa,19005,Allamakee,43.497,-91.2881,499,793,polygon,FALSE,TRUE,America/Chicago,3
18872,Firth,Firth,ID,Idaho,16011,Bingham,43.3057,-112.1834,499,336,polygon,FALSE,TRUE,America/Boise,3
18873,Spring Valley,Spring Valley,OH,Ohio,39057,Greene,39.6103,-84.0069,499,723,polygon,FALSE,TRUE,America/New_York,3
18874,Sterling,Sterling,MI,Michigan,26011,Arenac,44.0325,-84.0194,499,197,polygon,FALSE,TRUE,America/Detroit,3
18875,Franklin,Franklin,KS,Kansas,20037,Crawford,37.523,-94.6994,499,112,polygon,FALSE,FALSE,America/Chicago,3
18876,Lydia,Lydia,SC,South Carolina,45031,Darlington,34.2866,-80.1185,499,72,polygon,FALSE,FALSE,America/New_York,3
18877,Alcolu,Alcolu,SC,South Carolina,45027,Clarendon,33.7547,-80.2221,499,42,polygon,FALSE,FALSE,America/New_York,3
18878,Timber Lake,Timber Lake,SD,South Dakota,46041,Dewey,45.4279,-101.0747,499,473,polygon,FALSE,TRUE,America/Denver,3
18879,Bell,Bell,FL,Florida,12041,Gilchrist,29.7568,-82.862,498,117,polygon,FALSE,TRUE,America/New_York,3
18880,Point Place,Point Place,LA,Louisiana,22069,Natchitoches,31.6882,-93.0245,498,197,polygon,FALSE,FALSE,America/Chicago,3
18881,De Witt,De Witt,NE,Nebraska,31151,Saline,40.3953,-96.9222,498,460,polygon,FALSE,TRUE,America/Chicago,3
18882,Strattanville,Strattanville,PA,Pennsylvania,42031,Clarion,41.2025,-79.3268,498,384,polygon,FALSE,TRUE,America/New_York,3
18883,Shaver Lake,Shaver Lake,CA,California,6019,Fresno,37.0971,-119.3245,498,5,polygon,FALSE,FALSE,America/Los_Angeles,3
18884,New Salisbury,New Salisbury,IN,Indiana,18061,Harrison,38.314,-86.1,498,97,polygon,FALSE,FALSE,America/Kentucky/Louisville,3
18885,Plainville,Plainville,IN,Indiana,18027,Daviess,38.8049,-87.1515,498,557,polygon,FALSE,TRUE,America/Indiana/Vincennes,3
18886,Burt,Burt,IA,Iowa,19109,Kossuth,43.1989,-94.2211,498,441,polygon,FALSE,TRUE,America/Chicago,3
18887,Laddonia,Laddonia,MO,Missouri,29007,Audrain,39.2434,-91.6424,498,293,polygon,FALSE,TRUE,America/Chicago,3
18888,Prinsburg,Prinsburg,MN,Minnesota,27067,Kandiyohi,44.9349,-95.187,498,190,polygon,FALSE,TRUE,America/Chicago,3
18889,Myrtle,Myrtle,MS,Mississippi,28145,Union,34.5605,-89.1179,498,92,polygon,FALSE,TRUE,America/Chicago,3
18890,Drakesboro,Drakesboro,KY,Kentucky,21177,Muhlenberg,37.2176,-87.0493,498,348,polygon,FALSE,TRUE,America/Chicago,3
18891,Delbarton,Delbarton,WV,West Virginia,54059,Mingo,37.7052,-82.1861,497,96,polygon,FALSE,TRUE,America/New_York,3
18892,Talco,Talco,TX,Texas,48449,Titus,33.3628,-95.1034,497,250,polygon,FALSE,TRUE,America/Chicago,3
18893,Fillmore,Fillmore,NY,New York,36003,Allegany,42.4669,-78.1107,497,235,polygon,FALSE,FALSE,America/New_York,3
18894,Noblestown,Noblestown,PA,Pennsylvania,42003,Allegheny,40.3954,-80.2019,497,158,polygon,FALSE,FALSE,America/New_York,3
18895,Atlasburg,Atlasburg,PA,Pennsylvania,42125,Washington,40.3436,-80.3804,497,284,polygon,FALSE,FALSE,America/New_York,3
18896,Canby,Canby,CA,California,6049,Modoc,41.4477,-120.8843,497,84,polygon,FALSE,FALSE,America/Los_Angeles,3
18897,Millry,Millry,AL,Alabama,1129,Washington,31.6256,-88.3191,497,25,polygon,FALSE,TRUE,America/Chicago,3
18898,Altona,Altona,IL,Illinois,17095,Knox,41.115,-90.1648,497,204,polygon,FALSE,TRUE,America/Chicago,3
18899,Crooked Creek,Crooked Creek,GA,Georgia,13237,Putnam,33.2616,-83.2679,497,59,polygon,FALSE,FALSE,America/New_York,3
18900,Dow City,Dow City,IA,Iowa,19047,Crawford,41.928,-95.4943,497,600,polygon,FALSE,TRUE,America/Chicago,3
18901,Bokoshe,Bokoshe,OK,Oklahoma,40079,Le Flore,35.1908,-94.7902,497,351,polygon,FALSE,TRUE,America/Chicago,3
18902,Bancroft,Bancroft,MI,Michigan,26155,Shiawassee,42.8766,-84.0658,497,324,polygon,FALSE,TRUE,America/Detroit,3
18903,Cawood,Cawood,KY,Kentucky,21095,Harlan,36.7878,-83.2284,497,131,polygon,FALSE,FALSE,America/New_York,3
18904,McIntosh,McIntosh,FL,Florida,12083,Marion,29.4494,-82.2211,496,269,polygon,FALSE,TRUE,America/New_York,3
18905,Reliance,Reliance,WY,Wyoming,56037,Sweetwater,41.6682,-109.1977,496,46,polygon,FALSE,FALSE,America/Denver,3
18906,Sun River Terrace,Sun River Terrace,IL,Illinois,17091,Kankakee,41.1254,-87.7336,496,332,polygon,FALSE,TRUE,America/Chicago,3
18907,Tignall,Tignall,GA,Georgia,13317,Wilkes,33.8674,-82.742,496,69,polygon,FALSE,TRUE,America/New_York,3
18908,Richfield,Richfield,ID,Idaho,16063,Lincoln,43.0521,-114.1555,496,291,polygon,FALSE,TRUE,America/Boise,3
18909,Schulter,Schulter,OK,Oklahoma,40111,Okmulgee,35.511,-95.9567,496,218,polygon,FALSE,TRUE,America/Chicago,3
18910,Billings,Billings,OK,Oklahoma,40103,Noble,36.5313,-97.4342,496,297,polygon,FALSE,TRUE,America/Chicago,3
18911,Brunson,Brunson,SC,South Carolina,45049,Hampton,32.9242,-81.1886,496,188,polygon,FALSE,TRUE,America/New_York,3
18912,Hammondville,Hammondville,AL,Alabama,1049,DeKalb,34.5685,-85.6397,495,38,polygon,FALSE,TRUE,America/Chicago,3
18913,Seligman,Seligman,AZ,Arizona,4025,Yavapai,35.3256,-112.8573,495,29,polygon,FALSE,FALSE,America/Phoenix,3
18914,Green Ridge,Green Ridge,MO,Missouri,29159,Pettis,38.6212,-93.4101,495,445,polygon,FALSE,TRUE,America/Chicago,3
18915,Carsonville,Carsonville,MI,Michigan,26151,Sanilac,43.4257,-82.673,495,165,polygon,FALSE,TRUE,America/Detroit,3
18916,Bay City,Bay City,WI,Wisconsin,55093,Pierce,44.5873,-92.4574,494,322,polygon,FALSE,TRUE,America/Chicago,3
18917,Park Ridge,Park Ridge,WI,Wisconsin,55097,Portage,44.52,-89.5463,494,840,polygon,FALSE,TRUE,America/Chicago,3
18918,Aaronsburg,Aaronsburg,PA,Pennsylvania,42027,Centre,40.9042,-77.4513,494,214,polygon,FALSE,FALSE,America/New_York,3
18919,Horntown,Horntown,VA,Virginia,51001,Accomack,37.9655,-75.4559,494,36,polygon,FALSE,FALSE,America/New_York,3
18920,Nances Creek,Nances Creek,AL,Alabama,1015,Calhoun,33.8588,-85.6733,494,32,polygon,FALSE,FALSE,America/Chicago,3
18921,Hoyleton,Hoyleton,IL,Illinois,17189,Washington,38.4457,-89.2721,494,251,polygon,FALSE,TRUE,America/Chicago,3
18922,Chandlerville,Chandlerville,IL,Illinois,17017,Cass,40.047,-90.1512,494,240,polygon,FALSE,TRUE,America/Chicago,3
18923,Santa Rosa,Santa Rosa,AZ,Arizona,4019,Pima,32.3326,-112.0464,494,29,polygon,FALSE,FALSE,America/Phoenix,3
18924,Georgetown,Georgetown,ID,Idaho,16007,Bear Lake,42.4789,-111.3639,494,280,polygon,FALSE,TRUE,America/Boise,3
18925,Dayton,Dayton,ID,Idaho,16041,Franklin,42.1118,-111.9779,494,28,polygon,FALSE,TRUE,America/Boise,3
18926,Laura,Laura,OH,Ohio,39109,Miami,39.9952,-84.4083,494,712,polygon,FALSE,TRUE,America/New_York,3
18927,Coolville,Coolville,OH,Ohio,39009,Athens,39.2201,-81.7977,494,229,polygon,FALSE,TRUE,America/New_York,3
18928,Rush Valley,Rush Valley,UT,Utah,49045,Tooele,40.3613,-112.4506,494,10,polygon,FALSE,TRUE,America/Denver,3
18929,Crestview,Crestview,KY,Kentucky,21037,Campbell,39.0245,-84.4156,494,1204,polygon,FALSE,TRUE,America/New_York,3
18930,Alma Center,Alma Center,WI,Wisconsin,55053,Jackson,44.437,-90.9128,493,189,polygon,FALSE,TRUE,America/Chicago,3
18931,Elmwood Park,Elmwood Park,WI,Wisconsin,55101,Racine,42.6917,-87.8223,493,1263,polygon,FALSE,TRUE,America/Chicago,3
18932,Triumph,Triumph,LA,Louisiana,22075,Plaquemines,29.3443,-89.4683,493,68,polygon,FALSE,FALSE,America/Chicago,3
18933,West Elizabeth,West Elizabeth,PA,Pennsylvania,42003,Allegheny,40.2722,-79.8952,493,1043,polygon,FALSE,TRUE,America/New_York,3
18934,Renningers,Renningers,PA,Pennsylvania,42107,Schuylkill,40.6497,-76.1484,493,163,polygon,FALSE,FALSE,America/New_York,3
18935,Lisman,Lisman,AL,Alabama,1023,Choctaw,32.1792,-88.3002,493,73,polygon,FALSE,TRUE,America/Chicago,3
18936,Golf,Golf,IL,Illinois,17031,Cook,42.0586,-87.785,493,424,polygon,FALSE,TRUE,America/Chicago,3
18937,Chalmers,Chalmers,IN,Indiana,18181,White,40.6625,-86.8678,493,630,polygon,FALSE,TRUE,America/Indiana/Indianapolis,3
18938,Garwin,Garwin,IA,Iowa,19171,Tama,42.0935,-92.6791,493,189,polygon,FALSE,TRUE,America/Chicago,3
18939,Lafayette,Lafayette,MN,Minnesota,27103,Nicollet,44.4471,-94.3927,493,151,polygon,FALSE,TRUE,America/Chicago,3
18940,Morley,Morley,MI,Michigan,26107,Mecosta,43.4908,-85.4456,493,212,polygon,FALSE,TRUE,America/Detroit,3
18941,Paw Paw,Paw Paw,WV,West Virginia,54065,Morgan,39.5313,-78.4553,492,358,polygon,FALSE,TRUE,America/New_York,3
18942,Altha,Altha,FL,Florida,12013,Calhoun,30.5722,-85.1264,492,142,polygon,FALSE,TRUE,America/Chicago,3
18943,Sopchoppy,Sopchoppy,FL,Florida,12129,Wakulla,30.0598,-84.4854,492,113,polygon,FALSE,TRUE,America/New_York,3
18944,Limestone,Limestone,NY,New York,36009,Cattaraugus,42.0228,-78.6325,492,117,polygon,FALSE,FALSE,America/New_York,3
18945,McKenzie,McKenzie,AL,Alabama,1013,Butler,31.5428,-86.7246,492,51,polygon,FALSE,TRUE,America/Chicago,3
18946,Wilmot,Wilmot,AR,Arkansas,5003,Ashley,33.0588,-91.5749,492,107,polygon,FALSE,TRUE,America/Chicago,3
18947,Congerville,Congerville,IL,Illinois,17203,Woodford,40.6168,-89.2051,492,197,polygon,FALSE,TRUE,America/Chicago,3
18948,Blucksberg Mountain,Blucksberg Mountain,SD,South Dakota,46093,Meade,44.3593,-103.4538,492,284,polygon,FALSE,TRUE,America/Denver,3
18949,Urie,Urie,WY,Wyoming,56041,Uinta,41.3089,-110.3351,491,106,polygon,FALSE,FALSE,America/Denver,3
18950,Corbin City,Corbin City,NJ,New Jersey,34001,Atlantic,39.3046,-74.7199,491,24,polygon,FALSE,TRUE,America/New_York,3
18951,Bruin,Bruin,PA,Pennsylvania,42019,Butler,41.0544,-79.7273,491,103,polygon,FALSE,TRUE,America/New_York,3
18952,Coalport,Coalport,PA,Pennsylvania,42033,Clearfield,40.7476,-78.532,491,506,polygon,FALSE,TRUE,America/New_York,3
18953,Truro,Truro,IA,Iowa,19121,Madison,41.2098,-93.8467,491,194,polygon,FALSE,TRUE,America/Chicago,3
18954,New Virginia,New Virginia,IA,Iowa,19181,Warren,41.1817,-93.7311,491,423,polygon,FALSE,TRUE,America/Chicago,3
18955,Carlos,Carlos,MN,Minnesota,27041,Douglas,45.9741,-95.2925,491,406,polygon,FALSE,TRUE,America/Chicago,3
18956,Big Horn,Big Horn,WY,Wyoming,56033,Sheridan,44.6791,-106.9971,490,104,polygon,FALSE,FALSE,America/Denver,3
18957,Wilson,Wilson,TX,Texas,48305,Lynn,33.3192,-101.7274,490,292,polygon,FALSE,TRUE,America/Chicago,3
18958,Kachemak,Kachemak,AK,Alaska,2122,Kenai Peninsula,59.6745,-151.4364,490,114,polygon,FALSE,TRUE,America/Anchorage,3
18959,Paxton,Paxton,NE,Nebraska,31101,Keith,41.1235,-101.3522,490,183,polygon,FALSE,TRUE,America/Denver,3
18960,Cumberland Gap,Cumberland Gap,TN,Tennessee,47025,Claiborne,36.5974,-83.6659,490,575,polygon,FALSE,TRUE,America/New_York,3
18961,Red Creek,Red Creek,NY,New York,36117,Wayne,43.2488,-76.7225,490,208,polygon,FALSE,TRUE,America/New_York,3
18962,Freeville,Freeville,NY,New York,36109,Tompkins,42.5114,-76.3457,490,178,polygon,FALSE,TRUE,America/New_York,3
18963,Slovan,Slovan,PA,Pennsylvania,42125,Washington,40.3595,-80.385,490,322,polygon,FALSE,FALSE,America/New_York,3
18964,Ashley,Ashley,IL,Illinois,17189,Washington,38.3288,-89.1894,490,167,polygon,FALSE,TRUE,America/Chicago,3
18965,Albion,Albion,IA,Iowa,19127,Marshall,42.1125,-92.9887,490,317,polygon,FALSE,TRUE,America/Chicago,3
18966,Eldorado,Eldorado,OH,Ohio,39135,Preble,39.9043,-84.6752,490,827,polygon,FALSE,TRUE,America/New_York,3
18967,Summersville,Summersville,MO,Missouri,29215,Texas,37.1785,-91.6576,490,170,polygon,FALSE,TRUE,America/Chicago,3
18968,White Haven,White Haven,MT,Montana,30053,Lincoln,48.3478,-115.516,490,191,polygon,FALSE,FALSE,America/Denver,3
18969,Knollwood,Knollwood,TX,Texas,48181,Grayson,33.6893,-96.6185,489,573,polygon,FALSE,TRUE,America/Chicago,3
18970,Sun,Sun,LA,Louisiana,22103,St. Tammany,30.65,-89.9056,489,44,polygon,FALSE,TRUE,America/Chicago,3
18971,West Chazy,West Chazy,NY,New York,36019,Clinton,44.8178,-73.5118,489,100,polygon,FALSE,FALSE,America/New_York,3
18972,Churchtown,Churchtown,PA,Pennsylvania,42071,Lancaster,40.135,-75.9593,489,100,polygon,FALSE,FALSE,America/New_York,3
18973,McKenney,McKenney,VA,Virginia,51053,Dinwiddie,36.9853,-77.7219,489,203,polygon,FALSE,TRUE,America/New_York,3
18974,Damiansville,Damiansville,IL,Illinois,17027,Clinton,38.5088,-89.6151,489,229,polygon,FALSE,TRUE,America/Chicago,3
18975,Pineview,Pineview,GA,Georgia,13315,Wilcox,32.1084,-83.503,489,96,polygon,FALSE,TRUE,America/New_York,3
18976,Lizton,Lizton,IN,Indiana,18063,Hendricks,39.8837,-86.5416,489,284,polygon,FALSE,TRUE,America/Indiana/Indianapolis,3
18977,Ellsworth,Ellsworth,IA,Iowa,19079,Hamilton,42.3101,-93.5819,489,210,polygon,FALSE,TRUE,America/Chicago,3
18978,Upper Santan Village,Upper Santan Village,AZ,Arizona,4021,Pinal,33.1152,-111.7418,489,26,polygon,FALSE,TRUE,America/Phoenix,3
18979,Craigmont,Craigmont,ID,Idaho,16061,Lewis,46.2421,-116.4729,489,242,polygon,FALSE,TRUE,America/Los_Angeles,3
18980,Fort Towson,Fort Towson,OK,Oklahoma,40023,Choctaw,34.0244,-95.2972,489,33,polygon,FALSE,TRUE,America/Chicago,3
18981,Circleville,Circleville,UT,Utah,49031,Piute,38.1684,-112.2716,489,17,polygon,FALSE,TRUE,America/Denver,3
18982,St. Marie,St. Marie,MT,Montana,30105,Valley,48.4053,-106.4986,489,8,polygon,FALSE,FALSE,America/Denver,3
18983,Falkner,Falkner,MS,Mississippi,28139,Tippah,34.8381,-88.9424,489,37,polygon,FALSE,TRUE,America/Chicago,3
18984,Presho,Presho,SD,South Dakota,46085,Lyman,43.9072,-100.0583,489,281,polygon,FALSE,TRUE,America/Chicago,3
18985,White,White,SD,South Dakota,46011,Brookings,44.4359,-96.646,489,216,polygon,FALSE,TRUE,America/Chicago,3
18986,Lipan,Lipan,TX,Texas,48221,Hood,32.5187,-98.0471,488,177,polygon,FALSE,TRUE,America/Chicago,3
18987,Alsace Manor,Alsace Manor,PA,Pennsylvania,42011,Berks,40.3973,-75.8547,488,554,polygon,FALSE,FALSE,America/New_York,3
18988,California Pines,California Pines,CA,California,6049,Modoc,41.4117,-120.6605,488,25,polygon,FALSE,FALSE,America/Los_Angeles,3
18989,Jasper,Jasper,AR,Arkansas,5101,Newton,36.0125,-93.1874,488,199,polygon,FALSE,TRUE,America/Chicago,3
18990,Rose Bud,Rose Bud,AR,Arkansas,5145,White,35.3249,-92.0811,488,31,polygon,FALSE,TRUE,America/Chicago,3
18991,New Hartford,New Hartford,IA,Iowa,19023,Butler,42.5682,-92.6213,488,303,polygon,FALSE,TRUE,America/Chicago,3
18992,Maynard,Maynard,IA,Iowa,19065,Fayette,42.7739,-91.8775,488,189,polygon,FALSE,TRUE,America/Chicago,3
18993,Dateland,Dateland,AZ,Arizona,4027,Yuma,32.8212,-113.5417,488,8,polygon,FALSE,FALSE,America/Phoenix,3
18994,Fort Jennings,Fort Jennings,OH,Ohio,39137,Putnam,40.9067,-84.2997,488,339,polygon,FALSE,TRUE,America/New_York,3
18995,Beal City,Beal City,MI,Michigan,26073,Isabella,43.6692,-84.9086,488,46,polygon,FALSE,FALSE,America/Detroit,3
18996,Jumpertown,Jumpertown,MS,Mississippi,28117,Prentiss,34.708,-88.662,488,105,polygon,FALSE,TRUE,America/Chicago,3
18997,Shiloh,Shiloh,NJ,New Jersey,34011,Cumberland,39.4595,-75.297,487,156,polygon,FALSE,TRUE,America/New_York,3
18998,La Hacienda,La Hacienda,NM,New Mexico,35029,Luna,32.206,-107.725,487,138,polygon,FALSE,TRUE,America/Denver,3
18999,Garden City,Garden City,TX,Texas,48173,Glasscock,31.8674,-101.4864,487,106,polygon,FALSE,FALSE,America/Chicago,3
19000,Middleville,Middleville,NY,New York,36043,Herkimer,43.1384,-74.9707,487,245,polygon,FALSE,TRUE,America/New_York,3
19001,Lenzburg,Lenzburg,IL,Illinois,17163,St. Clair,38.2859,-89.8179,487,162,polygon,FALSE,TRUE,America/Chicago,3
19002,Beacon,Beacon,IA,Iowa,19123,Mahaska,41.2747,-92.6814,487,187,polygon,FALSE,TRUE,America/Chicago,3
19003,McGuffey,McGuffey,OH,Ohio,39065,Hardin,40.6928,-83.7859,487,504,polygon,FALSE,TRUE,America/New_York,3
19004,Charleston,Charleston,UT,Utah,49051,Wasatch,40.4661,-111.4599,487,65,polygon,FALSE,TRUE,America/Denver,3
19005,Miltonvale,Miltonvale,KS,Kansas,20029,Cloud,39.3497,-97.4524,487,247,polygon,FALSE,TRUE,America/Chicago,3
19006,Lauderdale,Lauderdale,MS,Mississippi,28075,Lauderdale,32.5104,-88.5264,487,65,polygon,FALSE,FALSE,America/Chicago,3
19007,Utica,Utica,KY,Kentucky,21059,Daviess,37.6028,-87.1126,487,179,polygon,FALSE,FALSE,America/Chicago,3
19008,Fox Chase,Fox Chase,KY,Kentucky,21029,Bullitt,38.046,-85.6911,487,492,polygon,FALSE,TRUE,America/New_York,3
19009,Rockford,Rockford,WA,Washington,53063,Spokane,47.4515,-117.1307,486,282,polygon,FALSE,TRUE,America/Los_Angeles,3
19010,Rosholt,Rosholt,WI,Wisconsin,55097,Portage,44.63,-89.3052,486,178,polygon,FALSE,TRUE,America/Chicago,3
19011,Kopperston,Kopperston,WV,West Virginia,54109,Wyoming,37.7502,-81.5764,486,98,polygon,FALSE,FALSE,America/New_York,3
19012,Junior,Junior,WV,West Virginia,54001,Barbour,38.9783,-79.9506,486,598,polygon,FALSE,TRUE,America/New_York,3
19013,Gordon,Gordon,TX,Texas,48363,Palo Pinto,32.5455,-98.3672,486,193,polygon,FALSE,TRUE,America/Chicago,3
19014,Ethridge,Ethridge,TN,Tennessee,47099,Lawrence,35.3218,-87.3013,486,162,polygon,FALSE,TRUE,America/Chicago,3
19015,Otis,Otis,CO,Colorado,8121,Washington,40.1501,-102.9621,486,454,polygon,FALSE,TRUE,America/Denver,3
19016,Rock Mills,Rock Mills,AL,Alabama,1111,Randolph,33.1563,-85.2861,486,29,polygon,FALSE,FALSE,America/Chicago,3
19017,Toomsboro,Toomsboro,GA,Georgia,13319,Wilkinson,32.8225,-83.0826,486,100,polygon,FALSE,TRUE,America/New_York,3
19018,Shiloh,Shiloh,GA,Georgia,13145,Harris,32.8115,-84.6989,486,85,polygon,FALSE,TRUE,America/New_York,3
19019,Pinal,Pinal,AZ,Arizona,4007,Gila,33.3799,-110.7571,486,457,polygon,FALSE,FALSE,America/Phoenix,3
19020,Quaker City,Quaker City,OH,Ohio,39059,Guernsey,39.9697,-81.2973,486,357,polygon,FALSE,TRUE,America/New_York,3
19021,Mount Blanchard,Mount Blanchard,OH,Ohio,39063,Hancock,40.8986,-83.5568,486,348,polygon,FALSE,TRUE,America/New_York,3
19022,Crystal Lake Park,Crystal Lake Park,MO,Missouri,29189,St. Louis,38.6212,-90.432,486,1932,polygon,FALSE,TRUE,America/Chicago,3
19023,Woodland,Woodland,MN,Minnesota,27053,Hennepin,44.9524,-93.5155,486,325,polygon,FALSE,TRUE,America/Chicago,3
19024,Tower,Tower,MN,Minnesota,27137,St. Louis,47.8103,-92.2832,486,62,polygon,FALSE,TRUE,America/Chicago,3
19025,Palmer,Palmer,MI,Michigan,26103,Marquette,46.4436,-87.5817,486,316,polygon,FALSE,FALSE,America/Detroit,3
19026,Valier,Valier,MT,Montana,30073,Pondera,48.3056,-112.2523,486,216,polygon,FALSE,TRUE,America/Denver,3
19027,Bonneau,Bonneau,SC,South Carolina,45015,Berkeley,33.3081,-79.9573,486,62,polygon,FALSE,TRUE,America/New_York,3
19028,Sunset,Sunset,TX,Texas,48337,Montague,33.4479,-97.7663,485,37,polygon,FALSE,FALSE,America/Chicago,3
19029,Webberville,Webberville,TX,Texas,48453,Travis,30.226,-97.4995,485,89,polygon,FALSE,TRUE,America/Chicago,3
19030,Murray,Murray,NE,Nebraska,31025,Cass,40.9163,-95.9267,485,501,polygon,FALSE,TRUE,America/Chicago,3
19031,Schenevus,Schenevus,NY,New York,36077,Otsego,42.5497,-74.827,485,182,polygon,FALSE,FALSE,America/New_York,3
19032,Accomac,Accomac,VA,Virginia,51001,Accomack,37.7196,-75.6674,485,458,polygon,FALSE,TRUE,America/New_York,3
19033,Alta,Alta,CA,California,6061,Placer,39.2138,-120.8033,485,78,polygon,FALSE,FALSE,America/Los_Angeles,3
19034,Wilmar,Wilmar,AR,Arkansas,5043,Drew,33.6264,-91.9294,485,122,polygon,FALSE,TRUE,America/Chicago,3
19035,Woodson,Woodson,IL,Illinois,17137,Morgan,39.6275,-90.2256,485,475,polygon,FALSE,TRUE,America/Chicago,3
19036,Bowersville,Bowersville,GA,Georgia,13147,Hart,34.373,-83.0838,485,57,polygon,FALSE,TRUE,America/New_York,3
19037,Kanosh,Kanosh,UT,Utah,49027,Millard,38.8024,-112.4378,485,220,polygon,FALSE,TRUE,America/Denver,3
19038,Freeman,Freeman,MO,Missouri,29037,Cass,38.6215,-94.5057,485,218,polygon,FALSE,TRUE,America/Chicago,3
19039,Brandon,Brandon,MN,Minnesota,27041,Douglas,45.9663,-95.5945,485,386,polygon,FALSE,TRUE,America/Chicago,3
19040,Marion,Marion,OR,Oregon,41047,Marion,44.7513,-122.9277,485,163,polygon,FALSE,FALSE,America/Los_Angeles,3
19041,Lyndon Station,Lyndon Station,WI,Wisconsin,55057,Juneau,43.7088,-89.8937,484,88,polygon,FALSE,TRUE,America/Chicago,3
19042,Rose City,Rose City,TX,Texas,48361,Orange,30.1049,-94.0506,484,123,polygon,FALSE,TRUE,America/Chicago,3
19043,Bristol,Bristol,TX,Texas,48139,Ellis,32.455,-96.5672,484,32,polygon,FALSE,FALSE,America/Chicago,3
19044,Clarence,Clarence,LA,Louisiana,22069,Natchitoches,31.8198,-93.029,484,118,polygon,FALSE,TRUE,America/Chicago,3
19045,Ashley Heights,Ashley Heights,NC,North Carolina,37093,Hoke,35.09,-79.3739,484,83,polygon,FALSE,FALSE,America/New_York,3
19046,Deercroft,Deercroft,NC,North Carolina,37165,Scotland,34.9592,-79.4351,484,144,polygon,FALSE,TRUE,America/New_York,3
19047,Grand Detour,Grand Detour,IL,Illinois,17141,Ogle,41.9011,-89.4137,484,159,polygon,FALSE,FALSE,America/Chicago,3
19048,Gilman,Gilman,IA,Iowa,19127,Marshall,41.8788,-92.7881,484,345,polygon,FALSE,TRUE,America/Chicago,3
19049,Humeston,Humeston,IA,Iowa,19185,Wayne,40.861,-93.4973,484,306,polygon,FALSE,TRUE,America/Chicago,3
19050,Pin Oak Acres,Pin Oak Acres,OK,Oklahoma,40097,Mayes,36.1226,-95.2889,484,33,polygon,FALSE,FALSE,America/Chicago,3
19051,West Farmington,West Farmington,OH,Ohio,39155,Trumbull,41.391,-80.974,484,206,polygon,FALSE,TRUE,America/New_York,3
19052,Urich,Urich,MO,Missouri,29083,Henry,38.4604,-93.9989,484,462,polygon,FALSE,TRUE,America/Chicago,3
19053,Pewamo,Pewamo,MI,Michigan,26067,Ionia,43.002,-84.8473,484,186,polygon,FALSE,TRUE,America/Detroit,3
19054,Springfield,Springfield,SC,South Carolina,45075,Orangeburg,33.4967,-81.2795,484,107,polygon,FALSE,TRUE,America/New_York,3
19055,Marty,Marty,SD,South Dakota,46023,Charles Mix,42.9965,-98.4302,484,57,polygon,FALSE,FALSE,America/Chicago,3
19056,Canal Point,Canal Point,FL,Florida,12099,Palm Beach,26.8625,-80.6223,483,133,polygon,FALSE,FALSE,America/New_York,3
19057,Allenhurst,Allenhurst,NJ,New Jersey,34025,Monmouth,40.2362,-74.0017,483,744,polygon,FALSE,TRUE,America/New_York,3
19058,Los Luceros,Los Luceros,NM,New Mexico,35039,Rio Arriba,36.1151,-106.0371,483,114,polygon,FALSE,FALSE,America/Denver,3
19059,Hayesville,Hayesville,NC,North Carolina,37043,Clay,35.045,-83.8179,483,293,polygon,FALSE,TRUE,America/New_York,3
19060,Lilesville,Lilesville,NC,North Carolina,37007,Anson,34.9675,-79.9845,483,187,polygon,FALSE,TRUE,America/New_York,3
19061,Eighty Four,Eighty Four,PA,Pennsylvania,42125,Washington,40.1777,-80.1303,483,28,polygon,FALSE,FALSE,America/New_York,3
19062,Hoffman,Hoffman,IL,Illinois,17027,Clinton,38.5404,-89.2644,483,368,polygon,FALSE,TRUE,America/Chicago,3
19063,Delmar,Delmar,IA,Iowa,19045,Clinton,41.9988,-90.608,483,245,polygon,FALSE,TRUE,America/Chicago,3
19064,Oxford Junction,Oxford Junction,IA,Iowa,19105,Jones,41.9838,-90.9541,483,268,polygon,FALSE,TRUE,America/Chicago,3
19065,Stockport,Stockport,OH,Ohio,39115,Morgan,39.5489,-81.7944,483,567,polygon,FALSE,TRUE,America/New_York,3
19066,Fletcher,Fletcher,OH,Ohio,39109,Miami,40.1419,-84.1119,483,600,polygon,FALSE,TRUE,America/New_York,3
19067,Fair Play,Fair Play,MO,Missouri,29167,Polk,37.6331,-93.5769,483,457,polygon,FALSE,TRUE,America/Chicago,3
19068,Pillager,Pillager,MN,Minnesota,27021,Cass,46.3295,-94.4796,483,219,polygon,FALSE,TRUE,America/Chicago,3
19069,Four Lakes,Four Lakes,WA,Washington,53063,Spokane,47.5582,-117.5891,482,55,polygon,FALSE,FALSE,America/Los_Angeles,3
19070,Clearview,Clearview,WV,West Virginia,54069,Ohio,40.1399,-80.6899,482,460,polygon,FALSE,TRUE,America/New_York,3
19071,Pine Grove,Pine Grove,WV,West Virginia,54103,Wetzel,39.5642,-80.6826,482,528,polygon,FALSE,TRUE,America/New_York,3
19072,Waikane,Waikane,HI,Hawaii,15003,Honolulu,21.4921,-157.8721,482,27,polygon,FALSE,TRUE,Pacific/Honolulu,3
19073,Raleigh,Raleigh,FL,Florida,12075,Levy,29.4479,-82.468,482,95,polygon,FALSE,FALSE,America/New_York,3
19074,Garcon Point,Garcon Point,FL,Florida,12113,Santa Rosa,30.4757,-87.09,482,98,polygon,FALSE,TRUE,America/Chicago,3
19075,Bluetown,Bluetown,TX,Texas,48061,Cameron,26.0734,-97.8199,482,63,polygon,FALSE,FALSE,America/Chicago,3
19076,Lewiston Woodville,Lewiston Woodville,NC,North Carolina,37015,Bertie,36.1141,-77.1811,482,95,polygon,FALSE,TRUE,America/New_York,3
19077,Simpson,Simpson,NC,North Carolina,37147,Pitt,35.5752,-77.2789,482,499,polygon,FALSE,TRUE,America/New_York,3
19078,Dawson,Dawson,IL,Illinois,17167,Sangamon,39.8534,-89.4625,482,217,polygon,FALSE,TRUE,America/Chicago,3
19079,Newport,Newport,IN,Indiana,18165,Vermillion,39.8841,-87.4072,482,213,polygon,FALSE,TRUE,America/Indiana/Indianapolis,3
19080,Chance,Chance,MD,Maryland,24039,Somerset,38.1772,-75.9366,482,111,polygon,FALSE,FALSE,America/New_York,3
19081,Fielding,Fielding,UT,Utah,49003,Box Elder,41.8126,-112.1174,482,364,polygon,FALSE,TRUE,America/Denver,3
19082,Bertha,Bertha,MN,Minnesota,27153,Todd,46.2671,-95.0618,482,171,polygon,FALSE,TRUE,America/Chicago,3
19083,Lennon,Lennon,MI,Michigan,26155,Shiawassee,42.9855,-83.9325,482,203,polygon,FALSE,TRUE,America/Detroit,3
19084,Ehrhardt,Ehrhardt,SC,South Carolina,45009,Bamberg,33.0985,-81.0138,482,59,polygon,FALSE,TRUE,America/New_York,3
19085,Melbourne,Melbourne,KY,Kentucky,21037,Campbell,39.0319,-84.3707,482,222,polygon,FALSE,TRUE,America/New_York,3
19086,St. Paul,St. Paul,AK,Alaska,2016,Aleutians West,57.1815,-170.2743,481,4,polygon,FALSE,TRUE,America/Nome,3
19087,Berthold,Berthold,ND,North Dakota,38101,Ward,48.317,-101.7478,481,156,polygon,FALSE,TRUE,America/Chicago,3
19088,Arnett,Arnett,OK,Oklahoma,40045,Ellis,36.135,-99.7712,481,432,polygon,FALSE,TRUE,America/Chicago,3
19089,Burlington Junction,Burlington Junction,MO,Missouri,29147,Nodaway,40.4466,-95.0667,481,185,polygon,FALSE,TRUE,America/Chicago,3
19090,Kandiyohi,Kandiyohi,MN,Minnesota,27067,Kandiyohi,45.1315,-94.9331,481,493,polygon,FALSE,TRUE,America/Chicago,3
19091,Parcelas Mandry,Parcelas Mandry,PR,Puerto Rico,72113,Ponce,18.081,-66.5628,481,1982,polygon,FALSE,TRUE,America/Puerto_Rico,3
19092,Quilcene,Quilcene,WA,Washington,53031,Jefferson,47.8369,-122.9058,480,21,polygon,FALSE,FALSE,America/Los_Angeles,3
19093,Lefors,Lefors,TX,Texas,48179,Gray,35.4396,-100.804,480,475,polygon,FALSE,TRUE,America/Chicago,3
19094,Garceno,Garceno,TX,Texas,48427,Starr,26.4124,-98.9405,480,810,polygon,FALSE,FALSE,America/Chicago,3
19095,Lago,Lago,TX,Texas,48061,Cameron,26.0885,-97.6132,480,3924,polygon,FALSE,FALSE,America/Chicago,2
19096,Bear Creek,Bear Creek,TX,Texas,48209,Hays,30.1826,-97.94,480,157,polygon,FALSE,TRUE,America/Chicago,3
19097,Eureka,Eureka,NV,Nevada,32011,Eureka,39.5113,-115.9668,480,132,polygon,FALSE,FALSE,America/Los_Angeles,3
19098,Aguilar,Aguilar,CO,Colorado,8071,Las Animas,37.4036,-104.655,480,472,polygon,FALSE,TRUE,America/Denver,3
19099,Glen Allen,Glen Allen,AL,Alabama,1057,Fayette,33.8922,-87.7328,480,28,polygon,FALSE,TRUE,America/Chicago,3
19100,Lostant,Lostant,IL,Illinois,17099,LaSalle,41.1252,-89.0668,480,165,polygon,FALSE,TRUE,America/Chicago,3
19101,Buffalo,Buffalo,IL,Illinois,17167,Sangamon,39.8499,-89.409,480,521,polygon,FALSE,TRUE,America/Chicago,3
19102,Kaneville,Kaneville,IL,Illinois,17089,Kane,41.8336,-88.5216,480,589,polygon,FALSE,TRUE,America/Chicago,3
19103,Ohio,Ohio,IL,Illinois,17011,Bureau,41.556,-89.4606,480,230,polygon,FALSE,TRUE,America/Chicago,3
19104,Amber,Amber,OK,Oklahoma,40051,Grady,35.1602,-97.882,480,46,polygon,FALSE,TRUE,America/Chicago,3
19105,Jacksonville,Jacksonville,OH,Ohio,39009,Athens,39.4762,-82.0799,480,765,polygon,FALSE,TRUE,America/New_York,3
19106,Portage,Portage,OH,Ohio,39173,Wood,41.3232,-83.6468,480,124,polygon,FALSE,TRUE,America/New_York,3
19107,Fife Lake,Fife Lake,MI,Michigan,26055,Grand Traverse,44.5731,-85.3511,480,255,polygon,FALSE,TRUE,America/Detroit,3
19108,Pollock,Pollock,LA,Louisiana,22043,Grant,31.4985,-92.4432,479,23,polygon,FALSE,TRUE,America/Chicago,3
19109,Orangeville,Orangeville,PA,Pennsylvania,42037,Columbia,41.0769,-76.4115,479,415,polygon,FALSE,TRUE,America/New_York,3
19110,Montrose Manor,Montrose Manor,PA,Pennsylvania,42011,Berks,40.3065,-75.9869,479,799,polygon,FALSE,TRUE,America/New_York,3
19111,Lyons,Lyons,PA,Pennsylvania,42011,Berks,40.4807,-75.7591,479,519,polygon,FALSE,TRUE,America/New_York,3
19112,Humphrey,Humphrey,AR,Arkansas,5001,Arkansas,34.4224,-91.7025,479,141,polygon,FALSE,TRUE,America/Chicago,3
19113,Hammond,Hammond,IL,Illinois,17147,Piatt,39.7994,-88.5921,479,244,polygon,FALSE,TRUE,America/Chicago,3
19114,Friendsville,Friendsville,MD,Maryland,24023,Garrett,39.6624,-79.4044,479,185,polygon,FALSE,TRUE,America/New_York,3
19115,Wauhillau,Wauhillau,OK,Oklahoma,40001,Adair,35.8682,-94.7623,479,23,polygon,FALSE,FALSE,America/Chicago,3
19116,Depew,Depew,OK,Oklahoma,40037,Creek,35.7977,-96.524,479,269,polygon,FALSE,TRUE,America/Chicago,3
19117,Ralston,Ralston,WY,Wyoming,56029,Park,44.7085,-108.8823,478,32,polygon,FALSE,FALSE,America/Denver,3
19118,Manuel Garcia,Manuel Garcia,TX,Texas,48427,Starr,26.3337,-98.7016,478,5182,polygon,FALSE,TRUE,America/Chicago,2
19119,Smyer,Smyer,TX,Texas,48219,Hockley,33.5874,-102.1635,478,231,polygon,FALSE,TRUE,America/Chicago,3
19120,Loganton,Loganton,PA,Pennsylvania,42035,Clinton,41.0338,-77.3023,478,175,polygon,FALSE,TRUE,America/New_York,3
19121,Allport,Allport,PA,Pennsylvania,42033,Clearfield,40.966,-78.2065,478,309,polygon,FALSE,FALSE,America/New_York,3
19122,Nassawadox,Nassawadox,VA,Virginia,51131,Northampton,37.4763,-75.8591,478,278,polygon,FALSE,TRUE,America/New_York,3
19123,Red Level,Red Level,AL,Alabama,1039,Covington,31.4055,-86.6084,478,96,polygon,FALSE,TRUE,America/Chicago,3
19124,Bellefonte,Bellefonte,AR,Arkansas,5009,Boone,36.1998,-93.047,478,296,polygon,FALSE,TRUE,America/Chicago,3
19125,Chapin,Chapin,IL,Illinois,17137,Morgan,39.7669,-90.4028,478,184,polygon,FALSE,TRUE,America/Chicago,3
19126,Hecker,Hecker,IL,Illinois,17133,Monroe,38.3054,-89.9934,478,730,polygon,FALSE,TRUE,America/Chicago,3
19127,Laketon,Laketon,IN,Indiana,18169,Wabash,40.9807,-85.8393,478,175,polygon,FALSE,FALSE,America/Indiana/Indianapolis,3
19128,Somerset,Somerset,IN,Indiana,18169,Wabash,40.6695,-85.8321,478,277,polygon,FALSE,FALSE,America/Indiana/Indianapolis,3
19129,Charter Oak,Charter Oak,IA,Iowa,19047,Crawford,42.0683,-95.589,478,382,polygon,FALSE,TRUE,America/Chicago,3
19130,Falls Village,Falls Village,CT,Connecticut,9005,Litchfield,41.9576,-73.3562,478,115,polygon,FALSE,FALSE,America/New_York,3
19131,Red Oak,Red Oak,OK,Oklahoma,40077,Latimer,34.9508,-95.0814,478,199,polygon,FALSE,TRUE,America/Chicago,3
19132,Verona,Verona,OH,Ohio,39135,Preble,39.9018,-84.4959,478,404,polygon,FALSE,TRUE,America/New_York,3
19133,Whites Landing,Whites Landing,OH,Ohio,39043,Erie,41.4308,-82.896,478,629,polygon,FALSE,FALSE,America/New_York,3
19134,Webb,Webb,MS,Mississippi,28135,Tallahatchie,33.9478,-90.3464,478,437,polygon,FALSE,TRUE,America/Chicago,3
19135,Lily Lake,Lily Lake,WI,Wisconsin,55059,Kenosha,42.5614,-88.2137,477,350,polygon,FALSE,TRUE,America/Chicago,3
19136,Melrose,Melrose,WI,Wisconsin,55053,Jackson,44.1316,-90.997,477,229,polygon,FALSE,TRUE,America/Chicago,3
19137,Burnsville,Burnsville,WV,West Virginia,54007,Braxton,38.8579,-80.6538,477,174,polygon,FALSE,TRUE,America/New_York,3
19138,Star Harbor,Star Harbor,TX,Texas,48213,Henderson,32.1927,-96.0541,477,394,polygon,FALSE,TRUE,America/Chicago,3
19139,Forestville,Forestville,PA,Pennsylvania,42107,Schuylkill,40.6938,-76.2921,477,211,polygon,FALSE,FALSE,America/New_York,3
19140,Grenada,Grenada,CA,California,6093,Siskiyou,41.6406,-122.526,477,357,polygon,FALSE,FALSE,America/Los_Angeles,3
19141,Gateway,Gateway,AR,Arkansas,5007,Benton,36.4854,-93.9365,477,28,polygon,FALSE,TRUE,America/Chicago,3
19142,Allendale,Allendale,IL,Illinois,17185,Wabash,38.5276,-87.7102,477,600,polygon,FALSE,TRUE,America/Chicago,3
19143,Withee,Withee,WI,Wisconsin,55019,Clark,44.9508,-90.5989,476,220,polygon,FALSE,TRUE,America/Chicago,3
19144,Cuyamungue,Cuyamungue,NM,New Mexico,35049,Santa Fe,35.8648,-106.0096,476,157,polygon,FALSE,FALSE,America/Denver,3
19145,South Toledo Bend,South Toledo Bend,TX,Texas,48351,Newton,31.1568,-93.6074,476,56,polygon,FALSE,FALSE,America/Chicago,3
19146,Tovey,Tovey,IL,Illinois,17021,Christian,39.5883,-89.4486,476,824,polygon,FALSE,TRUE,America/Chicago,3
19147,Whittemore,Whittemore,IA,Iowa,19109,Kossuth,43.0634,-94.4251,476,437,polygon,FALSE,TRUE,America/Chicago,3
19148,Breda,Breda,IA,Iowa,19027,Carroll,42.184,-94.9751,476,247,polygon,FALSE,TRUE,America/Chicago,3
19149,Homeworth,Homeworth,OH,Ohio,39029,Columbiana,40.8358,-81.0649,476,148,polygon,FALSE,FALSE,America/New_York,3
19150,Glenwood,Glenwood,UT,Utah,49041,Sevier,38.7625,-111.988,476,340,polygon,FALSE,TRUE,America/Denver,3
19151,Josephville,Josephville,MO,Missouri,29183,St. Charles,38.8293,-90.7869,476,70,polygon,FALSE,TRUE,America/Chicago,3
19152,Hopkins,Hopkins,MO,Missouri,29147,Nodaway,40.5511,-94.8169,476,257,polygon,FALSE,TRUE,America/Chicago,3
19153,Altura,Altura,MN,Minnesota,27169,Winona,44.0642,-91.9435,476,61,polygon,FALSE,TRUE,America/Chicago,3
19154,Sledge,Sledge,MS,Mississippi,28119,Quitman,34.4327,-90.2213,476,353,polygon,FALSE,TRUE,America/Chicago,3
19155,Summit,Summit,SC,South Carolina,45063,Lexington,33.9246,-81.4226,476,123,polygon,FALSE,TRUE,America/New_York,3
19156,Verlot,Verlot,WA,Washington,53061,Snohomish,48.1003,-121.7679,475,16,polygon,FALSE,FALSE,America/Los_Angeles,3
19157,Taylor,Taylor,WI,Wisconsin,55053,Jackson,44.3217,-91.1206,475,251,polygon,FALSE,TRUE,America/Chicago,3
19158,Montcalm,Montcalm,WV,West Virginia,54055,Mercer,37.3516,-81.2515,475,67,polygon,FALSE,FALSE,America/New_York,3
19159,Harbor Hills,Harbor Hills,NY,New York,36059,Nassau,40.7881,-73.7492,475,1536,polygon,FALSE,FALSE,America/New_York,3
19160,Fredericktown,Fredericktown,PA,Pennsylvania,42125,Washington,40.0019,-80.0092,475,189,polygon,FALSE,FALSE,America/New_York,3
19161,Bruceville,Bruceville,IN,Indiana,18083,Knox,38.758,-87.4154,475,534,polygon,FALSE,TRUE,America/Indiana/Vincennes,3
19162,Kent Narrows,Kent Narrows,MD,Maryland,24035,Queen Anne's,38.9704,-76.2385,475,194,polygon,FALSE,FALSE,America/New_York,3
19163,Cement,Cement,OK,Oklahoma,40015,Caddo,34.9362,-98.1364,475,402,polygon,FALSE,TRUE,America/Chicago,3
19164,Dover,Dover,OK,Oklahoma,40073,Kingfisher,35.9815,-97.9106,475,591,polygon,FALSE,TRUE,America/Chicago,3
19165,Butterfield,Butterfield,MO,Missouri,29009,Barry,36.7468,-93.9043,475,395,polygon,FALSE,TRUE,America/Chicago,3
19166,Erskine,Erskine,MN,Minnesota,27119,Polk,47.6648,-96.0125,475,249,polygon,FALSE,TRUE,America/Chicago,3
19167,Rocky Boy's Agency,Rocky Boy's Agency,MT,Montana,30041,Hill,48.259,-109.7648,475,21,polygon,FALSE,TRUE,America/Denver,3
19168,Enterprise,Enterprise,MS,Mississippi,28023,Clarke,32.1731,-88.8163,475,74,polygon,FALSE,TRUE,America/Chicago,3
19169,Fair Play,Fair Play,SC,South Carolina,45073,Oconee,34.5077,-82.9862,475,27,polygon,FALSE,FALSE,America/New_York,3
19170,Rio Lucio,Rio Lucio,NM,New Mexico,35055,Taos,36.1922,-105.7199,474,174,polygon,FALSE,FALSE,America/Denver,3
19171,Brazos Country,Brazos Country,TX,Texas,48015,Austin,29.7547,-96.0424,474,88,polygon,FALSE,TRUE,America/Chicago,3
19172,Scotland,Scotland,TX,Texas,48009,Archer,33.6499,-98.4677,474,23,polygon,FALSE,TRUE,America/Chicago,3
19173,Swan Quarter,Swan Quarter,NC,North Carolina,37095,Hyde,35.4109,-76.3251,474,46,polygon,FALSE,TRUE,America/New_York,3
19174,Herminie,Herminie,PA,Pennsylvania,42129,Westmoreland,40.2633,-79.7138,474,753,polygon,FALSE,FALSE,America/New_York,3
19175,Tallula,Tallula,IL,Illinois,17129,Menard,39.9457,-89.9365,474,344,polygon,FALSE,TRUE,America/Chicago,3
19176,Lime Springs,Lime Springs,IA,Iowa,19089,Howard,43.4499,-92.2842,474,179,polygon,FALSE,TRUE,America/Chicago,3
19177,Sudlersville,Sudlersville,MD,Maryland,24035,Queen Anne's,39.1832,-75.8535,474,120,polygon,FALSE,TRUE,America/New_York,3
19178,Neelyville,Neelyville,MO,Missouri,29023,Butler,36.5562,-90.5139,474,159,polygon,FALSE,TRUE,America/Chicago,3
19179,Lyman,Lyman,WA,Washington,53057,Skagit,48.523,-122.0634,473,272,polygon,FALSE,TRUE,America/Los_Angeles,3
19180,South Wayne,South Wayne,WI,Wisconsin,55065,Lafayette,42.5673,-89.8761,473,224,polygon,FALSE,TRUE,America/Chicago,3
19181,Rouseville,Rouseville,PA,Pennsylvania,42121,Venango,41.4704,-79.6847,473,204,polygon,FALSE,TRUE,America/New_York,3
19182,Ballard,Ballard,CA,California,6083,Santa Barbara,34.634,-120.1156,473,154,polygon,FALSE,FALSE,America/Los_Angeles,3
19183,Bodega,Bodega,CA,California,6097,Sonoma,38.3488,-122.9712,473,62,polygon,FALSE,FALSE,America/Los_Angeles,3
19184,East Carondelet,East Carondelet,IL,Illinois,17163,St. Clair,38.5385,-90.24,473,155,polygon,FALSE,TRUE,America/Chicago,3
19185,Crawfordville,Crawfordville,GA,Georgia,13265,Taliaferro,33.5545,-82.8965,473,58,polygon,FALSE,TRUE,America/New_York,3
19186,St. Joe,St. Joe,IN,Indiana,18033,DeKalb,41.3147,-84.9012,473,544,polygon,FALSE,TRUE,America/Indiana/Indianapolis,3
19187,Mesquite Creek,Mesquite Creek,AZ,Arizona,4015,Mohave,34.9606,-114.5714,473,180,polygon,FALSE,FALSE,America/Phoenix,3
19188,Corwin,Corwin,OH,Ohio,39165,Warren,39.5249,-84.0676,473,529,polygon,FALSE,TRUE,America/New_York,3
19189,Coalton,Coalton,OH,Ohio,39079,Jackson,39.1117,-82.611,473,332,polygon,FALSE,TRUE,America/New_York,3
19190,Ione,Ione,WA,Washington,53051,Pend Oreille,48.7401,-117.4215,472,343,polygon,FALSE,TRUE,America/Los_Angeles,3
19191,Pacific Beach,Pacific Beach,WA,Washington,53027,Grays Harbor,47.215,-124.1967,472,150,polygon,FALSE,FALSE,America/Los_Angeles,3
19192,Winthrop,Winthrop,WA,Washington,53047,Okanogan,48.4717,-120.179,472,195,polygon,FALSE,TRUE,America/Los_Angeles,3
19193,Kendall,Kendall,WI,Wisconsin,55081,Monroe,43.7926,-90.3677,472,238,polygon,FALSE,TRUE,America/Chicago,3
19194,Cortland,Cortland,NE,Nebraska,31067,Gage,40.5059,-96.7064,472,693,polygon,FALSE,TRUE,America/Chicago,3
19195,Downsville,Downsville,NY,New York,36025,Delaware,42.0818,-74.998,472,46,polygon,FALSE,FALSE,America/New_York,3
19196,Hewlett Neck,Hewlett Neck,NY,New York,36059,Nassau,40.6247,-73.6981,472,932,polygon,FALSE,TRUE,America/New_York,3
19197,Weedville,Weedville,PA,Pennsylvania,42047,Elk,41.2764,-78.4902,472,93,polygon,FALSE,FALSE,America/New_York,3
19198,San Lucas,San Lucas,CA,California,6053,Monterey,36.1283,-121.0217,472,462,polygon,FALSE,FALSE,America/Los_Angeles,3
19199,Tamms,Tamms,IL,Illinois,17003,Alexander,37.2416,-89.2714,472,78,polygon,FALSE,TRUE,America/Chicago,3
19200,Chrisney,Chrisney,IN,Indiana,18147,Spencer,38.01,-87.0319,472,258,polygon,FALSE,TRUE,America/Chicago,3
19201,Corn,Corn,OK,Oklahoma,40149,Washita,35.3793,-98.7814,472,510,polygon,FALSE,TRUE,America/Chicago,3
19202,Amsterdam,Amsterdam,OH,Ohio,39081,Jefferson,40.4717,-80.9217,472,570,polygon,FALSE,TRUE,America/New_York,3
19203,Oak Grove Village,Oak Grove Village,MO,Missouri,29071,Franklin,38.2278,-91.1494,472,296,polygon,FALSE,TRUE,America/Chicago,3
19204,Bayfield,Bayfield,WI,Wisconsin,55007,Bayfield,46.8141,-90.8226,471,211,polygon,FALSE,TRUE,America/Chicago,3
19205,Cochiti,Cochiti,NM,New Mexico,35043,Sandoval,35.6105,-106.3501,471,233,polygon,FALSE,FALSE,America/Denver,3
19206,Timbercreek Canyon,Timbercreek Canyon,TX,Texas,48381,Randall,35.0539,-101.8186,471,95,polygon,FALSE,TRUE,America/Chicago,3
19207,Bixby,Bixby,TX,Texas,48061,Cameron,26.14,-97.8562,471,115,polygon,FALSE,FALSE,America/Chicago,3
19208,Chefornak,Chefornak,AK,Alaska,2050,Bethel,60.155,-164.255,471,34,polygon,FALSE,TRUE,America/Nome,3
19209,Glen Park,Glen Park,NY,New York,36045,Jefferson,44.0016,-75.9548,471,254,polygon,FALSE,TRUE,America/New_York,3
19210,Marianna,Marianna,PA,Pennsylvania,42125,Washington,40.0128,-80.1121,471,92,polygon,FALSE,TRUE,America/New_York,3
19211,Fairview,Fairview,IL,Illinois,17057,Fulton,40.6485,-90.1841,471,43,polygon,FALSE,TRUE,America/Chicago,3
19212,Rough Rock,Rough Rock,AZ,Arizona,4001,Apache,36.4106,-109.8691,471,14,polygon,FALSE,FALSE,America/Denver,3
19213,Rothsay,Rothsay,MN,Minnesota,27167,Wilkin,46.4735,-96.2845,471,222,polygon,FALSE,TRUE,America/Chicago,3
19214,Mackinac Island,Mackinac Island,MI,Michigan,26097,Mackinac,45.8593,-84.6253,471,41,polygon,FALSE,TRUE,America/Detroit,3
19215,Unionville,Unionville,MI,Michigan,26157,Tuscola,43.6538,-83.4671,471,193,polygon,FALSE,TRUE,America/Detroit,3
19216,Argonia,Argonia,KS,Kansas,20191,Sumner,37.2679,-97.7629,471,258,polygon,FALSE,TRUE,America/Chicago,3
19217,Finley Point,Finley Point,MT,Montana,30047,Lake,47.7464,-114.0666,471,42,polygon,FALSE,FALSE,America/Denver,3
19218,Huntley,Huntley,MT,Montana,30111,Yellowstone,45.8995,-108.3054,471,119,polygon,FALSE,FALSE,America/Denver,3
19219,Oacoma,Oacoma,SD,South Dakota,46085,Lyman,43.8038,-99.3721,471,70,polygon,FALSE,TRUE,America/Chicago,3
19220,Bedias,Bedias,TX,Texas,48185,Grimes,30.7792,-95.9469,470,163,polygon,FALSE,TRUE,America/Chicago,3
19221,Hornbeak,Hornbeak,TN,Tennessee,47131,Obion,36.3352,-89.2983,470,172,polygon,FALSE,TRUE,America/Chicago,3
19222,McNeil,McNeil,AR,Arkansas,5027,Columbia,33.3479,-93.2083,470,143,polygon,FALSE,TRUE,America/Chicago,3
19223,Naplate,Naplate,IL,Illinois,17099,LaSalle,41.3321,-88.8782,470,1610,polygon,FALSE,TRUE,America/Chicago,3
19224,Oak Park,Oak Park,GA,Georgia,13107,Emanuel,32.3822,-82.3153,470,25,polygon,FALSE,TRUE,America/New_York,3
19225,Wheatland,Wheatland,IN,Indiana,18083,Knox,38.6632,-87.3062,470,443,polygon,FALSE,TRUE,America/Indiana/Vincennes,3
19226,Latimer,Latimer,IA,Iowa,19069,Franklin,42.7629,-93.3655,470,75,polygon,FALSE,TRUE,America/Chicago,3
19227,Weston,Weston,ID,Idaho,16041,Franklin,42.0368,-111.9783,470,95,polygon,FALSE,TRUE,America/Boise,3
19228,Fairlee,Fairlee,MD,Maryland,24029,Kent,39.2268,-76.1654,470,47,polygon,FALSE,FALSE,America/New_York,3
19229,Prue,Prue,OK,Oklahoma,40113,Osage,36.2497,-96.2668,470,402,polygon,FALSE,TRUE,America/Chicago,3
19230,New Eucha,New Eucha,OK,Oklahoma,40041,Delaware,36.3912,-94.8522,470,23,polygon,FALSE,TRUE,America/Chicago,3
19231,Thayer,Thayer,KS,Kansas,20133,Neosho,37.4851,-95.4845,470,241,polygon,FALSE,TRUE,America/Chicago,3
19232,Beech Bottom,Beech Bottom,WV,West Virginia,54009,Brooke,40.2181,-80.6588,469,155,polygon,FALSE,TRUE,America/New_York,3
19233,Avalon,Avalon,FL,Florida,12113,Santa Rosa,30.5366,-87.1009,469,47,polygon,FALSE,TRUE,America/Chicago,3
19234,New Jerusalem,New Jerusalem,PA,Pennsylvania,42011,Berks,40.4455,-75.753,469,99,polygon,FALSE,FALSE,America/New_York,3
19235,Sorento,Sorento,IL,Illinois,17005,Bond,39.0007,-89.5749,469,227,polygon,FALSE,TRUE,America/Chicago,3
19236,Thompson,Thompson,IA,Iowa,19189,Winnebago,43.3698,-93.7747,469,206,polygon,FALSE,TRUE,America/Chicago,3
19237,Delhi,Delhi,IA,Iowa,19055,Delaware,42.4303,-91.3305,469,185,polygon,FALSE,TRUE,America/Chicago,3
19238,University Park,University Park,IA,Iowa,19123,Mahaska,41.2857,-92.6149,469,234,polygon,FALSE,TRUE,America/Chicago,3
19239,Gilmore City,Gilmore City,IA,Iowa,19091,Humboldt,42.7269,-94.4369,469,145,polygon,FALSE,TRUE,America/Chicago,3
19240,Grand View,Grand View,ID,Idaho,16073,Owyhee,42.984,-116.0918,469,315,polygon,FALSE,TRUE,America/Boise,3
19241,Jenkins,Jenkins,MN,Minnesota,27035,Crow Wing,46.6527,-94.3299,469,40,polygon,FALSE,TRUE,America/Chicago,3
19242,Franklin,Franklin,MN,Minnesota,27129,Renville,44.531,-94.8851,469,168,polygon,FALSE,TRUE,America/Chicago,3
19243,Omar,Omar,WV,West Virginia,54045,Logan,37.7583,-81.9973,468,160,polygon,FALSE,FALSE,America/New_York,3
19244,Cowen,Cowen,WV,West Virginia,54101,Webster,38.411,-80.5542,468,287,polygon,FALSE,TRUE,America/New_York,3
19245,Belleplain,Belleplain,NJ,New Jersey,34009,Cape May,39.2662,-74.8672,468,24,polygon,FALSE,FALSE,America/New_York,3
19246,Hallsburg,Hallsburg,TX,Texas,48309,McLennan,31.5684,-96.9464,468,34,polygon,FALSE,TRUE,America/Chicago,3
19247,Gustine,Gustine,TX,Texas,48093,Comanche,31.8457,-98.4025,468,197,polygon,FALSE,TRUE,America/Chicago,3
19248,Argusville,Argusville,ND,North Dakota,38017,Cass,47.0501,-96.9431,468,45,polygon,FALSE,TRUE,America/Chicago,3
19249,Harmonsburg,Harmonsburg,PA,Pennsylvania,42039,Crawford,41.6656,-80.3142,468,131,polygon,FALSE,FALSE,America/New_York,3
19250,Dakota,Dakota,IL,Illinois,17177,Stephenson,42.3879,-89.5265,468,727,polygon,FALSE,TRUE,America/Chicago,3
19251,Garretts Mill,Garretts Mill,MD,Maryland,24043,Washington,39.3534,-77.689,468,316,polygon,FALSE,FALSE,America/New_York,3
19252,North Hampton,North Hampton,OH,Ohio,39023,Clark,39.9893,-83.9442,468,469,polygon,FALSE,TRUE,America/New_York,3
19253,Warner,Warner,SD,South Dakota,46013,Brown,45.3252,-98.4952,468,646,polygon,FALSE,TRUE,America/Chicago,3
19254,Bowdle,Bowdle,SD,South Dakota,46045,Edmunds,45.4513,-99.6564,468,283,polygon,FALSE,TRUE,America/Chicago,3
19255,Lake Poinsett,Lake Poinsett,SD,South Dakota,46057,Hamlin,44.5664,-97.0798,468,36,polygon,FALSE,TRUE,America/Chicago,3
19256,Wamsutter,Wamsutter,WY,Wyoming,56037,Sweetwater,41.6679,-107.979,467,105,polygon,FALSE,TRUE,America/Denver,3
19257,Blum,Blum,TX,Texas,48217,Hill,32.1419,-97.3972,467,182,polygon,FALSE,TRUE,America/Chicago,3
19258,Thorne Bay,Thorne Bay,AK,Alaska,2198,Prince of Wales-Hyder,55.6652,-132.5337,467,6,polygon,FALSE,TRUE,America/Sitka,3
19259,East Arcadia,East Arcadia,NC,North Carolina,37017,Bladen,34.3816,-78.3232,467,80,polygon,FALSE,TRUE,America/New_York,3
19260,Palmer,Palmer,NE,Nebraska,31121,Merrick,41.2224,-98.2599,467,338,polygon,FALSE,TRUE,America/Chicago,3
19261,Ducktown,Ducktown,TN,Tennessee,47139,Polk,35.036,-84.3848,467,68,polygon,FALSE,TRUE,America/New_York,3
19262,Sulphur Rock,Sulphur Rock,AR,Arkansas,5063,Independence,35.7516,-91.5003,467,144,polygon,FALSE,TRUE,America/Chicago,3
19263,Denver,Denver,IN,Indiana,18103,Miami,40.8647,-86.0772,467,751,polygon,FALSE,TRUE,America/Indiana/Indianapolis,3
19264,Collins,Collins,IA,Iowa,19169,Story,41.902,-93.3083,467,369,polygon,FALSE,TRUE,America/Chicago,3
19265,Idaho City,Idaho City,ID,Idaho,16015,Boise,43.8281,-115.8307,467,271,polygon,FALSE,TRUE,America/Boise,3
19266,Shady Grove,Shady Grove,OK,Oklahoma,40021,Cherokee,35.9485,-95.0952,467,14,polygon,FALSE,FALSE,America/Chicago,3
19267,Palmyra,Palmyra,UT,Utah,49049,Utah,40.1473,-111.6979,467,16,polygon,FALSE,FALSE,America/Denver,3
19268,Brewster,Brewster,MN,Minnesota,27105,Nobles,43.6973,-95.4644,467,130,polygon,FALSE,TRUE,America/Chicago,3
19269,Harrisville,Harrisville,MI,Michigan,26001,Alcona,44.6575,-83.2946,467,285,polygon,FALSE,TRUE,America/Detroit,3
19270,Potts Camp,Potts Camp,MS,Mississippi,28093,Marshall,34.6492,-89.3065,467,185,polygon,FALSE,TRUE,America/Chicago,3
19271,St. Cloud,St. Cloud,WI,Wisconsin,55039,Fond du Lac,43.8245,-88.1687,466,195,polygon,FALSE,TRUE,America/Chicago,3
19272,Manalapan,Manalapan,FL,Florida,12099,Palm Beach,26.562,-80.0438,466,402,polygon,FALSE,TRUE,America/New_York,3
19273,Kosse,Kosse,TX,Texas,48293,Limestone,31.307,-96.6293,466,139,polygon,FALSE,TRUE,America/Chicago,3
19274,Tierra Grande,Tierra Grande,TX,Texas,48355,Nueces,27.7037,-97.5718,466,38,polygon,FALSE,FALSE,America/Chicago,3
19275,Morven,Morven,NC,North Carolina,37007,Anson,34.8643,-80,466,175,polygon,FALSE,TRUE,America/New_York,3
19276,Bancroft,Bancroft,NE,Nebraska,31039,Cuming,42.0104,-96.5733,466,491,polygon,FALSE,TRUE,America/Chicago,3
19277,Clintonville,Clintonville,PA,Pennsylvania,42121,Venango,41.2016,-79.8748,466,164,polygon,FALSE,TRUE,America/New_York,3
19278,San Geronimo,San Geronimo,CA,California,6041,Marin,38.0068,-122.6634,466,119,polygon,FALSE,FALSE,America/Los_Angeles,3
19279,Midway,Midway,AL,Alabama,1011,Bullock,32.0764,-85.5244,466,54,polygon,FALSE,TRUE,America/Chicago,3
19280,Hector,Hector,AR,Arkansas,5115,Pope,35.4644,-92.976,466,78,polygon,FALSE,TRUE,America/Chicago,3
19281,Junction City,Junction City,IL,Illinois,17121,Marion,38.5774,-89.1258,466,263,polygon,FALSE,TRUE,America/Chicago,3
19282,Plymouth,Plymouth,IL,Illinois,17067,Hancock,40.2921,-90.9162,466,318,polygon,FALSE,TRUE,America/Chicago,3
19283,Olive Branch,Olive Branch,IL,Illinois,17003,Alexander,37.1755,-89.3518,466,18,polygon,FALSE,FALSE,America/Chicago,3
19284,Wilbur Park,Wilbur Park,MO,Missouri,29189,St. Louis,38.5532,-90.3087,466,3027,polygon,FALSE,TRUE,America/Chicago,2
19285,Lynd,Lynd,MN,Minnesota,27083,Lyon,44.3973,-95.8812,466,143,polygon,FALSE,TRUE,America/Chicago,3
19286,Roxie,Roxie,MS,Mississippi,28037,Franklin,31.5046,-91.0674,466,159,polygon,FALSE,TRUE,America/Chicago,3
19287,Riverwood,Riverwood,KY,Kentucky,21111,Jefferson,38.2831,-85.6614,466,864,polygon,FALSE,TRUE,America/New_York,3
19288,Labish Village,Labish Village,OR,Oregon,41047,Marion,45.0191,-122.9736,466,3328,polygon,FALSE,FALSE,America/Los_Angeles,2
19289,Endeavor,Endeavor,WI,Wisconsin,55077,Marquette,43.7146,-89.4684,465,285,polygon,FALSE,TRUE,America/Chicago,3
19290,Oglesby,Oglesby,TX,Texas,48099,Coryell,31.4187,-97.5113,465,351,polygon,FALSE,TRUE,America/Chicago,3
19291,Sicily Island,Sicily Island,LA,Louisiana,22025,Catahoula,31.8492,-91.6599,465,312,polygon,FALSE,TRUE,America/Chicago,3
19292,Newfield Hamlet,Newfield Hamlet,NY,New York,36109,Tompkins,42.3582,-76.5923,465,142,polygon,FALSE,FALSE,America/New_York,3
19293,Beallsville,Beallsville,PA,Pennsylvania,42125,Washington,40.0619,-80.0302,465,73,polygon,FALSE,TRUE,America/New_York,3
19294,Penn,Penn,PA,Pennsylvania,42129,Westmoreland,40.3294,-79.6419,465,1145,polygon,FALSE,TRUE,America/New_York,3
19295,Haysi,Haysi,VA,Virginia,51051,Dickenson,37.2151,-82.2931,465,49,polygon,FALSE,TRUE,America/New_York,3
19296,Spring Lake,Spring Lake,UT,Utah,49049,Utah,40.0054,-111.7474,465,160,polygon,FALSE,FALSE,America/Denver,3
19297,Glenbeulah,Glenbeulah,WI,Wisconsin,55117,Sheboygan,43.7982,-88.0465,464,257,polygon,FALSE,TRUE,America/Chicago,3
19298,Mole Lake,Mole Lake,WI,Wisconsin,55041,Forest,45.4859,-88.9823,464,48,polygon,FALSE,FALSE,America/Chicago,3
19299,Knapp,Knapp,WI,Wisconsin,55033,Dunn,44.9514,-92.0769,464,114,polygon,FALSE,TRUE,America/Chicago,3
19300,Lost Creek,Lost Creek,WV,West Virginia,54033,Harrison,39.1627,-80.3484,464,184,polygon,FALSE,TRUE,America/New_York,3
19301,Turkey Creek,Turkey Creek,LA,Louisiana,22039,Evangeline,30.8732,-92.417,464,72,polygon,FALSE,TRUE,America/Chicago,3
19302,Naknek,Naknek,AK,Alaska,2060,Bristol Bay,58.7847,-156.8967,464,2,polygon,FALSE,FALSE,America/Anchorage,3
19303,Gadsden,Gadsden,TN,Tennessee,47033,Crockett,35.7767,-88.9861,464,159,polygon,FALSE,TRUE,America/Chicago,3
19304,Fort Johnson,Fort Johnson,NY,New York,36057,Montgomery,42.9591,-74.2381,464,242,polygon,FALSE,TRUE,America/New_York,3
19305,Petersburg,Petersburg,PA,Pennsylvania,42061,Huntingdon,40.5726,-78.0507,464,538,polygon,FALSE,TRUE,America/New_York,3
19306,Grindstone,Grindstone,PA,Pennsylvania,42051,Fayette,40.0218,-79.8232,464,136,polygon,FALSE,FALSE,America/New_York,3
19307,Yampa,Yampa,CO,Colorado,8107,Routt,40.153,-106.9086,464,745,polygon,FALSE,TRUE,America/Denver,3
19308,Nunn,Nunn,CO,Colorado,8123,Weld,40.7132,-104.7884,464,48,polygon,FALSE,TRUE,America/Denver,3
19309,Bridgeport,Bridgeport,CA,California,6051,Mono,38.2562,-119.2123,464,8,polygon,FALSE,FALSE,America/Los_Angeles,3
19310,Iuka,Iuka,IL,Illinois,17121,Marion,38.6181,-88.7881,464,244,polygon,FALSE,TRUE,America/Chicago,3
19311,Whigham,Whigham,GA,Georgia,13131,Grady,30.8845,-84.3247,464,152,polygon,FALSE,TRUE,America/New_York,3
19312,Rawlings,Rawlings,MD,Maryland,24001,Allegany,39.5403,-78.8858,464,200,polygon,FALSE,FALSE,America/New_York,3
19313,Hermitage,Hermitage,MO,Missouri,29085,Hickory,37.9443,-93.3255,464,138,polygon,FALSE,TRUE,America/Chicago,3
19314,Fromberg,Fromberg,MT,Montana,30009,Carbon,45.3921,-108.9067,464,403,polygon,FALSE,TRUE,America/Denver,3
19315,Sidon,Sidon,MS,Mississippi,28083,Leflore,33.4079,-90.2081,464,1444,polygon,FALSE,TRUE,America/Chicago,3
19316,Mosier,Mosier,OR,Oregon,41065,Wasco,45.685,-121.395,464,393,polygon,FALSE,TRUE,America/Los_Angeles,3
19317,Alford,Alford,FL,Florida,12063,Jackson,30.6967,-85.3952,463,169,polygon,FALSE,TRUE,America/Chicago,3
19318,Red River,Red River,NM,New Mexico,35055,Taos,36.7041,-105.4064,463,176,polygon,FALSE,TRUE,America/Denver,3
19319,Dean,Dean,TX,Texas,48077,Clay,33.9299,-98.3676,463,83,polygon,FALSE,TRUE,America/Chicago,3
19320,Mullen,Mullen,NE,Nebraska,31091,Hooker,42.0432,-101.0445,463,380,polygon,FALSE,TRUE,America/Denver,3
19321,Decatur,Decatur,NE,Nebraska,31021,Burt,42.0056,-96.2497,463,175,polygon,FALSE,TRUE,America/Chicago,3
19322,Munnsville,Munnsville,NY,New York,36053,Madison,42.9765,-75.5865,463,204,polygon,FALSE,TRUE,America/New_York,3
19323,Yukon,Yukon,PA,Pennsylvania,42129,Westmoreland,40.2139,-79.6864,463,190,polygon,FALSE,FALSE,America/New_York,3
19324,Heeney,Heeney,CO,Colorado,8117,Summit,39.8711,-106.3001,463,786,polygon,FALSE,FALSE,America/Denver,3
19325,Carnelian Bay,Carnelian Bay,CA,California,6061,Placer,39.2346,-120.0767,463,137,polygon,FALSE,FALSE,America/Los_Angeles,3
19326,Fairview,Fairview,AL,Alabama,1043,Cullman,34.2477,-86.6843,463,66,polygon,FALSE,TRUE,America/Chicago,3
19327,Stacyville,Stacyville,IA,Iowa,19131,Mitchell,43.4391,-92.784,463,348,polygon,FALSE,TRUE,America/Chicago,3
19328,Klemme,Klemme,IA,Iowa,19081,Hancock,43.0098,-93.6014,463,351,polygon,FALSE,TRUE,America/Chicago,3
19329,Goshen,Goshen,OH,Ohio,39025,Clermont,39.2325,-84.1532,463,96,polygon,FALSE,FALSE,America/New_York,3
19330,Greenville,Greenville,MO,Missouri,29223,Wayne,37.1284,-90.4472,463,264,polygon,FALSE,TRUE,America/Chicago,3
19331,Protection,Protection,KS,Kansas,20033,Comanche,37.2004,-99.4808,463,192,polygon,FALSE,TRUE,America/Chicago,3
19332,Tremont,Tremont,MS,Mississippi,28057,Itawamba,34.2327,-88.2507,463,36,polygon,FALSE,TRUE,America/Chicago,3
19333,Abrams,Abrams,WI,Wisconsin,55083,Oconto,44.7796,-88.0605,462,216,polygon,FALSE,FALSE,America/Chicago,3
19334,Monterey,Monterey,LA,Louisiana,22029,Concordia,31.4436,-91.7191,462,62,polygon,FALSE,FALSE,America/Chicago,3
19335,Townsend,Townsend,TN,Tennessee,47009,Blount,35.6763,-83.7528,462,89,polygon,FALSE,TRUE,America/New_York,3
19336,Sidman,Sidman,PA,Pennsylvania,42021,Cambria,40.3235,-78.7523,462,179,polygon,FALSE,FALSE,America/New_York,3
19337,Seward,Seward,PA,Pennsylvania,42129,Westmoreland,40.413,-79.0219,462,882,polygon,FALSE,TRUE,America/New_York,3
19338,Louisville,Louisville,AL,Alabama,1005,Barbour,31.781,-85.5583,462,64,polygon,FALSE,TRUE,America/Chicago,3
19339,Tull,Tull,AR,Arkansas,5053,Grant,34.441,-92.5779,462,44,polygon,FALSE,TRUE,America/Chicago,3
19340,Irving,Irving,IL,Illinois,17135,Montgomery,39.2053,-89.4054,462,198,polygon,FALSE,TRUE,America/Chicago,3
19341,Towanda,Towanda,IL,Illinois,17113,McLean,40.5633,-88.9008,462,239,polygon,FALSE,TRUE,America/Chicago,3
19342,Spring Bay,Spring Bay,IL,Illinois,17203,Woodford,40.8207,-89.5285,462,241,polygon,FALSE,TRUE,America/Chicago,3
19343,Arbyrd,Arbyrd,MO,Missouri,29069,Dunklin,36.0535,-90.2399,462,177,polygon,FALSE,TRUE,America/Chicago,3
19344,Kiester,Kiester,MN,Minnesota,27043,Faribault,43.5369,-93.7113,462,413,polygon,FALSE,TRUE,America/Chicago,3
19345,Broadus,Broadus,MT,Montana,30075,Powder River,45.4431,-105.4085,462,506,polygon,FALSE,TRUE,America/Denver,3
19346,Greenview,Greenview,WV,West Virginia,54005,Boone,37.9963,-81.8202,461,180,polygon,FALSE,FALSE,America/New_York,3
19347,Lake Mystic,Lake Mystic,FL,Florida,12077,Liberty,30.3906,-84.9857,461,39,polygon,FALSE,TRUE,America/New_York,3
19348,Millsap,Millsap,TX,Texas,48367,Parker,32.7493,-98.0117,461,121,polygon,FALSE,TRUE,America/Chicago,3
19349,Marshall,Marshall,AK,Alaska,2158,Kusilvak,61.8753,-162.0488,461,43,polygon,FALSE,TRUE,America/Nome,3
19350,Holiday Pocono,Holiday Pocono,PA,Pennsylvania,42025,Carbon,41.0292,-75.6092,461,75,polygon,FALSE,FALSE,America/New_York,3
19351,Canadohta Lake,Canadohta Lake,PA,Pennsylvania,42039,Crawford,41.8176,-79.8364,461,148,polygon,FALSE,FALSE,America/New_York,3
19352,Mount Pleasant Mills,Mount Pleasant Mills,PA,Pennsylvania,42109,Snyder,40.723,-77.0214,461,141,polygon,FALSE,FALSE,America/New_York,3
19353,Zephyr Cove,Zephyr Cove,NV,Nevada,32005,Douglas,39.0082,-119.9307,461,83,polygon,FALSE,FALSE,America/Los_Angeles,3
19354,Hissop,Hissop,AL,Alabama,1037,Coosa,32.8746,-86.1159,461,9,polygon,FALSE,FALSE,America/Chicago,3
19355,Lafe,Lafe,AR,Arkansas,5055,Greene,36.2092,-90.5043,461,87,polygon,FALSE,TRUE,America/Chicago,3
19356,Emmet,Emmet,AR,Arkansas,5099,Nevada,33.7227,-93.4657,461,123,polygon,FALSE,TRUE,America/Chicago,3
19357,Ephesus,Ephesus,GA,Georgia,13149,Heard,33.4069,-85.2568,461,48,polygon,FALSE,TRUE,America/New_York,3
19358,Kingman,Kingman,IN,Indiana,18045,Fountain,39.9664,-87.278,461,273,polygon,FALSE,TRUE,America/Indiana/Indianapolis,3
19359,Martensdale,Martensdale,IA,Iowa,19181,Warren,41.3738,-93.7387,461,467,polygon,FALSE,TRUE,America/Chicago,3
19360,Rock Point,Rock Point,AZ,Arizona,4001,Apache,36.7173,-109.6287,461,12,polygon,FALSE,FALSE,America/Denver,3
19361,North Adams,North Adams,MI,Michigan,26059,Hillsdale,41.9707,-84.5251,461,334,polygon,FALSE,TRUE,America/Detroit,3
19362,Bridgewater,Bridgewater,SD,South Dakota,46087,McCook,43.5502,-97.4984,461,158,polygon,FALSE,TRUE,America/Chicago,3
19363,Sprague,Sprague,WA,Washington,53043,Lincoln,47.3049,-117.9714,460,168,polygon,FALSE,TRUE,America/Los_Angeles,3
19364,Glen St. Mary,Glen St. Mary,FL,Florida,12003,Baker,30.2752,-82.1604,460,387,polygon,FALSE,TRUE,America/New_York,3
19365,Crescent,Crescent,LA,Louisiana,22047,Iberville,30.2405,-91.2864,460,106,polygon,FALSE,FALSE,America/Chicago,3
19366,Leeds,Leeds,ND,North Dakota,38005,Benson,48.2875,-99.4344,460,290,polygon,FALSE,TRUE,America/Chicago,3
19367,Beersheba Springs,Beersheba Springs,TN,Tennessee,47061,Grundy,35.4589,-85.6688,460,36,polygon,FALSE,TRUE,America/Chicago,3
19368,Allensville,Allensville,PA,Pennsylvania,42087,Mifflin,40.5331,-77.8141,460,90,polygon,FALSE,FALSE,America/New_York,3
19369,Berlin,Berlin,AL,Alabama,1043,Cullman,34.1868,-86.7442,460,214,polygon,FALSE,TRUE,America/Chicago,3
19370,Salesville,Salesville,AR,Arkansas,5005,Baxter,36.241,-92.2769,460,39,polygon,FALSE,TRUE,America/Chicago,3
19371,Emden,Emden,IL,Illinois,17107,Logan,40.2982,-89.4851,460,756,polygon,FALSE,TRUE,America/Chicago,3
19372,St. Leonard,St. Leonard,MD,Maryland,24009,Calvert,38.4659,-76.4973,460,77,polygon,FALSE,FALSE,America/New_York,3
19373,Plymouth,Plymouth,UT,Utah,49003,Box Elder,41.8734,-112.1454,460,214,polygon,FALSE,TRUE,America/Denver,3
19374,Snover,Snover,MI,Michigan,26151,Sanilac,43.4653,-82.9709,460,25,polygon,FALSE,FALSE,America/Detroit,3
19375,Kaleva,Kaleva,MI,Michigan,26101,Manistee,44.3723,-86.0135,460,160,polygon,FALSE,TRUE,America/Detroit,3
19376,Hatley,Hatley,MS,Mississippi,28095,Monroe,33.9773,-88.4184,460,129,polygon,FALSE,TRUE,America/Chicago,3
19377,Bogue Chitto,Bogue Chitto,MS,Mississippi,28099,Neshoba,32.8338,-88.9189,460,27,polygon,FALSE,FALSE,America/Chicago,3
19378,North Powder,North Powder,OR,Oregon,41061,Union,45.03,-117.9205,460,283,polygon,FALSE,TRUE,America/Los_Angeles,3
19379,Acacia Villas,Acacia Villas,FL,Florida,12099,Palm Beach,26.6457,-80.1104,459,2520,polygon,FALSE,TRUE,America/New_York,2
19380,Lemitar,Lemitar,NM,New Mexico,35053,Socorro,34.1551,-106.9122,459,129,polygon,FALSE,FALSE,America/Denver,3
19381,Seco Mines,Seco Mines,TX,Texas,48323,Maverick,28.7467,-100.5027,459,312,polygon,FALSE,FALSE,America/Chicago,3
19382,Angoon,Angoon,AK,Alaska,2105,Hoonah-Angoon,57.455,-134.4978,459,6,polygon,FALSE,TRUE,America/Juneau,3
19383,JAARS,JAARS,NC,North Carolina,37179,Union,34.8622,-80.7489,459,206,polygon,FALSE,FALSE,America/New_York,3
19384,Sterling,Sterling,NE,Nebraska,31097,Johnson,40.4612,-96.3776,459,435,polygon,FALSE,TRUE,America/Chicago,3
19385,Muir,Muir,PA,Pennsylvania,42107,Schuylkill,40.5943,-76.5186,459,356,polygon,FALSE,FALSE,America/New_York,3
19386,Hopeland,Hopeland,PA,Pennsylvania,42071,Lancaster,40.2336,-76.2615,459,268,polygon,FALSE,FALSE,America/New_York,3
19387,Cushman,Cushman,AR,Arkansas,5063,Independence,35.8658,-91.7781,459,43,polygon,FALSE,TRUE,America/Chicago,3
19388,Norwood,Norwood,IL,Illinois,17143,Peoria,40.7078,-89.6995,459,577,polygon,FALSE,TRUE,America/Chicago,3
19389,Ocheyedan,Ocheyedan,IA,Iowa,19143,Osceola,43.4181,-95.5365,459,152,polygon,FALSE,TRUE,America/Chicago,3
19390,Dugway,Dugway,UT,Utah,49045,Tooele,40.2307,-112.7541,459,34,polygon,TRUE,TRUE,America/Denver,3
19391,Greentop,Greentop,MO,Missouri,29197,Schuyler,40.3508,-92.5657,459,216,polygon,FALSE,TRUE,America/Chicago,3
19392,Watersmeet,Watersmeet,MI,Michigan,26053,Gogebic,46.2872,-89.1937,459,19,polygon,FALSE,FALSE,America/Menominee,3
19393,Colton,Colton,WA,Washington,53075,Whitman,46.5675,-117.1285,458,286,polygon,FALSE,TRUE,America/Los_Angeles,3
19394,Center Point,Center Point,LA,Louisiana,22009,Avoyelles,31.2524,-92.2099,458,37,polygon,FALSE,FALSE,America/Chicago,3
19395,Atlantic,Atlantic,NC,North Carolina,37031,Carteret,34.8823,-76.344,458,192,polygon,FALSE,FALSE,America/New_York,3
19396,Malverne Park Oaks,Malverne Park Oaks,NY,New York,36059,Nassau,40.6816,-73.6643,458,1360,polygon,FALSE,FALSE,America/New_York,3
19397,Hawthorn,Hawthorn,PA,Pennsylvania,42031,Clarion,41.021,-79.2782,458,172,polygon,FALSE,TRUE,America/New_York,3
19398,Urbanna,Urbanna,VA,Virginia,51119,Middlesex,37.6395,-76.5747,458,417,polygon,FALSE,TRUE,America/New_York,3
19399,Mount Crawford,Mount Crawford,VA,Virginia,51165,Rockingham,38.3601,-78.9413,458,366,polygon,FALSE,TRUE,America/New_York,3
19400,Versailles,Versailles,IL,Illinois,17009,Brown,39.8842,-90.6587,458,189,polygon,FALSE,TRUE,America/Chicago,3
19401,Nezperce,Nezperce,ID,Idaho,16061,Lewis,46.2341,-116.2405,458,411,polygon,FALSE,TRUE,America/Los_Angeles,3
19402,Hayesville,Hayesville,OH,Ohio,39005,Ashland,40.7752,-82.2596,458,239,polygon,FALSE,TRUE,America/New_York,3
19403,Danube,Danube,MN,Minnesota,27129,Renville,44.791,-95.1029,458,362,polygon,FALSE,TRUE,America/Chicago,3
19404,Republic,Republic,MI,Michigan,26103,Marquette,46.3956,-87.9819,458,48,polygon,FALSE,FALSE,America/Detroit,3
19405,La Yuca,La Yuca,PR,Puerto Rico,72113,Ponce,18.0727,-66.6077,458,1871,polygon,FALSE,TRUE,America/Puerto_Rico,3
19406,Forest Hills,Forest Hills,KY,Kentucky,21111,Jefferson,38.2158,-85.5837,458,611,polygon,FALSE,TRUE,America/New_York,3
19407,Villa Pancho,Villa Pancho,TX,Texas,48061,Cameron,25.8842,-97.4154,457,635,polygon,FALSE,FALSE,America/Chicago,3
19408,Big Delta,Big Delta,AK,Alaska,2240,Southeast Fairbanks,64.1486,-145.7453,457,3,polygon,FALSE,FALSE,America/Anchorage,3
19409,Glenwood,Glenwood,NE,Nebraska,31019,Buffalo,40.7555,-99.081,457,73,polygon,FALSE,TRUE,America/Chicago,3
19410,Weekapaug,Weekapaug,RI,Rhode Island,44009,Washington,41.3359,-71.7633,457,151,polygon,FALSE,FALSE,America/New_York,3
19411,Bend,Bend,CA,California,6103,Tehama,40.2561,-122.2095,457,60,polygon,FALSE,FALSE,America/Los_Angeles,3
19412,Bowen,Bowen,IL,Illinois,17067,Hancock,40.2321,-91.0633,457,412,polygon,FALSE,TRUE,America/Chicago,3
19413,Lamont,Lamont,IA,Iowa,19019,Buchanan,42.5984,-91.6405,457,301,polygon,FALSE,TRUE,America/Chicago,3
19414,Nazlini,Nazlini,AZ,Arizona,4001,Apache,35.9155,-109.4726,457,23,polygon,FALSE,FALSE,America/Denver,3
19415,Lockhart,Lockhart,SC,South Carolina,45087,Union,34.7923,-81.4613,457,578,polygon,FALSE,TRUE,America/New_York,3
19416,Ages,Ages,KY,Kentucky,21095,Harlan,36.8569,-83.2426,457,316,polygon,FALSE,FALSE,America/New_York,3
19417,Butte Falls,Butte Falls,OR,Oregon,41029,Jackson,42.5414,-122.5692,457,412,polygon,FALSE,TRUE,America/Los_Angeles,3
19418,Lingle,Lingle,WY,Wyoming,56015,Goshen,42.1387,-104.3461,456,565,polygon,FALSE,TRUE,America/Denver,3
19419,San Carlos II,San Carlos II,TX,Texas,48479,Webb,27.4901,-99.3684,456,2482,polygon,FALSE,TRUE,America/Chicago,2
19420,Crawfordsville,Crawfordsville,AR,Arkansas,5035,Crittenden,35.2267,-90.3241,456,315,polygon,FALSE,TRUE,America/Chicago,3
19421,Caldwell,Caldwell,AR,Arkansas,5123,St. Francis,35.0788,-90.8136,456,55,polygon,FALSE,TRUE,America/Chicago,3
19422,Menlo,Menlo,GA,Georgia,13055,Chattooga,34.4835,-85.4776,456,224,polygon,FALSE,TRUE,America/New_York,3
19423,Paden,Paden,OK,Oklahoma,40107,Okfuskee,35.5076,-96.5665,456,346,polygon,FALSE,TRUE,America/Chicago,3
19424,Pasadena Park,Pasadena Park,MO,Missouri,29189,St. Louis,38.711,-90.2974,456,1794,polygon,FALSE,TRUE,America/Chicago,3
19425,Qulin,Qulin,MO,Missouri,29023,Butler,36.5977,-90.2522,456,390,polygon,FALSE,TRUE,America/Chicago,3
19426,Ellsworth,Ellsworth,MN,Minnesota,27105,Nobles,43.5209,-96.0197,456,267,polygon,FALSE,TRUE,America/Chicago,3
19427,Richmond,Richmond,KS,Kansas,20059,Franklin,38.4004,-95.2519,456,508,polygon,FALSE,TRUE,America/Chicago,3
19428,Dumas,Dumas,MS,Mississippi,28139,Tippah,34.638,-88.8431,456,45,polygon,FALSE,TRUE,America/Chicago,3
19429,Big Stone City,Big Stone City,SD,South Dakota,46051,Grant,45.2985,-96.4657,456,146,polygon,FALSE,TRUE,America/Chicago,3
19430,Wounded Knee,Wounded Knee,SD,South Dakota,46102,Oglala Lakota,43.1435,-102.3682,456,164,polygon,FALSE,FALSE,America/Denver,3
19431,Lyle,Lyle,WA,Washington,53039,Klickitat,45.6955,-121.2805,455,248,polygon,FALSE,FALSE,America/Los_Angeles,3
19432,Convent,Convent,LA,Louisiana,22093,St. James,30.0132,-90.8232,455,45,polygon,FALSE,FALSE,America/Chicago,3
19433,Gilt Edge,Gilt Edge,TN,Tennessee,47167,Tipton,35.5336,-89.8303,455,64,polygon,FALSE,TRUE,America/Chicago,3
19434,Valley Falls,Valley Falls,NY,New York,36083,Rensselaer,42.9006,-73.5627,455,379,polygon,FALSE,TRUE,America/New_York,3
19435,Conesus Hamlet,Conesus Hamlet,NY,New York,36051,Livingston,42.7262,-77.6696,455,165,polygon,FALSE,FALSE,America/New_York,3
19436,Fredonia,Fredonia,PA,Pennsylvania,42085,Mercer,41.3219,-80.2581,455,492,polygon,FALSE,TRUE,America/New_York,3
19437,Cornell,Cornell,IL,Illinois,17105,Livingston,40.9921,-88.7298,455,268,polygon,FALSE,TRUE,America/Chicago,3
19438,Jerome,Jerome,AZ,Arizona,4025,Yavapai,34.7466,-112.1072,455,203,polygon,FALSE,TRUE,America/Phoenix,3
19439,Drummond,Drummond,OK,Oklahoma,40047,Garfield,36.3012,-98.0358,455,756,polygon,FALSE,TRUE,America/Chicago,3
19440,Pettisville,Pettisville,OH,Ohio,39051,Fulton,41.5323,-84.2231,455,184,polygon,FALSE,FALSE,America/New_York,3
19441,Waite Hill,Waite Hill,OH,Ohio,39085,Lake,41.6124,-81.3859,455,42,polygon,FALSE,TRUE,America/New_York,3
19442,Strong City,Strong City,KS,Kansas,20017,Chase,38.3956,-96.537,455,320,polygon,FALSE,TRUE,America/Chicago,3
19443,Glasco,Glasco,KS,Kansas,20029,Cloud,39.3609,-97.8371,455,529,polygon,FALSE,TRUE,America/Chicago,3
19444,St. Paul,St. Paul,OR,Oregon,41047,Marion,45.2122,-122.9772,455,597,polygon,FALSE,TRUE,America/Los_Angeles,3
19445,Ryderwood,Ryderwood,WA,Washington,53015,Cowlitz,46.375,-123.0441,454,1090,polygon,FALSE,FALSE,America/Los_Angeles,3
19446,Big Chimney,Big Chimney,WV,West Virginia,54039,Kanawha,38.4119,-81.5374,454,87,polygon,FALSE,FALSE,America/New_York,3
19447,Orchid,Orchid,FL,Florida,12061,Indian River,27.7733,-80.4182,454,141,polygon,FALSE,TRUE,America/New_York,3
19448,El Duende,El Duende,NM,New Mexico,35039,Rio Arriba,36.0738,-106.1269,454,119,polygon,FALSE,FALSE,America/Denver,3
19449,Kendleton,Kendleton,TX,Texas,48157,Fort Bend,29.447,-96.001,454,159,polygon,FALSE,TRUE,America/Chicago,3
19450,Jackson,Jackson,NC,North Carolina,37131,Northampton,36.3901,-77.4193,454,173,polygon,FALSE,TRUE,America/New_York,3
19451,Rhinecliff,Rhinecliff,NY,New York,36027,Dutchess,41.9223,-73.9441,454,176,polygon,FALSE,FALSE,America/New_York,3
19452,Hopewell Junction,Hopewell Junction,NY,New York,36027,Dutchess,41.5787,-73.8078,454,370,polygon,FALSE,FALSE,America/New_York,3
19453,Old Forge,Old Forge,NY,New York,36043,Herkimer,43.706,-74.9722,454,98,polygon,FALSE,FALSE,America/New_York,3
19454,Lanesboro,Lanesboro,PA,Pennsylvania,42115,Susquehanna,41.9625,-75.5825,454,67,polygon,FALSE,TRUE,America/New_York,3
19455,Wilkinson,Wilkinson,IN,Indiana,18059,Hancock,39.8857,-85.6084,454,922,polygon,FALSE,TRUE,America/Indiana/Indianapolis,3
19456,Mecosta,Mecosta,MI,Michigan,26107,Mecosta,43.621,-85.2304,454,157,polygon,FALSE,TRUE,America/Detroit,3
19457,Bryant,Bryant,SD,South Dakota,46057,Hamlin,44.5899,-97.4673,454,334,polygon,FALSE,TRUE,America/Chicago,3
19458,Jupiter Inlet Colony,Jupiter Inlet Colony,FL,Florida,12099,Palm Beach,26.948,-80.0755,453,1129,polygon,FALSE,TRUE,America/New_York,3
19459,Cherry,Cherry,IL,Illinois,17011,Bureau,41.428,-89.2132,453,339,polygon,FALSE,TRUE,America/Chicago,3
19460,Beecher City,Beecher City,IL,Illinois,17049,Effingham,39.1866,-88.7876,453,193,polygon,FALSE,TRUE,America/Chicago,3
19461,Chattanooga,Chattanooga,OK,Oklahoma,40031,Comanche,34.4242,-98.654,453,307,polygon,FALSE,TRUE,America/Chicago,3
19462,Otterville,Otterville,MO,Missouri,29053,Cooper,38.7029,-93.0029,453,357,polygon,FALSE,TRUE,America/Chicago,3
19463,Calhoun,Calhoun,MO,Missouri,29083,Henry,38.4684,-93.6251,453,177,polygon,FALSE,TRUE,America/Chicago,3
19464,Kellogg,Kellogg,MN,Minnesota,27157,Wabasha,44.3074,-91.9989,453,565,polygon,FALSE,TRUE,America/Chicago,3
19465,Thompsonville,Thompsonville,MI,Michigan,26019,Benzie,44.5205,-85.9388,453,175,polygon,FALSE,TRUE,America/Detroit,3
19466,Byers,Byers,TX,Texas,48077,Clay,34.0696,-98.1913,452,175,polygon,FALSE,TRUE,America/Chicago,3
19467,St. Regis Falls,St. Regis Falls,NY,New York,36033,Franklin,44.6764,-74.5309,452,135,polygon,FALSE,FALSE,America/New_York,3
19468,West Decatur,West Decatur,PA,Pennsylvania,42033,Clearfield,40.929,-78.2827,452,124,polygon,FALSE,FALSE,America/New_York,3
19469,Michigantown,Michigantown,IN,Indiana,18023,Clinton,40.3281,-86.3916,452,644,polygon,FALSE,TRUE,America/Indiana/Indianapolis,3
19470,Alleman,Alleman,IA,Iowa,19153,Polk,41.8158,-93.6094,452,64,polygon,FALSE,TRUE,America/Chicago,3
19471,Medicine Park,Medicine Park,OK,Oklahoma,40031,Comanche,34.7294,-98.4846,452,86,polygon,FALSE,TRUE,America/Chicago,3
19472,Martinsville,Martinsville,OH,Ohio,39027,Clinton,39.3224,-83.8109,452,397,polygon,FALSE,TRUE,America/New_York,3
19473,Neola,Neola,UT,Utah,49013,Duchesne,40.4342,-110.0309,452,46,polygon,FALSE,FALSE,America/Denver,3
19474,Kanopolis,Kanopolis,KS,Kansas,20053,Ellsworth,38.7081,-98.1581,452,148,polygon,FALSE,TRUE,America/Chicago,3
19475,Lane,Lane,SC,South Carolina,45089,Williamsburg,33.5251,-79.8797,452,44,polygon,FALSE,TRUE,America/New_York,3
19476,Solis,Solis,TX,Texas,48061,Cameron,26.1708,-97.8441,451,104,polygon,FALSE,FALSE,America/Chicago,3
19477,Baileyton,Baileyton,TN,Tennessee,47059,Greene,36.3304,-82.8292,451,107,polygon,FALSE,TRUE,America/New_York,3
19478,Fawn Grove,Fawn Grove,PA,Pennsylvania,42133,York,39.7312,-76.4521,451,105,polygon,FALSE,TRUE,America/New_York,3
19479,Reyno,Reyno,AR,Arkansas,5121,Randolph,36.3609,-90.759,451,172,polygon,FALSE,TRUE,America/Chicago,3
19480,Ravenden,Ravenden,AR,Arkansas,5075,Lawrence,36.2417,-91.2511,451,82,polygon,FALSE,TRUE,America/Chicago,3
19481,Ascutney,Ascutney,VT,Vermont,50027,Windsor,43.408,-72.407,451,103,polygon,FALSE,FALSE,America/New_York,3
19482,Roann,Roann,IN,Indiana,18169,Wabash,40.9111,-85.9245,451,765,polygon,FALSE,TRUE,America/Indiana/Indianapolis,3
19483,St. Bernice,St. Bernice,IN,Indiana,18165,Vermillion,39.7119,-87.52,451,97,polygon,FALSE,FALSE,America/Indiana/Indianapolis,3
19484,Bayard,Bayard,IA,Iowa,19077,Guthrie,41.852,-94.5578,451,380,polygon,FALSE,TRUE,America/Chicago,3
19485,Avondale,Avondale,MO,Missouri,29047,Clay,39.1545,-94.5452,451,1288,polygon,FALSE,TRUE,America/Chicago,3
19486,Island,Island,KY,Kentucky,21149,McLean,37.4433,-87.1474,451,517,polygon,FALSE,TRUE,America/Chicago,3
19487,Emery,Emery,SD,South Dakota,46061,Hanson,43.602,-97.6195,451,381,polygon,FALSE,TRUE,America/Chicago,3
19488,Galena,Galena,AK,Alaska,2290,Yukon-Koyukuk,64.7381,-156.8635,450,9,polygon,FALSE,TRUE,America/Anchorage,3
19489,Coleridge,Coleridge,NE,Nebraska,31027,Cedar,42.5065,-97.2029,450,339,polygon,FALSE,TRUE,America/Chicago,3
19490,Edgar,Edgar,NE,Nebraska,31035,Clay,40.3683,-97.971,450,220,polygon,FALSE,TRUE,America/Chicago,3
19491,Vanderbilt,Vanderbilt,PA,Pennsylvania,42051,Fayette,40.0339,-79.6633,450,991,polygon,FALSE,TRUE,America/New_York,3
19492,Fairview Beach,Fairview Beach,VA,Virginia,51099,King George,38.3282,-77.2423,450,600,polygon,FALSE,FALSE,America/New_York,3
19493,Mount Auburn,Mount Auburn,IL,Illinois,17021,Christian,39.7649,-89.2608,450,174,polygon,FALSE,TRUE,America/Chicago,3
19494,Funston,Funston,GA,Georgia,13071,Colquitt,31.1989,-83.8771,450,152,polygon,FALSE,TRUE,America/New_York,3
19495,Holton,Holton,IN,Indiana,18137,Ripley,39.0752,-85.3847,450,96,polygon,FALSE,TRUE,America/Indiana/Indianapolis,3
19496,Lake Mykee Town,Lake Mykee Town,MO,Missouri,29027,Callaway,38.6761,-92.1044,450,295.2,point,FALSE,TRUE,America/Chicago,3
19497,Allen,Allen,SD,South Dakota,46007,Bennett,43.2792,-101.9265,450,53,polygon,FALSE,FALSE,America/Denver,3
19498,Anderson,Anderson,SD,South Dakota,46099,Minnehaha,43.5208,-96.6132,450,177,polygon,FALSE,TRUE,America/Chicago,3
19499,Cobb,Cobb,WI,Wisconsin,55049,Iowa,42.966,-90.3296,449,194,polygon,FALSE,TRUE,America/Chicago,3
19500,Lake Ivanhoe,Lake Ivanhoe,WI,Wisconsin,55127,Walworth,42.58,-88.3415,449,333,polygon,FALSE,TRUE,America/Chicago,3
19501,Valley Bend,Valley Bend,WV,West Virginia,54083,Randolph,38.7694,-79.928,449,123,polygon,FALSE,FALSE,America/New_York,3
19502,Skellytown,Skellytown,TX,Texas,48065,Carson,35.5704,-101.1728,449,326,polygon,FALSE,TRUE,America/Chicago,3
19503,Emerado,Emerado,ND,North Dakota,38035,Grand Forks,47.9241,-97.3655,449,559,polygon,FALSE,TRUE,America/Chicago,3
19504,Englewood,Englewood,PA,Pennsylvania,42107,Schuylkill,40.7814,-76.2449,449,364,polygon,FALSE,FALSE,America/New_York,3
19505,Point Arena,Point Arena,CA,California,6045,Mendocino,38.9123,-123.6955,449,127,polygon,FALSE,TRUE,America/Los_Angeles,3
19506,Rutledge,Rutledge,AL,Alabama,1041,Crenshaw,31.724,-86.302,449,29,polygon,FALSE,TRUE,America/Chicago,3
19507,Fithian,Fithian,IL,Illinois,17183,Vermilion,40.1143,-87.875,449,453,polygon,FALSE,TRUE,America/Chicago,3
19508,Emerson,Emerson,IA,Iowa,19129,Mills,41.018,-95.4028,449,676,polygon,FALSE,TRUE,America/Chicago,3
19509,Senecaville,Senecaville,OH,Ohio,39059,Guernsey,39.9348,-81.4594,449,364,polygon,FALSE,TRUE,America/New_York,3
19510,Cosmos,Cosmos,MN,Minnesota,27093,Meeker,44.9354,-94.6949,449,156,polygon,FALSE,TRUE,America/Chicago,3
19511,Arlington,Arlington,KS,Kansas,20155,Reno,37.8963,-98.1781,449,140,polygon,FALSE,TRUE,America/Chicago,3
19512,Norbourne Estates,Norbourne Estates,KY,Kentucky,21111,Jefferson,38.2466,-85.6465,449,2171,polygon,FALSE,TRUE,America/New_York,2
19513,Coloma,Coloma,WI,Wisconsin,55137,Waushara,44.0387,-89.5311,448,116,polygon,FALSE,TRUE,America/Chicago,3
19514,Lattimore,Lattimore,NC,North Carolina,37045,Cleveland,35.3154,-81.6602,448,168,polygon,FALSE,TRUE,America/New_York,3
19515,Cheriton,Cheriton,VA,Virginia,51131,Northampton,37.2919,-75.9679,448,158,polygon,FALSE,TRUE,America/New_York,3
19516,Essex,Essex,MO,Missouri,29207,Stoddard,36.8118,-89.8626,448,598,polygon,FALSE,TRUE,America/Chicago,3
19517,Rothbury,Rothbury,MI,Michigan,26127,Oceana,43.52,-86.3588,448,70,polygon,FALSE,TRUE,America/Detroit,3
19518,Emlyn,Emlyn,KY,Kentucky,21235,Whitley,36.7023,-84.1418,448,242,polygon,FALSE,FALSE,America/New_York,3
19519,Camargito,Camargito,TX,Texas,48427,Starr,26.3451,-98.7387,447,2339,polygon,FALSE,TRUE,America/Chicago,2
19520,Gustavus,Gustavus,AK,Alaska,2105,Hoonah-Angoon,58.4275,-135.7492,447,4,polygon,FALSE,TRUE,America/Juneau,3
19521,Jamesville,Jamesville,NC,North Carolina,37117,Martin,35.8121,-76.9002,447,122,polygon,FALSE,TRUE,America/New_York,3
19522,Henry,Henry,TN,Tennessee,47079,Henry,36.2001,-88.4111,447,131,polygon,FALSE,TRUE,America/Chicago,3
19523,South Bethlehem,South Bethlehem,PA,Pennsylvania,42005,Armstrong,40.9991,-79.3395,447,1134,polygon,FALSE,TRUE,America/New_York,3
19524,Broad Top City,Broad Top City,PA,Pennsylvania,42061,Huntingdon,40.2012,-78.1406,447,255,polygon,FALSE,TRUE,America/New_York,3
19525,Camargo,Camargo,IL,Illinois,17041,Douglas,39.7991,-88.1671,447,137,polygon,FALSE,TRUE,America/Chicago,3
19526,Redbird Smith,Redbird Smith,OK,Oklahoma,40135,Sequoyah,35.5615,-95.0298,447,16,polygon,FALSE,FALSE,America/Chicago,3
19527,Rocky Mountain,Rocky Mountain,OK,Oklahoma,40001,Adair,35.7936,-94.778,447,13,polygon,FALSE,FALSE,America/Chicago,3
19528,Keytesville,Keytesville,MO,Missouri,29041,Chariton,39.4313,-92.9371,447,224,polygon,FALSE,TRUE,America/Chicago,3
19529,Lodge Grass,Lodge Grass,MT,Montana,30003,Big Horn,45.3142,-107.3677,447,668,polygon,FALSE,TRUE,America/Denver,3
19530,Tutuilla,Tutuilla,OR,Oregon,41059,Umatilla,45.6142,-118.7065,447,8,polygon,FALSE,FALSE,America/Los_Angeles,3
19531,Appleby,Appleby,TX,Texas,48347,Nacogdoches,31.717,-94.6078,446,79,polygon,FALSE,TRUE,America/Chicago,3
19532,Falmouth,Falmouth,PA,Pennsylvania,42071,Lancaster,40.1316,-76.7045,446,174,polygon,FALSE,FALSE,America/New_York,3
19533,Springboro,Springboro,PA,Pennsylvania,42039,Crawford,41.8006,-80.3715,446,207,polygon,FALSE,TRUE,America/New_York,3
19534,Fries,Fries,VA,Virginia,51077,Grayson,36.714,-80.9752,446,269,polygon,FALSE,TRUE,America/New_York,3
19535,Kennard,Kennard,IN,Indiana,18065,Henry,39.9054,-85.5222,446,406,polygon,FALSE,TRUE,America/Indiana/Indianapolis,3
19536,Milton,Milton,IN,Indiana,18177,Wayne,39.7862,-85.1563,446,620,polygon,FALSE,TRUE,America/Indiana/Indianapolis,3
19537,Farragut,Farragut,IA,Iowa,19071,Fremont,40.72,-95.4807,446,424,polygon,FALSE,TRUE,America/Chicago,3
19538,West Manchester,West Manchester,OH,Ohio,39135,Preble,39.9033,-84.6262,446,633,polygon,FALSE,TRUE,America/New_York,3
19539,Richmond,Richmond,OH,Ohio,39081,Jefferson,40.4329,-80.772,446,311,polygon,FALSE,TRUE,America/New_York,3
19540,Huntsville,Huntsville,OH,Ohio,39091,Logan,40.4424,-83.8043,446,569,polygon,FALSE,TRUE,America/New_York,3
19541,Branson West,Branson West,MO,Missouri,29209,Stone,36.703,-93.3778,446,38,polygon,FALSE,TRUE,America/Chicago,3
19542,Marston,Marston,MO,Missouri,29143,New Madrid,36.5177,-89.6062,446,155,polygon,FALSE,TRUE,America/Chicago,3
19543,Randolph,Randolph,MN,Minnesota,27037,Dakota,44.526,-93.0198,446,180,polygon,FALSE,TRUE,America/Chicago,3
19544,Woodland,Woodland,MI,Michigan,26015,Barry,42.7268,-85.1344,446,203,polygon,FALSE,TRUE,America/Detroit,3
19545,Alberton,Alberton,MT,Montana,30061,Mineral,47.0037,-114.4817,446,314,polygon,FALSE,TRUE,America/Denver,3
19546,Green Bluff,Green Bluff,WA,Washington,53063,Spokane,47.819,-117.277,445,22,polygon,FALSE,FALSE,America/Los_Angeles,3
19547,Fenwick Island,Fenwick Island,DE,Delaware,10005,Sussex,38.4604,-75.0542,445,518,polygon,FALSE,TRUE,America/New_York,3
19548,Cinco Bayou,Cinco Bayou,FL,Florida,12091,Okaloosa,30.4223,-86.6095,445,1004,polygon,FALSE,TRUE,America/Chicago,3
19549,Hudson,Hudson,WY,Wyoming,56013,Fremont,42.9028,-108.5819,445,403,polygon,FALSE,TRUE,America/Denver,3
19550,Cape Royale,Cape Royale,TX,Texas,48407,San Jacinto,30.653,-95.1265,445,87,polygon,FALSE,FALSE,America/Chicago,3
19551,Prospect,Prospect,LA,Louisiana,22043,Grant,31.4488,-92.4969,445,116,polygon,FALSE,FALSE,America/Chicago,3
19552,Bakersville,Bakersville,NC,North Carolina,37121,Mitchell,36.0153,-82.1582,445,226,polygon,FALSE,TRUE,America/New_York,3
19553,Nelson,Nelson,NE,Nebraska,31129,Nuckolls,40.2011,-98.0687,445,210,polygon,FALSE,TRUE,America/Chicago,3
19554,Pikes Creek,Pikes Creek,PA,Pennsylvania,42079,Luzerne,41.3086,-76.1029,445,136,polygon,FALSE,FALSE,America/New_York,3
19555,Stevens,Stevens,PA,Pennsylvania,42071,Lancaster,40.2141,-76.1605,445,110,polygon,FALSE,FALSE,America/New_York,3
19556,Bland,Bland,VA,Virginia,51021,Bland,37.1,-81.1161,445,83,polygon,FALSE,FALSE,America/New_York,3
19557,Boulevard,Boulevard,CA,California,6073,San Diego,32.664,-116.2896,445,43,polygon,FALSE,FALSE,America/Los_Angeles,3
19558,Calion,Calion,AR,Arkansas,5139,Union,33.3285,-92.5402,445,156,polygon,FALSE,TRUE,America/Chicago,3
19559,Seabrook,Seabrook,MA,Massachusetts,25001,Barnstable,41.5831,-70.4992,445,488,polygon,FALSE,FALSE,America/New_York,3
19560,Kennedyville,Kennedyville,MD,Maryland,24029,Kent,39.3059,-75.9947,445,307,polygon,FALSE,FALSE,America/New_York,3
19561,Gloria Glens Park,Gloria Glens Park,OH,Ohio,39103,Medina,41.0577,-81.901,445,1603,polygon,FALSE,TRUE,America/New_York,3
19562,Holcomb,Holcomb,MS,Mississippi,28043,Grenada,33.7643,-89.9732,445,36,polygon,FALSE,FALSE,America/Chicago,3
19563,Atlantic Beach,Atlantic Beach,SC,South Carolina,45051,Horry,33.8035,-78.7177,445,1062,polygon,FALSE,TRUE,America/New_York,3
19564,Briarwood,Briarwood,KY,Kentucky,21111,Jefferson,38.278,-85.5926,445,1803,polygon,FALSE,TRUE,America/New_York,3
19565,Moorland,Moorland,KY,Kentucky,21111,Jefferson,38.2728,-85.58,445,1830,polygon,FALSE,TRUE,America/New_York,3
19566,Avery,Avery,TX,Texas,48387,Red River,33.5522,-94.7803,444,180,polygon,FALSE,TRUE,America/Chicago,3
19567,Elk Park,Elk Park,NC,North Carolina,37011,Avery,36.1582,-81.9808,444,248,polygon,FALSE,TRUE,America/New_York,3
19568,Panama,Panama,NY,New York,36013,Chautauqua,42.0747,-79.485,444,77,polygon,FALSE,TRUE,America/New_York,3
19569,Holland Patent,Holland Patent,NY,New York,36065,Oneida,43.2413,-75.2566,444,339,polygon,FALSE,TRUE,America/New_York,3
19570,Summerhill,Summerhill,PA,Pennsylvania,42021,Cambria,40.3765,-78.7616,444,522,polygon,FALSE,TRUE,America/New_York,3
19571,Victor,Victor,CA,California,6077,San Joaquin,38.1385,-121.1987,444,135,polygon,FALSE,FALSE,America/Los_Angeles,3
19572,Evening Shade,Evening Shade,AR,Arkansas,5135,Sharp,36.0701,-91.6218,444,102,polygon,FALSE,TRUE,America/Chicago,3
19573,Moreland,Moreland,GA,Georgia,13077,Coweta,33.2861,-84.7699,444,189,polygon,FALSE,TRUE,America/New_York,3
19574,Weippe,Weippe,ID,Idaho,16035,Clearwater,46.3787,-115.9394,444,429,polygon,FALSE,TRUE,America/Los_Angeles,3
19575,Clarksburg,Clarksburg,OH,Ohio,39141,Ross,39.5059,-83.1541,444,993,polygon,FALSE,TRUE,America/New_York,3
19576,Scammon,Scammon,KS,Kansas,20021,Cherokee,37.278,-94.823,444,273,polygon,FALSE,TRUE,America/Chicago,3
19577,Taylor,Taylor,MS,Mississippi,28071,Lafayette,34.2691,-89.5833,444,58,polygon,FALSE,TRUE,America/Chicago,3
19578,Sedalia,Sedalia,KY,Kentucky,21083,Graves,36.6437,-88.6049,444,144,polygon,FALSE,FALSE,America/Chicago,3
19579,South Prairie,South Prairie,WA,Washington,53053,Pierce,47.1374,-122.0939,443,446,polygon,FALSE,TRUE,America/Los_Angeles,3
19580,Highland Haven,Highland Haven,TX,Texas,48053,Burnet,30.6074,-98.3951,443,387,polygon,FALSE,TRUE,America/Chicago,3
19581,South Heights,South Heights,PA,Pennsylvania,42007,Beaver,40.5745,-80.2363,443,523,polygon,FALSE,TRUE,America/New_York,3
19582,Red Feather Lakes,Red Feather Lakes,CO,Colorado,8069,Larimer,40.8071,-105.5864,443,18,polygon,FALSE,FALSE,America/Denver,3
19583,New Goshen,New Goshen,IN,Indiana,18167,Vigo,39.583,-87.4646,443,51,polygon,FALSE,FALSE,America/Indiana/Indianapolis,3
19584,Titonka,Titonka,IA,Iowa,19109,Kossuth,43.2369,-94.0411,443,610,polygon,FALSE,TRUE,America/Chicago,3
19585,Winchester,Winchester,ID,Idaho,16061,Lewis,46.2409,-116.6242,443,970,polygon,FALSE,TRUE,America/Los_Angeles,3
19586,Leedey,Leedey,OK,Oklahoma,40043,Dewey,35.8688,-99.3451,443,416,polygon,FALSE,TRUE,America/Chicago,3
19587,Wapanucka,Wapanucka,OK,Oklahoma,40069,Johnston,34.3735,-96.4254,443,254,polygon,FALSE,TRUE,America/Chicago,3
19588,Mount Pleasant,Mount Pleasant,OH,Ohio,39081,Jefferson,40.1759,-80.7996,443,671,polygon,FALSE,TRUE,America/New_York,3
19589,Edison,Edison,OH,Ohio,39117,Morrow,40.5583,-82.8632,443,595,polygon,FALSE,TRUE,America/New_York,3
19590,Sigurd,Sigurd,UT,Utah,49041,Sevier,38.8507,-111.9673,443,174,polygon,FALSE,TRUE,America/Denver,3
19591,Akeley,Akeley,MN,Minnesota,27057,Hubbard,47.0005,-94.728,443,116,polygon,FALSE,TRUE,America/Chicago,3
19592,Montrose,Montrose,SD,South Dakota,46087,McCook,43.7001,-97.1844,443,415,polygon,FALSE,TRUE,America/Chicago,3
19593,New Odanah,New Odanah,WI,Wisconsin,55003,Ashland,46.5986,-90.6618,442,44,polygon,FALSE,TRUE,America/Chicago,3
19594,La Grange,La Grange,WY,Wyoming,56015,Goshen,41.6384,-104.163,442,419,polygon,FALSE,FALSE,America/Denver,3
19595,Buffalo Springs,Buffalo Springs,TX,Texas,48303,Lubbock,33.5327,-101.7077,442,113,polygon,FALSE,TRUE,America/Chicago,3
19596,Bayou Goula,Bayou Goula,LA,Louisiana,22047,Iberville,30.2105,-91.1765,442,69,polygon,FALSE,FALSE,America/Chicago,3
19597,Grimesland,Grimesland,NC,North Carolina,37147,Pitt,35.5686,-77.2025,442,250,polygon,FALSE,TRUE,America/New_York,3
19598,Altmar,Altmar,NY,New York,36075,Oswego,43.511,-76.0037,442,82,polygon,FALSE,FALSE,America/New_York,3
19599,Shippenville,Shippenville,PA,Pennsylvania,42031,Clarion,41.2528,-79.4633,442,556,polygon,FALSE,TRUE,America/New_York,3
19600,Carmichaels,Carmichaels,PA,Pennsylvania,42059,Greene,39.8976,-79.975,442,1034,polygon,FALSE,TRUE,America/New_York,3
19601,Crescent Valley,Crescent Valley,NV,Nevada,32011,Eureka,40.4198,-116.5753,442,76,polygon,FALSE,FALSE,America/Los_Angeles,3
19602,Dillwyn,Dillwyn,VA,Virginia,51029,Buckingham,37.5411,-78.4613,442,264,polygon,FALSE,TRUE,America/New_York,3
19603,Altona,Altona,CO,Colorado,8013,Boulder,40.1254,-105.2923,442,101,polygon,FALSE,FALSE,America/Denver,3
19604,Clarksburg,Clarksburg,CA,California,6113,Yolo,38.4193,-121.5416,442,84,polygon,FALSE,FALSE,America/Los_Angeles,3
19605,Mansfield,Mansfield,GA,Georgia,13217,Newton,33.518,-83.7349,442,156,polygon,FALSE,TRUE,America/New_York,3
19606,Harrison,Harrison,GA,Georgia,13303,Washington,32.8263,-82.7258,442,99,polygon,FALSE,TRUE,America/New_York,3
19607,Darlington,Darlington,MD,Maryland,24025,Harford,39.6425,-76.2035,442,163,polygon,FALSE,FALSE,America/New_York,3
19608,Keys,Keys,OK,Oklahoma,40021,Cherokee,35.8056,-94.9425,442,30,polygon,FALSE,FALSE,America/Chicago,3
19609,Bigfork,Bigfork,MN,Minnesota,27061,Itasca,47.7473,-93.6525,442,92,polygon,FALSE,TRUE,America/Chicago,3
19610,River Bluff,River Bluff,KY,Kentucky,21185,Oldham,38.3719,-85.604,442,724,polygon,FALSE,TRUE,America/New_York,3
19611,Clay,Clay,WV,West Virginia,54015,Clay,38.4661,-81.0816,441,305,polygon,FALSE,TRUE,America/New_York,3
19612,Follett,Follett,TX,Texas,48295,Lipscomb,36.434,-100.1408,441,175,polygon,FALSE,TRUE,America/Chicago,3
19613,Kongiganak,Kongiganak,AK,Alaska,2050,Bethel,59.958,-162.8831,441,89,polygon,FALSE,FALSE,America/Nome,3
19614,Bridgeton,Bridgeton,NC,North Carolina,37049,Craven,35.1347,-77.0159,441,83,polygon,FALSE,TRUE,America/New_York,3
19615,Ridgeside,Ridgeside,TN,Tennessee,47065,Hamilton,35.0349,-85.2469,441,1004,polygon,FALSE,TRUE,America/New_York,3
19616,Yettem,Yettem,CA,California,6107,Tulare,36.4866,-119.2549,441,1109,polygon,FALSE,FALSE,America/Los_Angeles,3
19617,French Gulch,French Gulch,CA,California,6089,Shasta,40.7166,-122.6312,441,13,polygon,FALSE,FALSE,America/Los_Angeles,3
19618,Offerman,Offerman,GA,Georgia,13229,Pierce,31.4088,-82.1132,441,52,polygon,FALSE,TRUE,America/New_York,3
19619,Gadsden,Gadsden,AZ,Arizona,4027,Yuma,32.5564,-114.781,441,87,polygon,FALSE,FALSE,America/Phoenix,3
19620,Greasewood,Greasewood,AZ,Arizona,4017,Navajo,35.5279,-109.8614,441,31,polygon,FALSE,FALSE,America/Denver,3
19621,Ashby,Ashby,MN,Minnesota,27051,Grant,46.0931,-95.8157,441,308,polygon,FALSE,TRUE,America/Chicago,3
19622,Brethren,Brethren,MI,Michigan,26101,Manistee,44.2987,-86.0184,441,53,polygon,FALSE,FALSE,America/Detroit,3
19623,Maupin,Maupin,OR,Oregon,41065,Wasco,45.1731,-121.0882,441,124,polygon,FALSE,TRUE,America/Los_Angeles,3
19624,Arden,Arden,DE,Delaware,10003,New Castle,39.8113,-75.4886,440,675,polygon,FALSE,TRUE,America/New_York,3
19625,Merrimac,Merrimac,WI,Wisconsin,55111,Sauk,43.3741,-89.6273,440,206,polygon,FALSE,TRUE,America/Chicago,3
19626,Manokotak,Manokotak,AK,Alaska,2070,Dillingham,58.893,-158.9109,440,2,polygon,FALSE,TRUE,America/Anchorage,3
19627,Bennett,Bennett,NC,North Carolina,37037,Chatham,35.5664,-79.54,440,53,polygon,FALSE,FALSE,America/New_York,3
19628,Spalding,Spalding,NE,Nebraska,31077,Greeley,41.6892,-98.3626,440,529,polygon,FALSE,TRUE,America/Chicago,3
19629,St. Ann Highlands,St. Ann Highlands,CO,Colorado,8013,Boulder,39.9873,-105.4557,440,122,polygon,FALSE,FALSE,America/Denver,3
19630,Buckner,Buckner,IL,Illinois,17055,Franklin,37.9807,-89.0151,440,194,polygon,FALSE,TRUE,America/Chicago,3
19631,Dix,Dix,IL,Illinois,17081,Jefferson,38.4431,-88.9423,440,81,polygon,FALSE,TRUE,America/Chicago,3
19632,Cleveland,Cleveland,UT,Utah,49015,Emery,39.3494,-110.8556,440,199,polygon,FALSE,TRUE,America/Denver,3
19633,Irondale,Irondale,MO,Missouri,29221,Washington,37.8356,-90.6718,440,318,polygon,FALSE,TRUE,America/Chicago,3
19634,Herman,Herman,MN,Minnesota,27051,Grant,45.8105,-96.1414,440,153,polygon,FALSE,TRUE,America/Chicago,3
19635,New Era,New Era,MI,Michigan,26127,Oceana,43.5595,-86.3477,440,202,polygon,FALSE,TRUE,America/Detroit,3
19636,Norwich,Norwich,KS,Kansas,20095,Kingman,37.4573,-97.8478,440,422,polygon,FALSE,TRUE,America/Chicago,3
19637,Sacramento,Sacramento,KY,Kentucky,21149,McLean,37.416,-87.2678,440,394,polygon,FALSE,TRUE,America/Chicago,3
19638,Wheeler,Wheeler,OR,Oregon,41057,Tillamook,45.6874,-123.8871,440,329,polygon,FALSE,TRUE,America/Los_Angeles,3
19639,Oakesdale,Oakesdale,WA,Washington,53075,Whitman,47.1305,-117.2465,439,163,polygon,FALSE,TRUE,America/Los_Angeles,3
19640,Junction City,Junction City,WI,Wisconsin,55097,Portage,44.593,-89.7679,439,112,polygon,FALSE,TRUE,America/Chicago,3
19641,Prairie Farm,Prairie Farm,WI,Wisconsin,55005,Barron,45.2368,-91.9804,439,176,polygon,FALSE,TRUE,America/Chicago,3
19642,San Fidel,San Fidel,NM,New Mexico,35006,Cibola,35.1025,-107.5975,439,40,polygon,FALSE,FALSE,America/Denver,3
19643,DISH,DISH,TX,Texas,48121,Denton,33.133,-97.3014,439,104,polygon,FALSE,TRUE,America/Chicago,3
19644,Parkton,Parkton,NC,North Carolina,37155,Robeson,34.9028,-79.0098,439,249,polygon,FALSE,TRUE,America/New_York,3
19645,Kelayres,Kelayres,PA,Pennsylvania,42107,Schuylkill,40.9006,-76.0046,439,1480,polygon,FALSE,FALSE,America/New_York,3
19646,Natural Steps,Natural Steps,AR,Arkansas,5119,Pulaski,34.8669,-92.4881,439,60,polygon,FALSE,FALSE,America/Chicago,3
19647,East Middlebury,East Middlebury,VT,Vermont,50001,Addison,43.9747,-73.1056,439,239,polygon,FALSE,FALSE,America/New_York,3
19648,Strasburg,Strasburg,IL,Illinois,17173,Shelby,39.3497,-88.6212,439,317,polygon,FALSE,TRUE,America/Chicago,3
19649,Ideal,Ideal,GA,Georgia,13193,Macon,32.3726,-84.1894,439,148,polygon,FALSE,TRUE,America/New_York,3
19650,Bloomingdale,Bloomingdale,MI,Michigan,26159,Van Buren,42.3833,-85.959,439,149,polygon,FALSE,TRUE,America/Detroit,3
19651,Coram,Coram,MT,Montana,30029,Flathead,48.4306,-114.0444,439,45,polygon,FALSE,FALSE,America/Denver,3
19652,Bear Creek,Bear Creek,WI,Wisconsin,55087,Outagamie,44.5313,-88.7275,438,183,polygon,FALSE,TRUE,America/Chicago,3
19653,Leakey,Leakey,TX,Texas,48385,Real,29.7254,-99.7631,438,301,polygon,FALSE,TRUE,America/Chicago,3
19654,Dry Prong,Dry Prong,LA,Louisiana,22043,Grant,31.5806,-92.5305,438,122,polygon,FALSE,TRUE,America/Chicago,3
19655,Tharptown,Tharptown,PA,Pennsylvania,42097,Northumberland,40.8028,-76.5717,438,1732,polygon,FALSE,TRUE,America/New_York,3
19656,Lawrence,Lawrence,PA,Pennsylvania,42125,Washington,40.3042,-80.1185,438,688,polygon,FALSE,FALSE,America/New_York,3
19657,Cheyney University,Cheyney University,PA,Pennsylvania,42029,Chester,39.9343,-75.5306,438,633,polygon,FALSE,TRUE,America/New_York,3
19658,Marlin,Marlin,PA,Pennsylvania,42107,Schuylkill,40.686,-76.2422,438,186,polygon,FALSE,FALSE,America/New_York,3
19659,Lindcove,Lindcove,CA,California,6107,Tulare,36.3595,-119.0721,438,247,polygon,FALSE,FALSE,America/Los_Angeles,3
19660,Industry,Industry,IL,Illinois,17109,McDonough,40.327,-90.6082,438,367,polygon,FALSE,TRUE,America/Chicago,3
19661,Pleasant Grove,Pleasant Grove,MD,Maryland,24001,Allegany,39.6803,-78.6903,438,106,polygon,FALSE,FALSE,America/New_York,3
19662,Cunningham,Cunningham,KS,Kansas,20095,Kingman,37.6447,-98.4311,438,362,polygon,FALSE,TRUE,America/Chicago,3
19663,Chase,Chase,KS,Kansas,20159,Rice,38.3553,-98.3489,438,608,polygon,FALSE,TRUE,America/Chicago,3
19664,Noxapater,Noxapater,MS,Mississippi,28159,Winston,32.9936,-89.0636,438,167,polygon,FALSE,TRUE,America/Chicago,3
19665,Fossil,Fossil,OR,Oregon,41069,Wheeler,44.9981,-120.2146,438,215,polygon,FALSE,TRUE,America/Los_Angeles,3
19666,Murdo,Murdo,SD,South Dakota,46075,Jones,43.8893,-100.7142,438,268,polygon,FALSE,TRUE,America/Chicago,3
19667,Goodland,Goodland,FL,Florida,12021,Collier,25.9252,-81.648,437,1094,polygon,FALSE,FALSE,America/New_York,3
19668,Hornbeck,Hornbeck,LA,Louisiana,22115,Vernon,31.3265,-93.396,437,146,polygon,FALSE,TRUE,America/Chicago,3
19669,Ivanhoe,Ivanhoe,VA,Virginia,51197,Wythe,36.8428,-80.9683,437,62,polygon,FALSE,FALSE,America/New_York,3
19670,Potter Valley,Potter Valley,CA,California,6045,Mendocino,39.319,-123.1123,437,41,polygon,FALSE,FALSE,America/Los_Angeles,3
19671,Miles,Miles,IA,Iowa,19097,Jackson,42.0481,-90.3133,437,133,polygon,FALSE,TRUE,America/Chicago,3
19672,Marysvale,Marysvale,UT,Utah,49031,Piute,38.4384,-112.2544,437,9,polygon,FALSE,TRUE,America/Denver,3
19673,Galena,Galena,MO,Missouri,29209,Stone,36.8054,-93.4709,437,226,polygon,FALSE,TRUE,America/Chicago,3
19674,New Auburn,New Auburn,MN,Minnesota,27143,Sibley,44.6728,-94.232,437,247,polygon,FALSE,TRUE,America/Chicago,3
19675,Kensington,Kensington,KS,Kansas,20183,Smith,39.7667,-99.0329,437,503,polygon,FALSE,TRUE,America/Chicago,3
19676,Potwin,Potwin,KS,Kansas,20015,Butler,37.9388,-97.0183,437,719,polygon,FALSE,TRUE,America/Chicago,3
19677,D'Lo,D'Lo,MS,Mississippi,28127,Simpson,31.9869,-89.9011,437,242,polygon,FALSE,TRUE,America/Chicago,3
19678,Curlew Lake,Curlew Lake,WA,Washington,53019,Ferry,48.7311,-118.6663,436,38,polygon,FALSE,TRUE,America/Los_Angeles,3
19679,Mount Enterprise,Mount Enterprise,TX,Texas,48401,Rusk,31.9113,-94.6826,436,113,polygon,FALSE,TRUE,America/Chicago,3
19680,Rose Hill Acres,Rose Hill Acres,TX,Texas,48199,Hardin,30.1933,-94.193,436,434,polygon,FALSE,TRUE,America/Chicago,3
19681,Hodge,Hodge,LA,Louisiana,22049,Jackson,32.2719,-92.7303,436,174,polygon,FALSE,TRUE,America/Chicago,3
19682,Bolivar,Bolivar,PA,Pennsylvania,42129,Westmoreland,40.3952,-79.1521,436,987,polygon,FALSE,TRUE,America/New_York,3
19683,Pomeroy,Pomeroy,PA,Pennsylvania,42029,Chester,39.9639,-75.885,436,514,polygon,FALSE,FALSE,America/New_York,3
19684,Floyd,Floyd,VA,Virginia,51063,Floyd,36.9118,-80.3184,436,369,polygon,FALSE,TRUE,America/New_York,3
19685,McMullin,McMullin,VA,Virginia,51173,Smyth,36.8179,-81.5775,436,171,polygon,FALSE,FALSE,America/New_York,3
19686,Rockford,Rockford,AL,Alabama,1037,Coosa,32.8896,-86.215,436,50,polygon,FALSE,TRUE,America/Chicago,3
19687,Neponset,Neponset,IL,Illinois,17011,Bureau,41.2968,-89.7894,436,165,polygon,FALSE,TRUE,America/Chicago,3
19688,Jerry City,Jerry City,OH,Ohio,39173,Wood,41.2537,-83.6023,436,167,polygon,FALSE,TRUE,America/New_York,3
19689,Bucklin,Bucklin,MO,Missouri,29115,Linn,39.7837,-92.8879,436,142,polygon,FALSE,TRUE,America/Chicago,3
19690,Meadville,Meadville,MO,Missouri,29115,Linn,39.7882,-93.2992,436,311,polygon,FALSE,TRUE,America/Chicago,3
19691,Newburg,Newburg,MO,Missouri,29161,Phelps,37.916,-91.9004,436,261,polygon,FALSE,TRUE,America/Chicago,3
19692,McLain,McLain,MS,Mississippi,28041,Greene,31.1037,-88.8239,436,49,polygon,FALSE,TRUE,America/Chicago,3
19693,Shuqualak,Shuqualak,MS,Mississippi,28103,Noxubee,32.9793,-88.5693,436,149,polygon,FALSE,TRUE,America/Chicago,3
19694,Huntington,Huntington,OR,Oregon,41001,Baker,44.3502,-117.2668,436,225,polygon,FALSE,TRUE,America/Los_Angeles,3
19695,Mount Vernon,Mount Vernon,SD,South Dakota,46035,Davison,43.7126,-98.261,436,484,polygon,FALSE,TRUE,America/Chicago,3
19696,Hunts Point,Hunts Point,WA,Washington,53033,King,47.6444,-122.2293,435,547,polygon,FALSE,TRUE,America/Los_Angeles,3
19697,Fountain,Fountain,NC,North Carolina,37147,Pitt,35.672,-77.6308,435,180,polygon,FALSE,TRUE,America/New_York,3
19698,Guys,Guys,TN,Tennessee,47109,McNairy,35.0191,-88.5427,435,14,polygon,FALSE,TRUE,America/Chicago,3
19699,Mechanicsville,Mechanicsville,PA,Pennsylvania,42107,Schuylkill,40.6908,-76.1807,435,515,polygon,FALSE,TRUE,America/New_York,3
19700,Monroe Center,Monroe Center,IL,Illinois,17141,Ogle,42.1003,-88.9941,435,138,polygon,FALSE,TRUE,America/Chicago,3
19701,Riverdale,Riverdale,IA,Iowa,19163,Scott,41.5371,-90.4637,435,91,polygon,FALSE,TRUE,America/Chicago,3
19702,Murray City,Murray City,OH,Ohio,39073,Hocking,39.5097,-82.1678,435,529,polygon,FALSE,TRUE,America/New_York,3
19703,Kismet,Kismet,KS,Kansas,20175,Seward,37.2045,-100.7015,435,712,polygon,FALSE,TRUE,America/Chicago,3
19704,Florence,Florence,KS,Kansas,20115,Marion,38.2431,-96.9293,435,216,polygon,FALSE,TRUE,America/Chicago,3
19705,Ellendale,Ellendale,DE,Delaware,10005,Sussex,38.8102,-75.425,434,394,polygon,FALSE,TRUE,America/New_York,3
19706,Sanostee,Sanostee,NM,New Mexico,35045,San Juan,36.4329,-108.873,434,36,polygon,FALSE,FALSE,America/Denver,3
19707,Gallatin,Gallatin,TX,Texas,48073,Cherokee,31.8968,-95.152,434,36,polygon,FALSE,TRUE,America/Chicago,3
19708,Karnak,Karnak,IL,Illinois,17153,Pulaski,37.2942,-88.9758,434,92,polygon,FALSE,TRUE,America/Chicago,3
19709,Claypool,Claypool,IN,Indiana,18085,Kosciusko,41.1306,-85.8826,434,686,polygon,FALSE,TRUE,America/Indiana/Indianapolis,3
19710,Leitersburg,Leitersburg,MD,Maryland,24043,Washington,39.6928,-77.6206,434,95,polygon,FALSE,FALSE,America/New_York,3
19711,Wynona,Wynona,OK,Oklahoma,40113,Osage,36.5458,-96.3267,434,313,polygon,FALSE,TRUE,America/Chicago,3
19712,Belmont,Belmont,OH,Ohio,39013,Belmont,40.0279,-81.041,434,629,polygon,FALSE,TRUE,America/New_York,3
19713,White Pine,White Pine,MI,Michigan,26131,Ontonagon,46.7402,-89.5812,434,33,polygon,FALSE,FALSE,America/Detroit,3
19714,Bay Port,Bay Port,MI,Michigan,26063,Huron,43.8378,-83.3741,434,50,polygon,FALSE,FALSE,America/Detroit,3
19715,Converse,Converse,LA,Louisiana,22085,Sabine,31.7795,-93.7001,433,76,polygon,FALSE,TRUE,America/Chicago,3
19716,Fessenden,Fessenden,ND,North Dakota,38103,Wells,47.6496,-99.6267,433,378,polygon,FALSE,TRUE,America/Chicago,3
19717,Hampton,Hampton,NE,Nebraska,31081,Hamilton,40.8812,-97.8875,433,483,polygon,FALSE,TRUE,America/Chicago,3
19718,Leeds,Leeds,NY,New York,36039,Greene,42.2529,-73.894,433,315,polygon,FALSE,FALSE,America/New_York,3
19719,Three Springs,Three Springs,PA,Pennsylvania,42061,Huntingdon,40.197,-77.9819,433,135,polygon,FALSE,TRUE,America/New_York,3
19720,Vansant,Vansant,VA,Virginia,51027,Buchanan,37.2358,-82.096,433,55,polygon,FALSE,FALSE,America/New_York,3
19721,Crawford,Crawford,CO,Colorado,8029,Delta,38.7049,-107.6093,433,665,polygon,FALSE,TRUE,America/Denver,3
19722,Hiouchi,Hiouchi,CA,California,6015,Del Norte,41.7936,-124.0662,433,288,polygon,FALSE,FALSE,America/Los_Angeles,3
19723,Hull,Hull,IL,Illinois,17149,Pike,39.7086,-91.2034,433,91,polygon,FALSE,TRUE,America/Chicago,3
19724,Perrysville,Perrysville,IN,Indiana,18165,Vermillion,40.0532,-87.436,433,655,polygon,FALSE,TRUE,America/Indiana/Indianapolis,3
19725,Marquette,Marquette,IA,Iowa,19043,Clayton,43.0443,-91.192,433,89,polygon,FALSE,TRUE,America/Chicago,3
19726,Little Rock,Little Rock,IA,Iowa,19119,Lyon,43.4455,-95.8804,433,208,polygon,FALSE,TRUE,America/Chicago,3
19727,Novinger,Novinger,MO,Missouri,29001,Adair,40.2341,-92.7066,433,212,polygon,FALSE,TRUE,America/Chicago,3
19728,Cawker City,Cawker City,KS,Kansas,20123,Mitchell,39.5095,-98.4331,433,166,polygon,FALSE,TRUE,America/Chicago,3
19729,Piltzville,Piltzville,MT,Montana,30063,Missoula,46.8582,-113.8591,433,223,polygon,FALSE,FALSE,America/Denver,3
19730,Almond,Almond,WI,Wisconsin,55097,Portage,44.2607,-89.4087,432,159,polygon,FALSE,TRUE,America/Chicago,3
19731,Edith Endave,Edith Endave,NM,New Mexico,35001,Bernalillo,35.2104,-106.589,432,110,polygon,FALSE,TRUE,America/Denver,3
19732,Morning Glory,Morning Glory,TX,Texas,48141,El Paso,31.5648,-106.2089,432,155,polygon,FALSE,FALSE,America/Denver,3
19733,Brushton,Brushton,NY,New York,36033,Franklin,44.8308,-74.5117,432,603,polygon,FALSE,TRUE,America/New_York,3
19734,Long Branch,Long Branch,PA,Pennsylvania,42125,Washington,40.0984,-79.8801,432,52,polygon,FALSE,TRUE,America/New_York,3
19735,Garrett,Garrett,PA,Pennsylvania,42111,Somerset,39.8643,-79.0619,432,329,polygon,FALSE,TRUE,America/New_York,3
19736,Mad River,Mad River,CA,California,6105,Trinity,40.4325,-123.4917,432,4,polygon,FALSE,FALSE,America/Los_Angeles,3
19737,Waltonville,Waltonville,IL,Illinois,17081,Jefferson,38.2141,-89.0381,432,134,polygon,FALSE,TRUE,America/Chicago,3
19738,Lava Hot Springs,Lava Hot Springs,ID,Idaho,16005,Bannock,42.6198,-112.0098,432,240,polygon,FALSE,TRUE,America/Boise,3
19739,Stony Ridge,Stony Ridge,OH,Ohio,39173,Wood,41.5075,-83.5093,432,97,polygon,FALSE,FALSE,America/New_York,3
19740,Beaver,Beaver,OH,Ohio,39131,Pike,39.0319,-82.8252,432,427,polygon,FALSE,TRUE,America/New_York,3
19741,Washburn,Washburn,MO,Missouri,29009,Barry,36.5888,-93.9655,432,186,polygon,FALSE,TRUE,America/Chicago,3
19742,Ridgeway,Ridgeway,MO,Missouri,29081,Harrison,40.3781,-93.9379,432,137,polygon,FALSE,TRUE,America/Chicago,3
19743,Zeba,Zeba,MI,Michigan,26013,Baraga,46.7928,-88.4133,432,46,polygon,FALSE,FALSE,America/Detroit,3
19744,Wilroads Gardens,Wilroads Gardens,KS,Kansas,20057,Ford,37.7153,-99.9269,432,74,polygon,FALSE,FALSE,America/Chicago,3
19745,Bird City,Bird City,KS,Kansas,20023,Cheyenne,39.7495,-101.5328,432,73,polygon,FALSE,TRUE,America/Chicago,3
19746,Promised Land,Promised Land,SC,South Carolina,45047,Greenwood,34.1277,-82.2307,432,106,polygon,FALSE,FALSE,America/New_York,3
19747,Pathfork,Pathfork,KY,Kentucky,21095,Harlan,36.7595,-83.4711,432,134,polygon,FALSE,FALSE,America/New_York,3
19748,Middleway,Middleway,WV,West Virginia,54037,Jefferson,39.3032,-77.981,431,148,polygon,FALSE,FALSE,America/New_York,3
19749,Caswell Beach,Caswell Beach,NC,North Carolina,37019,Brunswick,33.9074,-78.0473,431,56,polygon,FALSE,TRUE,America/New_York,3
19750,Ernest,Ernest,PA,Pennsylvania,42063,Indiana,40.6783,-79.1647,431,724,polygon,FALSE,TRUE,America/New_York,3
19751,Wilkerson,Wilkerson,CA,California,6027,Inyo,37.2794,-118.3877,431,29,polygon,FALSE,TRUE,America/Los_Angeles,3
19752,Bondville,Bondville,IL,Illinois,17019,Champaign,40.1115,-88.3683,431,662,polygon,FALSE,TRUE,America/Chicago,3
19753,Herrick,Herrick,IL,Illinois,17173,Shelby,39.2196,-88.9848,431,454,polygon,FALSE,TRUE,America/Chicago,3
19754,Amo,Amo,IN,Indiana,18063,Hendricks,39.6889,-86.6127,431,271,polygon,FALSE,TRUE,America/Indiana/Indianapolis,3
19755,Peavine,Peavine,OK,Oklahoma,40001,Adair,35.8903,-94.6064,431,17,polygon,FALSE,FALSE,America/Chicago,3
19756,Derby,Derby,OH,Ohio,39129,Pickaway,39.764,-83.2068,431,125,polygon,FALSE,FALSE,America/New_York,3
19757,Clarksville,Clarksville,MO,Missouri,29163,Pike,39.3693,-90.9049,431,286,polygon,FALSE,TRUE,America/Chicago,3
19758,Leonardville,Leonardville,KS,Kansas,20161,Riley,39.3641,-96.8596,431,569,polygon,FALSE,TRUE,America/Chicago,3
19759,Crawfordsville,Crawfordsville,OR,Oregon,41043,Linn,44.3562,-122.8649,431,86,polygon,FALSE,FALSE,America/Los_Angeles,3
19760,Klickitat,Klickitat,WA,Washington,53039,Klickitat,45.818,-121.1626,430,176,polygon,FALSE,FALSE,America/Los_Angeles,3
19761,Raft Island,Raft Island,WA,Washington,53053,Pierce,47.3293,-122.6686,430,599,polygon,FALSE,TRUE,America/Los_Angeles,3
19762,Malone,Malone,WA,Washington,53027,Grays Harbor,46.9779,-123.3035,430,18,polygon,FALSE,FALSE,America/Los_Angeles,3
19763,Beverly Beach,Beverly Beach,FL,Florida,12035,Flagler,29.5165,-81.1476,430,494,polygon,FALSE,TRUE,America/New_York,3
19764,Lake Hart,Lake Hart,FL,Florida,12095,Orange,28.3851,-81.2322,430,146,polygon,FALSE,FALSE,America/New_York,3
19765,Glenburn,Glenburn,ND,North Dakota,38075,Renville,48.5136,-101.2211,430,551,polygon,FALSE,TRUE,America/Chicago,3
19766,Keswick,Keswick,CA,California,6089,Shasta,40.6135,-122.4606,430,49,polygon,FALSE,FALSE,America/Los_Angeles,3
19767,Silas,Silas,AL,Alabama,1023,Choctaw,31.7678,-88.3258,430,31,polygon,FALSE,TRUE,America/Chicago,3
19768,Yarborough Landing,Yarborough Landing,AR,Arkansas,5081,Little River,33.7126,-94.0108,430,74,polygon,FALSE,FALSE,America/Chicago,3
19769,Edgewood,Edgewood,IL,Illinois,17049,Effingham,38.9222,-88.6641,430,165,polygon,FALSE,TRUE,America/Chicago,3
19770,Shidler,Shidler,OK,Oklahoma,40113,Osage,36.7808,-96.6596,430,215,polygon,FALSE,TRUE,America/Chicago,3
19771,Halchita,Halchita,UT,Utah,49037,San Juan,37.1314,-109.9131,430,9,polygon,FALSE,FALSE,America/Denver,3
19772,Ewing,Ewing,MO,Missouri,29111,Lewis,40.0088,-91.7147,430,265,polygon,FALSE,TRUE,America/Chicago,3
19773,Wykoff,Wykoff,MN,Minnesota,27045,Fillmore,43.7086,-92.2674,430,177,polygon,FALSE,TRUE,America/Chicago,3
19774,Centertown,Centertown,KY,Kentucky,21183,Ohio,37.4177,-86.9959,430,530,polygon,FALSE,TRUE,America/Chicago,3
19775,Neshkoro,Neshkoro,WI,Wisconsin,55077,Marquette,43.965,-89.2159,429,82,polygon,FALSE,TRUE,America/Chicago,3
19776,Angus,Angus,TX,Texas,48349,Navarro,31.9976,-96.427,429,50,polygon,FALSE,TRUE,America/Chicago,3
19777,South Heart,South Heart,ND,North Dakota,38089,Stark,46.8679,-102.9895,429,173,polygon,FALSE,TRUE,America/Denver,3
19778,McCool Junction,McCool Junction,NE,Nebraska,31185,York,40.744,-97.6007,429,343,polygon,FALSE,TRUE,America/Chicago,3
19779,Hewlett Bay Park,Hewlett Bay Park,NY,New York,36059,Nassau,40.6346,-73.6953,429,490,polygon,FALSE,TRUE,America/New_York,3
19780,Commodore,Commodore,PA,Pennsylvania,42063,Indiana,40.7154,-78.939,429,216,polygon,FALSE,FALSE,America/New_York,3
19781,Ramey,Ramey,PA,Pennsylvania,42033,Clearfield,40.8017,-78.3994,429,178,polygon,FALSE,TRUE,America/New_York,3
19782,Yolo,Yolo,CA,California,6113,Yolo,38.7405,-121.8093,429,120,polygon,FALSE,FALSE,America/Los_Angeles,3
19783,Apple Canyon Lake,Apple Canyon Lake,IL,Illinois,17085,Jo Daviess,42.4302,-90.1642,429,44,polygon,FALSE,FALSE,America/Chicago,3
19784,Turkey Creek,Turkey Creek,AZ,Arizona,4017,Navajo,33.8011,-109.9461,429,201,polygon,FALSE,TRUE,America/Phoenix,3
19785,Spavinaw,Spavinaw,OK,Oklahoma,40097,Mayes,36.3927,-95.0501,429,442,polygon,FALSE,TRUE,America/Chicago,3
19786,Ellsinore,Ellsinore,MO,Missouri,29035,Carter,36.9326,-90.7479,429,327,polygon,FALSE,TRUE,America/Chicago,3
19787,Oklee,Oklee,MN,Minnesota,27125,Red Lake,47.839,-95.8509,429,268,polygon,FALSE,TRUE,America/Chicago,3
19788,Sturgeon Lake,Sturgeon Lake,MN,Minnesota,27115,Pine,46.3863,-92.8241,429,43,polygon,FALSE,TRUE,America/Chicago,3
19789,North Carrollton,North Carrollton,MS,Mississippi,28015,Carroll,33.5186,-89.9193,429,525,polygon,FALSE,TRUE,America/Chicago,3
19790,Rosholt,Rosholt,SD,South Dakota,46109,Roberts,45.8662,-96.7316,429,560,polygon,FALSE,TRUE,America/Chicago,3
19791,Birchwood,Birchwood,WI,Wisconsin,55129,Washburn,45.6577,-91.5507,428,153,polygon,FALSE,TRUE,America/Chicago,3
19792,Yantis,Yantis,TX,Texas,48499,Wood,32.9305,-95.5761,428,89,polygon,FALSE,TRUE,America/Chicago,3
19793,Fruitvale,Fruitvale,TX,Texas,48467,Van Zandt,32.6834,-95.8036,428,87,polygon,FALSE,TRUE,America/Chicago,3
19794,Tierra Verde,Tierra Verde,TX,Texas,48355,Nueces,27.7616,-97.7174,428,82,polygon,FALSE,TRUE,America/Chicago,3
19795,Washington Park,Washington Park,NC,North Carolina,37013,Beaufort,35.5328,-77.0316,428,625,polygon,FALSE,TRUE,America/New_York,3
19796,Greeley Center,Greeley Center,NE,Nebraska,31077,Greeley,41.5484,-98.5305,428,262,polygon,FALSE,TRUE,America/Chicago,3
19797,Purcell,Purcell,MO,Missouri,29097,Jasper,37.2433,-94.4394,428,380,polygon,FALSE,TRUE,America/Chicago,3
19798,Whitesville,Whitesville,WV,West Virginia,54005,Boone,37.9825,-81.5367,427,536,polygon,FALSE,TRUE,America/New_York,3
19799,Hulett,Hulett,WY,Wyoming,56011,Crook,44.6828,-104.5982,427,191,polygon,FALSE,TRUE,America/Denver,3
19800,Ropesville,Ropesville,TX,Texas,48219,Hockley,33.4132,-102.1552,427,454,polygon,FALSE,TRUE,America/Chicago,3
19801,Topsail Beach,Topsail Beach,NC,North Carolina,37141,Pender,34.3744,-77.6322,427,37,polygon,FALSE,TRUE,America/New_York,3
19802,Troutville,Troutville,VA,Virginia,51023,Botetourt,37.4168,-79.8779,427,238,polygon,FALSE,TRUE,America/New_York,3
19803,Williams Creek,Williams Creek,IN,Indiana,18097,Marion,39.9001,-86.1502,427,492,polygon,FALSE,TRUE,America/Indiana/Indianapolis,3
19804,Conesville,Conesville,IA,Iowa,19139,Muscatine,41.3796,-91.3486,427,459,polygon,FALSE,TRUE,America/Chicago,3
19805,Eden,Eden,ID,Idaho,16053,Jerome,42.6053,-114.209,427,528,polygon,FALSE,TRUE,America/Boise,3
19806,Cement City,Cement City,MI,Michigan,26091,Lenawee,42.0682,-84.3282,427,184,polygon,FALSE,TRUE,America/Detroit,3
19807,Hanover,Hanover,MI,Michigan,26075,Jackson,42.1001,-84.554,427,392,polygon,FALSE,TRUE,America/Detroit,3
19808,Hamilton,Hamilton,MS,Mississippi,28095,Monroe,33.746,-88.4095,427,52,polygon,FALSE,FALSE,America/Chicago,3
19809,Weir,Weir,MS,Mississippi,28019,Choctaw,33.2635,-89.2905,427,156,polygon,FALSE,TRUE,America/Chicago,3
19810,Leola,Leola,SD,South Dakota,46089,McPherson,45.7212,-98.9386,427,222,polygon,FALSE,TRUE,America/Chicago,3
19811,Hilltop,Hilltop,WV,West Virginia,54019,Fayette,37.9392,-81.1527,426,251,polygon,FALSE,FALSE,America/New_York,3
19812,Encampment,Encampment,WY,Wyoming,56007,Carbon,41.2088,-106.7948,426,102,polygon,FALSE,TRUE,America/Denver,3
19813,Jaconita,Jaconita,NM,New Mexico,35049,Santa Fe,35.8857,-106.0611,426,244,polygon,FALSE,FALSE,America/Denver,3
19814,Macclesfield,Macclesfield,NC,North Carolina,37065,Edgecombe,35.7523,-77.6703,426,317,polygon,FALSE,TRUE,America/New_York,3
19815,Millingport,Millingport,NC,North Carolina,37167,Stanly,35.3763,-80.3113,426,28,polygon,FALSE,FALSE,America/New_York,3
19816,Four Bears Village,Four Bears Village,ND,North Dakota,38053,McKenzie,47.9871,-102.5939,426,161,polygon,FALSE,FALSE,America/Chicago,3
19817,Au Sable Forks,Au Sable Forks,NY,New York,36019,Clinton,44.4507,-73.6738,426,66,polygon,FALSE,FALSE,America/New_York,3
19818,South Renovo,South Renovo,PA,Pennsylvania,42035,Clinton,41.3244,-77.743,426,806,polygon,FALSE,TRUE,America/New_York,3
19819,Victor,Victor,CO,Colorado,8119,Teller,38.7087,-105.142,426,573,polygon,FALSE,TRUE,America/Denver,3
19820,Nord,Nord,CA,California,6007,Butte,39.774,-121.9549,426,78,polygon,FALSE,FALSE,America/Los_Angeles,3
19821,Bitter Springs,Bitter Springs,AZ,Arizona,4005,Coconino,36.6118,-111.6475,426,20,polygon,FALSE,FALSE,America/Denver,3
19822,Sugar Grove,Sugar Grove,OH,Ohio,39045,Fairfield,39.628,-82.5455,426,568,polygon,FALSE,TRUE,America/New_York,3
19823,Niangua,Niangua,MO,Missouri,29225,Webster,37.3886,-92.8304,426,401,polygon,FALSE,TRUE,America/Chicago,3
19824,Rabbit Hash,Rabbit Hash,KY,Kentucky,21015,Boone,38.924,-84.8503,426,32,polygon,FALSE,FALSE,America/New_York,3
19825,Bonanza,Bonanza,OR,Oregon,41035,Klamath,42.2003,-121.4066,426,200,polygon,FALSE,TRUE,America/Los_Angeles,3
19826,Christine,Christine,TX,Texas,48013,Atascosa,28.7863,-98.4979,425,95,polygon,FALSE,TRUE,America/Chicago,3
19827,Nuiqsut,Nuiqsut,AK,Alaska,2185,North Slope,70.2135,-150.9897,425,18,polygon,FALSE,TRUE,America/Anchorage,3
19828,Ansley,Ansley,NE,Nebraska,31041,Custer,41.2863,-99.3825,425,228,polygon,FALSE,TRUE,America/Chicago,3
19829,North Rose,North Rose,NY,New York,36117,Wayne,43.1872,-76.8864,425,97,polygon,FALSE,FALSE,America/New_York,3
19830,Nuremberg,Nuremberg,PA,Pennsylvania,42107,Schuylkill,40.9378,-76.1685,425,274,polygon,FALSE,FALSE,America/New_York,3
19831,South Fork,South Fork,CO,Colorado,8105,Rio Grande,37.6691,-106.6418,425,65,polygon,FALSE,TRUE,America/Denver,3
19832,German Valley,German Valley,IL,Illinois,17177,Stephenson,42.2143,-89.4845,425,343,polygon,FALSE,TRUE,America/Chicago,3
19833,De Land,De Land,IL,Illinois,17147,Piatt,40.1218,-88.6435,425,386,polygon,FALSE,TRUE,America/Chicago,3
19834,Attapulgus,Attapulgus,GA,Georgia,13087,Decatur,30.7495,-84.4839,425,206,polygon,FALSE,TRUE,America/New_York,3
19835,Macks Creek,Macks Creek,MO,Missouri,29029,Camden,37.9667,-92.9666,425,111,polygon,FALSE,FALSE,America/Chicago,3
19836,Delta,Delta,MO,Missouri,29031,Cape Girardeau,37.1974,-89.7392,425,416,polygon,FALSE,TRUE,America/Chicago,3
19837,Artesia,Artesia,MS,Mississippi,28087,Lowndes,33.4164,-88.6425,425,223,polygon,FALSE,TRUE,America/Chicago,3
19838,Benham,Benham,KY,Kentucky,21095,Harlan,36.9652,-82.9544,425,700,polygon,FALSE,TRUE,America/New_York,3
19839,Hermosa,Hermosa,SD,South Dakota,46033,Custer,43.8398,-103.193,425,341,polygon,FALSE,TRUE,America/Denver,3
19840,Hixton,Hixton,WI,Wisconsin,55053,Jackson,44.3831,-91.0148,424,143,polygon,FALSE,TRUE,America/Chicago,3
19841,Matewan,Matewan,WV,West Virginia,54059,Mingo,37.626,-82.17,424,296,polygon,FALSE,TRUE,America/New_York,3
19842,Honomu,Honomu,HI,Hawaii,15001,Hawaii,19.8695,-155.1124,424,358,polygon,FALSE,FALSE,Pacific/Honolulu,3
19843,Rolling Hills,Rolling Hills,WY,Wyoming,56009,Converse,42.9037,-105.8431,424,249,polygon,FALSE,TRUE,America/Denver,3
19844,Iola,Iola,TX,Texas,48185,Grimes,30.7719,-96.0771,424,158,polygon,FALSE,TRUE,America/Chicago,3
19845,Vanderbilt,Vanderbilt,TX,Texas,48239,Jackson,28.8208,-96.6096,424,85,polygon,FALSE,FALSE,America/Chicago,3
19846,St. Helena,St. Helena,NC,North Carolina,37141,Pender,34.5166,-77.9174,424,29,polygon,FALSE,TRUE,America/New_York,3
19847,Clarendon,Clarendon,PA,Pennsylvania,42123,Warren,41.7807,-79.0941,424,486,polygon,FALSE,TRUE,America/New_York,3
19848,Rices Landing,Rices Landing,PA,Pennsylvania,42059,Greene,39.9476,-79.9986,424,206,polygon,FALSE,TRUE,America/New_York,3
19849,Morrison,Morrison,CO,Colorado,8059,Jefferson,39.643,-105.1936,424,75,polygon,FALSE,TRUE,America/Denver,3
19850,Winslow,Winslow,AR,Arkansas,5143,Washington,35.8008,-94.1305,424,89,polygon,FALSE,TRUE,America/Chicago,3
19851,Sumner,Sumner,GA,Georgia,13321,Worth,31.5103,-83.7368,424,92,polygon,FALSE,TRUE,America/New_York,3
19852,Orland,Orland,IN,Indiana,18151,Steuben,41.7305,-85.1722,424,238,polygon,FALSE,TRUE,America/Detroit,3
19853,Ochelata,Ochelata,OK,Oklahoma,40147,Washington,36.6011,-95.9808,424,676,polygon,FALSE,TRUE,America/Chicago,3
19854,Bell,Bell,OK,Oklahoma,40001,Adair,35.7544,-94.5349,424,13,polygon,FALSE,FALSE,America/Chicago,3
19855,Cove,Cove,UT,Utah,49005,Cache,41.9683,-111.7793,424,11,polygon,FALSE,FALSE,America/Denver,3
19856,Uplands Park,Uplands Park,MO,Missouri,29189,St. Louis,38.6927,-90.2828,424,2482,polygon,FALSE,TRUE,America/Chicago,2
19857,Miltona,Miltona,MN,Minnesota,27041,Douglas,46.0462,-95.2931,424,246,polygon,FALSE,TRUE,America/Chicago,3
19858,Wrenshall,Wrenshall,MN,Minnesota,27017,Carlton,46.6217,-92.384,424,109,polygon,FALSE,TRUE,America/Chicago,3
19859,Rose Creek,Rose Creek,MN,Minnesota,27099,Mower,43.6045,-92.8289,424,333,polygon,FALSE,TRUE,America/Chicago,3
19860,Upsala,Upsala,MN,Minnesota,27097,Morrison,45.81,-94.5673,424,50,polygon,FALSE,TRUE,America/Chicago,3
19861,Alta Vista,Alta Vista,KS,Kansas,20197,Wabaunsee,38.8628,-96.4889,424,469,polygon,FALSE,TRUE,America/Chicago,3
19862,Clayton,Clayton,WA,Washington,53065,Stevens,48.0013,-117.5613,423,126,polygon,FALSE,FALSE,America/Los_Angeles,3
19863,Spring Ridge,Spring Ridge,FL,Florida,12041,Gilchrist,29.8218,-82.7245,423,50,polygon,FALSE,TRUE,America/New_York,3
19864,Green Valley Farms,Green Valley Farms,TX,Texas,48061,Cameron,26.1219,-97.561,423,42,polygon,FALSE,FALSE,America/Chicago,3
19865,Goldonna,Goldonna,LA,Louisiana,22069,Natchitoches,32.0193,-92.9162,423,14,polygon,FALSE,TRUE,America/Chicago,3
19866,Minnesott Beach,Minnesott Beach,NC,North Carolina,37137,Pamlico,34.9858,-76.8239,423,47,polygon,FALSE,TRUE,America/New_York,3
19867,Teachey,Teachey,NC,North Carolina,37061,Duplin,34.769,-78.0093,423,160,polygon,FALSE,TRUE,America/New_York,3
19868,Hemlock,Hemlock,NY,New York,36051,Livingston,42.7937,-77.6073,423,87,polygon,FALSE,FALSE,America/New_York,3
19869,Coral,Coral,PA,Pennsylvania,42063,Indiana,40.502,-79.1746,423,924,polygon,FALSE,FALSE,America/New_York,3
19870,Stonerstown,Stonerstown,PA,Pennsylvania,42009,Bedford,40.2155,-78.2572,423,459,polygon,FALSE,FALSE,America/New_York,3
19871,Barton,Barton,MD,Maryland,24001,Allegany,39.5323,-79.0171,423,790,polygon,FALSE,TRUE,America/New_York,3
19872,Pleasant City,Pleasant City,OH,Ohio,39059,Guernsey,39.9033,-81.5437,423,925,polygon,FALSE,TRUE,America/New_York,3
19873,Freeburg,Freeburg,MO,Missouri,29151,Osage,38.3164,-91.9223,423,195,polygon,FALSE,TRUE,America/Chicago,3
19874,Hardwood Acres,Hardwood Acres,MI,Michigan,26019,Benzie,44.7213,-85.8261,423,312,polygon,FALSE,TRUE,America/Detroit,3
19875,Glen Elder,Glen Elder,KS,Kansas,20123,Mitchell,39.5002,-98.3067,423,374,polygon,FALSE,TRUE,America/Chicago,3
19876,Abbeville,Abbeville,MS,Mississippi,28071,Lafayette,34.5034,-89.5025,423,47,polygon,FALSE,TRUE,America/Chicago,3
19877,Benoit,Benoit,MS,Mississippi,28011,Bolivar,33.6517,-91.0087,423,167,polygon,FALSE,TRUE,America/Chicago,3
19878,Poplar Hills,Poplar Hills,KY,Kentucky,21111,Jefferson,38.178,-85.6931,423,6406,polygon,FALSE,TRUE,America/New_York,2
19879,Keyport,Keyport,WA,Washington,53035,Kitsap,47.6993,-122.6232,422,322,polygon,FALSE,FALSE,America/Los_Angeles,3
19880,Berwind,Berwind,WV,West Virginia,54047,McDowell,37.2658,-81.6632,422,564,polygon,FALSE,FALSE,America/New_York,3
19881,Lake Colorado City,Lake Colorado City,TX,Texas,48335,Mitchell,32.3491,-100.9376,422,21,polygon,FALSE,TRUE,America/Chicago,3
19882,B and E,B and E,TX,Texas,48427,Starr,26.3565,-98.7537,422,2337,polygon,FALSE,FALSE,America/Chicago,2
19883,Noatak,Noatak,AK,Alaska,2188,Northwest Arctic,67.5987,-163.0309,422,10,polygon,FALSE,FALSE,America/Nome,3
19884,Buckland,Buckland,AK,Alaska,2188,Northwest Arctic,65.9784,-161.1341,422,191,polygon,FALSE,TRUE,America/Anchorage,3
19885,Vanleer,Vanleer,TN,Tennessee,47043,Dickson,36.2381,-87.4466,422,232,polygon,FALSE,TRUE,America/Chicago,3
19886,Mather,Mather,PA,Pennsylvania,42059,Greene,39.9357,-80.0751,422,185,polygon,FALSE,FALSE,America/New_York,3
19887,Stouchsburg,Stouchsburg,PA,Pennsylvania,42011,Berks,40.3808,-76.2306,422,120,polygon,FALSE,FALSE,America/New_York,3
19888,Hytop,Hytop,AL,Alabama,1071,Jackson,34.8965,-86.088,422,47,polygon,FALSE,TRUE,America/Chicago,3
19889,Garden Valley,Garden Valley,ID,Idaho,16015,Boise,44.083,-115.9612,422,22,polygon,FALSE,FALSE,America/Boise,3
19890,Fort Coffee,Fort Coffee,OK,Oklahoma,40079,Le Flore,35.2942,-94.5726,422,25,polygon,FALSE,TRUE,America/Chicago,3
19891,Lindsey,Lindsey,OH,Ohio,39143,Sandusky,41.4217,-83.221,422,104,polygon,FALSE,TRUE,America/New_York,3
19892,Bell City,Bell City,MO,Missouri,29207,Stoddard,37.0237,-89.8196,422,296,polygon,FALSE,TRUE,America/Chicago,3
19893,Campton,Campton,KY,Kentucky,21237,Wolfe,37.7353,-83.5473,422,163,polygon,FALSE,TRUE,America/New_York,3
19894,Haines,Haines,OR,Oregon,41001,Baker,44.9123,-117.9396,422,215,polygon,FALSE,TRUE,America/Los_Angeles,3
19895,Blue River,Blue River,WI,Wisconsin,55043,Grant,43.1844,-90.5719,421,178,polygon,FALSE,TRUE,America/Chicago,3
19896,Everglades,Everglades,FL,Florida,12021,Collier,25.8579,-81.3862,421,177,polygon,FALSE,TRUE,America/New_York,3
19897,New Village,New Village,NJ,New Jersey,34041,Warren,40.7184,-75.0774,421,171,polygon,FALSE,FALSE,America/New_York,3
19898,Avinger,Avinger,TX,Texas,48067,Cass,32.8981,-94.5531,421,83,polygon,FALSE,TRUE,America/Chicago,3
19899,Oak Valley,Oak Valley,TX,Texas,48349,Navarro,32.0331,-96.5116,421,84,polygon,FALSE,TRUE,America/Chicago,3
19900,Milano,Milano,TX,Texas,48331,Milam,30.7083,-96.8594,421,88,polygon,FALSE,TRUE,America/Chicago,3
19901,Kennedy,Kennedy,AL,Alabama,1075,Lamar,33.5809,-87.9862,421,52,polygon,FALSE,TRUE,America/Chicago,3
19902,West Jefferson,West Jefferson,AL,Alabama,1073,Jefferson,33.652,-87.0569,421,90,polygon,FALSE,TRUE,America/Chicago,3
19903,Sublette,Sublette,IL,Illinois,17103,Lee,41.6437,-89.2308,421,507,polygon,FALSE,TRUE,America/Chicago,3
19904,Ipava,Ipava,IL,Illinois,17057,Fulton,40.3526,-90.3234,421,606,polygon,FALSE,TRUE,America/Chicago,3
19905,Birmingham,Birmingham,IA,Iowa,19177,Van Buren,40.8777,-91.9472,421,153,polygon,FALSE,TRUE,America/Chicago,3
19906,Parsonsburg,Parsonsburg,MD,Maryland,24045,Wicomico,38.3936,-75.4748,421,124,polygon,FALSE,FALSE,America/New_York,3
19907,Ketchum,Ketchum,OK,Oklahoma,40035,Craig,36.5261,-95.0383,421,127,polygon,FALSE,TRUE,America/Chicago,3
19908,Meadville,Meadville,MS,Mississippi,28037,Franklin,31.4721,-90.893,421,147,polygon,FALSE,TRUE,America/Chicago,3
19909,New Hebron,New Hebron,MS,Mississippi,28077,Lawrence,31.7332,-89.9833,421,242,polygon,FALSE,TRUE,America/Chicago,3
19910,Paguate,Paguate,NM,New Mexico,35006,Cibola,35.1356,-107.364,420,21,polygon,FALSE,FALSE,America/Denver,3
19911,Lake Arthur,Lake Arthur,NM,New Mexico,35005,Chaves,32.9994,-104.3637,420,304,polygon,FALSE,TRUE,America/Denver,3
19912,Stovall,Stovall,NC,North Carolina,37077,Granville,36.4475,-78.5689,420,154,polygon,FALSE,TRUE,America/New_York,3
19913,Old Hundred,Old Hundred,NC,North Carolina,37165,Scotland,34.8246,-79.5922,420,167,polygon,FALSE,FALSE,America/New_York,3
19914,Brady,Brady,NE,Nebraska,31111,Lincoln,41.0223,-100.3674,420,494,polygon,FALSE,TRUE,America/Chicago,3
19915,Bellwood,Bellwood,NE,Nebraska,31023,Butler,41.3419,-97.24,420,681,polygon,FALSE,TRUE,America/Chicago,3
19916,Stanton,Stanton,TN,Tennessee,47075,Haywood,35.4613,-89.4013,420,316,polygon,FALSE,TRUE,America/Chicago,3
19917,Rosslyn Farms,Rosslyn Farms,PA,Pennsylvania,42003,Allegheny,40.4224,-80.0886,420,289,polygon,FALSE,TRUE,America/New_York,3
19918,Gouglersville,Gouglersville,PA,Pennsylvania,42011,Berks,40.2701,-76.0192,420,118,polygon,FALSE,FALSE,America/New_York,3
19919,Cooperstown,Cooperstown,PA,Pennsylvania,42121,Venango,41.4998,-79.8736,420,292,polygon,FALSE,TRUE,America/New_York,3
19920,Frizzleburg,Frizzleburg,PA,Pennsylvania,42073,Lawrence,41.0744,-80.449,420,58,polygon,FALSE,FALSE,America/New_York,3
19921,Parrott,Parrott,VA,Virginia,51155,Pulaski,37.2168,-80.6242,420,48,polygon,FALSE,FALSE,America/New_York,3
19922,Oak Glen,Oak Glen,CA,California,6071,San Bernardino,34.0448,-116.9497,420,10,polygon,FALSE,FALSE,America/Los_Angeles,3
19923,Arlington,Arlington,IN,Indiana,18139,Rush,39.6457,-85.5796,420,110,polygon,FALSE,FALSE,America/Indiana/Indianapolis,3
19924,Ashton,Ashton,IA,Iowa,19143,Osceola,43.3089,-95.7925,420,163,polygon,FALSE,TRUE,America/Chicago,3
19925,Naytahwaush,Naytahwaush,MN,Minnesota,27087,Mahnomen,47.2704,-95.6334,420,55,polygon,FALSE,FALSE,America/Chicago,3
19926,Scotch Meadows,Scotch Meadows,NC,North Carolina,37165,Scotland,34.689,-79.5177,419,474,polygon,FALSE,TRUE,America/New_York,3
19927,Richburg,Richburg,NY,New York,36003,Allegany,42.0887,-78.1565,419,179,polygon,FALSE,TRUE,America/New_York,3
19928,Spring Mills,Spring Mills,PA,Pennsylvania,42027,Centre,40.8534,-77.5654,419,277,polygon,FALSE,FALSE,America/New_York,3
19929,Mammoth,Mammoth,PA,Pennsylvania,42129,Westmoreland,40.1987,-79.4628,419,80,polygon,FALSE,FALSE,America/New_York,3
19930,Fountain Springs,Fountain Springs,PA,Pennsylvania,42107,Schuylkill,40.7722,-76.3284,419,288,polygon,FALSE,FALSE,America/New_York,3
19931,Galva,Galva,IA,Iowa,19093,Ida,42.5059,-95.4177,419,227,polygon,FALSE,TRUE,America/Chicago,3
19932,Lawler,Lawler,IA,Iowa,19037,Chickasaw,43.072,-92.1532,419,170,polygon,FALSE,TRUE,America/Chicago,3
19933,Mud Lake,Mud Lake,ID,Idaho,16051,Jefferson,43.8431,-112.48,419,1136,polygon,FALSE,TRUE,America/Boise,3
19934,New Germany,New Germany,MN,Minnesota,27019,Carver,44.8861,-93.9731,419,162,polygon,FALSE,TRUE,America/Chicago,3
19935,Fisher,Fisher,MN,Minnesota,27119,Polk,47.7993,-96.7995,419,379,polygon,FALSE,TRUE,America/Chicago,3
19936,Vermillion,Vermillion,MN,Minnesota,27037,Dakota,44.6735,-92.9643,419,164,polygon,FALSE,TRUE,America/Chicago,3
19937,Linwood,Linwood,KS,Kansas,20103,Leavenworth,39.0019,-95.0363,419,270,polygon,FALSE,TRUE,America/Chicago,3
19938,Bentonia,Bentonia,MS,Mississippi,28163,Yazoo,32.6437,-90.3692,419,113,polygon,FALSE,TRUE,America/Chicago,3
19939,Harrington,Harrington,WA,Washington,53043,Lincoln,47.4802,-118.2554,418,413,polygon,FALSE,TRUE,America/Los_Angeles,3
19940,Sandyfield,Sandyfield,NC,North Carolina,37047,Columbus,34.3738,-78.3,418,52,polygon,FALSE,TRUE,America/New_York,3
19941,Marion Center,Marion Center,PA,Pennsylvania,42063,Indiana,40.7705,-79.0472,418,217,polygon,FALSE,TRUE,America/New_York,3
19942,Branchdale,Branchdale,PA,Pennsylvania,42107,Schuylkill,40.6732,-76.3222,418,225,polygon,FALSE,TRUE,America/New_York,3
19943,Foster Center,Foster Center,RI,Rhode Island,44007,Providence,41.7898,-71.7328,418,74,polygon,FALSE,FALSE,America/New_York,3
19944,Coaldale,Coaldale,CO,Colorado,8043,Fremont,38.3563,-105.8155,418,5,polygon,FALSE,FALSE,America/Denver,3
19945,Belleville,Belleville,AR,Arkansas,5149,Yell,35.0915,-93.4458,418,86,polygon,FALSE,TRUE,America/Chicago,3
19946,Humboldt,Humboldt,IL,Illinois,17029,Coles,39.6047,-88.3201,418,469,polygon,FALSE,TRUE,America/Chicago,3
19947,Waveland,Waveland,IN,Indiana,18107,Montgomery,39.8774,-87.0454,418,487,polygon,FALSE,TRUE,America/Indiana/Indianapolis,3
19948,Grays River,Grays River,WA,Washington,53069,Wahkiakum,46.3608,-123.589,417,7,polygon,FALSE,FALSE,America/Los_Angeles,3
19949,Bud,Bud,WV,West Virginia,54109,Wyoming,37.5329,-81.3821,417,51,polygon,FALSE,FALSE,America/New_York,3
19950,Baggs,Baggs,WY,Wyoming,56007,Carbon,41.0345,-107.6574,417,318,polygon,FALSE,TRUE,America/Denver,3
19951,Leigh,Leigh,NE,Nebraska,31037,Colfax,41.7023,-97.2398,417,268,polygon,FALSE,TRUE,America/Chicago,3
19952,North Lynbrook,North Lynbrook,NY,New York,36059,Nassau,40.6686,-73.6736,417,1860,polygon,FALSE,FALSE,America/New_York,3
19953,Wyoming,Wyoming,NY,New York,36121,Wyoming,42.824,-78.0842,417,240,polygon,FALSE,TRUE,America/New_York,3
19954,Manzanola,Manzanola,CO,Colorado,8089,Otero,38.1087,-103.8669,417,566,polygon,FALSE,TRUE,America/Denver,3
19955,Maynard,Maynard,AR,Arkansas,5121,Randolph,36.4214,-90.9018,417,137,polygon,FALSE,TRUE,America/Chicago,3
19956,Birdseye,Birdseye,IN,Indiana,18037,Dubois,38.315,-86.6961,417,252,polygon,FALSE,TRUE,America/Indiana/Vincennes,3
19957,Vail,Vail,IA,Iowa,19047,Crawford,42.0599,-95.2003,417,281,polygon,FALSE,TRUE,America/Chicago,3
19958,Central,Central,AZ,Arizona,4009,Graham,32.8692,-109.7908,417,96,polygon,FALSE,FALSE,America/Phoenix,3
19959,College Corner,College Corner,OH,Ohio,39135,Preble,39.5682,-84.8109,417,643,polygon,FALSE,TRUE,America/New_York,3
19960,Lafayette,Lafayette,OH,Ohio,39003,Allen,40.7589,-83.9499,417,692,polygon,FALSE,TRUE,America/New_York,3
19961,Union Star,Union Star,MO,Missouri,29063,DeKalb,39.9794,-94.5987,417,614,polygon,FALSE,TRUE,America/Chicago,3
19962,Twin Bridges,Twin Bridges,MT,Montana,30057,Madison,45.5429,-112.3341,417,158,polygon,FALSE,TRUE,America/Denver,3
19963,Readstown,Readstown,WI,Wisconsin,55123,Vernon,43.4485,-90.759,416,93,polygon,FALSE,TRUE,America/Chicago,3
19964,Rudolph,Rudolph,WI,Wisconsin,55141,Wood,44.4972,-89.8018,416,133,polygon,FALSE,TRUE,America/Chicago,3
19965,Cañada de los Alamos,Canada de los Alamos,NM,New Mexico,35049,Santa Fe,35.5926,-105.8597,416,43,polygon,FALSE,FALSE,America/Denver,3
19966,Finley,Finley,ND,North Dakota,38091,Steele,47.5125,-97.8373,416,46,polygon,FALSE,TRUE,America/Chicago,3
19967,Beaver Crossing,Beaver Crossing,NE,Nebraska,31159,Seward,40.7782,-97.2825,416,245,polygon,FALSE,TRUE,America/Chicago,3
19968,Spencer,Spencer,NE,Nebraska,31015,Boyd,42.8749,-98.7002,416,308,polygon,FALSE,TRUE,America/Chicago,3
19969,Coopers Plains,Coopers Plains,NY,New York,36101,Steuben,42.1794,-77.1376,416,194,polygon,FALSE,FALSE,America/New_York,3
19970,Lake Almanor Peninsula,Lake Almanor Peninsula,CA,California,6063,Plumas,40.2812,-121.1345,416,52,polygon,FALSE,FALSE,America/Los_Angeles,3
19971,Riggins,Riggins,ID,Idaho,16049,Idaho,45.4204,-116.318,416,403,polygon,FALSE,TRUE,America/Boise,3
19972,Little Hocking,Little Hocking,OH,Ohio,39167,Washington,39.2608,-81.702,416,387,polygon,FALSE,FALSE,America/New_York,3
19973,Lewis,Lewis,KS,Kansas,20047,Edwards,37.937,-99.2547,416,510,polygon,FALSE,TRUE,America/Chicago,3
19974,Evaro,Evaro,MT,Montana,30063,Missoula,47.0737,-114.0205,416,9,polygon,FALSE,FALSE,America/Denver,3
19975,Herreid,Herreid,SD,South Dakota,46021,Campbell,45.8377,-100.0749,416,115,polygon,FALSE,TRUE,America/Chicago,3
19976,Tuluksak,Tuluksak,AK,Alaska,2050,Bethel,61.105,-160.9493,415,54,polygon,FALSE,FALSE,America/Anchorage,3
19977,Lowgap,Lowgap,NC,North Carolina,37171,Surry,36.5232,-80.8671,415,140,polygon,FALSE,FALSE,America/New_York,3
19978,Union Deposit,Union Deposit,PA,Pennsylvania,42043,Dauphin,40.291,-76.681,415,570,polygon,FALSE,FALSE,America/New_York,3
19979,Bombay Beach,Bombay Beach,CA,California,6025,Imperial,33.3548,-115.7307,415,170,polygon,FALSE,FALSE,America/Los_Angeles,3
19980,Mount Pleasant,Mount Pleasant,AR,Arkansas,5065,Izard,35.9818,-91.7771,415,45,polygon,FALSE,TRUE,America/Chicago,3
19981,Leslie,Leslie,AR,Arkansas,5129,Searcy,35.8294,-92.5563,415,211,polygon,FALSE,TRUE,America/Chicago,3
19982,Tiger,Tiger,GA,Georgia,13241,Rabun,34.8458,-83.433,415,193,polygon,FALSE,TRUE,America/New_York,3
19983,Savannah,Savannah,OH,Ohio,39005,Ashland,40.9669,-82.3661,415,280,polygon,FALSE,TRUE,America/New_York,3
19984,Urbana,Urbana,MO,Missouri,29059,Dallas,37.8436,-93.1676,415,166,polygon,FALSE,TRUE,America/Chicago,3
19985,Long Beach,Long Beach,MN,Minnesota,27121,Pope,45.6509,-95.4294,415,110,polygon,FALSE,TRUE,America/Chicago,3
19986,Holyrood,Holyrood,KS,Kansas,20053,Ellsworth,38.5876,-98.412,415,372,polygon,FALSE,TRUE,America/Chicago,3
19987,Parkerfield,Parkerfield,KS,Kansas,20035,Cowley,37.0678,-96.9957,415,175,polygon,FALSE,TRUE,America/Chicago,3
19988,Rosa Sánchez,Rosa Sanchez,PR,Puerto Rico,72151,Yabucoa,18.0623,-65.9141,415,367,polygon,FALSE,FALSE,America/Puerto_Rico,3
19989,Salley,Salley,SC,South Carolina,45003,Aiken,33.5678,-81.3037,415,213,polygon,FALSE,TRUE,America/New_York,3
19990,Beech Grove,Beech Grove,KY,Kentucky,21149,McLean,37.6183,-87.392,415,86,polygon,FALSE,FALSE,America/Chicago,3
19991,Mesquite,Mesquite,NM,New Mexico,35013,Doña Ana,32.167,-106.6885,414,195,polygon,FALSE,FALSE,America/Denver,3
19992,St. Michael,St. Michael,AK,Alaska,2180,Nome,63.4664,-162.1324,414,7,polygon,FALSE,TRUE,America/Nome,3
19993,Salemburg,Salemburg,NC,North Carolina,37163,Sampson,35.0152,-78.5029,414,163,polygon,FALSE,TRUE,America/New_York,3
19994,Springwater Hamlet,Springwater Hamlet,NY,New York,36051,Livingston,42.635,-77.5964,414,120,polygon,FALSE,FALSE,America/New_York,3
19995,Fernville,Fernville,PA,Pennsylvania,42037,Columbia,41.0024,-76.4752,414,197,polygon,FALSE,FALSE,America/New_York,3
19996,Oval,Oval,PA,Pennsylvania,42081,Lycoming,41.1522,-77.1746,414,145,polygon,FALSE,FALSE,America/New_York,3
19997,Mapleton,Mapleton,PA,Pennsylvania,42061,Huntingdon,40.3928,-77.9412,414,873,polygon,FALSE,TRUE,America/New_York,3
19998,Plainfield,Plainfield,IA,Iowa,19017,Bremer,42.8446,-92.5357,414,477,polygon,FALSE,TRUE,America/Chicago,3
19999,Midland,Midland,MD,Maryland,24001,Allegany,39.5897,-78.9485,414,1011,polygon,FALSE,TRUE,America/New_York,3
20000,Tribbey,Tribbey,OK,Oklahoma,40125,Pottawatomie,35.0992,-97.0938,414,8,polygon,FALSE,TRUE,America/Chicago,3
20001,Nevis,Nevis,MN,Minnesota,27057,Hubbard,46.9646,-94.8423,414,172,polygon,FALSE,TRUE,America/Chicago,3
20002,Kinde,Kinde,MI,Michigan,26063,Huron,43.9405,-82.9963,414,135,polygon,FALSE,TRUE,America/Detroit,3
20003,Colony,Colony,KS,Kansas,20003,Anderson,38.0712,-95.3629,414,330,polygon,FALSE,TRUE,America/Chicago,3
20004,Glen,Glen,MS,Mississippi,28003,Alcorn,34.8585,-88.4199,414,34,polygon,FALSE,TRUE,America/Chicago,3
20005,Shenandoah Junction,Shenandoah Junction,WV,West Virginia,54037,Jefferson,39.3531,-77.8375,413,157,polygon,FALSE,FALSE,America/New_York,3
20006,Delaware Park,Delaware Park,NJ,New Jersey,34041,Warren,40.7052,-75.1883,413,650,polygon,FALSE,TRUE,America/New_York,3
20007,Rincon,Rincon,NM,New Mexico,35013,Doña Ana,32.6729,-107.0764,413,161,polygon,FALSE,FALSE,America/Denver,3
20008,Ruth,Ruth,NC,North Carolina,37161,Rutherford,35.3824,-81.9448,413,375,polygon,FALSE,TRUE,America/New_York,3
20009,Thornburg,Thornburg,PA,Pennsylvania,42003,Allegheny,40.4345,-80.0842,413,366,polygon,FALSE,TRUE,America/New_York,3
20010,Walker Lake,Walker Lake,NV,Nevada,32021,Mineral,38.6468,-118.7572,413,116,polygon,FALSE,FALSE,America/Los_Angeles,3
20011,Cutler,Cutler,IL,Illinois,17145,Perry,38.0325,-89.5676,413,340,polygon,FALSE,TRUE,America/Chicago,3
20012,Bussey,Bussey,IA,Iowa,19125,Marion,41.2057,-92.8843,413,479,polygon,FALSE,TRUE,America/Chicago,3
20013,Randlett,Randlett,OK,Oklahoma,40033,Cotton,34.1773,-98.4639,413,254,polygon,FALSE,TRUE,America/Chicago,3
20014,Deepwater,Deepwater,MO,Missouri,29083,Henry,38.2592,-93.7746,413,187,polygon,FALSE,TRUE,America/Chicago,3
20015,Clinton,Clinton,MN,Minnesota,27011,Big Stone,45.4632,-96.4415,413,166,polygon,FALSE,TRUE,America/Chicago,3
20016,Union,Union,WA,Washington,53045,Mason,47.3475,-123.0952,412,98,polygon,FALSE,FALSE,America/Los_Angeles,3
20017,Naselle,Naselle,WA,Washington,53049,Pacific,46.365,-123.8013,412,70,polygon,FALSE,FALSE,America/Los_Angeles,3
20018,Mattoon,Mattoon,WI,Wisconsin,55115,Shawano,45.0046,-89.0411,412,97,polygon,FALSE,TRUE,America/Chicago,3
20019,Wallace,Wallace,WV,West Virginia,54033,Harrison,39.4072,-80.4911,412,112,polygon,FALSE,FALSE,America/New_York,3
20020,Peak Place,Peak Place,NM,New Mexico,35049,Santa Fe,35.7911,-105.9432,412,121,polygon,FALSE,TRUE,America/Denver,3
20021,Whiteface,Whiteface,TX,Texas,48079,Cochran,33.5995,-102.6134,412,270,polygon,FALSE,TRUE,America/Chicago,3
20022,Leming,Leming,TX,Texas,48013,Atascosa,29.0684,-98.4722,412,32,polygon,FALSE,FALSE,America/Chicago,3
20023,Bloomingburg,Bloomingburg,NY,New York,36105,Sullivan,41.5519,-74.4437,412,231,polygon,FALSE,TRUE,America/New_York,3
20024,Weldon,Weldon,IL,Illinois,17039,De Witt,40.1216,-88.7497,412,595,polygon,FALSE,TRUE,America/Chicago,3
20025,Bay View Gardens,Bay View Gardens,IL,Illinois,17203,Woodford,40.8102,-89.5272,412,233,polygon,FALSE,TRUE,America/Chicago,3
20026,Asher,Asher,OK,Oklahoma,40125,Pottawatomie,34.9884,-96.9254,412,200,polygon,FALSE,TRUE,America/Chicago,3
20027,Fredericksburg,Fredericksburg,OH,Ohio,39169,Wayne,40.677,-81.8697,412,493,polygon,FALSE,TRUE,America/New_York,3
20028,Montezuma Creek,Montezuma Creek,UT,Utah,49037,San Juan,37.2563,-109.303,412,13,polygon,FALSE,FALSE,America/Denver,3
20029,McCune,McCune,KS,Kansas,20037,Crawford,37.3539,-95.019,412,500,polygon,FALSE,TRUE,America/Chicago,3
20030,Bucyrus,Bucyrus,KS,Kansas,20121,Miami,38.7237,-94.714,412,79,polygon,FALSE,FALSE,America/Chicago,3
20031,Carlisle,Carlisle,SC,South Carolina,45087,Union,34.5921,-81.4645,412,112,polygon,FALSE,TRUE,America/New_York,3
20032,Richlawn,Richlawn,KY,Kentucky,21111,Jefferson,38.2547,-85.6412,412,1571,polygon,FALSE,TRUE,America/New_York,3
20033,Wasco,Wasco,OR,Oregon,41055,Sherman,45.5916,-120.6975,412,157,polygon,FALSE,TRUE,America/Los_Angeles,3
20034,Cochrane,Cochrane,WI,Wisconsin,55011,Buffalo,44.2281,-91.8387,411,193,polygon,FALSE,TRUE,America/Chicago,3
20035,Oliver,Oliver,WI,Wisconsin,55031,Douglas,46.6493,-92.1884,411,76,polygon,FALSE,TRUE,America/Chicago,3
20036,Havana,Havana,TX,Texas,48215,Hidalgo,26.2507,-98.5091,411,195,polygon,FALSE,FALSE,America/Chicago,3
20037,Ronda,Ronda,NC,North Carolina,37193,Wilkes,36.2217,-80.9432,411,146,polygon,FALSE,TRUE,America/New_York,3
20038,Boydton,Boydton,VA,Virginia,51117,Mecklenburg,36.666,-78.3908,411,193,polygon,FALSE,TRUE,America/New_York,3
20039,Romeo,Romeo,CO,Colorado,8021,Conejos,37.1718,-105.9854,411,679,polygon,FALSE,TRUE,America/Denver,3
20040,Terminous,Terminous,CA,California,6077,San Joaquin,38.1154,-121.4896,411,162,polygon,FALSE,FALSE,America/Los_Angeles,3
20041,New Vienna,New Vienna,IA,Iowa,19061,Dubuque,42.5477,-91.1139,411,340,polygon,FALSE,TRUE,America/Chicago,3
20042,New Pittsburg,New Pittsburg,OH,Ohio,39169,Wayne,40.8416,-82.0989,411,116,polygon,FALSE,FALSE,America/New_York,3
20043,Wineglass,Wineglass,MT,Montana,30067,Park,45.628,-110.6233,411,25,polygon,FALSE,TRUE,America/Denver,3
20044,Osyka,Osyka,MS,Mississippi,28113,Pike,31.0072,-90.4719,411,149,polygon,FALSE,TRUE,America/Chicago,3
20045,Wallins Creek,Wallins Creek,KY,Kentucky,21095,Harlan,36.8297,-83.4174,411,299,polygon,FALSE,FALSE,America/New_York,3
20046,Faith,Faith,SD,South Dakota,46093,Meade,45.0258,-102.0363,411,132,polygon,FALSE,TRUE,America/Denver,3
20047,Rock Springs,Rock Springs,NM,New Mexico,35031,McKinley,35.6088,-108.8293,410,27,polygon,FALSE,FALSE,America/Denver,3
20048,Evant,Evant,TX,Texas,48099,Coryell,31.4762,-98.1501,410,259,polygon,FALSE,TRUE,America/Chicago,3
20049,Napaskiak,Napaskiak,AK,Alaska,2050,Bethel,60.7018,-161.7616,410,54,polygon,FALSE,TRUE,America/Anchorage,3
20050,Cedar Creek,Cedar Creek,NE,Nebraska,31025,Cass,41.0451,-96.1016,410,277,polygon,FALSE,TRUE,America/Chicago,3
20051,Burlison,Burlison,TN,Tennessee,47167,Tipton,35.5569,-89.7847,410,150,polygon,FALSE,TRUE,America/Chicago,3
20052,Highland Lake,Highland Lake,AL,Alabama,1009,Blount,33.8876,-86.4244,410,97,polygon,FALSE,TRUE,America/Chicago,3
20053,Melvin,Melvin,IL,Illinois,17053,Ford,40.5709,-88.2469,410,457,polygon,FALSE,TRUE,America/Chicago,3
20054,Waynesville,Waynesville,IL,Illinois,17039,De Witt,40.2413,-89.1245,410,496,polygon,FALSE,TRUE,America/Chicago,3
20055,Hartford,Hartford,OH,Ohio,39089,Licking,40.2395,-82.6884,410,296,polygon,FALSE,TRUE,America/New_York,3
20056,Golden,Golden,MO,Missouri,29009,Barry,36.5266,-93.6637,410,29,polygon,FALSE,FALSE,America/Chicago,3
20057,Weaubleau,Weaubleau,MO,Missouri,29085,Hickory,37.8915,-93.5403,410,183,polygon,FALSE,TRUE,America/Chicago,3
20058,Carp Lake,Carp Lake,MI,Michigan,26047,Emmet,45.689,-84.7582,410,76,polygon,FALSE,FALSE,America/Detroit,3
20059,Kurten,Kurten,TX,Texas,48041,Brazos,30.7896,-96.2759,409,34,polygon,FALSE,TRUE,America/Chicago,3
20060,Centre Island,Centre Island,NY,New York,36059,Nassau,40.9018,-73.5211,409,144,polygon,FALSE,TRUE,America/New_York,3
20061,Benson,Benson,IL,Illinois,17203,Woodford,40.8505,-89.1211,409,966,polygon,FALSE,TRUE,America/Chicago,3
20062,Royal,Royal,IA,Iowa,19041,Clay,43.0644,-95.2837,409,535,polygon,FALSE,TRUE,America/Chicago,3
20063,Earling,Earling,IA,Iowa,19165,Shelby,41.7761,-95.4189,409,262,polygon,FALSE,TRUE,America/Chicago,3
20064,Mystic,Mystic,IA,Iowa,19007,Appanoose,40.7792,-92.9446,409,54,polygon,FALSE,TRUE,America/Chicago,3
20065,Elfrida,Elfrida,AZ,Arizona,4003,Cochise,31.6858,-109.6896,409,41,polygon,FALSE,FALSE,America/Phoenix,3
20066,Ripley,Ripley,OK,Oklahoma,40119,Payne,36.0158,-96.9039,409,336,polygon,FALSE,TRUE,America/Chicago,3
20067,Leonard,Leonard,MI,Michigan,26125,Oakland,42.8652,-83.1429,409,158,polygon,FALSE,TRUE,America/Detroit,3
20068,Martin,Martin,MI,Michigan,26005,Allegan,42.537,-85.6389,409,206,polygon,FALSE,TRUE,America/Detroit,3
20069,Kingston,Kingston,MI,Michigan,26157,Tuscola,43.4128,-83.1863,409,154,polygon,FALSE,TRUE,America/Detroit,3
20070,Prospect,Prospect,OR,Oregon,41029,Jackson,42.7526,-122.4757,409,45,polygon,FALSE,FALSE,America/Los_Angeles,3
20071,Mount Hood,Mount Hood,OR,Oregon,41027,Hood River,45.5339,-121.5662,409,82,polygon,FALSE,FALSE,America/Los_Angeles,3
20072,Forestville,Forestville,WI,Wisconsin,55029,Door,44.6907,-87.4787,408,302,polygon,FALSE,TRUE,America/Chicago,3
20073,Lashmeet,Lashmeet,WV,West Virginia,54055,Mercer,37.4228,-81.1967,408,209,polygon,FALSE,FALSE,America/New_York,3
20074,Williamsburg,Williamsburg,NM,New Mexico,35051,Sierra,33.1158,-107.2951,408,324,polygon,FALSE,TRUE,America/Denver,3
20075,Dunlevy,Dunlevy,PA,Pennsylvania,42125,Washington,40.113,-79.8591,408,296,polygon,FALSE,TRUE,America/New_York,3
20076,Ripley,Ripley,CA,California,6065,Riverside,33.5238,-114.6531,408,92,polygon,FALSE,FALSE,America/Los_Angeles,3
20077,Andrew,Andrew,IA,Iowa,19097,Jackson,42.1533,-90.5921,408,635,polygon,FALSE,TRUE,America/Chicago,3
20078,Hawkeye,Hawkeye,IA,Iowa,19065,Fayette,42.9378,-91.9504,408,234,polygon,FALSE,TRUE,America/Chicago,3
20079,Basalt,Basalt,ID,Idaho,16011,Bingham,43.3144,-112.1651,408,538,polygon,FALSE,TRUE,America/Boise,3
20080,Gage,Gage,OK,Oklahoma,40045,Ellis,36.3182,-99.7578,408,375,polygon,FALSE,TRUE,America/Chicago,3
20081,Fairhaven,Fairhaven,MN,Minnesota,27145,Stearns,45.3232,-94.204,408,82,polygon,FALSE,FALSE,America/Chicago,3
20082,Assaria,Assaria,KS,Kansas,20169,Saline,38.6802,-97.604,408,674,polygon,FALSE,TRUE,America/Chicago,3
20083,Gunnison,Gunnison,MS,Mississippi,28011,Bolivar,33.9437,-90.9468,408,160,polygon,FALSE,TRUE,America/Chicago,3
20084,Hilda,Hilda,SC,South Carolina,45011,Barnwell,33.274,-81.2466,408,51,polygon,FALSE,TRUE,America/New_York,3
20085,Sextonville,Sextonville,WI,Wisconsin,55103,Richland,43.2797,-90.2922,407,179,polygon,FALSE,FALSE,America/Chicago,3
20086,Orchard,Orchard,TX,Texas,48157,Fort Bend,29.6,-95.9694,407,411,polygon,FALSE,TRUE,America/Chicago,3
20087,Witmer,Witmer,PA,Pennsylvania,42071,Lancaster,40.05,-76.2114,407,126,polygon,FALSE,FALSE,America/New_York,3
20088,Arnot,Arnot,PA,Pennsylvania,42117,Tioga,41.6623,-77.1222,407,153,polygon,FALSE,FALSE,America/New_York,3
20089,Mulford,Mulford,CO,Colorado,8045,Garfield,39.4064,-107.166,407,235,polygon,FALSE,FALSE,America/Denver,3
20090,St. Rose,St. Rose,IL,Illinois,17027,Clinton,38.6826,-89.5536,407,266,polygon,FALSE,TRUE,America/Chicago,3
20091,Salem,Salem,GA,Georgia,13293,Upson,32.7588,-84.1933,407,17,polygon,FALSE,FALSE,America/New_York,3
20092,Rocky Ridge,Rocky Ridge,OH,Ohio,39123,Ottawa,41.531,-83.2126,407,156,polygon,FALSE,TRUE,America/New_York,3
20093,Williston,Williston,OH,Ohio,39123,Ottawa,41.6026,-83.3419,407,257,polygon,FALSE,FALSE,America/New_York,3
20094,Clarktown,Clarktown,OH,Ohio,39145,Scioto,38.8498,-82.9085,407,76,polygon,FALSE,FALSE,America/New_York,3
20095,Glendale,Glendale,UT,Utah,49025,Kane,37.3342,-112.6035,407,22,polygon,FALSE,TRUE,America/Denver,3
20096,Kanarraville,Kanarraville,UT,Utah,49021,Iron,37.5378,-113.181,407,352,polygon,FALSE,TRUE,America/Denver,3
20097,Osborn,Osborn,MO,Missouri,29049,Clinton,39.7496,-94.3566,407,275,polygon,FALSE,TRUE,America/Chicago,3
20098,Barrett,Barrett,MN,Minnesota,27051,Grant,45.9124,-95.8943,407,75,polygon,FALSE,TRUE,America/Chicago,3
20099,Hardyville,Hardyville,KY,Kentucky,21099,Hart,37.2535,-85.7896,407,248,polygon,FALSE,FALSE,America/Chicago,3
20100,Parkdale,Parkdale,OR,Oregon,41027,Hood River,45.5131,-121.5921,407,251,polygon,FALSE,FALSE,America/Los_Angeles,3
20101,Glen Fork,Glen Fork,WV,West Virginia,54109,Wyoming,37.6982,-81.5362,406,51,polygon,FALSE,FALSE,America/New_York,3
20102,Ramos,Ramos,TX,Texas,48427,Starr,26.428,-99.027,406,5123,polygon,FALSE,TRUE,America/Chicago,2
20103,Wyndmere,Wyndmere,ND,North Dakota,38077,Richland,46.2641,-97.1312,406,182,polygon,FALSE,TRUE,America/Chicago,3
20104,Malcolm,Malcolm,NE,Nebraska,31109,Lancaster,40.909,-96.8657,406,1069,polygon,FALSE,TRUE,America/Chicago,3
20105,Blanca,Blanca,CO,Colorado,8023,Costilla,37.4393,-105.5135,406,85,polygon,FALSE,TRUE,America/Denver,3
20106,Rio Oso,Rio Oso,CA,California,6101,Sutter,38.9518,-121.531,406,24,polygon,FALSE,FALSE,America/Los_Angeles,3
20107,Leaf River,Leaf River,IL,Illinois,17141,Ogle,42.1233,-89.404,406,180,polygon,FALSE,TRUE,America/Chicago,3
20108,Lost Nation,Lost Nation,IA,Iowa,19045,Clinton,41.9666,-90.8167,406,246,polygon,FALSE,TRUE,America/Chicago,3
20109,Brenda,Brenda,AZ,Arizona,4012,La Paz,33.6721,-113.9379,406,22,polygon,FALSE,FALSE,America/Phoenix,3
20110,Eldorado,Eldorado,OK,Oklahoma,40065,Jackson,34.473,-99.6498,406,214,polygon,FALSE,TRUE,America/Chicago,3
20111,Sterling,Sterling,OH,Ohio,39169,Wayne,40.9664,-81.8441,406,160,polygon,FALSE,FALSE,America/New_York,3
20112,Shubuta,Shubuta,MS,Mississippi,28023,Clarke,31.862,-88.7021,406,64,polygon,FALSE,TRUE,America/Chicago,3
20113,Edisto Beach,Edisto Beach,SC,South Carolina,45029,Colleton,32.4922,-80.3239,406,74,polygon,FALSE,TRUE,America/New_York,3
20114,Spottsville,Spottsville,KY,Kentucky,21101,Henderson,37.8564,-87.4167,406,332,polygon,FALSE,FALSE,America/Chicago,3
20115,O'Brien,O'Brien,OR,Oregon,41033,Josephine,42.0702,-123.7077,406,30,polygon,FALSE,FALSE,America/Los_Angeles,3
20116,Irene,Irene,SD,South Dakota,46027,Clay,43.0837,-97.1575,406,614,polygon,FALSE,TRUE,America/Chicago,3
20117,Houston,Houston,DE,Delaware,10001,Kent,38.9174,-75.5039,405,408,polygon,FALSE,TRUE,America/New_York,3
20118,Hancock,Hancock,WI,Wisconsin,55137,Waushara,44.1334,-89.521,405,149,polygon,FALSE,TRUE,America/Chicago,3
20119,Rome,Rome,PA,Pennsylvania,42015,Bradford,41.8575,-76.3414,405,300,polygon,FALSE,TRUE,America/New_York,3
20120,Meridian,Meridian,CA,California,6101,Sutter,39.1404,-121.9079,405,29,polygon,FALSE,FALSE,America/Los_Angeles,3
20121,Portia,Portia,AR,Arkansas,5075,Lawrence,36.0849,-91.0711,405,120,polygon,FALSE,TRUE,America/Chicago,3
20122,Keyesport,Keyesport,IL,Illinois,17027,Clinton,38.746,-89.2737,405,217,polygon,FALSE,TRUE,America/Chicago,3
20123,Warm Springs,Warm Springs,GA,Georgia,13199,Meriwether,32.8869,-84.678,405,104,polygon,FALSE,TRUE,America/New_York,3
20124,Cumming,Cumming,IA,Iowa,19181,Warren,41.4876,-93.7594,405,62,polygon,FALSE,TRUE,America/Chicago,3
20125,Ellerslie,Ellerslie,MD,Maryland,24001,Allegany,39.7188,-78.7787,405,411,polygon,FALSE,FALSE,America/New_York,3
20126,Fanshawe,Fanshawe,OK,Oklahoma,40079,Le Flore,34.9733,-94.856,405,6,polygon,FALSE,TRUE,America/Chicago,3
20127,Platte Woods,Platte Woods,MO,Missouri,29165,Platte,39.2288,-94.6522,405,420,polygon,FALSE,TRUE,America/Chicago,3
20128,Rosebud,Rosebud,MO,Missouri,29073,Gasconade,38.385,-91.4024,405,179,polygon,FALSE,TRUE,America/Chicago,3
20129,Lanagan,Lanagan,MO,Missouri,29119,McDonald,36.6061,-94.4517,405,166,polygon,FALSE,TRUE,America/Chicago,3
20130,Waubun,Waubun,MN,Minnesota,27087,Mahnomen,47.184,-95.9401,405,304,polygon,FALSE,TRUE,America/Chicago,3
20131,Mesick,Mesick,MI,Michigan,26165,Wexford,44.4043,-85.7171,405,118,polygon,FALSE,TRUE,America/Detroit,3
20132,Powers,Powers,MI,Michigan,26109,Menominee,45.688,-87.5265,405,166,polygon,FALSE,TRUE,America/Menominee,3
20133,Fairview,Fairview,WV,West Virginia,54049,Marion,39.5927,-80.2469,404,557,polygon,FALSE,TRUE,America/New_York,3
20134,Pueblo Pintado,Pueblo Pintado,NM,New Mexico,35031,McKinley,35.9453,-107.6161,404,14,polygon,FALSE,FALSE,America/Denver,3
20135,Saratoga,Saratoga,NC,North Carolina,37195,Wilson,35.6537,-77.7753,404,243,polygon,FALSE,TRUE,America/New_York,3
20136,Dalmatia,Dalmatia,PA,Pennsylvania,42097,Northumberland,40.65,-76.9026,404,228,polygon,FALSE,FALSE,America/New_York,3
20137,Fleming,Fleming,CO,Colorado,8075,Logan,40.6821,-102.8396,404,318,polygon,FALSE,TRUE,America/Denver,3
20138,Midland,Midland,CO,Colorado,8119,Teller,38.8469,-105.1577,404,90,polygon,FALSE,FALSE,America/Denver,3
20139,Pleasant Groves,Pleasant Groves,AL,Alabama,1071,Jackson,34.735,-86.2054,404,42,polygon,FALSE,TRUE,America/Chicago,3
20140,Saunemin,Saunemin,IL,Illinois,17105,Livingston,40.8924,-88.4058,404,674,polygon,FALSE,TRUE,America/Chicago,3
20141,Kane,Kane,IL,Illinois,17061,Greene,39.1905,-90.3512,404,286,polygon,FALSE,TRUE,America/Chicago,3
20142,Orestes,Orestes,IN,Indiana,18095,Madison,40.271,-85.7247,404,386,polygon,FALSE,TRUE,America/Indiana/Indianapolis,3
20143,Sandborn,Sandborn,IN,Indiana,18083,Knox,38.8967,-87.1849,404,399,polygon,FALSE,TRUE,America/Indiana/Vincennes,3
20144,Crowder,Crowder,OK,Oklahoma,40121,Pittsburg,35.1157,-95.6787,404,79,polygon,FALSE,TRUE,America/Chicago,3
20145,Trimble,Trimble,OH,Ohio,39009,Athens,39.4862,-82.0808,404,235,polygon,FALSE,TRUE,America/New_York,3
20146,Cooter,Cooter,MO,Missouri,29155,Pemiscot,36.0467,-89.8092,404,528,polygon,FALSE,TRUE,America/Chicago,3
20147,Fifty Lakes,Fifty Lakes,MN,Minnesota,27035,Crow Wing,46.7618,-94.0898,404,5,polygon,FALSE,TRUE,America/Chicago,3
20148,Onekama,Onekama,MI,Michigan,26101,Manistee,44.3656,-86.202,404,265,polygon,FALSE,TRUE,America/Detroit,3
20149,Eastman,Eastman,WI,Wisconsin,55023,Crawford,43.1622,-91.0254,403,43,polygon,FALSE,TRUE,America/Chicago,3
20150,Ventura,Ventura,NM,New Mexico,35029,Luna,32.2438,-107.6832,403,28,polygon,FALSE,TRUE,America/Denver,3
20151,Grandfalls,Grandfalls,TX,Texas,48475,Ward,31.3405,-102.8545,403,288,polygon,FALSE,TRUE,America/Chicago,3
20152,Gillis,Gillis,LA,Louisiana,22019,Calcasieu,30.3769,-93.1999,403,93,polygon,FALSE,FALSE,America/Chicago,3
20153,Westhope,Westhope,ND,North Dakota,38009,Bottineau,48.9112,-101.0178,403,481,polygon,FALSE,TRUE,America/Chicago,3
20154,Staatsburg,Staatsburg,NY,New York,36027,Dutchess,41.8553,-73.9256,403,145,polygon,FALSE,FALSE,America/New_York,3
20155,Orbisonia,Orbisonia,PA,Pennsylvania,42061,Huntingdon,40.2429,-77.893,403,1594,polygon,FALSE,TRUE,America/New_York,3
20156,Bonaparte,Bonaparte,IA,Iowa,19177,Van Buren,40.7013,-91.8004,403,426,polygon,FALSE,TRUE,America/Chicago,3
20157,Stringtown,Stringtown,OK,Oklahoma,40005,Atoka,34.4697,-96.0548,403,28,polygon,FALSE,TRUE,America/Chicago,3
20158,Hannibal,Hannibal,OH,Ohio,39111,Monroe,39.6719,-80.8741,403,139,polygon,FALSE,FALSE,America/New_York,3
20159,Harrod,Harrod,OH,Ohio,39003,Allen,40.7074,-83.9213,403,665,polygon,FALSE,TRUE,America/New_York,3
20160,Highland Holiday,Highland Holiday,OH,Ohio,39071,Highland,39.1949,-83.4703,403,257,polygon,FALSE,FALSE,America/New_York,3
20161,Axtell,Axtell,KS,Kansas,20117,Marshall,39.8711,-96.2567,403,297,polygon,FALSE,TRUE,America/Chicago,3
20162,Tibes,Tibes,PR,Puerto Rico,72113,Ponce,18.0907,-66.6323,403,329,polygon,FALSE,TRUE,America/Puerto_Rico,3
20163,Hazel,Hazel,KY,Kentucky,21035,Calloway,36.5055,-88.3253,403,444,polygon,FALSE,TRUE,America/Chicago,3
20164,Waverly,Waverly,WV,West Virginia,54107,Wood,39.3328,-81.3813,402,102,polygon,FALSE,FALSE,America/New_York,3
20165,Anderson,Anderson,NJ,New Jersey,34041,Warren,40.7617,-74.9301,402,174,polygon,FALSE,FALSE,America/New_York,3
20166,Peachland,Peachland,NC,North Carolina,37007,Anson,34.9931,-80.266,402,153,polygon,FALSE,TRUE,America/New_York,3
20167,Dowelltown,Dowelltown,TN,Tennessee,47041,DeKalb,36.0125,-85.9427,402,206,polygon,FALSE,TRUE,America/Chicago,3
20168,Thornton,Thornton,IA,Iowa,19033,Cerro Gordo,42.9442,-93.3871,402,124,polygon,FALSE,TRUE,America/Chicago,3
20169,Grand River,Grand River,OH,Ohio,39085,Lake,41.7418,-81.2846,402,264,polygon,FALSE,TRUE,America/New_York,3
20170,Damascus,Damascus,OH,Ohio,39099,Mahoning,40.9042,-80.9524,402,194,polygon,FALSE,FALSE,America/New_York,3
20171,Crown City,Crown City,OH,Ohio,39053,Gallia,38.5901,-82.2912,402,133,polygon,FALSE,TRUE,America/New_York,3
20172,Holmesville,Holmesville,OH,Ohio,39075,Holmes,40.629,-81.9233,402,697,polygon,FALSE,TRUE,America/New_York,3
20173,Elmo,Elmo,UT,Utah,49015,Emery,39.3877,-110.8156,402,220,polygon,FALSE,TRUE,America/Denver,3
20174,Edna,Edna,KS,Kansas,20099,Labette,37.0587,-95.3592,402,394,polygon,FALSE,TRUE,America/Chicago,3
20175,Jewell,Jewell,KS,Kansas,20089,Jewell,39.6716,-98.1524,402,377,polygon,FALSE,TRUE,America/Chicago,3
20176,Tabor,Tabor,SD,South Dakota,46009,Bon Homme,42.9476,-97.6595,402,409,polygon,FALSE,TRUE,America/Chicago,3
20177,Clyman,Clyman,WI,Wisconsin,55027,Dodge,43.3116,-88.7231,401,412,polygon,FALSE,TRUE,America/Chicago,3
20178,Christoval,Christoval,TX,Texas,48451,Tom Green,31.1976,-100.4933,401,116,polygon,FALSE,FALSE,America/Chicago,3
20179,Brevig Mission,Brevig Mission,AK,Alaska,2180,Nome,65.3413,-166.4953,401,63,polygon,FALSE,TRUE,America/Nome,3
20180,Winside,Winside,NE,Nebraska,31179,Wayne,42.1773,-97.1751,401,593,polygon,FALSE,TRUE,America/Chicago,3
20181,North Vandergrift,North Vandergrift,PA,Pennsylvania,42005,Armstrong,40.61,-79.5555,401,255,polygon,FALSE,FALSE,America/New_York,3
20182,Mount Charleston,Mount Charleston,NV,Nevada,32003,Clark,36.2625,-115.6138,401,5,polygon,FALSE,FALSE,America/Los_Angeles,3
20183,Allenspark,Allenspark,CO,Colorado,8013,Boulder,40.2099,-105.5112,401,12,polygon,FALSE,FALSE,America/Denver,3
20184,Ballico,Ballico,CA,California,6047,Merced,37.4519,-120.7037,401,51,polygon,FALSE,FALSE,America/Los_Angeles,3
20185,Sipsey,Sipsey,AL,Alabama,1127,Walker,33.8225,-87.0834,401,322,polygon,FALSE,TRUE,America/Chicago,3
20186,Lomax,Lomax,IL,Illinois,17071,Henderson,40.6792,-91.0754,401,130,polygon,FALSE,TRUE,America/Chicago,3
20187,Calamus,Calamus,IA,Iowa,19045,Clinton,41.8265,-90.76,401,320,polygon,FALSE,TRUE,America/Chicago,3
20188,New Market,New Market,IA,Iowa,19173,Taylor,40.7324,-94.9005,401,352,polygon,FALSE,TRUE,America/Chicago,3
20189,Casey,Casey,IA,Iowa,19077,Guthrie,41.5075,-94.5213,401,209,polygon,FALSE,TRUE,America/Chicago,3
20190,Picacho,Picacho,AZ,Arizona,4021,Pinal,32.709,-111.4908,401,25,polygon,FALSE,FALSE,America/Phoenix,3
20191,Corder,Corder,MO,Missouri,29107,Lafayette,39.0991,-93.6391,401,435,polygon,FALSE,TRUE,America/Chicago,3
20192,Ravenwood,Ravenwood,MO,Missouri,29147,Nodaway,40.3525,-94.6723,401,513,polygon,FALSE,TRUE,America/Chicago,3
20193,Wood Lake,Wood Lake,MN,Minnesota,27173,Yellow Medicine,44.6513,-95.5358,401,205,polygon,FALSE,TRUE,America/Chicago,3
20194,Dewey Beach,Dewey Beach,DE,Delaware,10005,Sussex,38.6958,-75.0749,400,466,polygon,FALSE,TRUE,America/New_York,3
20195,Pigeon Falls,Pigeon Falls,WI,Wisconsin,55121,Trempealeau,44.4246,-91.2084,400,355,polygon,FALSE,TRUE,America/Chicago,3
20196,Rosser,Rosser,TX,Texas,48257,Kaufman,32.4648,-96.4431,400,80,polygon,FALSE,TRUE,America/Chicago,3
20197,Clearwater,Clearwater,NE,Nebraska,31003,Antelope,42.1707,-98.1897,400,421,polygon,FALSE,TRUE,America/Chicago,3
20198,Fairgarden,Fairgarden,TN,Tennessee,47155,Sevier,35.8915,-83.4108,400,45,polygon,FALSE,TRUE,America/New_York,3
20199,Platea,Platea,PA,Pennsylvania,42049,Erie,41.951,-80.3305,400,46,polygon,FALSE,TRUE,America/New_York,3
20200,Oberlin,Oberlin,PA,Pennsylvania,42043,Dauphin,40.2397,-76.8156,400,1189,polygon,FALSE,FALSE,America/New_York,3
20201,Sedley,Sedley,VA,Virginia,51175,Southampton,36.7753,-76.9862,400,45,polygon,FALSE,FALSE,America/New_York,3
20202,Tabernash,Tabernash,CO,Colorado,8049,Grand,39.9789,-105.8444,400,32,polygon,FALSE,FALSE,America/Denver,3
20203,Kingsland,Kingsland,AR,Arkansas,5025,Cleveland,33.8658,-92.2911,400,137,polygon,FALSE,TRUE,America/Chicago,3
20204,Ullin,Ullin,IL,Illinois,17153,Pulaski,37.2777,-89.1752,400,54,polygon,FALSE,TRUE,America/Chicago,3
20205,Molena,Molena,GA,Georgia,13231,Pike,33.0122,-84.5005,400,82,polygon,FALSE,TRUE,America/New_York,3
20206,Hartsville,Hartsville,IN,Indiana,18005,Bartholomew,39.2669,-85.6992,400,475,polygon,FALSE,TRUE,America/Indiana/Indianapolis,3
20207,Tolchester,Tolchester,MD,Maryland,24029,Kent,39.2218,-76.2349,400,253,polygon,FALSE,FALSE,America/New_York,3
20208,Hooven,Hooven,OH,Ohio,39061,Hamilton,39.1864,-84.7632,400,59,polygon,FALSE,FALSE,America/New_York,3
20209,South Vienna,South Vienna,OH,Ohio,39023,Clark,39.9295,-83.6139,400,245,polygon,FALSE,TRUE,America/New_York,3
20210,Willow River,Willow River,MN,Minnesota,27115,Pine,46.3204,-92.835,400,90,polygon,FALSE,TRUE,America/Chicago,3
20211,Hubbardston,Hubbardston,MI,Michigan,26067,Ionia,43.0939,-84.8413,400,100,polygon,FALSE,TRUE,America/Detroit,3
20212,Gopher Flats,Gopher Flats,OR,Oregon,41059,Umatilla,45.6658,-118.7225,400,73,polygon,FALSE,TRUE,America/Los_Angeles,3
20213,Wausau,Wausau,FL,Florida,12133,Washington,30.6333,-85.5873,399,133,polygon,FALSE,TRUE,America/Chicago,3
20214,Lake Bridgeport,Lake Bridgeport,TX,Texas,48497,Wise,33.2074,-97.8311,399,330,polygon,FALSE,TRUE,America/Chicago,3
20215,Two Rivers,Two Rivers,AK,Alaska,2090,Fairbanks North Star,64.8908,-147.0898,399,5,polygon,FALSE,FALSE,America/Anchorage,3
20216,York Hamlet,York Hamlet,NY,New York,36051,Livingston,42.8696,-77.8872,399,55,polygon,FALSE,FALSE,America/New_York,3
20217,Southampton Meadows,Southampton Meadows,VA,Virginia,51175,Southampton,36.5916,-76.9293,399,538,polygon,FALSE,TRUE,America/New_York,3
20218,Burkeville,Burkeville,VA,Virginia,51135,Nottoway,37.1879,-78.2012,399,153,polygon,FALSE,TRUE,America/New_York,3
20219,Sand City,Sand City,CA,California,6053,Monterey,36.6189,-121.8478,399,273,polygon,FALSE,TRUE,America/Los_Angeles,3
20220,Howe,Howe,IN,Indiana,18087,LaGrange,41.7228,-85.4255,399,86,polygon,FALSE,FALSE,America/Detroit,3
20221,Lewis,Lewis,IA,Iowa,19029,Cass,41.3065,-95.0843,399,308,polygon,FALSE,TRUE,America/Chicago,3
20222,Holiday Lake,Holiday Lake,IA,Iowa,19157,Poweshiek,41.8174,-92.4496,399,99,polygon,FALSE,FALSE,America/Chicago,3
20223,Arlington,Arlington,IA,Iowa,19065,Fayette,42.7488,-91.6711,399,146,polygon,FALSE,TRUE,America/Chicago,3
20224,Lone Wolf,Lone Wolf,OK,Oklahoma,40075,Kiowa,34.9904,-99.2457,399,297,polygon,FALSE,TRUE,America/Chicago,3
20225,West Peavine,West Peavine,OK,Oklahoma,40001,Adair,35.9133,-94.6481,399,19,polygon,FALSE,FALSE,America/Chicago,3
20226,Delaware,Delaware,OK,Oklahoma,40105,Nowata,36.7789,-95.6426,399,401,polygon,FALSE,TRUE,America/Chicago,3
20227,Fountain,Fountain,MN,Minnesota,27045,Fillmore,43.7426,-92.1342,399,154,polygon,FALSE,TRUE,America/Chicago,3
20228,Wolsey,Wolsey,SD,South Dakota,46005,Beadle,44.4105,-98.4738,399,68,polygon,FALSE,TRUE,America/Chicago,3
20229,Hurley,Hurley,SD,South Dakota,46125,Turner,43.2794,-97.0894,399,250,polygon,FALSE,TRUE,America/Chicago,3
20230,Burleigh,Burleigh,NJ,New Jersey,34009,Cape May,39.0489,-74.8464,398,101,polygon,FALSE,FALSE,America/New_York,3
20231,Union Valley,Union Valley,TX,Texas,48231,Hunt,32.9324,-96.2471,398,85,polygon,FALSE,TRUE,America/Chicago,3
20232,Staley,Staley,NC,North Carolina,37151,Randolph,35.7979,-79.5518,398,132,polygon,FALSE,TRUE,America/New_York,3
20233,Coinjock,Coinjock,NC,North Carolina,37053,Currituck,36.3513,-75.9527,398,183,polygon,FALSE,FALSE,America/New_York,3
20234,West Alexander,West Alexander,PA,Pennsylvania,42125,Washington,40.107,-80.5092,398,125,polygon,FALSE,FALSE,America/New_York,3
20235,Flint Hill,Flint Hill,VA,Virginia,51157,Rappahannock,38.7666,-78.1028,398,88,polygon,FALSE,FALSE,America/New_York,3
20236,Irvington,Irvington,VA,Virginia,51103,Lancaster,37.6621,-76.4205,398,102,polygon,FALSE,TRUE,America/New_York,3
20237,Ranburne,Ranburne,AL,Alabama,1029,Cleburne,33.5259,-85.339,398,96,polygon,FALSE,TRUE,America/Chicago,3
20238,Loda,Loda,IL,Illinois,17075,Iroquois,40.516,-88.0756,398,104,polygon,FALSE,TRUE,America/Chicago,3
20239,Hopewell,Hopewell,IL,Illinois,17123,Marshall,40.9842,-89.4572,398,135,polygon,FALSE,TRUE,America/Chicago,3
20240,Troy,Troy,IN,Indiana,18123,Perry,38.0018,-86.7991,398,135,polygon,FALSE,TRUE,America/Indiana/Tell_City,3
20241,Milton,Milton,IA,Iowa,19177,Van Buren,40.6712,-92.1621,398,61,polygon,FALSE,TRUE,America/Chicago,3
20242,Jamestown,Jamestown,MO,Missouri,29135,Moniteau,38.7667,-92.4802,398,153,polygon,FALSE,TRUE,America/Chicago,3
20243,Remer,Remer,MN,Minnesota,27021,Cass,47.0569,-93.9126,398,115,polygon,FALSE,TRUE,America/Chicago,3
20244,Wheatland,Wheatland,MT,Montana,30007,Broadwater,45.958,-111.5782,398,2,polygon,FALSE,TRUE,America/Denver,3
20245,Cameron,Cameron,SC,South Carolina,45017,Calhoun,33.558,-80.7151,398,49,polygon,FALSE,TRUE,America/New_York,3
20246,La Crosse,La Crosse,FL,Florida,12001,Alachua,29.8395,-82.3783,397,33,polygon,FALSE,TRUE,America/New_York,3
20247,Vaughn,Vaughn,NM,New Mexico,35019,Guadalupe,34.6072,-105.2126,397,27,polygon,FALSE,TRUE,America/Denver,3
20248,Star Junction,Star Junction,PA,Pennsylvania,42051,Fayette,40.0612,-79.7652,397,137,polygon,FALSE,FALSE,America/New_York,3
20249,Weissport,Weissport,PA,Pennsylvania,42025,Carbon,40.8289,-75.7009,397,1134,polygon,FALSE,TRUE,America/New_York,3
20250,Selma,Selma,VA,Virginia,51005,Alleghany,37.8033,-79.8499,397,393,polygon,FALSE,FALSE,America/New_York,3
20251,Alpena,Alpena,AR,Arkansas,5009,Boone,36.2896,-93.3037,397,115,polygon,FALSE,TRUE,America/Chicago,3
20252,Hale,Hale,MO,Missouri,29033,Carroll,39.6051,-93.3433,397,279,polygon,FALSE,TRUE,America/Chicago,3
20253,Estral Beach,Estral Beach,MI,Michigan,26115,Monroe,41.9868,-83.2357,397,347,polygon,FALSE,TRUE,America/Detroit,3
20254,Duck,Duck,NC,North Carolina,37055,Dare,36.1836,-75.7559,396,63,polygon,FALSE,TRUE,America/New_York,3
20255,Felts Mills,Felts Mills,NY,New York,36045,Jefferson,44.0201,-75.7595,396,468,polygon,FALSE,FALSE,America/New_York,3
20256,Cumbola,Cumbola,PA,Pennsylvania,42107,Schuylkill,40.7139,-76.1433,396,384,polygon,FALSE,FALSE,America/New_York,3
20257,Bradenville,Bradenville,PA,Pennsylvania,42129,Westmoreland,40.3236,-79.3403,396,373,polygon,FALSE,FALSE,America/New_York,3
20258,Strausstown,Strausstown,PA,Pennsylvania,42011,Berks,40.4911,-76.1823,396,471,polygon,FALSE,FALSE,America/New_York,3
20259,New River,New River,VA,Virginia,51155,Pulaski,37.1409,-80.5929,396,388,polygon,FALSE,FALSE,America/New_York,3
20260,Stanhope,Stanhope,IA,Iowa,19079,Hamilton,42.2889,-93.796,396,157,polygon,FALSE,TRUE,America/Chicago,3
20261,Littlefield,Littlefield,AZ,Arizona,4015,Mohave,36.8663,-113.9358,396,12,polygon,FALSE,FALSE,America/Phoenix,3
20262,Twin Oaks,Twin Oaks,MO,Missouri,29189,St. Louis,38.5657,-90.501,396,561,polygon,FALSE,TRUE,America/Chicago,3
20263,Clarksville,Clarksville,MI,Michigan,26067,Ionia,42.8421,-85.2425,396,303,polygon,FALSE,TRUE,America/Detroit,3
20264,Bear Lake,Bear Lake,MI,Michigan,26079,Kalkaska,44.7182,-84.9486,396,26,polygon,FALSE,TRUE,America/Detroit,3
20265,Fredonia,Fredonia,KY,Kentucky,21033,Caldwell,37.2085,-88.0603,396,246,polygon,FALSE,TRUE,America/Chicago,3
20266,Cloverdale,Cloverdale,OR,Oregon,41057,Tillamook,45.2006,-123.8842,396,190,polygon,FALSE,FALSE,America/Los_Angeles,3
20267,Gayville,Gayville,SD,South Dakota,46135,Yankton,42.8889,-97.1739,396,746,polygon,FALSE,TRUE,America/Chicago,3
20268,Sinclair,Sinclair,WY,Wyoming,56007,Carbon,41.7761,-107.1199,395,62,polygon,FALSE,TRUE,America/Denver,3
20269,Reklaw,Reklaw,TX,Texas,48401,Rusk,31.8662,-94.9834,395,51,polygon,FALSE,TRUE,America/Chicago,3
20270,Redfield,Redfield,TX,Texas,48347,Nacogdoches,31.6811,-94.6629,395,96,polygon,FALSE,FALSE,America/Chicago,3
20271,Marathon,Marathon,TX,Texas,48043,Brewster,30.2157,-103.2433,395,28,polygon,FALSE,FALSE,America/Chicago,3
20272,Shorter,Shorter,AL,Alabama,1087,Macon,32.4076,-85.9412,395,33,polygon,FALSE,TRUE,America/Chicago,3
20273,Oak Grove,Oak Grove,AR,Arkansas,5015,Carroll,36.4642,-93.4302,395,52,polygon,FALSE,TRUE,America/Chicago,3
20274,Summerfield,Summerfield,IL,Illinois,17163,St. Clair,38.5955,-89.7497,395,307,polygon,FALSE,TRUE,America/Chicago,3
20275,Bostwick,Bostwick,GA,Georgia,13211,Morgan,33.7378,-83.5149,395,48,polygon,FALSE,TRUE,America/New_York,3
20276,Worthington,Worthington,IA,Iowa,19061,Dubuque,42.3979,-91.1207,395,337,polygon,FALSE,TRUE,America/Chicago,3
20277,Fairfield,Fairfield,ID,Idaho,16025,Camas,43.3489,-114.8006,395,174,polygon,FALSE,TRUE,America/Boise,3
20278,Cedar Fort,Cedar Fort,UT,Utah,49049,Utah,40.3414,-112.1086,395,7,polygon,FALSE,TRUE,America/Denver,3
20279,Soudan,Soudan,MN,Minnesota,27137,St. Louis,47.813,-92.2356,395,224,polygon,FALSE,FALSE,America/Chicago,3
20280,Hemingway,Hemingway,SC,South Carolina,45089,Williamsburg,33.7533,-79.4462,395,176,polygon,FALSE,TRUE,America/New_York,3
20281,Midwest,Midwest,WY,Wyoming,56025,Natrona,43.4113,-106.2772,394,352,polygon,FALSE,TRUE,America/Denver,3
20282,Thayne,Thayne,WY,Wyoming,56023,Lincoln,42.9194,-110.997,394,104,polygon,FALSE,TRUE,America/Denver,3
20283,Akiak,Akiak,AK,Alaska,2050,Bethel,60.9061,-161.2122,394,80,polygon,FALSE,TRUE,America/Anchorage,3
20284,Buckhorn,Buckhorn,PA,Pennsylvania,42037,Columbia,41.0176,-76.4968,394,226,polygon,FALSE,FALSE,America/New_York,3
20285,Lake City,Lake City,CO,Colorado,8053,Hinsdale,38.0302,-107.3106,394,183,polygon,FALSE,TRUE,America/Denver,3
20286,St. Stephens,St. Stephens,AL,Alabama,1129,Washington,31.5474,-88.0555,394,15,polygon,FALSE,FALSE,America/Chicago,3
20287,West Union,West Union,IL,Illinois,17023,Clark,39.215,-87.6657,394,96,polygon,FALSE,FALSE,America/Chicago,3
20288,Bancroft,Bancroft,ID,Idaho,16029,Caribou,42.7202,-111.883,394,249,polygon,FALSE,TRUE,America/Boise,3
20289,Chewsville,Chewsville,MD,Maryland,24043,Washington,39.6484,-77.6311,394,182,polygon,FALSE,FALSE,America/New_York,3
20290,Tushka,Tushka,OK,Oklahoma,40005,Atoka,34.3178,-96.1677,394,194,polygon,FALSE,TRUE,America/Chicago,3
20291,Turah,Turah,MT,Montana,30063,Missoula,46.8399,-113.8251,394,117,polygon,FALSE,FALSE,America/Denver,3
20292,Soso,Soso,MS,Mississippi,28067,Jones,31.7535,-89.2759,394,74,polygon,FALSE,TRUE,America/Chicago,3
20293,Rossmore,Rossmore,WV,West Virginia,54045,Logan,37.805,-81.9923,393,243,polygon,FALSE,FALSE,America/New_York,3
20294,Bloomburg,Bloomburg,TX,Texas,48067,Cass,33.1378,-94.0591,393,150,polygon,FALSE,TRUE,America/Chicago,3
20295,Howardwick,Howardwick,TX,Texas,48129,Donley,35.0347,-100.9077,393,74,polygon,FALSE,TRUE,America/Chicago,3
20296,Finleyville,Finleyville,PA,Pennsylvania,42125,Washington,40.2529,-80.0017,393,907,polygon,FALSE,TRUE,America/New_York,3
20297,Mount Gretna Heights,Mount Gretna Heights,PA,Pennsylvania,42075,Lebanon,40.2488,-76.4664,393,1231,polygon,FALSE,FALSE,America/New_York,3
20298,Sugarloaf,Sugarloaf,CO,Colorado,8013,Boulder,40.0189,-105.4078,393,69,polygon,FALSE,FALSE,America/Denver,3
20299,Wiley,Wiley,CO,Colorado,8099,Prowers,38.1554,-102.7193,393,487,polygon,FALSE,TRUE,America/Denver,3
20300,Stapleton,Stapleton,GA,Georgia,13163,Jefferson,33.217,-82.4672,393,87,polygon,FALSE,TRUE,America/New_York,3
20301,Lynnville,Lynnville,IA,Iowa,19099,Jasper,41.5729,-92.7869,393,137,polygon,FALSE,TRUE,America/Chicago,3
20302,Rayland,Rayland,OH,Ohio,39081,Jefferson,40.1842,-80.6911,393,321,polygon,FALSE,TRUE,America/New_York,3
20303,Holden,Holden,UT,Utah,49027,Millard,39.1003,-112.2705,393,283,polygon,FALSE,TRUE,America/Denver,3
20304,Scotts Mills,Scotts Mills,OR,Oregon,41047,Marion,45.041,-122.6689,393,420,polygon,FALSE,TRUE,America/Los_Angeles,3
20305,Manderson-White Horse Creek,Manderson-White Horse Creek,SD,South Dakota,46102,Oglala Lakota,43.2349,-102.4916,393,26,polygon,FALSE,TRUE,America/Denver,3
20306,Nespelem,Nespelem,WA,Washington,53047,Okanogan,48.167,-118.9722,392,780,polygon,FALSE,TRUE,America/Los_Angeles,3
20307,Gilman,Gilman,WI,Wisconsin,55119,Taylor,45.1662,-90.8072,392,64,polygon,FALSE,TRUE,America/Chicago,3
20308,Mildred,Mildred,TX,Texas,48349,Navarro,32.0411,-96.3483,392,65,polygon,FALSE,TRUE,America/Chicago,3
20309,Edom,Edom,TX,Texas,48467,Van Zandt,32.3743,-95.6099,392,60,polygon,FALSE,TRUE,America/Chicago,3
20310,St. Maurice,St. Maurice,LA,Louisiana,22127,Winn,31.7613,-92.9389,392,22,polygon,FALSE,FALSE,America/Chicago,3
20311,Twin,Twin,AL,Alabama,1093,Marion,33.9978,-87.8497,392,44,polygon,FALSE,TRUE,America/Chicago,3
20312,Medora,Medora,IL,Illinois,17117,Macoupin,39.1765,-90.1414,392,398,polygon,FALSE,TRUE,America/Chicago,3
20313,Lehigh,Lehigh,IA,Iowa,19187,Webster,42.3575,-94.0535,392,72,polygon,FALSE,TRUE,America/Chicago,3
20314,Lamont,Lamont,OK,Oklahoma,40053,Grant,36.6913,-97.5582,392,448,polygon,FALSE,TRUE,America/Chicago,3
20315,Morrisville,Morrisville,MO,Missouri,29167,Polk,37.4766,-93.4293,392,236,polygon,FALSE,TRUE,America/Chicago,3
20316,St. Marys Point,St. Marys Point,MN,Minnesota,27163,Washington,44.9128,-92.7704,392,392,polygon,FALSE,TRUE,America/Chicago,3
20317,Perrinton,Perrinton,MI,Michigan,26057,Gratiot,43.1807,-84.6793,392,239,polygon,FALSE,TRUE,America/Detroit,3
20318,Nordic,Nordic,WY,Wyoming,56023,Lincoln,43.0793,-110.9913,391,29,polygon,FALSE,FALSE,America/Denver,3
20319,Higgins,Higgins,TX,Texas,48295,Lipscomb,36.121,-100.0274,391,136,polygon,FALSE,TRUE,America/Chicago,3
20320,Tullos,Tullos,LA,Louisiana,22059,LaSalle,31.8188,-92.3292,391,95,polygon,FALSE,TRUE,America/Chicago,3
20321,Hallsboro,Hallsboro,NC,North Carolina,37047,Columbus,34.3189,-78.5934,391,46,polygon,FALSE,FALSE,America/New_York,3
20322,Hobart,Hobart,NY,New York,36025,Delaware,42.3715,-74.6691,391,303,polygon,FALSE,TRUE,America/New_York,3
20323,Arnold City,Arnold City,PA,Pennsylvania,42051,Fayette,40.1176,-79.8228,391,336,polygon,FALSE,FALSE,America/New_York,3
20324,Lattimer,Lattimer,PA,Pennsylvania,42079,Luzerne,40.993,-75.9606,391,658,polygon,FALSE,FALSE,America/New_York,3
20325,Gwynn,Gwynn,VA,Virginia,51115,Mathews,37.4984,-76.2883,391,64,polygon,FALSE,FALSE,America/New_York,3
20326,Edmondson,Edmondson,AR,Arkansas,5035,Crittenden,35.1041,-90.3052,391,47,polygon,FALSE,TRUE,America/Chicago,3
20327,Grady,Grady,AR,Arkansas,5079,Lincoln,34.079,-91.6981,391,81,polygon,FALSE,TRUE,America/Chicago,3
20328,Patterson,Patterson,AR,Arkansas,5147,Woodruff,35.259,-91.2349,391,133,polygon,FALSE,TRUE,America/Chicago,3
20329,Richland,Richland,IN,Indiana,18147,Spencer,37.9462,-87.169,391,293,polygon,FALSE,TRUE,America/Chicago,3
20330,Lagro,Lagro,IN,Indiana,18169,Wabash,40.8392,-85.7276,391,254,polygon,FALSE,TRUE,America/Indiana/Indianapolis,3
20331,Barnhill,Barnhill,OH,Ohio,39157,Tuscarawas,40.4497,-81.3679,391,416,polygon,FALSE,TRUE,America/New_York,3
20332,Pine Springs,Pine Springs,MN,Minnesota,27163,Washington,45.0368,-92.9543,391,195,polygon,FALSE,TRUE,America/Chicago,3
20333,Westwood Hills,Westwood Hills,KS,Kansas,20091,Johnson,39.0389,-94.6097,391,2362,polygon,FALSE,TRUE,America/Chicago,2
20334,Lucas,Lucas,KS,Kansas,20167,Russell,39.0585,-98.5379,391,248,polygon,FALSE,TRUE,America/Chicago,3
20335,Gypsum,Gypsum,KS,Kansas,20169,Saline,38.7058,-97.4266,391,403,polygon,FALSE,TRUE,America/Chicago,3
20336,Williamsburg,Williamsburg,KS,Kansas,20059,Franklin,38.4829,-95.4716,391,204,polygon,FALSE,TRUE,America/Chicago,3
20337,Martin City,Martin City,MT,Montana,30029,Flathead,48.3935,-114.0308,391,87,polygon,FALSE,FALSE,America/Denver,3
20338,Stanford,Stanford,MT,Montana,30045,Judith Basin,47.1521,-110.219,391,351,polygon,FALSE,TRUE,America/Denver,3
20339,Montross,Montross,VA,Virginia,51193,Westmoreland,38.0941,-76.8227,390,146,polygon,FALSE,TRUE,America/New_York,3
20340,Alpine,Alpine,CO,Colorado,8105,Rio Grande,37.6877,-106.586,390,143,polygon,FALSE,FALSE,America/Denver,3
20341,Elkhart,Elkhart,IL,Illinois,17107,Logan,40.0136,-89.4727,390,77,polygon,FALSE,TRUE,America/Chicago,3
20342,Sadorus,Sadorus,IL,Illinois,17019,Champaign,39.9669,-88.3451,390,146,polygon,FALSE,TRUE,America/Chicago,3
20343,Tall Timbers,Tall Timbers,MD,Maryland,24037,St. Mary's,38.1654,-76.5366,390,109,polygon,FALSE,FALSE,America/New_York,3
20344,Oakview,Oakview,MO,Missouri,29047,Clay,39.2086,-94.5704,390,861,polygon,FALSE,TRUE,America/Chicago,3
20345,Farrell,Farrell,MS,Mississippi,28027,Coahoma,34.2617,-90.675,390,116,polygon,FALSE,FALSE,America/Chicago,3
20346,Kingsley,Kingsley,KY,Kentucky,21111,Jefferson,38.2219,-85.6726,390,2083,polygon,FALSE,TRUE,America/New_York,2
20347,Lohrville,Lohrville,WI,Wisconsin,55137,Waushara,44.0382,-89.1201,389,123,polygon,FALSE,TRUE,America/Chicago,3
20348,Isleta Village Proper,Isleta Village Proper,NM,New Mexico,35001,Bernalillo,34.9065,-106.6935,389,560,polygon,FALSE,FALSE,America/Denver,3
20349,Quitaque,Quitaque,TX,Texas,48045,Briscoe,34.3674,-101.0555,389,207,polygon,FALSE,TRUE,America/Chicago,3
20350,Banquete,Banquete,TX,Texas,48355,Nueces,27.8007,-97.7972,389,63,polygon,FALSE,FALSE,America/Chicago,3
20351,Dodd City,Dodd City,TX,Texas,48147,Fannin,33.5757,-96.0755,389,84,polygon,FALSE,TRUE,America/Chicago,3
20352,Bayview,Bayview,TX,Texas,48061,Cameron,26.1324,-97.397,389,38,polygon,FALSE,TRUE,America/Chicago,3
20353,Defiance,Defiance,PA,Pennsylvania,42009,Bedford,40.1599,-78.232,389,888,polygon,FALSE,FALSE,America/New_York,3
20354,Chewton,Chewton,PA,Pennsylvania,42073,Lawrence,40.8947,-80.3208,389,100,polygon,FALSE,FALSE,America/New_York,3
20355,Raisin City,Raisin City,CA,California,6019,Fresno,36.6033,-119.9092,389,197,polygon,FALSE,FALSE,America/Los_Angeles,3
20356,Lincoln Park,Lincoln Park,GA,Georgia,13293,Upson,32.8674,-84.3348,389,175,polygon,FALSE,FALSE,America/New_York,3
20357,Solomon,Solomon,AZ,Arizona,4009,Graham,32.8137,-109.6289,389,721,polygon,FALSE,FALSE,America/Phoenix,3
20358,Hookerton,Hookerton,NC,North Carolina,37079,Greene,35.423,-77.5895,388,470,polygon,FALSE,TRUE,America/New_York,3
20359,Cove City,Cove City,NC,North Carolina,37049,Craven,35.189,-77.3206,388,234,polygon,FALSE,TRUE,America/New_York,3
20360,Hiddenite,Hiddenite,NC,North Carolina,37003,Alexander,35.9053,-81.086,388,94,polygon,FALSE,FALSE,America/New_York,3
20361,Crenshaw,Crenshaw,PA,Pennsylvania,42065,Jefferson,41.2487,-78.7542,388,136,polygon,FALSE,FALSE,America/New_York,3
20362,Brisbin,Brisbin,PA,Pennsylvania,42033,Clearfield,40.8395,-78.3526,388,209,polygon,FALSE,TRUE,America/New_York,3
20363,Draper,Draper,VA,Virginia,51155,Pulaski,37.0012,-80.7373,388,69,polygon,FALSE,FALSE,America/New_York,3
20364,Hatfield,Hatfield,AR,Arkansas,5113,Polk,34.4859,-94.3793,388,116,polygon,FALSE,TRUE,America/Chicago,3
20365,Portland,Portland,AR,Arkansas,5003,Ashley,33.2379,-91.511,388,139,polygon,FALSE,TRUE,America/Chicago,3
20366,Bowlegs,Bowlegs,OK,Oklahoma,40133,Seminole,35.1474,-96.6691,388,40,polygon,FALSE,TRUE,America/Chicago,3
20367,Oktaha,Oktaha,OK,Oklahoma,40101,Muskogee,35.5776,-95.4778,388,563,polygon,FALSE,TRUE,America/Chicago,3
20368,Turpin,Turpin,OK,Oklahoma,40007,Beaver,36.8705,-100.8825,388,149,polygon,FALSE,FALSE,America/Chicago,3
20369,Hanoverton,Hanoverton,OH,Ohio,39029,Columbiana,40.7547,-80.9355,388,215,polygon,FALSE,TRUE,America/New_York,3
20370,La Sal,La Sal,UT,Utah,49037,San Juan,38.3025,-109.2645,388,3,polygon,FALSE,FALSE,America/Denver,3
20371,Huntleigh,Huntleigh,MO,Missouri,29189,St. Louis,38.6131,-90.4091,388,150,polygon,FALSE,TRUE,America/Chicago,3
20372,McHenry,McHenry,KY,Kentucky,21183,Ohio,37.3794,-86.9226,388,231,polygon,FALSE,TRUE,America/Chicago,3
20373,Gilbert,Gilbert,WV,West Virginia,54059,Mingo,37.6142,-81.8689,387,150,polygon,FALSE,TRUE,America/New_York,3
20374,Page Park,Page Park,FL,Florida,12071,Lee,26.5782,-81.8615,387,555,polygon,FALSE,FALSE,America/New_York,3
20375,Worthington Springs,Worthington Springs,FL,Florida,12125,Union,29.933,-82.4148,387,155,polygon,FALSE,TRUE,America/New_York,3
20376,Henrietta,Henrietta,NC,North Carolina,37161,Rutherford,35.2569,-81.8012,387,255,polygon,FALSE,FALSE,America/New_York,3
20377,Webster,Webster,NC,North Carolina,37099,Jackson,35.35,-83.2188,387,149,polygon,FALSE,TRUE,America/New_York,3
20378,Bulger,Bulger,PA,Pennsylvania,42125,Washington,40.3767,-80.323,387,103,polygon,FALSE,FALSE,America/New_York,3
20379,Melfa,Melfa,VA,Virginia,51001,Accomack,37.6489,-75.7407,387,513,polygon,FALSE,TRUE,America/New_York,3
20380,Bloomfield,Bloomfield,CA,California,6097,Sonoma,38.3183,-122.8502,387,18,polygon,FALSE,FALSE,America/Los_Angeles,3
20381,Empire,Empire,GA,Georgia,13091,Dodge,32.3394,-83.295,387,64,polygon,FALSE,FALSE,America/New_York,3
20382,Greens Fork,Greens Fork,IN,Indiana,18177,Wayne,39.8918,-85.041,387,1069,polygon,FALSE,TRUE,America/Indiana/Indianapolis,3
20383,Salix,Salix,IA,Iowa,19193,Woodbury,42.3158,-96.3035,387,87,polygon,FALSE,TRUE,America/Chicago,3
20384,Bivalve,Bivalve,MD,Maryland,24045,Wicomico,38.3059,-75.8834,387,113,polygon,FALSE,FALSE,America/New_York,3
20385,Whitefield,Whitefield,OK,Oklahoma,40061,Haskell,35.2546,-95.2391,387,87,polygon,FALSE,TRUE,America/Chicago,3
20386,East Duke,East Duke,OK,Oklahoma,40065,Jackson,34.6628,-99.5696,387,344,polygon,FALSE,TRUE,America/Chicago,3
20387,Hato Arriba,Hato Arriba,PR,Puerto Rico,72131,San Sebastián,18.3503,-67.0333,387,262,polygon,FALSE,FALSE,America/Puerto_Rico,3
20388,Jane Lew,Jane Lew,WV,West Virginia,54041,Lewis,39.11,-80.4085,386,624,polygon,FALSE,TRUE,America/New_York,3
20389,Barstow,Barstow,TX,Texas,48475,Ward,31.4616,-103.3955,386,226,polygon,FALSE,TRUE,America/Chicago,3
20390,Pettus,Pettus,TX,Texas,48025,Bee,28.6156,-97.8121,386,25,polygon,FALSE,FALSE,America/Chicago,3
20391,Dover,Dover,NC,North Carolina,37049,Craven,35.2155,-77.4337,386,155,polygon,FALSE,TRUE,America/New_York,3
20392,Gibson,Gibson,TN,Tennessee,47053,Gibson,35.8743,-88.8439,386,243,polygon,FALSE,TRUE,America/Chicago,3
20393,Stanardsville,Stanardsville,VA,Virginia,51079,Greene,38.2991,-78.4367,386,417,polygon,FALSE,TRUE,America/New_York,3
20394,McArthur,McArthur,CA,California,6089,Shasta,41.0415,-121.4068,386,148,polygon,FALSE,FALSE,America/Los_Angeles,3
20395,Dowell,Dowell,IL,Illinois,17077,Jackson,37.9397,-89.239,386,382,polygon,FALSE,TRUE,America/Chicago,3
20396,Warwick,Warwick,GA,Georgia,13321,Worth,31.8298,-83.9206,386,183,polygon,FALSE,TRUE,America/New_York,3
20397,Red Mesa,Red Mesa,AZ,Arizona,4001,Apache,36.9664,-109.3828,386,11,polygon,FALSE,FALSE,America/Denver,3
20398,St. Louisville,St. Louisville,OH,Ohio,39089,Licking,40.1711,-82.4181,386,588,polygon,FALSE,TRUE,America/New_York,3
20399,Chokio,Chokio,MN,Minnesota,27149,Stevens,45.5731,-96.1748,386,344,polygon,FALSE,TRUE,America/Chicago,3
20400,Jordan,Jordan,MT,Montana,30033,Garfield,47.321,-106.9099,386,427,polygon,FALSE,TRUE,America/Denver,3
20401,Candelero Abajo,Candelero Abajo,PR,Puerto Rico,72069,Humacao,18.0943,-65.8165,386,2442,polygon,FALSE,TRUE,America/Puerto_Rico,2
20402,Eschbach,Eschbach,WA,Washington,53077,Yakima,46.667,-120.6337,385,126,polygon,FALSE,FALSE,America/Los_Angeles,3
20403,Red Jacket,Red Jacket,WV,West Virginia,54059,Mingo,37.6488,-82.1317,385,28,polygon,FALSE,FALSE,America/New_York,3
20404,Alma,Alma,TX,Texas,48139,Ellis,32.2813,-96.5506,385,29,polygon,FALSE,TRUE,America/Chicago,3
20405,Union Grove,Union Grove,TX,Texas,48459,Upshur,32.5798,-94.9095,385,159,polygon,FALSE,TRUE,America/Chicago,3
20406,Saxman,Saxman,AK,Alaska,2130,Ketchikan Gateway,55.3232,-131.589,385,154,polygon,FALSE,TRUE,America/Sitka,3
20407,King Salmon,King Salmon,AK,Alaska,2060,Bristol Bay,58.753,-156.5061,385,0,polygon,FALSE,FALSE,America/Anchorage,3
20408,Bunn,Bunn,NC,North Carolina,37069,Franklin,35.9591,-78.252,385,275,polygon,FALSE,TRUE,America/New_York,3
20409,Manorville,Manorville,PA,Pennsylvania,42005,Armstrong,40.7876,-79.5207,385,1475,polygon,FALSE,TRUE,America/New_York,3
20410,Mill Village,Mill Village,PA,Pennsylvania,42049,Erie,41.8775,-79.9726,385,161,polygon,FALSE,TRUE,America/New_York,3
20411,Frystown,Frystown,PA,Pennsylvania,42011,Berks,40.452,-76.3326,385,122,polygon,FALSE,FALSE,America/New_York,3
20412,New Kent,New Kent,VA,Virginia,51127,New Kent,37.5095,-76.9862,385,33,polygon,FALSE,FALSE,America/New_York,3
20413,Spreckels,Spreckels,CA,California,6053,Monterey,36.6247,-121.6465,385,1216,polygon,FALSE,FALSE,America/Los_Angeles,3
20414,Stockwell,Stockwell,IN,Indiana,18157,Tippecanoe,40.2822,-86.7687,385,56,polygon,FALSE,FALSE,America/Indiana/Indianapolis,3
20415,Chloride,Chloride,AZ,Arizona,4015,Mohave,35.4097,-114.1973,385,98,polygon,FALSE,FALSE,America/Phoenix,3
20416,Terral,Terral,OK,Oklahoma,40067,Jefferson,33.8966,-97.9383,385,348,polygon,FALSE,TRUE,America/Chicago,3
20417,Wallsburg,Wallsburg,UT,Utah,49051,Wasatch,40.387,-111.4194,385,242,polygon,FALSE,TRUE,America/Denver,3
20418,Ethel,Ethel,MS,Mississippi,28007,Attala,33.122,-89.465,385,254,polygon,FALSE,TRUE,America/Chicago,3
20419,Brownsdale,Brownsdale,FL,Florida,12113,Santa Rosa,30.8859,-87.2218,384,17,polygon,FALSE,FALSE,America/Chicago,3
20420,Chireno,Chireno,TX,Texas,48347,Nacogdoches,31.4989,-94.3459,384,79,polygon,FALSE,TRUE,America/Chicago,3
20421,Retreat,Retreat,TX,Texas,48349,Navarro,32.0507,-96.4787,384,29,polygon,FALSE,TRUE,America/Chicago,3
20422,Delanson,Delanson,NY,New York,36093,Schenectady,42.7474,-74.1841,384,230,polygon,FALSE,TRUE,America/New_York,3
20423,Concord,Concord,GA,Georgia,13231,Pike,33.0916,-84.4387,384,177,polygon,FALSE,TRUE,America/New_York,3
20424,Salem,Salem,IA,Iowa,19087,Henry,40.852,-91.6206,384,242,polygon,FALSE,TRUE,America/Chicago,3
20425,Allen,Allen,MD,Maryland,24045,Wicomico,38.2886,-75.6904,384,421,polygon,FALSE,FALSE,America/New_York,3
20426,Pine Point,Pine Point,MN,Minnesota,27005,Becker,46.9889,-95.3883,384,41,polygon,FALSE,FALSE,America/Chicago,3
20427,Beaver Creek,Beaver Creek,MT,Montana,30041,Hill,48.5437,-109.8069,384,32,polygon,FALSE,FALSE,America/Denver,3
20428,Amherst Junction,Amherst Junction,WI,Wisconsin,55097,Portage,44.4687,-89.3167,383,119,polygon,FALSE,TRUE,America/Chicago,3
20429,Brimhall Nizhoni,Brimhall Nizhoni,NM,New Mexico,35031,McKinley,35.7785,-108.6321,383,9,polygon,FALSE,FALSE,America/Denver,3
20430,Callisburg,Callisburg,TX,Texas,48097,Cooke,33.6987,-97.0159,383,72,polygon,FALSE,TRUE,America/Chicago,3
20431,Sadler,Sadler,TX,Texas,48181,Grayson,33.6821,-96.8487,383,189,polygon,FALSE,TRUE,America/Chicago,3
20432,Kilbourne,Kilbourne,LA,Louisiana,22123,West Carroll,32.9971,-91.3139,383,106,polygon,FALSE,TRUE,America/Chicago,3
20433,Damascus,Damascus,AR,Arkansas,5141,Van Buren,35.3671,-92.4108,383,79,polygon,FALSE,TRUE,America/Chicago,3
20434,Thornton,Thornton,AR,Arkansas,5013,Calhoun,33.7756,-92.4889,383,76,polygon,FALSE,TRUE,America/Chicago,3
20435,Wells River,Wells River,VT,Vermont,50017,Orange,44.1538,-72.0616,383,78,polygon,FALSE,TRUE,America/New_York,3
20436,Table Grove,Table Grove,IL,Illinois,17057,Fulton,40.365,-90.4252,383,524,polygon,FALSE,TRUE,America/Chicago,3
20437,Braswell,Braswell,GA,Georgia,13223,Paulding,33.9836,-84.9592,383,46,polygon,FALSE,TRUE,America/New_York,3
20438,Martin,Martin,GA,Georgia,13257,Stephens,34.4856,-83.1983,383,58,polygon,FALSE,TRUE,America/New_York,3
20439,Duncombe,Duncombe,IA,Iowa,19187,Webster,42.4695,-93.9962,383,73,polygon,FALSE,TRUE,America/Chicago,3
20440,Culdesac,Culdesac,ID,Idaho,16069,Nez Perce,46.3749,-116.6703,383,663,polygon,FALSE,TRUE,America/Los_Angeles,3
20441,Alma,Alma,MO,Missouri,29107,Lafayette,39.0964,-93.5478,383,537,polygon,FALSE,TRUE,America/Chicago,3
20442,Hayti,Hayti,SD,South Dakota,46057,Hamlin,44.6571,-97.2046,383,478,polygon,FALSE,TRUE,America/Chicago,3
20443,Huxley,Huxley,TX,Texas,48419,Shelby,31.7644,-93.8848,382,72,polygon,FALSE,TRUE,America/Chicago,3
20444,Trapper Creek,Trapper Creek,AK,Alaska,2170,Matanuska-Susitna,62.3189,-150.3965,382,0,polygon,FALSE,FALSE,America/Anchorage,3
20445,Sardis,Sardis,TN,Tennessee,47077,Henderson,35.4424,-88.2913,382,58,polygon,FALSE,TRUE,America/Chicago,3
20446,Depauville,Depauville,NY,New York,36045,Jefferson,44.1425,-76.0451,382,15,polygon,FALSE,FALSE,America/New_York,3
20447,Perry,Perry,IL,Illinois,17149,Pike,39.7822,-90.7472,382,382,polygon,FALSE,TRUE,America/Chicago,3
20448,New Haven,New Haven,IL,Illinois,17059,Gallatin,37.9025,-88.1279,382,118,polygon,FALSE,TRUE,America/Chicago,3
20449,Joy,Joy,IL,Illinois,17131,Mercer,41.1969,-90.8788,382,344,polygon,FALSE,TRUE,America/Chicago,3
20450,Woodville,Woodville,GA,Georgia,13133,Greene,33.6715,-83.1063,382,30,polygon,FALSE,TRUE,America/New_York,3
20451,Morral,Morral,OH,Ohio,39101,Marion,40.6914,-83.2098,382,54,polygon,FALSE,TRUE,America/New_York,3
20452,Tontogany,Tontogany,OH,Ohio,39173,Wood,41.4212,-83.741,382,483,polygon,FALSE,TRUE,America/New_York,3
20453,Linn,Linn,KS,Kansas,20201,Washington,39.6794,-97.0867,382,435,polygon,FALSE,TRUE,America/Chicago,3
20454,Norwood,Norwood,KY,Kentucky,21111,Jefferson,38.2521,-85.6107,382,1253,polygon,FALSE,TRUE,America/New_York,3
20455,Gardiner,Gardiner,OR,Oregon,41019,Douglas,43.7327,-124.1068,382,255,polygon,FALSE,FALSE,America/Los_Angeles,3
20456,Mount Carbon,Mount Carbon,WV,West Virginia,54019,Fayette,38.1442,-81.289,381,985,polygon,FALSE,FALSE,America/New_York,3
20457,Ocean Breeze,Ocean Breeze,FL,Florida,12085,Martin,27.2411,-80.2261,381,891,polygon,FALSE,TRUE,America/New_York,3
20458,Mirando City,Mirando City,TX,Texas,48479,Webb,27.4403,-99.0006,381,462,polygon,FALSE,FALSE,America/Chicago,3
20459,Wattsburg,Wattsburg,PA,Pennsylvania,42049,Erie,42.0029,-79.807,381,494,polygon,FALSE,TRUE,America/New_York,3
20460,Thomaston,Thomaston,AL,Alabama,1091,Marengo,32.2683,-87.6237,381,73,polygon,FALSE,TRUE,America/Chicago,3
20461,Bonnie,Bonnie,IL,Illinois,17081,Jefferson,38.203,-88.9068,381,115,polygon,FALSE,TRUE,America/Chicago,3
20462,Union,Union,IA,Iowa,19083,Hardin,42.2434,-93.0625,381,257,polygon,FALSE,TRUE,America/Chicago,3
20463,Laytonsville,Laytonsville,MD,Maryland,24031,Montgomery,39.2093,-77.1418,381,139,polygon,FALSE,TRUE,America/New_York,3
20464,Mountain Park,Mountain Park,OK,Oklahoma,40075,Kiowa,34.6989,-98.9523,381,193,polygon,FALSE,TRUE,America/Chicago,3
20465,Willshire,Willshire,OH,Ohio,39161,Van Wert,40.7465,-84.7924,381,394,polygon,FALSE,TRUE,America/New_York,3
20466,Jasper,Jasper,MI,Michigan,26091,Lenawee,41.7859,-84.0403,381,36,polygon,FALSE,FALSE,America/Detroit,3
20467,Wayland,Wayland,KY,Kentucky,21071,Floyd,37.4511,-82.7994,381,56,polygon,FALSE,TRUE,America/New_York,3
20468,Carpenter,Carpenter,WY,Wyoming,56021,Laramie,41.0456,-104.3644,380,617,polygon,FALSE,FALSE,America/Denver,3
20469,Brookford,Brookford,NC,North Carolina,37035,Catawba,35.703,-81.3454,380,242,polygon,FALSE,TRUE,America/New_York,3
20470,Derby Acres,Derby Acres,CA,California,6029,Kern,35.2439,-119.6039,380,40,polygon,FALSE,FALSE,America/Los_Angeles,3
20471,Monson,Monson,CA,California,6107,Tulare,36.4927,-119.3358,380,293,polygon,FALSE,FALSE,America/Los_Angeles,3
20472,Bellamy,Bellamy,AL,Alabama,1119,Sumter,32.4582,-88.1277,380,38,polygon,FALSE,FALSE,America/Chicago,3
20473,Beallsville,Beallsville,OH,Ohio,39111,Monroe,39.8489,-81.0354,380,404,polygon,FALSE,TRUE,America/New_York,3
20474,Atlanta,Atlanta,MO,Missouri,29121,Macon,39.8986,-92.4801,380,428,polygon,FALSE,TRUE,America/Chicago,3
20475,New Strawn,New Strawn,KS,Kansas,20031,Coffey,38.2622,-95.7423,380,185,polygon,FALSE,TRUE,America/Chicago,3
20476,Duncan,Duncan,MS,Mississippi,28011,Bolivar,34.0418,-90.7459,380,160,polygon,FALSE,TRUE,America/Chicago,3
20477,Greeleyville,Greeleyville,SC,South Carolina,45089,Williamsburg,33.5801,-79.9901,380,119,polygon,FALSE,TRUE,America/New_York,3
20478,Lake Sherwood,Lake Sherwood,WI,Wisconsin,55001,Adams,44.2057,-89.7939,379,138,polygon,FALSE,TRUE,America/Chicago,3
20479,Windsor Heights,Windsor Heights,WV,West Virginia,54009,Brooke,40.1913,-80.6649,379,1023,polygon,FALSE,TRUE,America/New_York,3
20480,Pleasant Plains,Pleasant Plains,NJ,New Jersey,34035,Somerset,40.4523,-74.5696,379,45,polygon,FALSE,FALSE,America/New_York,3
20481,Windthorst,Windthorst,TX,Texas,48009,Archer,33.576,-98.4348,379,58,polygon,FALSE,TRUE,America/Chicago,3
20482,Oak Island,Oak Island,TX,Texas,48071,Chambers,29.6632,-94.6882,379,121,polygon,FALSE,FALSE,America/Chicago,3
20483,Hydaburg,Hydaburg,AK,Alaska,2198,Prince of Wales-Hyder,55.2061,-132.8208,379,501,polygon,FALSE,TRUE,America/Sitka,3
20484,Kwigillingok,Kwigillingok,AK,Alaska,2050,Bethel,59.8767,-163.1717,379,6,polygon,FALSE,FALSE,America/Nome,3
20485,Kivalina,Kivalina,AK,Alaska,2188,Northwest Arctic,67.733,-164.5212,379,89,polygon,FALSE,TRUE,America/Nome,3
20486,Bostic,Bostic,NC,North Carolina,37161,Rutherford,35.3624,-81.836,379,156,polygon,FALSE,TRUE,America/New_York,3
20487,Clarksburg,Clarksburg,TN,Tennessee,47017,Carroll,35.8668,-88.3932,379,69,polygon,FALSE,TRUE,America/Chicago,3
20488,Callery,Callery,PA,Pennsylvania,42019,Butler,40.7393,-80.038,379,272,polygon,FALSE,TRUE,America/New_York,3
20489,Ambrose,Ambrose,GA,Georgia,13069,Coffee,31.5944,-83.0137,379,47,polygon,FALSE,TRUE,America/New_York,3
20490,Monrovia,Monrovia,MD,Maryland,24021,Frederick,39.3571,-77.2753,379,65,polygon,FALSE,FALSE,America/New_York,3
20491,Custer City,Custer City,OK,Oklahoma,40039,Custer,35.6637,-98.8869,379,239,polygon,FALSE,TRUE,America/Chicago,3
20492,Alta,Alta,UT,Utah,49035,Salt Lake,40.5818,-111.6229,379,32,polygon,FALSE,TRUE,America/Denver,3
20493,Bunker,Bunker,MO,Missouri,29179,Reynolds,37.4574,-91.2121,379,220,polygon,FALSE,TRUE,America/Chicago,3
20494,Westphalia,Westphalia,MO,Missouri,29151,Osage,38.4413,-92.0005,379,275,polygon,FALSE,TRUE,America/Chicago,3
20495,Chamois,Chamois,MO,Missouri,29151,Osage,38.6764,-91.77,379,395,polygon,FALSE,TRUE,America/Chicago,3
20496,Emmons,Emmons,MN,Minnesota,27047,Freeborn,43.5068,-93.4851,379,178,polygon,FALSE,TRUE,America/Chicago,3
20497,Altoona,Altoona,KS,Kansas,20205,Wilson,37.525,-95.6614,379,274,polygon,FALSE,TRUE,America/Chicago,3
20498,Dearing,Dearing,KS,Kansas,20125,Montgomery,37.0533,-95.6953,379,96,polygon,FALSE,TRUE,America/Chicago,3
20499,Buffalo,Buffalo,KY,Kentucky,21123,Larue,37.5081,-85.6992,379,123,polygon,FALSE,FALSE,America/New_York,3
20500,Morgan Farm,Morgan Farm,TX,Texas,48409,San Patricio,28.0055,-97.5535,378,43,polygon,FALSE,FALSE,America/Chicago,3
20501,Turkey,Turkey,TX,Texas,48191,Hall,34.3939,-100.8953,378,178,polygon,FALSE,TRUE,America/Chicago,3
20502,Oakhurst,Oakhurst,TX,Texas,48407,San Jacinto,30.7433,-95.3073,378,94,polygon,FALSE,FALSE,America/Chicago,3
20503,Maddock,Maddock,ND,North Dakota,38005,Benson,47.9624,-99.5293,378,165,polygon,FALSE,TRUE,America/Chicago,3
20504,Indian Lake,Indian Lake,PA,Pennsylvania,42111,Somerset,40.0446,-78.8603,378,40,polygon,FALSE,TRUE,America/New_York,3
20505,Center Ridge,Center Ridge,AR,Arkansas,5029,Conway,35.3806,-92.5702,378,16,polygon,FALSE,FALSE,America/Chicago,3
20506,Bennett,Bennett,IA,Iowa,19031,Cedar,41.74,-90.9734,378,704,polygon,FALSE,TRUE,America/Chicago,3
20507,Foyil,Foyil,OK,Oklahoma,40131,Rogers,36.4309,-95.5215,378,331,polygon,FALSE,TRUE,America/Chicago,3
20508,Bowerston,Bowerston,OH,Ohio,39067,Harrison,40.4273,-81.1874,378,288,polygon,FALSE,TRUE,America/New_York,3
20509,Rutland,Rutland,OH,Ohio,39105,Meigs,39.041,-82.1279,378,176,polygon,FALSE,TRUE,America/New_York,3
20510,Montrose,Montrose,MO,Missouri,29083,Henry,38.2586,-93.9827,378,255,polygon,FALSE,TRUE,America/Chicago,3
20511,Otter Lake,Otter Lake,MI,Michigan,26087,Lapeer,43.2138,-83.4596,378,193,polygon,FALSE,TRUE,America/Detroit,3
20512,Almena,Almena,KS,Kansas,20137,Norton,39.8912,-99.7097,378,241,polygon,FALSE,TRUE,America/Chicago,3
20513,Winchester Bay,Winchester Bay,OR,Oregon,41019,Douglas,43.6729,-124.1828,378,54,polygon,FALSE,FALSE,America/Los_Angeles,3
20514,Pueblo of Sandia Village,Pueblo of Sandia Village,NM,New Mexico,35043,Sandoval,35.2536,-106.5706,377,128,polygon,FALSE,FALSE,America/Denver,3
20515,Jacona,Jacona,NM,New Mexico,35049,Santa Fe,35.8887,-106.0386,377,171,polygon,FALSE,FALSE,America/Denver,3
20516,Big Springs,Big Springs,NE,Nebraska,31049,Deuel,41.061,-102.0745,377,328,polygon,FALSE,TRUE,America/Denver,3
20517,Plymouth,Plymouth,NE,Nebraska,31095,Jefferson,40.3023,-96.9886,377,461,polygon,FALSE,TRUE,America/Chicago,3
20518,Williston,Williston,TN,Tennessee,47047,Fayette,35.1585,-89.3754,377,88,polygon,FALSE,TRUE,America/Chicago,3
20519,Middleport,Middleport,PA,Pennsylvania,42107,Schuylkill,40.7278,-76.0868,377,331,polygon,FALSE,TRUE,America/New_York,3
20520,Starbrick,Starbrick,PA,Pennsylvania,42123,Warren,41.8419,-79.2133,377,122,polygon,FALSE,FALSE,America/New_York,3
20521,Dillard,Dillard,GA,Georgia,13241,Rabun,34.9749,-83.382,377,82,polygon,FALSE,TRUE,America/New_York,3
20522,Centralhatchee,Centralhatchee,GA,Georgia,13149,Heard,33.3688,-85.1037,377,44,polygon,FALSE,TRUE,America/New_York,3
20523,Carbon,Carbon,IN,Indiana,18021,Clay,39.5993,-87.1078,377,978,polygon,FALSE,TRUE,America/Indiana/Indianapolis,3
20524,Colesburg,Colesburg,IA,Iowa,19055,Delaware,42.6387,-91.201,377,501,polygon,FALSE,TRUE,America/Chicago,3
20525,Orient,Orient,IA,Iowa,19001,Adair,41.2033,-94.4178,377,320,polygon,FALSE,TRUE,America/Chicago,3
20526,East New Market,East New Market,MD,Maryland,24019,Dorchester,38.597,-75.9233,377,364,polygon,FALSE,TRUE,America/New_York,3
20527,Fairview,Fairview,MO,Missouri,29145,Newton,36.8172,-94.0866,377,308,polygon,FALSE,TRUE,America/Chicago,3
20528,Quenemo,Quenemo,KS,Kansas,20139,Osage,38.5802,-95.5267,377,327,polygon,FALSE,TRUE,America/Chicago,3
20529,Merigold,Merigold,MS,Mississippi,28011,Bolivar,33.8392,-90.7264,377,150,polygon,FALSE,TRUE,America/Chicago,3
20530,North Hodge,North Hodge,LA,Louisiana,22049,Jackson,32.2845,-92.7171,376,214,polygon,FALSE,TRUE,America/Chicago,3
20531,Loomis,Loomis,NE,Nebraska,31137,Phelps,40.4786,-99.5077,376,440,polygon,FALSE,TRUE,America/Chicago,3
20532,Westover,Westover,PA,Pennsylvania,42033,Clearfield,40.7465,-78.6822,376,53,polygon,FALSE,TRUE,America/New_York,3
20533,London Mills,London Mills,IL,Illinois,17057,Fulton,40.7106,-90.2661,376,212,polygon,FALSE,TRUE,America/Chicago,3
20534,Satilla,Satilla,GA,Georgia,13161,Jeff Davis,31.7921,-82.564,376,48,polygon,FALSE,FALSE,America/New_York,3
20535,Jenkinsburg,Jenkinsburg,GA,Georgia,13035,Butts,33.3225,-84.0388,376,111,polygon,FALSE,TRUE,America/New_York,3
20536,Denmark,Denmark,IA,Iowa,19111,Lee,40.7385,-91.3381,376,87,polygon,FALSE,FALSE,America/Chicago,3
20537,Grover Hill,Grover Hill,OH,Ohio,39125,Paulding,41.019,-84.4775,376,525,polygon,FALSE,TRUE,America/New_York,3
20538,Newtonsville,Newtonsville,OH,Ohio,39025,Clermont,39.1809,-84.0895,376,764,polygon,FALSE,FALSE,America/New_York,3
20539,Empire,Empire,MI,Michigan,26089,Leelanau,44.8126,-86.0594,376,141,polygon,FALSE,TRUE,America/Detroit,3
20540,El Chaparral,El Chaparral,TX,Texas,48427,Starr,26.3489,-98.7673,375,1478,polygon,FALSE,TRUE,America/Chicago,3
20541,San Patricio,San Patricio,TX,Texas,48409,San Patricio,27.9772,-97.7766,375,37,polygon,FALSE,TRUE,America/Chicago,3
20542,Alexander,Alexander,ND,North Dakota,38053,McKenzie,47.8393,-103.6426,375,116,polygon,FALSE,TRUE,America/Chicago,3
20543,Pocono Mountain Lake Estates,Pocono Mountain Lake Estates,PA,Pennsylvania,42103,Pike,41.1567,-74.9646,375,68,polygon,FALSE,FALSE,America/New_York,3
20544,Vintondale,Vintondale,PA,Pennsylvania,42021,Cambria,40.4795,-78.9114,375,308,polygon,FALSE,TRUE,America/New_York,3
20545,Keokee,Keokee,VA,Virginia,51105,Lee,36.8622,-82.9161,375,30,polygon,FALSE,FALSE,America/New_York,3
20546,Sparkman,Sparkman,AR,Arkansas,5039,Dallas,33.9171,-92.85,375,112,polygon,FALSE,TRUE,America/Chicago,3
20547,Proctorsville,Proctorsville,VT,Vermont,50027,Windsor,43.3824,-72.6415,375,50,polygon,FALSE,FALSE,America/New_York,3
20548,Langleyville,Langleyville,IL,Illinois,17021,Christian,39.5611,-89.3602,375,368,polygon,FALSE,FALSE,America/Chicago,3
20549,Rhine,Rhine,GA,Georgia,13091,Dodge,31.9891,-83.2,375,46,polygon,FALSE,TRUE,America/New_York,3
20550,Wall Lane,Wall Lane,AZ,Arizona,4027,Yuma,32.6573,-114.7105,375,331,polygon,FALSE,TRUE,America/Tijuana,3
20551,Fort Thomas,Fort Thomas,AZ,Arizona,4009,Graham,33.0222,-109.9665,375,16,polygon,FALSE,FALSE,America/Phoenix,3
20552,Adelphi,Adelphi,OH,Ohio,39141,Ross,39.4647,-82.7456,375,528,polygon,FALSE,TRUE,America/New_York,3
20553,Hanska,Hanska,MN,Minnesota,27015,Brown,44.1487,-94.4945,375,587,polygon,FALSE,TRUE,America/Chicago,3
20554,Whittemore,Whittemore,MI,Michigan,26069,Iosco,44.2337,-83.8033,375,141,polygon,FALSE,TRUE,America/Detroit,3
20555,Akron,Akron,MI,Michigan,26157,Tuscola,43.5667,-83.5143,375,153,polygon,FALSE,TRUE,America/Detroit,3
20556,Trenton,Trenton,KY,Kentucky,21219,Todd,36.7224,-87.2626,375,255,polygon,FALSE,TRUE,America/Chicago,3
20557,Kenvir,Kenvir,KY,Kentucky,21095,Harlan,36.8531,-83.1539,375,495,polygon,FALSE,FALSE,America/New_York,3
20558,Bowers,Bowers,DE,Delaware,10001,Kent,39.0602,-75.4021,374,463,polygon,FALSE,TRUE,America/New_York,3
20559,New Richmond,New Richmond,WV,West Virginia,54109,Wyoming,37.5735,-81.487,374,335,polygon,FALSE,FALSE,America/New_York,3
20560,Villa Verde,Villa Verde,TX,Texas,48215,Hidalgo,26.1303,-97.9956,374,492,polygon,FALSE,FALSE,America/Chicago,3
20561,Vienna,Vienna,LA,Louisiana,22061,Lincoln,32.6093,-92.6481,374,41,polygon,FALSE,TRUE,America/Chicago,3
20562,Forest Hills,Forest Hills,NC,North Carolina,37099,Jackson,35.2958,-83.1954,374,291,polygon,FALSE,TRUE,America/New_York,3
20563,Watauga,Watauga,TN,Tennessee,47019,Carter,36.3688,-82.2919,374,163,polygon,FALSE,TRUE,America/New_York,3
20564,Mondamin,Mondamin,IA,Iowa,19085,Harrison,41.7101,-96.0215,374,320,polygon,FALSE,TRUE,America/Chicago,3
20565,Medicine Lake,Medicine Lake,MN,Minnesota,27053,Hennepin,44.9998,-93.4199,374,837,polygon,FALSE,TRUE,America/Chicago,3
20566,Morton,Morton,MN,Minnesota,27129,Renville,44.5534,-94.985,374,119,polygon,FALSE,TRUE,America/Chicago,3
20567,Ogilvie,Ogilvie,MN,Minnesota,27065,Kanabec,45.829,-93.4221,374,141,polygon,FALSE,TRUE,America/Chicago,3
20568,Melvern,Melvern,KS,Kansas,20139,Osage,38.5073,-95.6378,374,405,polygon,FALSE,TRUE,America/Chicago,3
20569,Kelly,Kelly,NC,North Carolina,37017,Bladen,34.4639,-78.3109,373,12,polygon,FALSE,FALSE,America/New_York,3
20570,Eustis,Eustis,NE,Nebraska,31063,Frontier,40.6645,-100.0296,373,340,polygon,FALSE,TRUE,America/Chicago,3
20571,Port Gibson,Port Gibson,NY,New York,36069,Ontario,43.0334,-77.1576,373,122,polygon,FALSE,FALSE,America/New_York,3
20572,Gilbertsville,Gilbertsville,NY,New York,36077,Otsego,42.4694,-75.3226,373,143,polygon,FALSE,TRUE,America/New_York,3
20573,Smithton,Smithton,PA,Pennsylvania,42129,Westmoreland,40.1538,-79.7424,373,1409,polygon,FALSE,TRUE,America/New_York,3
20574,Laurelton,Laurelton,PA,Pennsylvania,42119,Union,40.8815,-77.2024,373,252,polygon,FALSE,FALSE,America/New_York,3
20575,Tehama,Tehama,CA,California,6103,Tehama,40.0218,-122.1269,373,181,polygon,FALSE,TRUE,America/Los_Angeles,3
20576,Cove,Cove,AR,Arkansas,5113,Polk,34.4366,-94.416,373,90,polygon,FALSE,TRUE,America/Chicago,3
20577,Between,Between,GA,Georgia,13297,Walton,33.8177,-83.8043,373,121,polygon,FALSE,TRUE,America/New_York,3
20578,Letts,Letts,IA,Iowa,19115,Louisa,41.3299,-91.2356,373,245,polygon,FALSE,TRUE,America/Chicago,3
20579,Deweyville,Deweyville,UT,Utah,49003,Box Elder,41.693,-112.0883,373,22,polygon,FALSE,TRUE,America/Denver,3
20580,Wales,Wales,UT,Utah,49039,Sanpete,39.4853,-111.636,373,362,polygon,FALSE,TRUE,America/Denver,3
20581,Sangrey,Sangrey,MT,Montana,30041,Hill,48.2817,-109.8166,373,22,polygon,FALSE,FALSE,America/Denver,3
20582,Bonney,Bonney,TX,Texas,48039,Brazoria,29.3013,-95.4508,372,73,polygon,FALSE,TRUE,America/Chicago,3
20583,Grays Prairie,Grays Prairie,TX,Texas,48257,Kaufman,32.4734,-96.3502,372,117,polygon,FALSE,TRUE,America/Chicago,3
20584,El Refugio,El Refugio,TX,Texas,48427,Starr,26.3406,-98.7589,372,230,polygon,FALSE,FALSE,America/Chicago,3
20585,Rennert,Rennert,NC,North Carolina,37155,Robeson,34.8141,-79.0791,372,130,polygon,FALSE,TRUE,America/New_York,3
20586,Ivanhoe,Ivanhoe,NC,North Carolina,37163,Sampson,34.587,-78.2447,372,28,polygon,FALSE,FALSE,America/New_York,3
20587,Ewing,Ewing,NE,Nebraska,31089,Holt,42.2594,-98.3438,372,322,polygon,FALSE,TRUE,America/Chicago,3
20588,Pamelia Center,Pamelia Center,NY,New York,36045,Jefferson,44.0409,-75.9017,372,137,polygon,FALSE,TRUE,America/New_York,3
20589,Smoketown,Smoketown,PA,Pennsylvania,42071,Lancaster,40.0388,-76.204,372,250,polygon,FALSE,FALSE,America/New_York,3
20590,Manton,Manton,CA,California,6103,Tehama,40.4202,-121.854,372,8,polygon,FALSE,FALSE,America/Los_Angeles,3
20591,Bangor,Bangor,CA,California,6007,Butte,39.3761,-121.4117,372,10,polygon,FALSE,FALSE,America/Los_Angeles,3
20592,Olivet,Olivet,IL,Illinois,17183,Vermilion,39.9414,-87.6379,372,60,polygon,FALSE,FALSE,America/Chicago,3
20593,Barwick,Barwick,GA,Georgia,13275,Thomas,30.8933,-83.7391,372,200,polygon,FALSE,TRUE,America/New_York,3
20594,Columbus City,Columbus City,IA,Iowa,19115,Louisa,41.2594,-91.3746,372,601,polygon,FALSE,TRUE,America/Chicago,3
20595,Coyle,Coyle,OK,Oklahoma,40083,Logan,35.9538,-97.2388,372,185,polygon,FALSE,TRUE,America/Chicago,3
20596,Optima,Optima,OK,Oklahoma,40139,Texas,36.762,-101.3497,372,328,polygon,FALSE,TRUE,America/Chicago,3
20597,Tuppers Plains,Tuppers Plains,OH,Ohio,39105,Meigs,39.1726,-81.8466,372,79,polygon,FALSE,FALSE,America/New_York,3
20598,Mound Valley,Mound Valley,KS,Kansas,20099,Labette,37.2071,-95.4048,372,223,polygon,FALSE,TRUE,America/Chicago,3
20599,Ekalaka,Ekalaka,MT,Montana,30011,Carter,45.8897,-104.5506,372,139,polygon,FALSE,TRUE,America/Denver,3
20600,Rivergrove,Rivergrove,OR,Oregon,41005,Clackamas,45.385,-122.7329,372,846,polygon,FALSE,TRUE,America/Los_Angeles,3
20601,Orleans,Orleans,NE,Nebraska,31083,Harlan,40.1318,-99.4549,371,238,polygon,FALSE,TRUE,America/Chicago,3
20602,Farnham,Farnham,NY,New York,36029,Erie,42.5951,-79.0809,371,118,polygon,FALSE,TRUE,America/New_York,3
20603,Berrysburg,Berrysburg,PA,Pennsylvania,42043,Dauphin,40.6029,-76.8102,371,236,polygon,FALSE,TRUE,America/New_York,3
20604,Copper Mountain,Copper Mountain,CO,Colorado,8117,Summit,39.4769,-106.2011,371,4,polygon,FALSE,FALSE,America/Denver,3
20605,Maytown,Maytown,AL,Alabama,1073,Jefferson,33.5489,-86.9999,371,53,polygon,FALSE,TRUE,America/Chicago,3
20606,Leslie,Leslie,GA,Georgia,13261,Sumter,31.9545,-84.0864,371,80,polygon,FALSE,TRUE,America/New_York,3
20607,Sulphur Springs,Sulphur Springs,IN,Indiana,18065,Henry,39.9989,-85.4391,371,203,polygon,FALSE,TRUE,America/Indiana/Indianapolis,3
20608,Midlothian,Midlothian,MD,Maryland,24001,Allegany,39.6316,-78.9523,371,231,polygon,FALSE,FALSE,America/New_York,3
20609,Deal Island,Deal Island,MD,Maryland,24039,Somerset,38.1444,-75.9417,371,47,polygon,FALSE,FALSE,America/New_York,3
20610,Beaverdam,Beaverdam,OH,Ohio,39003,Allen,40.8328,-83.974,371,227,polygon,FALSE,TRUE,America/New_York,3
20611,Bascom,Bascom,OH,Ohio,39147,Seneca,41.129,-83.2869,371,94,polygon,FALSE,FALSE,America/New_York,3
20612,Gordonville,Gordonville,MO,Missouri,29031,Cape Girardeau,37.3111,-89.6739,371,183,polygon,FALSE,TRUE,America/Chicago,3
20613,Mahtowa,Mahtowa,MN,Minnesota,27017,Carlton,46.5616,-92.6279,371,13,polygon,FALSE,FALSE,America/Chicago,3
20614,Elberta,Elberta,MI,Michigan,26019,Benzie,44.6209,-86.231,371,190,polygon,FALSE,TRUE,America/Detroit,3
20615,Turon,Turon,KS,Kansas,20155,Reno,37.8075,-98.4277,371,321,polygon,FALSE,TRUE,America/Chicago,3
20616,Hartford,Hartford,KS,Kansas,20111,Lyon,38.3084,-95.9566,371,361,polygon,FALSE,TRUE,America/Chicago,3
20617,Dillard,Dillard,OR,Oregon,41019,Douglas,43.1082,-123.4262,371,121,polygon,FALSE,FALSE,America/Los_Angeles,3
20618,Birch Hill,Birch Hill,WI,Wisconsin,55003,Ashland,46.5209,-90.5555,370,230,polygon,FALSE,TRUE,America/Chicago,3
20619,Krakow,Krakow,WI,Wisconsin,55115,Shawano,44.7585,-88.2611,370,126,polygon,FALSE,FALSE,America/Chicago,3
20620,Wabeno,Wabeno,WI,Wisconsin,55041,Forest,45.4394,-88.6581,370,59,polygon,FALSE,FALSE,America/Chicago,3
20621,Embarrass,Embarrass,WI,Wisconsin,55135,Waupaca,44.6685,-88.7037,370,121,polygon,FALSE,TRUE,America/Chicago,3
20622,Spelter,Spelter,WV,West Virginia,54033,Harrison,39.3431,-80.3163,370,288,polygon,FALSE,FALSE,America/New_York,3
20623,Pueblitos,Pueblitos,NM,New Mexico,35061,Valencia,34.6109,-106.7817,370,66,polygon,FALSE,FALSE,America/Denver,3
20624,Napakiak,Napakiak,AK,Alaska,2050,Bethel,60.6923,-161.9822,370,71,polygon,FALSE,TRUE,America/Anchorage,3
20625,Hamilton,Hamilton,NC,North Carolina,37117,Martin,35.9443,-77.2067,370,288,polygon,FALSE,TRUE,America/New_York,3
20626,Mariaville Lake,Mariaville Lake,NY,New York,36093,Schenectady,42.8252,-74.1286,370,25,polygon,FALSE,FALSE,America/New_York,3
20627,New Edinburg,New Edinburg,AR,Arkansas,5025,Cleveland,33.7565,-92.2401,370,45,polygon,FALSE,FALSE,America/Chicago,3
20628,Ringsted,Ringsted,IA,Iowa,19063,Emmet,43.295,-94.5068,370,132,polygon,FALSE,TRUE,America/Chicago,3
20629,Tolani Lake,Tolani Lake,AZ,Arizona,4005,Coconino,35.4309,-110.8431,370,334,polygon,FALSE,FALSE,America/Denver,3
20630,Dustin,Dustin,OK,Oklahoma,40063,Hughes,35.2712,-96.032,370,241,polygon,FALSE,TRUE,America/Chicago,3
20631,Alta,Alta,WY,Wyoming,56039,Teton,43.7737,-111.0312,369,17,polygon,FALSE,FALSE,America/Denver,3
20632,Abbott,Abbott,TX,Texas,48217,Hill,31.8869,-97.08,369,240,polygon,FALSE,TRUE,America/Chicago,3
20633,Moore,Moore,TX,Texas,48163,Frio,29.0574,-99.0068,369,23,polygon,FALSE,FALSE,America/Chicago,3
20634,Cofield,Cofield,NC,North Carolina,37091,Hertford,36.3567,-76.9105,369,45,polygon,FALSE,TRUE,America/New_York,3
20635,Manvel,Manvel,ND,North Dakota,38035,Grand Forks,48.0727,-97.1779,369,498,polygon,FALSE,TRUE,America/Chicago,3
20636,Fairfield,Fairfield,NE,Nebraska,31035,Clay,40.4323,-98.1033,369,197,polygon,FALSE,TRUE,America/Chicago,3
20637,Nickerson,Nickerson,NE,Nebraska,31053,Dodge,41.5349,-96.4709,369,375,polygon,FALSE,TRUE,America/Chicago,3
20638,Duncan,Duncan,NE,Nebraska,31141,Platte,41.3901,-97.4934,369,342,polygon,FALSE,TRUE,America/Chicago,3
20639,Refton,Refton,PA,Pennsylvania,42071,Lancaster,39.9474,-76.2386,369,118,polygon,FALSE,FALSE,America/New_York,3
20640,Kratzerville,Kratzerville,PA,Pennsylvania,42109,Snyder,40.8588,-76.8939,369,149,polygon,FALSE,FALSE,America/New_York,3
20641,Declo,Declo,ID,Idaho,16031,Cassia,42.5197,-113.6287,369,514,polygon,FALSE,TRUE,America/Boise,3
20642,New Marshfield,New Marshfield,OH,Ohio,39009,Athens,39.3254,-82.2166,369,363,polygon,FALSE,FALSE,America/New_York,3
20643,Hustonville,Hustonville,KY,Kentucky,21137,Lincoln,37.4784,-84.815,369,193,polygon,FALSE,TRUE,America/New_York,3
20644,Wimer,Wimer,OR,Oregon,41029,Jackson,42.5446,-123.148,369,28,polygon,FALSE,FALSE,America/Los_Angeles,3
20645,White Lake,White Lake,SD,South Dakota,46003,Aurora,43.7283,-98.712,369,351,polygon,FALSE,TRUE,America/Chicago,3
20646,Buffalo,Buffalo,SD,South Dakota,46063,Harding,45.5864,-103.5435,369,257,polygon,FALSE,TRUE,America/Denver,3
20647,Easton,Easton,WA,Washington,53037,Kittitas,47.2405,-121.1733,368,44,polygon,FALSE,FALSE,America/Los_Angeles,3
20648,Ualapue,Ualapue,HI,Hawaii,15009,Maui,21.0704,-156.8355,368,44,polygon,FALSE,FALSE,Pacific/Honolulu,3
20649,Center Ossipee,Center Ossipee,NH,New Hampshire,33003,Carroll,43.7543,-71.1514,368,149,polygon,FALSE,FALSE,America/New_York,3
20650,Newcomb,Newcomb,NM,New Mexico,35045,San Juan,36.2834,-108.7082,368,23,polygon,FALSE,FALSE,America/Denver,3
20651,Blanket,Blanket,TX,Texas,48049,Brown,31.8249,-98.7895,368,231,polygon,FALSE,TRUE,America/Chicago,3
20652,St. Petersburg,St. Petersburg,PA,Pennsylvania,42031,Clarion,41.161,-79.6545,368,445,polygon,FALSE,TRUE,America/New_York,3
20653,Goshen,Goshen,VA,Virginia,51163,Rockbridge,37.9901,-79.5067,368,82,polygon,FALSE,TRUE,America/New_York,3
20654,Mentone,Mentone,AL,Alabama,1049,DeKalb,34.5663,-85.5842,368,30,polygon,FALSE,TRUE,America/Chicago,3
20655,Xenia,Xenia,IL,Illinois,17025,Clay,38.6373,-88.6375,368,288,polygon,FALSE,TRUE,America/Chicago,3
20656,Donahue,Donahue,IA,Iowa,19163,Scott,41.6915,-90.6746,368,400,polygon,FALSE,TRUE,America/Chicago,3
20657,Holy Cross,Holy Cross,IA,Iowa,19061,Dubuque,42.6011,-90.996,368,433,polygon,FALSE,TRUE,America/Chicago,3
20658,Deer Park,Deer Park,MD,Maryland,24023,Garrett,39.424,-79.326,368,142,polygon,FALSE,TRUE,America/New_York,3
20659,North Miami,North Miami,OK,Oklahoma,40115,Ottawa,36.92,-94.8797,368,732,polygon,FALSE,TRUE,America/Chicago,3
20660,Round Lake,Round Lake,MN,Minnesota,27105,Nobles,43.5372,-95.4705,368,206,polygon,FALSE,TRUE,America/Chicago,3
20661,Lowell,Lowell,KS,Kansas,20021,Cherokee,37.0509,-94.7032,368,452,polygon,FALSE,FALSE,America/Chicago,3
20662,Bagley,Bagley,WI,Wisconsin,55043,Grant,42.9015,-91.0971,367,197,polygon,FALSE,TRUE,America/Chicago,3
20663,Koyuk,Koyuk,AK,Alaska,2180,Nome,64.9411,-161.1454,367,27,polygon,FALSE,TRUE,America/Anchorage,3
20664,Giltner,Giltner,NE,Nebraska,31081,Hamilton,40.775,-98.1537,367,365,polygon,FALSE,TRUE,America/Chicago,3
20665,Madison,Madison,PA,Pennsylvania,42129,Westmoreland,40.2456,-79.6748,367,324,polygon,FALSE,TRUE,America/New_York,3
20666,Snydertown,Snydertown,PA,Pennsylvania,42027,Centre,40.9872,-77.5994,367,46,polygon,FALSE,FALSE,America/New_York,3
20667,Ranshaw,Ranshaw,PA,Pennsylvania,42097,Northumberland,40.7858,-76.5173,367,1153,polygon,FALSE,FALSE,America/New_York,3
20668,Mappsville,Mappsville,VA,Virginia,51001,Accomack,37.8433,-75.5689,367,180,polygon,FALSE,FALSE,America/New_York,3
20669,Boone,Boone,CO,Colorado,8101,Pueblo,38.2494,-104.258,367,374,polygon,FALSE,TRUE,America/Denver,3
20670,Sparland,Sparland,IL,Illinois,17123,Marshall,41.0295,-89.4411,367,247,polygon,FALSE,TRUE,America/Chicago,3
20671,Arenzville,Arenzville,IL,Illinois,17017,Cass,39.8805,-90.3706,367,184,polygon,FALSE,TRUE,America/Chicago,3
20672,Belgium,Belgium,IL,Illinois,17183,Vermilion,40.0607,-87.6328,367,326,polygon,FALSE,TRUE,America/Chicago,3
20673,Bronwood,Bronwood,GA,Georgia,13273,Terrell,31.8306,-84.3643,367,179,polygon,FALSE,TRUE,America/New_York,3
20674,Kaw City,Kaw City,OK,Oklahoma,40071,Kay,36.7682,-96.8629,367,53,polygon,FALSE,TRUE,America/Chicago,3
20675,Richmond Dale,Richmond Dale,OH,Ohio,39141,Ross,39.2042,-82.8122,367,283,polygon,FALSE,FALSE,America/New_York,3
20676,Clarks Hill,Clarks Hill,SC,South Carolina,45065,McCormick,33.6582,-82.166,367,44,polygon,FALSE,FALSE,America/New_York,3
20677,Grand Rivers,Grand Rivers,KY,Kentucky,21139,Livingston,37.005,-88.233,367,76,polygon,FALSE,TRUE,America/Chicago,3
20678,Takilma,Takilma,OR,Oregon,41033,Josephine,42.0409,-123.6222,367,23,polygon,FALSE,FALSE,America/Los_Angeles,3
20679,Capon Bridge,Capon Bridge,WV,West Virginia,54027,Hampshire,39.2998,-78.4337,366,210,polygon,FALSE,TRUE,America/New_York,3
20680,Lacassine,Lacassine,LA,Louisiana,22053,Jefferson Davis,30.2331,-92.9208,366,80,polygon,FALSE,FALSE,America/Chicago,3
20681,Columbia,Columbia,LA,Louisiana,22021,Caldwell,32.1026,-92.077,366,184,polygon,FALSE,TRUE,America/Chicago,3
20682,Kennard,Kennard,NE,Nebraska,31177,Washington,41.4747,-96.2037,366,475,polygon,FALSE,TRUE,America/Chicago,3
20683,Mount Aetna,Mount Aetna,PA,Pennsylvania,42011,Berks,40.4207,-76.2965,366,285,polygon,FALSE,FALSE,America/New_York,3
20684,Mexico,Mexico,PA,Pennsylvania,42067,Juniata,40.5416,-77.3582,366,130,polygon,FALSE,FALSE,America/New_York,3
20685,Bloxom,Bloxom,VA,Virginia,51001,Accomack,37.8292,-75.6214,366,424,polygon,FALSE,TRUE,America/New_York,3
20686,Centerville,Centerville,CA,California,6019,Fresno,36.7361,-119.4961,366,17,polygon,FALSE,FALSE,America/Los_Angeles,3
20687,Arnoldsville,Arnoldsville,GA,Georgia,13221,Oglethorpe,33.9103,-83.2181,366,83,polygon,FALSE,TRUE,America/New_York,3
20688,Wheeler,Wheeler,IN,Indiana,18127,Porter,41.5105,-87.1712,366,53,polygon,FALSE,FALSE,America/Chicago,3
20689,Bennington,Bennington,OK,Oklahoma,40013,Bryan,34.0038,-96.0376,366,252,polygon,FALSE,TRUE,America/Chicago,3
20690,Gowen,Gowen,OK,Oklahoma,40077,Latimer,34.8781,-95.4742,366,40,polygon,FALSE,FALSE,America/Chicago,3
20691,Bellflower,Bellflower,MO,Missouri,29139,Montgomery,39.0038,-91.3521,366,252,polygon,FALSE,TRUE,America/Chicago,3
20692,Wheatland,Wheatland,MO,Missouri,29085,Hickory,37.9426,-93.4027,366,233,polygon,FALSE,TRUE,America/Chicago,3
20693,Sibley,Sibley,MO,Missouri,29095,Jackson,39.1758,-94.2009,366,135,polygon,FALSE,TRUE,America/Chicago,3
20694,Ghent,Ghent,MN,Minnesota,27083,Lyon,44.5116,-95.8926,366,451,polygon,FALSE,TRUE,America/Chicago,3
20695,Wetmore,Wetmore,KS,Kansas,20131,Nemaha,39.6357,-95.8112,366,365,polygon,FALSE,TRUE,America/Chicago,3
20696,Glencoe,Glencoe,KY,Kentucky,21077,Gallatin,38.7252,-84.8238,366,80,polygon,FALSE,TRUE,America/New_York,3
20697,Old Brownsboro Place,Old Brownsboro Place,KY,Kentucky,21111,Jefferson,38.2892,-85.6132,366,1069,polygon,FALSE,TRUE,America/New_York,3
20698,Hoven,Hoven,SD,South Dakota,46107,Potter,45.2416,-99.7775,366,461,polygon,FALSE,TRUE,America/Chicago,3
20699,Farmington,Farmington,WV,West Virginia,54049,Marion,39.5119,-80.2514,365,339,polygon,FALSE,TRUE,America/New_York,3
20700,Maunaloa,Maunaloa,HI,Hawaii,15009,Maui,21.1334,-157.2123,365,191,polygon,FALSE,FALSE,Pacific/Honolulu,3
20701,Pinos Altos,Pinos Altos,NM,New Mexico,35017,Grant,32.8665,-108.2221,365,186,polygon,FALSE,FALSE,America/Denver,3
20702,South Mountain,South Mountain,TX,Texas,48099,Coryell,31.4398,-97.6793,365,87,polygon,FALSE,TRUE,America/Chicago,3
20703,Smithville Flats,Smithville Flats,NY,New York,36017,Chenango,42.3943,-75.8105,365,99,polygon,FALSE,FALSE,America/New_York,3
20704,Wesley,Wesley,IA,Iowa,19109,Kossuth,43.0887,-93.9929,365,226,polygon,FALSE,TRUE,America/Chicago,3
20705,Silo,Silo,OK,Oklahoma,40013,Bryan,34.0358,-96.4746,365,283,polygon,FALSE,TRUE,America/Chicago,3
20706,Bailey Lakes,Bailey Lakes,OH,Ohio,39005,Ashland,40.9489,-82.357,365,363,polygon,FALSE,TRUE,America/New_York,3
20707,Pitsburg,Pitsburg,OH,Ohio,39037,Darke,39.9871,-84.488,365,831,polygon,FALSE,TRUE,America/New_York,3
20708,Plumwood,Plumwood,OH,Ohio,39097,Madison,40.0087,-83.4147,365,226,polygon,FALSE,FALSE,America/New_York,3
20709,Northmoor,Northmoor,MO,Missouri,29165,Platte,39.1845,-94.6054,365,588,polygon,FALSE,TRUE,America/Chicago,3
20710,Underwood,Underwood,MN,Minnesota,27111,Otter Tail,46.2869,-95.8721,365,244,polygon,FALSE,TRUE,America/Chicago,3
20711,Woodburn,Woodburn,KY,Kentucky,21227,Warren,36.8421,-86.53,365,329,polygon,FALSE,TRUE,America/Chicago,3
20712,Mayking,Mayking,KY,Kentucky,21133,Letcher,37.1335,-82.773,365,91,polygon,FALSE,FALSE,America/New_York,3
20713,Sobieski,Sobieski,WI,Wisconsin,55083,Oconto,44.7227,-88.0659,364,111,polygon,FALSE,FALSE,America/Chicago,3
20714,West Logan,West Logan,WV,West Virginia,54045,Logan,37.8679,-81.9906,364,416,polygon,FALSE,TRUE,America/New_York,3
20715,Starks,Starks,LA,Louisiana,22019,Calcasieu,30.3105,-93.6667,364,40,polygon,FALSE,FALSE,America/Chicago,3
20716,Bethania,Bethania,NC,North Carolina,37067,Forsyth,36.1808,-80.3376,364,207,polygon,FALSE,TRUE,America/New_York,3
20717,McClusky,McClusky,ND,North Dakota,38083,Sheridan,47.484,-100.4426,364,378,polygon,FALSE,TRUE,America/Chicago,3
20718,Diablo,Diablo,CA,California,6013,Contra Costa,37.8408,-121.9565,364,103,polygon,FALSE,FALSE,America/Los_Angeles,3
20719,Pleasant Plains,Pleasant Plains,AR,Arkansas,5063,Independence,35.5545,-91.6274,364,138,polygon,FALSE,TRUE,America/Chicago,3
20720,Good Hope,Good Hope,IL,Illinois,17109,McDonough,40.5574,-90.6752,364,468,polygon,FALSE,TRUE,America/Chicago,3
20721,Latham,Latham,IL,Illinois,17107,Logan,39.9669,-89.1623,364,514,polygon,FALSE,TRUE,America/Chicago,3
20722,Churdan,Churdan,IA,Iowa,19073,Greene,42.1539,-94.4786,364,66,polygon,FALSE,TRUE,America/Chicago,3
20723,Steamboat,Steamboat,AZ,Arizona,4001,Apache,35.7535,-109.8504,364,58,polygon,FALSE,FALSE,America/Denver,3
20724,Arimo,Arimo,ID,Idaho,16005,Bannock,42.5598,-112.1726,364,339,polygon,FALSE,TRUE,America/Boise,3
20725,South Solon,South Solon,OH,Ohio,39097,Madison,39.7374,-83.6127,364,581,polygon,FALSE,TRUE,America/New_York,3
20726,Hoytsville,Hoytsville,UT,Utah,49043,Summit,40.8754,-111.3846,364,31,polygon,FALSE,FALSE,America/Denver,3
20727,Lower Elochoman,Lower Elochoman,WA,Washington,53069,Wahkiakum,46.2185,-123.3698,363,92,polygon,FALSE,TRUE,America/Los_Angeles,3
20728,Outlook,Outlook,WA,Washington,53077,Yakima,46.3311,-120.0927,363,1081,polygon,FALSE,FALSE,America/Los_Angeles,3
20729,Ellenboro,Ellenboro,WV,West Virginia,54085,Ritchie,39.2678,-81.0551,363,124,polygon,FALSE,TRUE,America/New_York,3
20730,Canjilon,Canjilon,NM,New Mexico,35039,Rio Arriba,36.484,-106.4334,363,43,polygon,FALSE,FALSE,America/Denver,3
20731,Coyote Flats,Coyote Flats,TX,Texas,48251,Johnson,32.3528,-97.2944,363,42,polygon,FALSE,TRUE,America/Chicago,3
20732,New Home,New Home,TX,Texas,48305,Lynn,33.3269,-101.9117,363,139,polygon,FALSE,TRUE,America/Chicago,3
20733,Singer,Singer,LA,Louisiana,22011,Beauregard,30.6512,-93.4117,363,20,polygon,FALSE,FALSE,America/Chicago,3
20734,Merna,Merna,NE,Nebraska,31041,Custer,41.4853,-99.761,363,261,polygon,FALSE,TRUE,America/Chicago,3
20735,Kennedy,Kennedy,NY,New York,36013,Chautauqua,42.159,-79.0982,363,68,polygon,FALSE,FALSE,America/New_York,3
20736,Ben Avon Heights,Ben Avon Heights,PA,Pennsylvania,42003,Allegheny,40.5125,-80.0731,363,808,polygon,FALSE,TRUE,America/New_York,3
20737,Centerport,Centerport,PA,Pennsylvania,42011,Berks,40.4865,-76.0056,363,805,polygon,FALSE,TRUE,America/New_York,3
20738,Mexican Colony,Mexican Colony,CA,California,6029,Kern,35.4689,-119.2687,363,4410,polygon,FALSE,FALSE,America/Los_Angeles,2
20739,Dyess,Dyess,AR,Arkansas,5093,Mississippi,35.5894,-90.2133,363,145,polygon,FALSE,TRUE,America/Chicago,3
20740,Dennard,Dennard,AR,Arkansas,5141,Van Buren,35.7498,-92.5394,363,6,polygon,FALSE,FALSE,America/Chicago,3
20741,Havana,Havana,AR,Arkansas,5149,Yell,35.1098,-93.526,363,233,polygon,FALSE,TRUE,America/Chicago,3
20742,Bowie,Bowie,AZ,Arizona,4003,Cochise,32.3247,-109.4843,363,82,polygon,FALSE,FALSE,America/Phoenix,3
20743,Clarington,Clarington,OH,Ohio,39111,Monroe,39.7763,-80.8647,363,122,polygon,FALSE,TRUE,America/New_York,3
20744,McGregor,McGregor,MN,Minnesota,27001,Aitkin,46.6087,-93.3055,363,65,polygon,FALSE,TRUE,America/Chicago,3
20745,Newfolden,Newfolden,MN,Minnesota,27089,Marshall,48.3568,-96.3298,363,137,polygon,FALSE,TRUE,America/Chicago,3
20746,Gagetown,Gagetown,MI,Michigan,26157,Tuscola,43.6572,-83.2449,363,142,polygon,FALSE,TRUE,America/Detroit,3
20747,Pedricktown,Pedricktown,NJ,New Jersey,34033,Salem,39.7612,-75.4077,362,155,polygon,FALSE,FALSE,America/New_York,3
20748,Villanueva,Villanueva,NM,New Mexico,35047,San Miguel,35.266,-105.3602,362,19,polygon,FALSE,FALSE,America/Denver,3
20749,Marble,Marble,NC,North Carolina,37039,Cherokee,35.1771,-83.9265,362,127,polygon,FALSE,FALSE,America/New_York,3
20750,Strasburg,Strasburg,ND,North Dakota,38029,Emmons,46.1336,-100.1604,362,476,polygon,FALSE,TRUE,America/Chicago,3
20751,Rockhill,Rockhill,PA,Pennsylvania,42061,Huntingdon,40.241,-77.8995,362,480,polygon,FALSE,TRUE,America/New_York,3
20752,Meadow Valley,Meadow Valley,CA,California,6063,Plumas,39.9322,-121.0831,362,16,polygon,FALSE,FALSE,America/Los_Angeles,3
20753,Norman,Norman,AR,Arkansas,5097,Montgomery,34.4584,-93.6791,362,124,polygon,FALSE,TRUE,America/Chicago,3
20754,Alto Pass,Alto Pass,IL,Illinois,17181,Union,37.5737,-89.3192,362,65,polygon,FALSE,TRUE,America/Chicago,3
20755,Livermore,Livermore,IA,Iowa,19091,Humboldt,42.868,-94.184,362,199,polygon,FALSE,TRUE,America/Chicago,3
20756,Plymouth,Plymouth,IA,Iowa,19033,Cerro Gordo,43.2464,-93.1232,362,319,polygon,FALSE,TRUE,America/Chicago,3
20757,Nichols,Nichols,IA,Iowa,19139,Muscatine,41.4797,-91.308,362,602,polygon,FALSE,TRUE,America/Chicago,3
20758,Clear Spring,Clear Spring,MD,Maryland,24043,Washington,39.6562,-77.9306,362,1216,polygon,FALSE,TRUE,America/New_York,3
20759,Butlertown,Butlertown,MD,Maryland,24029,Kent,39.282,-76.0991,362,163,polygon,FALSE,FALSE,America/New_York,3
20760,Taneyville,Taneyville,MO,Missouri,29213,Taney,36.7377,-93.0355,362,308,polygon,FALSE,TRUE,America/Chicago,3
20761,Alvarado,Alvarado,MN,Minnesota,27089,Marshall,48.1929,-96.9985,362,669,polygon,FALSE,TRUE,America/Chicago,3
20762,Rosebush,Rosebush,MI,Michigan,26073,Isabella,43.6998,-84.7657,362,157,polygon,FALSE,TRUE,America/Detroit,3
20763,Sadieville,Sadieville,KY,Kentucky,21209,Scott,38.3881,-84.5494,362,129,polygon,FALSE,TRUE,America/New_York,3
20764,Bullhead,Bullhead,SD,South Dakota,46031,Corson,45.7693,-101.0808,362,46,polygon,FALSE,FALSE,America/Denver,3
20765,Wallula,Wallula,WA,Washington,53071,Walla Walla,46.0847,-118.9056,361,1330,polygon,FALSE,FALSE,America/Los_Angeles,3
20766,Pound,Pound,WI,Wisconsin,55075,Marinette,45.0956,-88.0334,361,161,polygon,FALSE,TRUE,America/Chicago,3
20767,La Valle,La Valle,WI,Wisconsin,55111,Sauk,43.583,-90.1303,361,351,polygon,FALSE,TRUE,America/Chicago,3
20768,Hester,Hester,LA,Louisiana,22093,St. James,30.0277,-90.771,361,40,polygon,FALSE,TRUE,America/Chicago,3
20769,Redford,Redford,NY,New York,36019,Clinton,44.6063,-73.8113,361,103,polygon,FALSE,FALSE,America/New_York,3
20770,Misquamicut,Misquamicut,RI,Rhode Island,44009,Washington,41.3237,-71.822,361,118,polygon,FALSE,FALSE,America/New_York,3
20771,Western Grove,Western Grove,AR,Arkansas,5101,Newton,36.1011,-92.9546,361,129,polygon,FALSE,TRUE,America/Chicago,3
20772,Sharpsburg,Sharpsburg,GA,Georgia,13077,Coweta,33.337,-84.6504,361,143,polygon,FALSE,TRUE,America/New_York,3
20773,Charlotte,Charlotte,IA,Iowa,19045,Clinton,41.9621,-90.4682,361,242,polygon,FALSE,TRUE,America/Chicago,3
20774,Shaft,Shaft,MD,Maryland,24001,Allegany,39.6265,-78.9384,361,177,polygon,FALSE,TRUE,America/New_York,3
20775,Port Jefferson,Port Jefferson,OH,Ohio,39149,Shelby,40.3305,-84.0925,361,914,polygon,FALSE,TRUE,America/New_York,3
20776,Nett Lake,Nett Lake,MN,Minnesota,27137,St. Louis,48.1146,-93.0811,361,81,polygon,FALSE,FALSE,America/Chicago,3
20777,Interlochen,Interlochen,MI,Michigan,26055,Grand Traverse,44.6497,-85.7678,361,112,polygon,FALSE,FALSE,America/Detroit,3
20778,Odessa,Odessa,DE,Delaware,10003,New Castle,39.4562,-75.6605,360,273,polygon,FALSE,TRUE,America/New_York,3
20779,Rock Springs,Rock Springs,WI,Wisconsin,55111,Sauk,43.479,-89.9177,360,106,polygon,FALSE,TRUE,America/Chicago,3
20780,South La Paloma,South La Paloma,TX,Texas,48249,Jim Wells,27.8947,-97.9685,360,95,polygon,FALSE,TRUE,America/Chicago,3
20781,Chataignier,Chataignier,LA,Louisiana,22039,Evangeline,30.5696,-92.3168,360,221,polygon,FALSE,TRUE,America/Chicago,3
20782,Newtok,Newtok,AK,Alaska,2050,Bethel,60.9341,-164.6385,360,104,polygon,FALSE,FALSE,America/Nome,3
20783,Cedar Rapids,Cedar Rapids,NE,Nebraska,31011,Boone,41.5589,-98.1493,360,387,polygon,FALSE,TRUE,America/Chicago,3
20784,Nickelsville,Nickelsville,VA,Virginia,51169,Scott,36.7517,-82.416,360,290,polygon,FALSE,TRUE,America/New_York,3
20785,Cedarville,Cedarville,CA,California,6049,Modoc,41.528,-120.1748,360,25,polygon,FALSE,FALSE,America/Los_Angeles,3
20786,Cash,Cash,AR,Arkansas,5031,Craighead,35.8013,-90.9315,360,378,polygon,FALSE,TRUE,America/Chicago,3
20787,Clarkedale,Clarkedale,AR,Arkansas,5035,Crittenden,35.297,-90.2103,360,12,polygon,FALSE,TRUE,America/Chicago,3
20788,Yatesville,Yatesville,GA,Georgia,13293,Upson,32.9133,-84.1423,360,161,polygon,FALSE,TRUE,America/New_York,3
20789,Fertile,Fertile,IA,Iowa,19195,Worth,43.2623,-93.4232,360,148,polygon,FALSE,TRUE,America/Chicago,3
20790,Garrison,Garrison,IA,Iowa,19011,Benton,42.1451,-92.1442,360,451,polygon,FALSE,TRUE,America/Chicago,3
20791,Lake Viking,Lake Viking,MO,Missouri,29061,Daviess,39.9253,-94.0692,360,17,polygon,FALSE,TRUE,America/Chicago,3
20792,Cuyuna,Cuyuna,MN,Minnesota,27035,Crow Wing,46.5115,-93.9265,360,42,polygon,FALSE,TRUE,America/Chicago,3
20793,Florence,Florence,SD,South Dakota,46029,Codington,45.0548,-97.3262,360,200,polygon,FALSE,TRUE,America/Chicago,3
20794,Skillman,Skillman,NJ,New Jersey,34035,Somerset,40.4247,-74.7139,359,94,polygon,FALSE,FALSE,America/New_York,3
20795,Ramah,Ramah,NM,New Mexico,35031,McKinley,35.1375,-108.4861,359,36,polygon,FALSE,FALSE,America/Denver,3
20796,Rodey,Rodey,NM,New Mexico,35013,Doña Ana,32.6538,-107.1358,359,245,polygon,FALSE,FALSE,America/Denver,3
20797,Loop,Loop,TX,Texas,48165,Gaines,32.9142,-102.4147,359,39,polygon,FALSE,FALSE,America/Chicago,3
20798,Fenton,Fenton,LA,Louisiana,22053,Jefferson Davis,30.3638,-92.9164,359,334,polygon,FALSE,TRUE,America/Chicago,3
20799,Ruffin,Ruffin,NC,North Carolina,37157,Rockingham,36.4428,-79.5433,359,30,polygon,FALSE,FALSE,America/New_York,3
20800,Fairmount,Fairmount,ND,North Dakota,38077,Richland,46.0547,-96.6029,359,418,polygon,FALSE,TRUE,America/Chicago,3
20801,Pleasanton,Pleasanton,NE,Nebraska,31019,Buffalo,40.9698,-99.0876,359,410,polygon,FALSE,TRUE,America/Chicago,3
20802,Cragsmoor,Cragsmoor,NY,New York,36111,Ulster,41.6664,-74.3905,359,29,polygon,FALSE,FALSE,America/New_York,3
20803,West Falls,West Falls,PA,Pennsylvania,42131,Wyoming,41.453,-75.8605,359,128,polygon,FALSE,FALSE,America/New_York,3
20804,Goldfield,Goldfield,NV,Nevada,32009,Esmeralda,37.7121,-117.2378,359,93,polygon,FALSE,FALSE,America/Los_Angeles,3
20805,Jeffersonville,Jeffersonville,IL,Illinois,17191,Wayne,38.4425,-88.404,359,136,polygon,FALSE,TRUE,America/Chicago,3
20806,Ila,Ila,GA,Georgia,13195,Madison,34.1728,-83.293,359,180,polygon,FALSE,TRUE,America/New_York,3
20807,Wanette,Wanette,OK,Oklahoma,40125,Pottawatomie,34.9627,-97.0319,359,325,polygon,FALSE,TRUE,America/Chicago,3
20808,Wardell,Wardell,MO,Missouri,29155,Pemiscot,36.354,-89.817,359,490,polygon,FALSE,TRUE,America/Chicago,3
20809,Pilger,Pilger,NE,Nebraska,31167,Stanton,42.0077,-97.0546,358,468,polygon,FALSE,TRUE,America/Chicago,3
20810,Lakeview,Lakeview,NE,Nebraska,31141,Platte,41.4998,-97.3775,358,226,polygon,FALSE,TRUE,America/Chicago,3
20811,Glendon,Glendon,PA,Pennsylvania,42095,Northampton,40.6607,-75.2364,358,224,polygon,FALSE,TRUE,America/New_York,3
20812,Grimes,Grimes,CA,California,6011,Colusa,39.0742,-121.8988,358,61,polygon,FALSE,FALSE,America/Los_Angeles,3
20813,Malcolm,Malcolm,AL,Alabama,1129,Washington,31.1945,-88.0016,358,58,polygon,FALSE,FALSE,America/Chicago,3
20814,Amboy,Amboy,IN,Indiana,18103,Miami,40.6017,-85.9271,358,415,polygon,FALSE,TRUE,America/Indiana/Indianapolis,3
20815,Benedict,Benedict,MD,Maryland,24017,Charles,38.5116,-76.6797,358,591,polygon,FALSE,FALSE,America/New_York,3
20816,Carmen,Carmen,OK,Oklahoma,40003,Alfalfa,36.5791,-98.4578,358,91,polygon,FALSE,TRUE,America/Chicago,3
20817,Irondale,Irondale,OH,Ohio,39081,Jefferson,40.5728,-80.7259,358,95,polygon,FALSE,TRUE,America/New_York,3
20818,Marlboro,Marlboro,OH,Ohio,39151,Stark,40.9504,-81.2166,358,321,polygon,FALSE,FALSE,America/New_York,3
20819,Joseph,Joseph,UT,Utah,49041,Sevier,38.6247,-112.2199,358,152,polygon,FALSE,TRUE,America/Denver,3
20820,Bunceton,Bunceton,MO,Missouri,29053,Cooper,38.7894,-92.7992,358,146,polygon,FALSE,TRUE,America/Chicago,3
20821,Gaines,Gaines,MI,Michigan,26049,Genesee,42.8725,-83.9108,358,370,polygon,FALSE,TRUE,America/Detroit,3
20822,Riverbend,Riverbend,MT,Montana,30061,Mineral,47.1472,-114.8318,358,35,polygon,FALSE,FALSE,America/Denver,3
20823,Gamaliel,Gamaliel,KY,Kentucky,21171,Monroe,36.6402,-85.7963,358,244,polygon,FALSE,TRUE,America/Chicago,3
20824,Hunters Hollow,Hunters Hollow,KY,Kentucky,21029,Bullitt,38.0784,-85.6934,358,1922,polygon,FALSE,TRUE,America/New_York,3
20825,Fairwater,Fairwater,WI,Wisconsin,55039,Fond du Lac,43.7424,-88.868,357,187,polygon,FALSE,TRUE,America/Chicago,3
20826,Crystal,Crystal,NM,New Mexico,35045,San Juan,36.0281,-108.9911,357,31,polygon,FALSE,FALSE,America/Denver,3
20827,Lake Meredith Estates,Lake Meredith Estates,TX,Texas,48233,Hutchinson,35.6639,-101.6027,357,163,polygon,FALSE,TRUE,America/Chicago,3
20828,South Mansfield,South Mansfield,LA,Louisiana,22031,De Soto,32.0181,-93.7237,357,202,polygon,FALSE,TRUE,America/Chicago,3
20829,Nenana,Nenana,AK,Alaska,2290,Yukon-Koyukuk,64.5384,-149.0859,357,23,polygon,FALSE,TRUE,America/Anchorage,3
20830,Moose Pass,Moose Pass,AK,Alaska,2122,Kenai Peninsula,60.4997,-149.4464,357,7,polygon,FALSE,FALSE,America/Anchorage,3
20831,Silver Creek,Silver Creek,NE,Nebraska,31121,Merrick,41.3152,-97.6651,357,500,polygon,FALSE,TRUE,America/Chicago,3
20832,Woodland Mills,Woodland Mills,TN,Tennessee,47131,Obion,36.4767,-89.1105,357,108,polygon,FALSE,TRUE,America/Chicago,3
20833,Iron Gate,Iron Gate,VA,Virginia,51005,Alleghany,37.7985,-79.7903,357,417,polygon,FALSE,TRUE,America/New_York,3
20834,Viola,Viola,AR,Arkansas,5049,Fulton,36.3968,-91.9863,357,87,polygon,FALSE,TRUE,America/Chicago,3
20835,Cobbtown,Cobbtown,GA,Georgia,13267,Tattnall,32.2806,-82.1387,357,206,polygon,FALSE,TRUE,America/New_York,3
20836,Shelby,Shelby,IN,Indiana,18089,Lake,41.1934,-87.3426,357,107,polygon,FALSE,FALSE,America/Chicago,3
20837,Tremont City,Tremont City,OH,Ohio,39023,Clark,40.0148,-83.8388,357,622,polygon,FALSE,TRUE,America/New_York,3
20838,Olde West Chester,Olde West Chester,OH,Ohio,39017,Butler,39.3353,-84.4034,357,385,polygon,FALSE,FALSE,America/New_York,3
20839,Henrietta,Henrietta,MO,Missouri,29177,Ray,39.2371,-93.9384,357,231,polygon,FALSE,TRUE,America/Chicago,3
20840,Gilman City,Gilman City,MO,Missouri,29081,Harrison,40.1311,-93.8739,357,163,polygon,FALSE,TRUE,America/Chicago,3
20841,Adams,Adams,OR,Oregon,41059,Umatilla,45.7663,-118.5641,357,387,polygon,FALSE,TRUE,America/Los_Angeles,3
20842,Renner Corner,Renner Corner,SD,South Dakota,46099,Minnehaha,43.6524,-96.7044,357,107,polygon,FALSE,FALSE,America/Chicago,3
20843,Laona,Laona,WI,Wisconsin,55041,Forest,45.5597,-88.6697,356,70,polygon,FALSE,FALSE,America/Chicago,3
20844,Esto,Esto,FL,Florida,12059,Holmes,30.9819,-85.6429,356,63,polygon,FALSE,TRUE,America/Chicago,3
20845,Brazos Bend,Brazos Bend,TX,Texas,48221,Hood,32.4752,-97.7611,356,218,polygon,FALSE,FALSE,America/Chicago,3
20846,Atkinson,Atkinson,NC,North Carolina,37141,Pender,34.5275,-78.1697,356,138,polygon,FALSE,TRUE,America/New_York,3
20847,Lewisberry,Lewisberry,PA,Pennsylvania,42133,York,40.1357,-76.8609,356,989,polygon,FALSE,TRUE,America/New_York,3
20848,West Waynesburg,West Waynesburg,PA,Pennsylvania,42059,Greene,39.9001,-80.2006,356,636,polygon,FALSE,FALSE,America/New_York,3
20849,Cressey,Cressey,CA,California,6047,Merced,37.421,-120.6556,356,78,polygon,FALSE,FALSE,America/Los_Angeles,3
20850,Vina,Vina,AL,Alabama,1059,Franklin,34.3757,-88.0602,356,28,polygon,FALSE,TRUE,America/Chicago,3
20851,Bonfield,Bonfield,IL,Illinois,17091,Kankakee,41.145,-88.054,356,279,polygon,FALSE,TRUE,America/Chicago,3
20852,Scales Mound,Scales Mound,IL,Illinois,17085,Jo Daviess,42.475,-90.2525,356,218,polygon,FALSE,TRUE,America/Chicago,3
20853,Ludlow,Ludlow,IL,Illinois,17019,Champaign,40.3866,-88.1259,356,345,polygon,FALSE,TRUE,America/Chicago,3
20854,Ransom,Ransom,IL,Illinois,17099,LaSalle,41.1586,-88.6542,356,137,polygon,FALSE,TRUE,America/Chicago,3
20855,Russellville,Russellville,IN,Indiana,18133,Putnam,39.8569,-86.9834,356,682,polygon,FALSE,TRUE,America/Indiana/Indianapolis,3
20856,Beaver Creek,Beaver Creek,MD,Maryland,24043,Washington,39.5786,-77.6477,356,210,polygon,FALSE,FALSE,America/New_York,3
20857,Vernon,Vernon,UT,Utah,49045,Tooele,40.0956,-112.4457,356,17,polygon,FALSE,TRUE,America/Denver,3
20858,Rolla,Rolla,KS,Kansas,20129,Morton,37.1179,-101.6317,356,368,polygon,FALSE,TRUE,America/Chicago,3
20859,Boneau,Boneau,MT,Montana,30015,Chouteau,48.2926,-109.8632,356,57,polygon,FALSE,FALSE,America/Denver,3
20860,Tishomingo,Tishomingo,MS,Mississippi,28141,Tishomingo,34.6381,-88.2291,356,161,polygon,FALSE,TRUE,America/Chicago,3
20861,Idaville,Idaville,OR,Oregon,41057,Tillamook,45.5097,-123.8633,356,281,polygon,FALSE,FALSE,America/Los_Angeles,3
20862,Butternut,Butternut,WI,Wisconsin,55003,Ashland,46.0138,-90.4988,355,93,polygon,FALSE,TRUE,America/Chicago,3
20863,Matheny,Matheny,WV,West Virginia,54109,Wyoming,37.664,-81.5985,355,39,polygon,FALSE,FALSE,America/New_York,3
20864,Cashion Community,Cashion Community,TX,Texas,48485,Wichita,34.0365,-98.5081,355,72,polygon,FALSE,TRUE,America/Chicago,3
20865,Kirkwood,Kirkwood,PA,Pennsylvania,42071,Lancaster,39.8539,-76.0798,355,61,polygon,FALSE,FALSE,America/New_York,3
20866,Trinidad,Trinidad,CA,California,6023,Humboldt,41.0589,-124.1434,355,282,polygon,FALSE,TRUE,America/Los_Angeles,3
20867,Salton Sea Beach,Salton Sea Beach,CA,California,6025,Imperial,33.3759,-116.0115,355,455,polygon,FALSE,FALSE,America/Los_Angeles,3
20868,Enola,Enola,AR,Arkansas,5045,Faulkner,35.1958,-92.2068,355,50,polygon,FALSE,TRUE,America/Chicago,3
20869,Secor,Secor,IL,Illinois,17203,Woodford,40.7417,-89.135,355,472,polygon,FALSE,TRUE,America/Chicago,3
20870,Sigel,Sigel,IL,Illinois,17173,Shelby,39.2257,-88.4945,355,487,polygon,FALSE,TRUE,America/Chicago,3
20871,Pinehurst,Pinehurst,GA,Georgia,13093,Dooly,32.1955,-83.7596,355,134,polygon,FALSE,TRUE,America/New_York,3
20872,Briggs,Briggs,OK,Oklahoma,40021,Cherokee,35.921,-94.9,355,35,polygon,FALSE,FALSE,America/Chicago,3
20873,Vanlue,Vanlue,OH,Ohio,39063,Hancock,40.9751,-83.4824,355,392,polygon,FALSE,TRUE,America/New_York,3
20874,Green Camp,Green Camp,OH,Ohio,39101,Marion,40.5321,-83.2076,355,405,polygon,FALSE,TRUE,America/New_York,3
20875,Mineral Point,Mineral Point,MO,Missouri,29221,Washington,37.9455,-90.7247,355,571,polygon,FALSE,TRUE,America/Chicago,3
20876,Crystal Lakes,Crystal Lakes,MO,Missouri,29177,Ray,39.3606,-94.1874,355,126,polygon,FALSE,TRUE,America/Chicago,3
20877,Badger,Badger,MN,Minnesota,27135,Roseau,48.7768,-96.0212,355,102,polygon,FALSE,TRUE,America/Chicago,3
20878,Bandana,Bandana,KY,Kentucky,21007,Ballard,37.1447,-88.9418,355,72,polygon,FALSE,FALSE,America/Chicago,3
20879,Trilby,Trilby,FL,Florida,12101,Pasco,28.4565,-82.194,354,136,polygon,FALSE,FALSE,America/New_York,3
20880,Scottsville,Scottsville,TX,Texas,48203,Harrison,32.5319,-94.2465,354,103,polygon,FALSE,TRUE,America/Chicago,3
20881,Tazlina,Tazlina,AK,Alaska,2261,Valdez-Cordova,62.0536,-145.4362,354,16,polygon,FALSE,FALSE,America/Anchorage,3
20882,Cottontown,Cottontown,TN,Tennessee,47165,Sumner,36.449,-86.5336,354,38,polygon,FALSE,FALSE,America/Chicago,3
20883,New Deal,New Deal,TN,Tennessee,47165,Sumner,36.5139,-86.5629,354,72,polygon,FALSE,FALSE,America/Chicago,3
20884,Pierson,Pierson,IA,Iowa,19193,Woodbury,42.5428,-95.8653,354,221,polygon,FALSE,TRUE,America/Chicago,3
20885,Wheatfields,Wheatfields,AZ,Arizona,4007,Gila,33.4805,-110.8366,354,16,polygon,FALSE,TRUE,America/Phoenix,3
20886,Jennings,Jennings,OK,Oklahoma,40117,Pawnee,36.1823,-96.569,354,248,polygon,FALSE,TRUE,America/Chicago,3
20887,Katie,Katie,OK,Oklahoma,40049,Garvin,34.5833,-97.3389,354,6,polygon,FALSE,TRUE,America/Chicago,3
20888,Athalia,Athalia,OH,Ohio,39087,Lawrence,38.5126,-82.3093,354,199,polygon,FALSE,TRUE,America/New_York,3
20889,Milan,Milan,MN,Minnesota,27023,Chippewa,45.1125,-95.9117,354,192,polygon,FALSE,TRUE,America/Chicago,3
20890,Comfrey,Comfrey,MN,Minnesota,27015,Brown,44.1111,-94.9029,354,319,polygon,FALSE,TRUE,America/Chicago,3
20891,Belview,Belview,MN,Minnesota,27127,Redwood,44.6065,-95.3287,354,149,polygon,FALSE,TRUE,America/Chicago,3
20892,Simms,Simms,MT,Montana,30013,Cascade,47.4931,-111.9474,354,17,polygon,FALSE,FALSE,America/Denver,3
20893,Blunt,Blunt,SD,South Dakota,46065,Hughes,44.5159,-99.9885,354,280,polygon,FALSE,TRUE,America/Chicago,3
20894,Palisades,Palisades,TX,Texas,48381,Randall,35.0614,-101.8032,353,242,polygon,FALSE,TRUE,America/Chicago,3
20895,South Philipsburg,South Philipsburg,PA,Pennsylvania,42027,Centre,40.887,-78.2185,353,521,polygon,FALSE,FALSE,America/New_York,3
20896,Elrama,Elrama,PA,Pennsylvania,42125,Washington,40.2517,-79.9243,353,917,polygon,FALSE,FALSE,America/New_York,3
20897,Pocahontas,Pocahontas,VA,Virginia,51185,Tazewell,37.3071,-81.3438,353,239,polygon,FALSE,TRUE,America/New_York,3
20898,Grubbs,Grubbs,AR,Arkansas,5067,Jackson,35.654,-91.0755,353,240,polygon,FALSE,TRUE,America/Chicago,3
20899,Woodland,Woodland,GA,Georgia,13263,Talbot,32.7877,-84.5606,353,173,polygon,FALSE,TRUE,America/New_York,3
20900,Mooreland,Mooreland,IN,Indiana,18065,Henry,39.9974,-85.2513,353,949,polygon,FALSE,TRUE,America/Indiana/Indianapolis,3
20901,Breckenridge,Breckenridge,MO,Missouri,29025,Caldwell,39.7614,-93.8046,353,248,polygon,FALSE,TRUE,America/Chicago,3
20902,Darwin,Darwin,MN,Minnesota,27093,Meeker,45.0968,-94.4136,353,67,polygon,FALSE,TRUE,America/Chicago,3
20903,Askov,Askov,MN,Minnesota,27115,Pine,46.1886,-92.7824,353,108,polygon,FALSE,TRUE,America/Chicago,3
20904,Barryton,Barryton,MI,Michigan,26107,Mecosta,43.7505,-85.1436,353,142,polygon,FALSE,TRUE,America/Detroit,3
20905,Dowling,Dowling,MI,Michigan,26015,Barry,42.5227,-85.2531,353,22,polygon,FALSE,FALSE,America/Detroit,3
20906,Scandinavia,Scandinavia,WI,Wisconsin,55135,Waupaca,44.4608,-89.146,352,154,polygon,FALSE,TRUE,America/Chicago,3
20907,White Lake,White Lake,WI,Wisconsin,55067,Langlade,45.1617,-88.7704,352,64,polygon,FALSE,TRUE,America/Chicago,3
20908,Nakaibito,Nakaibito,NM,New Mexico,35031,McKinley,35.7826,-108.8039,352,19,polygon,FALSE,FALSE,America/Denver,3
20909,Oretta,Oretta,LA,Louisiana,22011,Beauregard,30.529,-93.4391,352,61,polygon,FALSE,FALSE,America/Chicago,3
20910,Hildreth,Hildreth,NE,Nebraska,31061,Franklin,40.3378,-99.0458,352,237,polygon,FALSE,TRUE,America/Chicago,3
20911,Rising City,Rising City,NE,Nebraska,31023,Butler,41.1983,-97.2974,352,374,polygon,FALSE,TRUE,America/Chicago,3
20912,Mahaffey,Mahaffey,PA,Pennsylvania,42033,Clearfield,40.8744,-78.7275,352,317,polygon,FALSE,TRUE,America/New_York,3
20913,Southview,Southview,PA,Pennsylvania,42125,Washington,40.332,-80.256,352,151,polygon,FALSE,FALSE,America/New_York,3
20914,New Galilee,New Galilee,PA,Pennsylvania,42007,Beaver,40.8335,-80.4009,352,491,polygon,FALSE,TRUE,America/New_York,3
20915,Minburn,Minburn,IA,Iowa,19049,Dallas,41.7575,-94.0284,352,528,polygon,FALSE,TRUE,America/Chicago,3
20916,Lacona,Lacona,IA,Iowa,19181,Warren,41.1901,-93.3851,352,411,polygon,FALSE,TRUE,America/Chicago,3
20917,Mowrystown,Mowrystown,OH,Ohio,39071,Highland,39.0405,-83.7518,352,281,polygon,FALSE,TRUE,America/New_York,3
20918,Raymondville,Raymondville,MO,Missouri,29215,Texas,37.3398,-91.8364,352,46,polygon,FALSE,TRUE,America/Chicago,3
20919,Vergas,Vergas,MN,Minnesota,27111,Otter Tail,46.6549,-95.8038,352,93,polygon,FALSE,TRUE,America/Chicago,3
20920,Oceanside,Oceanside,OR,Oregon,41057,Tillamook,45.4549,-123.961,352,130,polygon,FALSE,FALSE,America/Los_Angeles,3
20921,Nesika Beach,Nesika Beach,OR,Oregon,41015,Curry,42.5045,-124.4065,352,59,polygon,FALSE,FALSE,America/Los_Angeles,3
20922,Lost Bridge Village,Lost Bridge Village,AR,Arkansas,5007,Benton,36.3898,-93.9156,351,41,polygon,FALSE,FALSE,America/Chicago,3
20923,Prairie City,Prairie City,IL,Illinois,17109,McDonough,40.621,-90.4649,351,134,polygon,FALSE,TRUE,America/Chicago,3
20924,East Germantown,East Germantown,IN,Indiana,18177,Wayne,39.8133,-85.1369,351,1161,polygon,FALSE,TRUE,America/Indiana/Indianapolis,3
20925,Otwell,Otwell,IN,Indiana,18125,Pike,38.4566,-87.0959,351,75,polygon,FALSE,FALSE,America/Indiana/Vincennes,3
20926,Winkelman,Winkelman,AZ,Arizona,4007,Gila,32.9853,-110.7651,351,176,polygon,FALSE,TRUE,America/Phoenix,3
20927,Mardela Springs,Mardela Springs,MD,Maryland,24045,Wicomico,38.4589,-75.7567,351,333,polygon,FALSE,TRUE,America/New_York,3
20928,Downing,Downing,MO,Missouri,29197,Schuyler,40.4873,-92.3689,351,205,polygon,FALSE,TRUE,America/Chicago,3
20929,Calumet,Calumet,MN,Minnesota,27061,Itasca,47.3198,-93.2667,351,75,polygon,FALSE,TRUE,America/Chicago,3
20930,South Glastonbury,South Glastonbury,MT,Montana,30067,Park,45.3121,-110.8076,351,7,polygon,FALSE,FALSE,America/Denver,3
20931,North Woodstock,North Woodstock,NH,New Hampshire,33009,Grafton,44.0364,-71.6895,350,161,polygon,FALSE,FALSE,America/New_York,3
20932,Thompsons,Thompsons,TX,Texas,48157,Fort Bend,29.4906,-95.6304,350,27,polygon,FALSE,TRUE,America/Chicago,3
20933,St. John,St. John,ND,North Dakota,38079,Rolette,48.9438,-99.7132,350,305,polygon,FALSE,TRUE,America/Chicago,3
20934,Roca,Roca,NE,Nebraska,31109,Lancaster,40.6583,-96.6614,350,973,polygon,FALSE,TRUE,America/Chicago,3
20935,Ford Cliff,Ford Cliff,PA,Pennsylvania,42005,Armstrong,40.7608,-79.5357,350,1778,polygon,FALSE,TRUE,America/New_York,3
20936,Hiwassee,Hiwassee,VA,Virginia,51155,Pulaski,36.9682,-80.7044,350,26,polygon,FALSE,FALSE,America/New_York,3
20937,Belle Rive,Belle Rive,IL,Illinois,17081,Jefferson,38.2317,-88.7405,350,131,polygon,FALSE,TRUE,America/Chicago,3
20938,Lewisville,Lewisville,IN,Indiana,18065,Henry,39.8068,-85.3529,350,526,polygon,FALSE,TRUE,America/Indiana/Indianapolis,3
20939,Titanic,Titanic,OK,Oklahoma,40001,Adair,35.8889,-94.7434,350,25,polygon,FALSE,FALSE,America/Chicago,3
20940,Freeport,Freeport,OH,Ohio,39067,Harrison,40.2109,-81.2686,350,225,polygon,FALSE,TRUE,America/New_York,3
20941,Castle Valley,Castle Valley,UT,Utah,49019,Grand,38.6325,-109.3966,350,14,polygon,FALSE,TRUE,America/Denver,3
20942,Clarksburg,Clarksburg,MO,Missouri,29135,Moniteau,38.6611,-92.6661,350,234,polygon,FALSE,TRUE,America/Chicago,3
20943,Garfield,Garfield,MN,Minnesota,27041,Douglas,45.9387,-95.4942,350,167,polygon,FALSE,TRUE,America/Chicago,3
20944,Bairoa La Veinticinco,Bairoa La Veinticinco,PR,Puerto Rico,72025,Caguas,18.2635,-66.0211,350,1565,polygon,FALSE,TRUE,America/Puerto_Rico,3
20945,Bethune,Bethune,SC,South Carolina,45055,Kershaw,34.4143,-80.3487,350,122,polygon,FALSE,TRUE,America/New_York,3
20946,Warrens,Warrens,WI,Wisconsin,55081,Monroe,44.1287,-90.5155,349,90,polygon,FALSE,TRUE,America/Chicago,3
20947,Wheeler,Wheeler,WI,Wisconsin,55033,Dunn,45.0441,-91.9037,349,164,polygon,FALSE,TRUE,America/Chicago,3
20948,Kermit,Kermit,WV,West Virginia,54059,Mingo,37.8425,-82.4086,349,343,polygon,FALSE,TRUE,America/New_York,3
20949,Kukuihaele,Kukuihaele,HI,Hawaii,15001,Hawaii,20.1195,-155.5654,349,78,polygon,FALSE,FALSE,Pacific/Honolulu,3
20950,Wacissa,Wacissa,FL,Florida,12065,Jefferson,30.3566,-83.9937,349,32,polygon,FALSE,FALSE,America/New_York,3
20951,Trent,Trent,TX,Texas,48441,Taylor,32.4886,-100.1233,349,333,polygon,FALSE,TRUE,America/Chicago,3
20952,Roanoke,Roanoke,LA,Louisiana,22053,Jefferson Davis,30.2355,-92.7481,349,315,polygon,FALSE,FALSE,America/Chicago,3
20953,Max,Max,ND,North Dakota,38055,McLean,47.8204,-101.2911,349,172,polygon,FALSE,TRUE,America/Chicago,3
20954,Allen,Allen,NE,Nebraska,31051,Dixon,42.4144,-96.8432,349,362,polygon,FALSE,TRUE,America/Chicago,3
20955,Fredonia,Fredonia,AR,Arkansas,5117,Prairie,34.8197,-91.4102,349,140,polygon,FALSE,TRUE,America/Chicago,3
20956,Americus,Americus,IN,Indiana,18157,Tippecanoe,40.5254,-86.7476,349,106,polygon,FALSE,FALSE,America/Indiana/Indianapolis,3
20957,Clay Springs,Clay Springs,AZ,Arizona,4017,Navajo,34.3592,-110.3043,349,47,polygon,FALSE,FALSE,America/Phoenix,3
20958,Cumberland,Cumberland,OH,Ohio,39059,Guernsey,39.8535,-81.6587,349,277,polygon,FALSE,TRUE,America/New_York,3
20959,Canal Lewisville,Canal Lewisville,OH,Ohio,39031,Coshocton,40.299,-81.8402,349,322,polygon,FALSE,FALSE,America/New_York,3
20960,Pomona,Pomona,MO,Missouri,29091,Howell,36.8671,-91.9134,349,37,polygon,FALSE,FALSE,America/Chicago,3
20961,Buckatunna,Buckatunna,MS,Mississippi,28153,Wayne,31.5423,-88.5293,349,21,polygon,FALSE,FALSE,America/Chicago,3
20962,Valley Grove,Valley Grove,WV,West Virginia,54069,Ohio,40.0901,-80.569,348,245,polygon,FALSE,TRUE,America/New_York,3
20963,North Light Plant,North Light Plant,NM,New Mexico,35045,San Juan,36.8751,-108.0458,348,190,polygon,FALSE,TRUE,America/Denver,3
20964,Gladstone,Gladstone,ND,North Dakota,38089,Stark,46.8595,-102.57,348,369,polygon,FALSE,TRUE,America/Denver,3
20965,Blandburg,Blandburg,PA,Pennsylvania,42021,Cambria,40.6838,-78.4158,348,277,polygon,FALSE,FALSE,America/New_York,3
20966,Laceyville,Laceyville,PA,Pennsylvania,42131,Wyoming,41.6457,-76.1589,348,695,polygon,FALSE,TRUE,America/New_York,3
20967,Ellis Grove,Ellis Grove,IL,Illinois,17157,Randolph,38.0095,-89.9099,348,273,polygon,FALSE,TRUE,America/Chicago,3
20968,St. Martin,St. Martin,MN,Minnesota,27145,Stearns,45.5028,-94.6678,348,153,polygon,FALSE,TRUE,America/Chicago,3
20969,Puckett,Puckett,MS,Mississippi,28121,Rankin,32.0872,-89.7819,348,46,polygon,FALSE,TRUE,America/Chicago,3
20970,Seventh Mountain,Seventh Mountain,OR,Oregon,41017,Deschutes,44.005,-121.3825,348,69,polygon,FALSE,TRUE,America/Los_Angeles,3
20971,Stollings,Stollings,WV,West Virginia,54045,Logan,37.8409,-81.9624,347,372,polygon,FALSE,FALSE,America/New_York,3
20972,Mi Ranchito Estate,Mi Ranchito Estate,TX,Texas,48427,Starr,26.3878,-98.8733,347,427,polygon,FALSE,TRUE,America/Chicago,3
20973,Bellevue,Bellevue,TX,Texas,48077,Clay,33.6335,-98.0162,347,159,polygon,FALSE,TRUE,America/Chicago,3
20974,Bemus Point,Bemus Point,NY,New York,36013,Chautauqua,42.1635,-79.3895,347,307,polygon,FALSE,TRUE,America/New_York,3
20975,Dawson,Dawson,PA,Pennsylvania,42051,Fayette,40.0472,-79.6575,347,830,polygon,FALSE,TRUE,America/New_York,3
20976,Wilton,Wilton,AR,Arkansas,5081,Little River,33.7388,-94.148,347,104,polygon,FALSE,TRUE,America/Chicago,3
20977,Varna,Varna,IL,Illinois,17123,Marshall,41.0353,-89.2244,347,451,polygon,FALSE,TRUE,America/Chicago,3
20978,Hume,Hume,IL,Illinois,17045,Edgar,39.7981,-87.8686,347,236,polygon,FALSE,TRUE,America/Chicago,3
20979,Turin,Turin,GA,Georgia,13077,Coweta,33.3234,-84.6375,347,84,polygon,FALSE,TRUE,America/New_York,3
20980,Menlo,Menlo,IA,Iowa,19077,Guthrie,41.5222,-94.4043,347,285,polygon,FALSE,TRUE,America/Chicago,3
20981,Diamondhead Lake,Diamondhead Lake,IA,Iowa,19077,Guthrie,41.5489,-94.2593,347,214,polygon,FALSE,FALSE,America/Chicago,3
20982,Dexter,Dexter,MN,Minnesota,27099,Mower,43.7194,-92.7017,347,95,polygon,FALSE,TRUE,America/Chicago,3
20983,Ellsworth,Ellsworth,MI,Michigan,26009,Antrim,45.1665,-85.2435,347,179,polygon,FALSE,TRUE,America/Detroit,3
20984,Meadow Bridge,Meadow Bridge,WV,West Virginia,54019,Fayette,37.8613,-80.8561,346,329,polygon,FALSE,TRUE,America/New_York,3
20985,Leroy,Leroy,TX,Texas,48309,McLennan,31.7322,-97.0214,346,70,polygon,FALSE,TRUE,America/Chicago,3
20986,Newcastle,Newcastle,NE,Nebraska,31051,Dixon,42.6524,-96.874,346,394,polygon,FALSE,TRUE,America/Chicago,3
20987,Arona,Arona,PA,Pennsylvania,42129,Westmoreland,40.2683,-79.6579,346,255,polygon,FALSE,TRUE,America/New_York,3
20988,New Canton,New Canton,IL,Illinois,17149,Pike,39.637,-91.098,346,151,polygon,FALSE,TRUE,America/Chicago,3
20989,Callender,Callender,IA,Iowa,19187,Webster,42.3616,-94.2955,346,255,polygon,FALSE,TRUE,America/Chicago,3
20990,Rudd,Rudd,IA,Iowa,19067,Floyd,43.1275,-92.9046,346,153,polygon,FALSE,TRUE,America/Chicago,3
20991,Ryan,Ryan,IA,Iowa,19055,Delaware,42.3524,-91.4852,346,311,polygon,FALSE,TRUE,America/Chicago,3
20992,St. Elizabeth,St. Elizabeth,MO,Missouri,29131,Miller,38.256,-92.2665,346,128,polygon,FALSE,TRUE,America/Chicago,3
20993,St. Mary,St. Mary,MO,Missouri,29186,Ste. Genevieve,37.8737,-89.9497,346,222,polygon,FALSE,TRUE,America/Chicago,3
20994,Mindenmines,Mindenmines,MO,Missouri,29011,Barton,37.4728,-94.5889,346,36,polygon,FALSE,TRUE,America/Chicago,3
20995,Jeffers,Jeffers,MN,Minnesota,27033,Cottonwood,44.0559,-95.1953,346,344,polygon,FALSE,TRUE,America/Chicago,3
20996,Hersey,Hersey,MI,Michigan,26133,Osceola,43.8513,-85.4419,346,121,polygon,FALSE,TRUE,America/Detroit,3
20997,Mayetta,Mayetta,KS,Kansas,20085,Jackson,39.3386,-95.7216,346,790,polygon,FALSE,TRUE,America/Chicago,3
20998,South Haven,South Haven,KS,Kansas,20191,Sumner,37.0495,-97.4013,346,133,polygon,FALSE,TRUE,America/Chicago,3
20999,Friesland,Friesland,WI,Wisconsin,55021,Columbia,43.5886,-89.0669,345,133,polygon,FALSE,TRUE,America/Chicago,3
21000,Dallas,Dallas,WI,Wisconsin,55005,Barron,45.2591,-91.8142,345,92,polygon,FALSE,TRUE,America/Chicago,3
21001,Lisbon,Lisbon,FL,Florida,12069,Lake,28.8823,-81.7812,345,76,polygon,FALSE,FALSE,America/New_York,3
21002,Harvey Cedars,Harvey Cedars,NJ,New Jersey,34029,Ocean,39.6995,-74.1426,345,237,polygon,FALSE,TRUE,America/New_York,3
21003,Centerville,Centerville,NC,North Carolina,37069,Franklin,36.1865,-78.1113,345,81,polygon,FALSE,FALSE,America/New_York,3
21004,Orchard,Orchard,NE,Nebraska,31003,Antelope,42.337,-98.2412,345,296,polygon,FALSE,TRUE,America/Chicago,3
21005,Wilcox,Wilcox,NE,Nebraska,31099,Kearney,40.3641,-99.1694,345,246,polygon,FALSE,TRUE,America/Chicago,3
21006,Garden Farms,Garden Farms,CA,California,6079,San Luis Obispo,35.4158,-120.614,345,121,polygon,FALSE,FALSE,America/Los_Angeles,3
21007,Arley,Arley,AL,Alabama,1133,Winston,34.0886,-87.2074,345,35,polygon,FALSE,TRUE,America/Chicago,3
21008,Bigelow,Bigelow,AR,Arkansas,5105,Perry,34.9975,-92.6315,345,139,polygon,FALSE,TRUE,America/Chicago,3
21009,Wahpeton,Wahpeton,IA,Iowa,19059,Dickinson,43.3742,-95.1744,345,111,polygon,FALSE,TRUE,America/Chicago,3
21010,Lohrville,Lohrville,IA,Iowa,19025,Calhoun,42.2672,-94.5516,345,62,polygon,FALSE,TRUE,America/Chicago,3
21011,Navajo Mountain,Navajo Mountain,UT,Utah,49037,San Juan,37.047,-110.79,345,3,polygon,FALSE,FALSE,America/Denver,3
21012,Pattonsburg,Pattonsburg,MO,Missouri,29061,Daviess,40.0715,-94.106,345,219,polygon,FALSE,TRUE,America/Chicago,3
21013,Maynard,Maynard,MN,Minnesota,27023,Chippewa,44.9056,-95.4688,345,222,polygon,FALSE,TRUE,America/Chicago,3
21014,Beulah,Beulah,MI,Michigan,26019,Benzie,44.6292,-86.0964,345,321,polygon,FALSE,TRUE,America/Detroit,3
21015,Sodaville,Sodaville,OR,Oregon,41043,Linn,44.4831,-122.8691,345,431,polygon,FALSE,TRUE,America/Los_Angeles,3
21016,Hudson,Hudson,SD,South Dakota,46083,Lincoln,43.1301,-96.4556,345,471,polygon,FALSE,TRUE,America/Chicago,3
21017,Uniontown,Uniontown,WA,Washington,53075,Whitman,46.5391,-117.0861,344,143,polygon,FALSE,TRUE,America/Los_Angeles,3
21018,Nelson,Nelson,WI,Wisconsin,55011,Buffalo,44.4213,-92.0041,344,98,polygon,FALSE,TRUE,America/Chicago,3
21019,Granton,Granton,WI,Wisconsin,55019,Clark,44.5887,-90.4615,344,246,polygon,FALSE,TRUE,America/Chicago,3
21020,Juliustown,Juliustown,NJ,New Jersey,34005,Burlington,40.0121,-74.6715,344,111,polygon,FALSE,FALSE,America/New_York,3
21021,Gila,Gila,NM,New Mexico,35017,Grant,32.9485,-108.5762,344,14,polygon,FALSE,FALSE,America/Denver,3
21022,Channing,Channing,TX,Texas,48205,Hartley,35.6819,-102.3323,344,133,polygon,FALSE,TRUE,America/Chicago,3
21023,Tuleta,Tuleta,TX,Texas,48025,Bee,28.5767,-97.798,344,29,polygon,FALSE,FALSE,America/Chicago,3
21024,Tyonek,Tyonek,AK,Alaska,2122,Kenai Peninsula,61.0734,-151.3331,344,1,polygon,FALSE,FALSE,America/Anchorage,3
21025,Clarks,Clarks,NE,Nebraska,31121,Merrick,41.2164,-97.8396,344,423,polygon,FALSE,TRUE,America/Chicago,3
21026,Wallace,Wallace,NE,Nebraska,31111,Lincoln,40.8376,-101.1645,344,186,polygon,FALSE,TRUE,America/Chicago,3
21027,Corsica,Corsica,PA,Pennsylvania,42065,Jefferson,41.1817,-79.2027,344,329,polygon,FALSE,TRUE,America/New_York,3
21028,Napier Field,Napier Field,AL,Alabama,1045,Dale,31.3149,-85.4549,344,519,polygon,FALSE,TRUE,America/Chicago,3
21029,Bellflower,Bellflower,IL,Illinois,17113,McLean,40.3405,-88.5258,344,368,polygon,FALSE,TRUE,America/Chicago,3
21030,Sale City,Sale City,GA,Georgia,13205,Mitchell,31.2625,-84.0214,344,72,polygon,FALSE,TRUE,America/New_York,3
21031,Clear Lake,Clear Lake,IN,Indiana,18151,Steuben,41.7388,-84.8391,344,119,polygon,FALSE,TRUE,America/Detroit,3
21032,Universal,Universal,IN,Indiana,18165,Vermillion,39.6226,-87.4554,344,368,polygon,FALSE,TRUE,America/Indiana/Indianapolis,3
21033,Cincinnati,Cincinnati,IA,Iowa,19007,Appanoose,40.6309,-92.9222,344,76,polygon,FALSE,TRUE,America/Chicago,3
21034,Spillville,Spillville,IA,Iowa,19191,Winneshiek,43.2031,-91.9523,344,302,polygon,FALSE,TRUE,America/Chicago,3
21035,Farnhamville,Farnhamville,IA,Iowa,19025,Calhoun,42.2768,-94.4078,344,203,polygon,FALSE,TRUE,America/Chicago,3
21036,Pecktonville,Pecktonville,MD,Maryland,24043,Washington,39.6659,-78.0481,344,225,polygon,FALSE,FALSE,America/New_York,3
21037,Fargo,Fargo,OK,Oklahoma,40045,Ellis,36.3741,-99.6219,344,226,polygon,FALSE,TRUE,America/Chicago,3
21038,Agra,Agra,OK,Oklahoma,40081,Lincoln,35.895,-96.8702,344,354,polygon,FALSE,TRUE,America/Chicago,3
21039,Canton,Canton,MN,Minnesota,27045,Fillmore,43.5298,-91.9299,344,129,polygon,FALSE,TRUE,America/Chicago,3
21040,Lost Lake Woods,Lost Lake Woods,MI,Michigan,26001,Alcona,44.7926,-83.4223,344,26,polygon,FALSE,FALSE,America/Detroit,3
21041,Spokane Creek,Spokane Creek,MT,Montana,30007,Broadwater,46.5343,-111.7393,344,7,polygon,FALSE,TRUE,America/Denver,3
21042,Mansfield,Mansfield,WA,Washington,53017,Douglas,47.8119,-119.6379,343,409,polygon,FALSE,TRUE,America/Los_Angeles,3
21043,Sorrento,Sorrento,FL,Florida,12069,Lake,28.8087,-81.5631,343,106,polygon,FALSE,FALSE,America/New_York,3
21044,East Rocky Hill,East Rocky Hill,NJ,New Jersey,34035,Somerset,40.4079,-74.6128,343,31,polygon,FALSE,TRUE,America/New_York,3
21045,Anaktuvuk Pass,Anaktuvuk Pass,AK,Alaska,2185,North Slope,68.15,-151.7162,343,25,polygon,FALSE,TRUE,America/Anchorage,3
21046,Russian Mission,Russian Mission,AK,Alaska,2158,Kusilvak,61.7825,-161.3567,343,24,polygon,FALSE,TRUE,America/Anchorage,3
21047,Neche,Neche,ND,North Dakota,38067,Pembina,48.983,-97.5517,343,381,polygon,FALSE,TRUE,America/Chicago,3
21048,Castorland,Castorland,NY,New York,36049,Lewis,43.886,-75.5166,343,412,polygon,FALSE,TRUE,America/New_York,3
21049,Emerson,Emerson,AR,Arkansas,5027,Columbia,33.0973,-93.196,343,133,polygon,FALSE,TRUE,America/Chicago,3
21050,Orient,Orient,IL,Illinois,17055,Franklin,37.9176,-88.9773,343,177,polygon,FALSE,TRUE,America/Chicago,3
21051,Apple River,Apple River,IL,Illinois,17085,Jo Daviess,42.5022,-90.0937,343,187,polygon,FALSE,TRUE,America/Chicago,3
21052,Martinton,Martinton,IL,Illinois,17075,Iroquois,40.9154,-87.7264,343,482,polygon,FALSE,TRUE,America/Chicago,3
21053,Grantfork,Grantfork,IL,Illinois,17119,Madison,38.8289,-89.6665,343,392,polygon,FALSE,TRUE,America/Chicago,3
21054,New Ross,New Ross,IN,Indiana,18107,Montgomery,39.9646,-86.7142,343,443,polygon,FALSE,TRUE,America/Indiana/Indianapolis,3
21055,Earl Park,Earl Park,IN,Indiana,18007,Benton,40.6856,-87.42,343,143,polygon,FALSE,TRUE,America/Indiana/Indianapolis,3
21056,Lorimor,Lorimor,IA,Iowa,19175,Union,41.1268,-94.0571,343,349,polygon,FALSE,TRUE,America/Chicago,3
21057,Clearfield,Clearfield,IA,Iowa,19173,Taylor,40.8025,-94.4826,343,105,polygon,FALSE,TRUE,America/Chicago,3
21058,Conesville,Conesville,OH,Ohio,39031,Coshocton,40.1851,-81.892,343,951,polygon,FALSE,TRUE,America/New_York,3
21059,Annapolis,Annapolis,MO,Missouri,29093,Iron,37.3605,-90.6975,343,354,polygon,FALSE,TRUE,America/Chicago,3
21060,Keystone,Keystone,SD,South Dakota,46103,Pennington,43.8955,-103.4264,343,46,polygon,FALSE,TRUE,America/Denver,3
21061,Tennyson,Tennyson,WI,Wisconsin,55043,Grant,42.6907,-90.6868,342,306,polygon,FALSE,TRUE,America/Chicago,3
21062,Burlington,Burlington,WY,Wyoming,56003,Big Horn,44.4471,-108.432,342,130,polygon,FALSE,TRUE,America/Denver,3
21063,Darrouzett,Darrouzett,TX,Texas,48295,Lipscomb,36.4449,-100.3258,342,352,polygon,FALSE,TRUE,America/Chicago,3
21064,Morgan's Point,Morgan's Point,TX,Texas,48201,Harris,29.6765,-95.0027,342,86,polygon,FALSE,TRUE,America/Chicago,3
21065,Iredell,Iredell,TX,Texas,48035,Bosque,31.9866,-97.8719,342,294,polygon,FALSE,TRUE,America/Chicago,3
21066,Powhatan,Powhatan,VA,Virginia,51145,Powhatan,37.5427,-77.9267,342,63,polygon,FALSE,FALSE,America/New_York,3
21067,Newell,Newell,CA,California,6049,Modoc,41.8897,-121.3675,342,54,polygon,FALSE,FALSE,America/Los_Angeles,3
21068,White Plains,White Plains,GA,Georgia,13133,Greene,33.4807,-83.0372,342,26,polygon,FALSE,TRUE,America/New_York,3
21069,Pacific Junction,Pacific Junction,IA,Iowa,19129,Mills,41.018,-95.7995,342,174,polygon,FALSE,TRUE,America/Chicago,3
21070,Stotonic Village,Stotonic Village,AZ,Arizona,4021,Pinal,33.1528,-111.8167,342,26,polygon,FALSE,TRUE,America/Phoenix,3
21071,Creighton,Creighton,MO,Missouri,29037,Cass,38.4965,-94.072,342,382,polygon,FALSE,TRUE,America/Chicago,3
21072,Russell,Russell,MN,Minnesota,27083,Lyon,44.3199,-95.9474,342,143,polygon,FALSE,TRUE,America/Chicago,3
21073,Swanville,Swanville,MN,Minnesota,27097,Morrison,45.9162,-94.6388,342,250,polygon,FALSE,TRUE,America/Chicago,3
21074,Scandia,Scandia,KS,Kansas,20157,Republic,39.7969,-97.784,342,280,polygon,FALSE,TRUE,America/Chicago,3
21075,Neeses,Neeses,SC,South Carolina,45075,Orangeburg,33.5365,-81.1236,342,77,polygon,FALSE,TRUE,America/New_York,3
21076,Clallam Bay,Clallam Bay,WA,Washington,53009,Clallam,48.2536,-124.2579,341,232,polygon,FALSE,FALSE,America/Los_Angeles,3
21077,Reserve,Reserve,WI,Wisconsin,55113,Sawyer,45.8338,-91.3545,341,2,polygon,FALSE,FALSE,America/Chicago,3
21078,San Mateo,San Mateo,NM,New Mexico,35006,Cibola,35.3317,-107.6469,341,27,polygon,FALSE,FALSE,America/Denver,3
21079,Enchanted Oaks,Enchanted Oaks,TX,Texas,48213,Henderson,32.2667,-96.109,341,333,polygon,FALSE,TRUE,America/Chicago,3
21080,Elim,Elim,AK,Alaska,2180,Nome,64.6184,-162.2762,341,49,polygon,FALSE,TRUE,America/Nome,3
21081,Cameron,Cameron,NC,North Carolina,37125,Moore,35.3259,-79.254,341,108,polygon,FALSE,TRUE,America/New_York,3
21082,Wadsworth,Wadsworth,NY,New York,36051,Livingston,42.8214,-77.8939,341,257,polygon,FALSE,FALSE,America/New_York,3
21083,Fincastle,Fincastle,VA,Virginia,51023,Botetourt,37.4994,-79.8757,341,557,polygon,FALSE,TRUE,America/New_York,3
21084,Nectar,Nectar,AL,Alabama,1009,Blount,33.9686,-86.6346,341,72,polygon,FALSE,TRUE,America/Chicago,3
21085,Branch,Branch,AR,Arkansas,5047,Franklin,35.3075,-93.9556,341,42,polygon,FALSE,TRUE,America/Chicago,3
21086,Malden,Malden,IL,Illinois,17011,Bureau,41.4249,-89.3698,341,479,polygon,FALSE,TRUE,America/Chicago,3
21087,St. Peter,St. Peter,IL,Illinois,17051,Fayette,38.8676,-88.8503,341,252,polygon,FALSE,TRUE,America/Chicago,3
21088,New Point,New Point,IN,Indiana,18031,Decatur,39.3098,-85.3271,341,460,polygon,FALSE,TRUE,America/Indiana/Indianapolis,3
21089,Libertyville,Libertyville,IA,Iowa,19101,Jefferson,40.9583,-92.0502,341,270,polygon,FALSE,TRUE,America/Chicago,3
21090,Dietrich,Dietrich,ID,Idaho,16063,Lincoln,42.9127,-114.2663,341,406,polygon,FALSE,TRUE,America/Boise,3
21091,Sand Hill,Sand Hill,OK,Oklahoma,40101,Muskogee,35.6343,-95.2012,341,17,polygon,FALSE,TRUE,America/Chicago,3
21092,Marengo,Marengo,OH,Ohio,39117,Morrow,40.4008,-82.8109,341,781,polygon,FALSE,TRUE,America/New_York,3
21093,Ney,Ney,OH,Ohio,39039,Defiance,41.3806,-84.5212,341,336,polygon,FALSE,TRUE,America/New_York,3
21094,Harrisburg,Harrisburg,OH,Ohio,39049,Franklin,39.8107,-83.1686,341,849,polygon,FALSE,TRUE,America/New_York,3
21095,Strathmoor Manor,Strathmoor Manor,KY,Kentucky,21111,Jefferson,38.219,-85.6836,341,2316,polygon,FALSE,TRUE,America/New_York,2
21096,Manitou,Manitou,KY,Kentucky,21107,Hopkins,37.3754,-87.5782,341,199,polygon,FALSE,FALSE,America/Chicago,3
21097,Minocqua,Minocqua,WI,Wisconsin,55085,Oneida,45.8788,-89.7032,340,202,polygon,FALSE,FALSE,America/Chicago,3
21098,Salt Rock,Salt Rock,WV,West Virginia,54011,Cabell,38.3243,-82.2172,340,42,polygon,FALSE,FALSE,America/New_York,3
21099,Anderson,Anderson,AK,Alaska,2068,Denali,64.3074,-149.1562,340,3,polygon,FALSE,TRUE,America/Anchorage,3
21100,Santee,Santee,NE,Nebraska,31107,Knox,42.8386,-97.8495,340,232,polygon,FALSE,TRUE,America/Chicago,3
21101,Olney Springs,Olney Springs,CO,Colorado,8025,Crowley,38.1663,-103.9445,340,545,polygon,FALSE,TRUE,America/Denver,3
21102,Baldwin,Baldwin,IL,Illinois,17157,Randolph,38.1838,-89.8451,340,197,polygon,FALSE,TRUE,America/Chicago,3
21103,Danbury,Danbury,IA,Iowa,19193,Woodbury,42.2364,-95.7216,340,324,polygon,FALSE,TRUE,America/Chicago,3
21104,Greensburg,Greensburg,MD,Maryland,24043,Washington,39.6806,-77.5615,340,324,polygon,FALSE,FALSE,America/New_York,3
21105,Patrick,Patrick,SC,South Carolina,45025,Chesterfield,34.5752,-80.0446,340,136,polygon,FALSE,TRUE,America/New_York,3
21106,Payne Gap,Payne Gap,KY,Kentucky,21133,Letcher,37.1508,-82.667,340,57,polygon,FALSE,FALSE,America/New_York,3
21107,Mount Calm,Mount Calm,TX,Texas,48217,Hill,31.7566,-96.8818,339,159,polygon,FALSE,TRUE,America/Chicago,3
21108,Tununak,Tununak,AK,Alaska,2050,Bethel,60.579,-165.2077,339,2,polygon,FALSE,FALSE,America/Nome,3
21109,Stanton,Stanton,ND,North Dakota,38057,Mercer,47.3187,-101.3821,339,368,polygon,FALSE,TRUE,America/North_Dakota/Beulah,3
21110,Clayville,Clayville,NY,New York,36065,Oneida,42.9754,-75.2488,339,298,polygon,FALSE,TRUE,America/New_York,3
21111,St. Michael,St. Michael,PA,Pennsylvania,42021,Cambria,40.3272,-78.7701,339,125,polygon,FALSE,FALSE,America/New_York,3
21112,Blue Diamond,Blue Diamond,NV,Nevada,32003,Clark,36.04,-115.4128,339,18,polygon,FALSE,FALSE,America/Los_Angeles,3
21113,Eastville,Eastville,VA,Virginia,51131,Northampton,37.3511,-75.9416,339,166,polygon,FALSE,TRUE,America/New_York,3
21114,Mitchellville,Mitchellville,AR,Arkansas,5041,Desha,33.9053,-91.4983,339,1086,polygon,FALSE,TRUE,America/Chicago,3
21115,Biggers,Biggers,AR,Arkansas,5121,Randolph,36.3319,-90.8052,339,130,polygon,FALSE,TRUE,America/Chicago,3
21116,Fayetteville,Fayetteville,IL,Illinois,17163,St. Clair,38.3778,-89.7966,339,442,polygon,FALSE,TRUE,America/Chicago,3
21117,Burnettsville,Burnettsville,IN,Indiana,18181,White,40.7612,-86.5947,339,175,polygon,FALSE,TRUE,America/Indiana/Indianapolis,3
21118,Ute,Ute,IA,Iowa,19133,Monona,42.05,-95.7058,339,332,polygon,FALSE,TRUE,America/Chicago,3
21119,Pisinemo,Pisinemo,AZ,Arizona,4019,Pima,32.0349,-112.3192,339,57,polygon,FALSE,FALSE,America/Phoenix,3
21120,Ceylon,Ceylon,MN,Minnesota,27091,Martin,43.5326,-94.6305,339,256,polygon,FALSE,TRUE,America/Chicago,3
21121,Ruby,Ruby,SC,South Carolina,45025,Chesterfield,34.7461,-80.1799,339,53,polygon,FALSE,TRUE,America/New_York,3
21122,Oneida,Oneida,KY,Kentucky,21051,Clay,37.2701,-83.6496,339,64,polygon,FALSE,FALSE,America/New_York,3
21123,Kiana,Kiana,AK,Alaska,2188,Northwest Arctic,66.9726,-160.4344,338,693,polygon,FALSE,TRUE,America/Anchorage,3
21124,Niobrara,Niobrara,NE,Nebraska,31107,Knox,42.7499,-98.0317,338,179,polygon,FALSE,TRUE,America/Chicago,3
21125,Yankee Hill,Yankee Hill,NE,Nebraska,31109,Lancaster,40.7674,-96.7364,338,45,polygon,FALSE,FALSE,America/Chicago,3
21126,Greigsville,Greigsville,NY,New York,36051,Livingston,42.8307,-77.9015,338,183,polygon,FALSE,FALSE,America/New_York,3
21127,Franklin,Franklin,NY,New York,36025,Delaware,42.3416,-75.1659,338,385,polygon,FALSE,TRUE,America/New_York,3
21128,Narrowsburg,Narrowsburg,NY,New York,36105,Sullivan,41.6006,-75.0579,338,95,polygon,FALSE,FALSE,America/New_York,3
21129,New Albany,New Albany,PA,Pennsylvania,42015,Bradford,41.6002,-76.4444,338,281,polygon,FALSE,TRUE,America/New_York,3
21130,Burnt Ranch,Burnt Ranch,CA,California,6105,Trinity,40.811,-123.5082,338,9,polygon,FALSE,FALSE,America/Los_Angeles,3
21131,Wharton,Wharton,OH,Ohio,39175,Wyandot,40.8613,-83.4648,338,103,polygon,FALSE,TRUE,America/New_York,3
21132,Aquilla,Aquilla,OH,Ohio,39055,Geauga,41.5465,-81.173,338,884,polygon,FALSE,TRUE,America/New_York,3
21133,Howardville,Howardville,MO,Missouri,29143,New Madrid,36.5684,-89.5972,338,571,polygon,FALSE,TRUE,America/Chicago,3
21134,Sharpsburg,Sharpsburg,KY,Kentucky,21011,Bath,38.2016,-83.9279,338,662,polygon,FALSE,TRUE,America/New_York,3
21135,Davy,Davy,WV,West Virginia,54047,McDowell,37.4759,-81.6474,337,102,polygon,FALSE,TRUE,America/New_York,3
21136,Bramwell,Bramwell,WV,West Virginia,54055,Mercer,37.327,-81.313,337,234,polygon,FALSE,TRUE,America/New_York,3
21137,Forest,Forest,LA,Louisiana,22123,West Carroll,32.7924,-91.4125,337,77,polygon,FALSE,TRUE,America/Chicago,3
21138,Dalton,Dalton,NY,New York,36051,Livingston,42.5422,-77.952,337,172,polygon,FALSE,FALSE,America/New_York,3
21139,Aristes,Aristes,PA,Pennsylvania,42037,Columbia,40.8155,-76.3395,337,349,polygon,FALSE,FALSE,America/New_York,3
21140,Hackneyville,Hackneyville,AL,Alabama,1123,Tallapoosa,33.0567,-85.9312,337,14,polygon,FALSE,FALSE,America/Chicago,3
21141,Twin Groves,Twin Groves,AR,Arkansas,5045,Faulkner,35.3187,-92.4253,337,28,polygon,FALSE,TRUE,America/Chicago,3
21142,Broadlands,Broadlands,IL,Illinois,17019,Champaign,39.9087,-87.9971,337,403,polygon,FALSE,TRUE,America/Chicago,3
21143,Scotland,Scotland,GA,Georgia,13271,Telfair,32.0472,-82.818,337,90,polygon,FALSE,TRUE,America/New_York,3
21144,Stilesville,Stilesville,IN,Indiana,18063,Hendricks,39.6372,-86.6343,337,348,polygon,FALSE,TRUE,America/Indiana/Indianapolis,3
21145,Cornish,Cornish,UT,Utah,49005,Cache,41.9717,-111.9565,337,24,polygon,FALSE,TRUE,America/Denver,3
21146,Tracy,Tracy,MO,Missouri,29165,Platte,39.3799,-94.7921,337,317,polygon,FALSE,TRUE,America/Chicago,3
21147,Bricelyn,Bricelyn,MN,Minnesota,27043,Faribault,43.5607,-93.8131,337,447,polygon,FALSE,TRUE,America/Chicago,3
21148,Gorham,Gorham,KS,Kansas,20167,Russell,38.8806,-99.0237,337,543,polygon,FALSE,TRUE,America/Chicago,3
21149,Big Clifty,Big Clifty,KY,Kentucky,21085,Grayson,37.5441,-86.1514,337,90,polygon,FALSE,FALSE,America/New_York,3
21150,Northfork,Northfork,WV,West Virginia,54047,McDowell,37.4196,-81.4274,336,134,polygon,FALSE,TRUE,America/New_York,3
21151,Kapalua,Kapalua,HI,Hawaii,15009,Maui,20.9959,-156.6418,336,26,polygon,FALSE,FALSE,Pacific/Honolulu,3
21152,Brooker,Brooker,FL,Florida,12007,Bradford,29.8877,-82.3327,336,246,polygon,FALSE,TRUE,America/New_York,3
21153,Seama,Seama,NM,New Mexico,35006,Cibola,35.0441,-107.5271,336,20,polygon,FALSE,FALSE,America/Denver,3
21154,Chamisal,Chamisal,NM,New Mexico,35055,Taos,36.1725,-105.7459,336,79,polygon,FALSE,FALSE,America/Denver,3
21155,Olmito and Olmito,Olmito and Olmito,TX,Texas,48427,Starr,26.34,-98.642,336,4649,polygon,FALSE,TRUE,America/Chicago,2
21156,Gulf,Gulf,NC,North Carolina,37037,Chatham,35.5597,-79.2807,336,142,polygon,FALSE,FALSE,America/New_York,3
21157,Bowbells,Bowbells,ND,North Dakota,38013,Burke,48.8037,-102.2471,336,155,polygon,FALSE,TRUE,America/Chicago,3
21158,Platte Center,Platte Center,NE,Nebraska,31141,Platte,41.5374,-97.4886,336,433,polygon,FALSE,TRUE,America/Chicago,3
21159,Freedom Plains,Freedom Plains,NY,New York,36027,Dutchess,41.6695,-73.7974,336,100,polygon,FALSE,FALSE,America/New_York,3
21160,Jeffersonville,Jeffersonville,NY,New York,36105,Sullivan,41.7799,-74.9298,336,317,polygon,FALSE,TRUE,America/New_York,3
21161,Boston,Boston,PA,Pennsylvania,42003,Allegheny,40.312,-79.8237,336,394,polygon,FALSE,FALSE,America/New_York,3
21162,Weston,Weston,PA,Pennsylvania,42079,Luzerne,40.9428,-76.1401,336,306,polygon,FALSE,FALSE,America/New_York,3
21163,Fort McDermitt,Fort McDermitt,NV,Nevada,32013,Humboldt,41.9656,-117.6392,336,7,polygon,FALSE,TRUE,America/Los_Angeles,3
21164,Claremont,Claremont,VA,Virginia,51181,Surry,37.2273,-76.9666,336,51,polygon,FALSE,TRUE,America/New_York,3
21165,Mason,Mason,IL,Illinois,17049,Effingham,38.9537,-88.6259,336,100,polygon,FALSE,TRUE,America/Chicago,3
21166,Terril,Terril,IA,Iowa,19059,Dickinson,43.3058,-94.9689,336,239,polygon,FALSE,TRUE,America/Chicago,3
21167,Massena,Massena,IA,Iowa,19029,Cass,41.2506,-94.7698,336,187,polygon,FALSE,TRUE,America/Chicago,3
21168,Bridge Creek,Bridge Creek,OK,Oklahoma,40051,Grady,35.2393,-97.7305,336,78,polygon,FALSE,TRUE,America/Chicago,3
21169,Bicknell,Bicknell,UT,Utah,49055,Wayne,38.3407,-111.5441,336,226,polygon,FALSE,TRUE,America/Denver,3
21170,Lake Lafayette,Lake Lafayette,MO,Missouri,29107,Lafayette,38.9488,-93.9713,336,202,polygon,FALSE,TRUE,America/Chicago,3
21171,Cruger,Cruger,MS,Mississippi,28051,Holmes,33.323,-90.2354,336,134,polygon,FALSE,TRUE,America/Chicago,3
21172,Mount Olivet,Mount Olivet,KY,Kentucky,21201,Robertson,38.5317,-84.0358,336,156,polygon,FALSE,TRUE,America/New_York,3
21173,Reader,Reader,WV,West Virginia,54103,Wetzel,39.569,-80.7316,335,139,polygon,FALSE,FALSE,America/New_York,3
21174,Varnado,Varnado,LA,Louisiana,22117,Washington,30.8953,-89.8319,335,152,polygon,FALSE,TRUE,America/Chicago,3
21175,Altamahaw,Altamahaw,NC,North Carolina,37001,Alamance,36.1868,-79.5051,335,95,polygon,FALSE,FALSE,America/New_York,3
21176,Kulm,Kulm,ND,North Dakota,38045,LaMoure,46.302,-98.9466,335,338,polygon,FALSE,TRUE,America/Chicago,3
21177,Mannsville,Mannsville,NY,New York,36045,Jefferson,43.7158,-76.0649,335,144,polygon,FALSE,TRUE,America/New_York,3
21178,Newburg,Newburg,PA,Pennsylvania,42041,Cumberland,40.1371,-77.5545,335,700,polygon,FALSE,TRUE,America/New_York,3
21179,Elderton,Elderton,PA,Pennsylvania,42005,Armstrong,40.6945,-79.3421,335,399,polygon,FALSE,TRUE,America/New_York,3
21180,Carbon Hill,Carbon Hill,IL,Illinois,17063,Grundy,41.297,-88.2999,335,728,polygon,FALSE,TRUE,America/Chicago,3
21181,Mineral Bluff,Mineral Bluff,GA,Georgia,13111,Fannin,34.914,-84.2776,335,91,polygon,FALSE,FALSE,America/New_York,3
21182,Middletown,Middletown,IA,Iowa,19057,Des Moines,40.8279,-91.2622,335,235,polygon,FALSE,TRUE,America/Chicago,3
21183,Lyons Switch,Lyons Switch,OK,Oklahoma,40001,Adair,35.7794,-94.6933,335,15,polygon,FALSE,TRUE,America/Chicago,3
21184,Grant,Grant,OK,Oklahoma,40023,Choctaw,33.9387,-95.5156,335,68,polygon,FALSE,FALSE,America/Chicago,3
21185,Rushmore,Rushmore,MN,Minnesota,27105,Nobles,43.6197,-95.799,335,509,polygon,FALSE,TRUE,America/Chicago,3
21186,Drummond,Drummond,MT,Montana,30039,Granite,46.6665,-113.1471,335,234,polygon,FALSE,TRUE,America/Denver,3
21187,Nichols,Nichols,SC,South Carolina,45067,Marion,34.2352,-79.1492,335,92,polygon,FALSE,TRUE,America/New_York,3
21188,Lynchburg,Lynchburg,SC,South Carolina,45061,Lee,34.06,-80.077,335,114,polygon,FALSE,TRUE,America/New_York,3
21189,San Pedro,San Pedro,TX,Texas,48061,Cameron,25.9815,-97.5882,334,108,polygon,FALSE,FALSE,America/Chicago,3
21190,Toone,Toone,TN,Tennessee,47069,Hardeman,35.3565,-88.9542,334,119,polygon,FALSE,TRUE,America/Chicago,3
21191,Manlius,Manlius,IL,Illinois,17011,Bureau,41.4554,-89.6684,334,432,polygon,FALSE,TRUE,America/Chicago,3
21192,Templeton,Templeton,IA,Iowa,19027,Carroll,41.9179,-94.9413,334,280,polygon,FALSE,TRUE,America/Chicago,3
21193,Cleo Springs,Cleo Springs,OK,Oklahoma,40093,Major,36.4046,-98.44,334,230,polygon,FALSE,TRUE,America/Chicago,3
21194,Short,Short,OK,Oklahoma,40135,Sequoyah,35.5664,-94.4936,334,11,polygon,FALSE,FALSE,America/Chicago,3
21195,Fisk,Fisk,MO,Missouri,29023,Butler,36.7826,-90.2077,334,398,polygon,FALSE,TRUE,America/Chicago,3
21196,Orr,Orr,MN,Minnesota,27137,St. Louis,48.0594,-92.8248,334,91,polygon,FALSE,TRUE,America/Chicago,3
21197,Lancaster,Lancaster,MN,Minnesota,27069,Kittson,48.8577,-96.8019,334,55,polygon,FALSE,TRUE,America/Chicago,3
21198,West Union,West Union,SC,South Carolina,45073,Oconee,34.7589,-83.0431,334,162,polygon,FALSE,TRUE,America/New_York,3
21199,Lueders,Lueders,TX,Texas,48253,Jones,32.8004,-99.6232,333,218,polygon,FALSE,TRUE,America/Chicago,3
21200,Plumas Eureka,Plumas Eureka,CA,California,6063,Plumas,39.7982,-120.6645,333,32,polygon,FALSE,FALSE,America/Los_Angeles,3
21201,New Richmond,New Richmond,IN,Indiana,18107,Montgomery,40.1942,-86.9779,333,665,polygon,FALSE,TRUE,America/Indiana/Indianapolis,3
21202,Altenburg,Altenburg,MO,Missouri,29157,Perry,37.6304,-89.586,333,122,polygon,FALSE,TRUE,America/Chicago,3
21203,Windsor Place,Windsor Place,MO,Missouri,29053,Cooper,38.9342,-92.7026,333,143,polygon,FALSE,TRUE,America/Chicago,3
21204,Holley,Holley,OR,Oregon,41043,Linn,44.349,-122.7855,333,45,polygon,FALSE,FALSE,America/Los_Angeles,3
21205,Maribel,Maribel,WI,Wisconsin,55071,Manitowoc,44.2775,-87.8025,332,112,polygon,FALSE,TRUE,America/Chicago,3
21206,Grenora,Grenora,ND,North Dakota,38105,Williams,48.6199,-103.9367,332,211,polygon,FALSE,TRUE,America/Chicago,3
21207,Arthur,Arthur,ND,North Dakota,38017,Cass,47.1043,-97.2184,332,83,polygon,FALSE,TRUE,America/Chicago,3
21208,Dinosaur,Dinosaur,CO,Colorado,8081,Moffat,40.2402,-109.0078,332,158,polygon,FALSE,TRUE,America/Denver,3
21209,Keysville,Keysville,GA,Georgia,13033,Burke,33.2375,-82.2289,332,121,polygon,FALSE,TRUE,America/New_York,3
21210,Montmorenci,Montmorenci,IN,Indiana,18157,Tippecanoe,40.4705,-87.0354,332,94,polygon,FALSE,FALSE,America/Indiana/Indianapolis,3
21211,Lehigh,Lehigh,OK,Oklahoma,40029,Coal,34.4707,-96.2209,332,81,polygon,FALSE,TRUE,America/Chicago,3
21212,Scipio,Scipio,UT,Utah,49027,Millard,39.2491,-112.1044,332,123,polygon,FALSE,TRUE,America/Denver,3
21213,Williamsville,Williamsville,MO,Missouri,29223,Wayne,36.9737,-90.5479,332,396,polygon,FALSE,TRUE,America/Chicago,3
21214,Mine La Motte,Mine La Motte,MO,Missouri,29123,Madison,37.6145,-90.2943,332,39,polygon,FALSE,FALSE,America/Chicago,3
21215,Kingston,Kingston,MO,Missouri,29025,Caldwell,39.6425,-94.0383,332,246,polygon,FALSE,TRUE,America/Chicago,3
21216,Alba,Alba,MI,Michigan,26009,Antrim,44.9786,-84.9695,332,47,polygon,FALSE,FALSE,America/Detroit,3
21217,Sunburst,Sunburst,MT,Montana,30101,Toole,48.8777,-111.9063,332,72,polygon,FALSE,TRUE,America/Denver,3
21218,Hyden,Hyden,KY,Kentucky,21131,Leslie,37.162,-83.3779,332,98,polygon,FALSE,TRUE,America/New_York,3
21219,Montague,Montague,TX,Texas,48337,Montague,33.6652,-97.7209,331,100,polygon,FALSE,FALSE,America/Chicago,3
21220,Shannon,Shannon,NC,North Carolina,37155,Robeson,34.8477,-79.1395,331,125,polygon,FALSE,FALSE,America/New_York,3
21221,McVeytown,McVeytown,PA,Pennsylvania,42087,Mifflin,40.4981,-77.7415,331,1338,polygon,FALSE,TRUE,America/New_York,3
21222,Saltillo,Saltillo,PA,Pennsylvania,42061,Huntingdon,40.2117,-78.0062,331,507,polygon,FALSE,TRUE,America/New_York,3
21223,Alexandria,Alexandria,PA,Pennsylvania,42061,Huntingdon,40.5582,-78.0994,331,1210,polygon,FALSE,TRUE,America/New_York,3
21224,Tunnelhill,Tunnelhill,PA,Pennsylvania,42021,Cambria,40.4783,-78.5423,331,259,polygon,FALSE,TRUE,America/New_York,3
21225,White Stone,White Stone,VA,Virginia,51103,Lancaster,37.644,-76.3897,331,130,polygon,FALSE,TRUE,America/New_York,3
21226,Stevinson,Stevinson,CA,California,6047,Merced,37.3247,-120.8497,331,113,polygon,FALSE,FALSE,America/Los_Angeles,3
21227,Mount Summit,Mount Summit,IN,Indiana,18065,Henry,40.0035,-85.386,331,670,polygon,FALSE,TRUE,America/Indiana/Indianapolis,3
21228,Downsville,Downsville,MD,Maryland,24043,Washington,39.5549,-77.8016,331,204,polygon,FALSE,FALSE,America/New_York,3
21229,Honor,Honor,MI,Michigan,26019,Benzie,44.6666,-86.0201,331,237,polygon,FALSE,TRUE,America/Detroit,3
21230,Montgomery,Montgomery,MI,Michigan,26059,Hillsdale,41.7775,-84.8064,331,127,polygon,FALSE,TRUE,America/Detroit,3
21231,Donalds,Donalds,SC,South Carolina,45001,Abbeville,34.3766,-82.3467,331,153,polygon,FALSE,TRUE,America/New_York,3
21232,Chester,Chester,SD,South Dakota,46079,Lake,43.8996,-96.9277,331,156,polygon,FALSE,FALSE,America/Chicago,3
21233,Unity,Unity,WI,Wisconsin,55019,Clark,44.8511,-90.3131,330,128,polygon,FALSE,TRUE,America/Chicago,3
21234,New Falcon,New Falcon,TX,Texas,48505,Zapata,26.6382,-99.0947,330,649,polygon,FALSE,FALSE,America/Chicago,3
21235,Pleasant Valley,Pleasant Valley,TX,Texas,48485,Wichita,33.9374,-98.5981,330,48,polygon,FALSE,TRUE,America/Chicago,3
21236,Palisade,Palisade,NE,Nebraska,31087,Hitchcock,40.3483,-101.1075,330,358,polygon,FALSE,TRUE,America/Chicago,3
21237,Weston,Weston,NE,Nebraska,31155,Saunders,41.1931,-96.7422,330,571,polygon,FALSE,TRUE,America/Chicago,3
21238,Liberty,Liberty,TN,Tennessee,47041,DeKalb,36.0045,-85.9779,330,110,polygon,FALSE,TRUE,America/Chicago,3
21239,Livonia Center,Livonia Center,NY,New York,36051,Livingston,42.821,-77.642,330,156,polygon,FALSE,FALSE,America/New_York,3
21240,West Liberty,West Liberty,PA,Pennsylvania,42019,Butler,41.0079,-80.0573,330,33,polygon,FALSE,TRUE,America/New_York,3
21241,Sierra Village,Sierra Village,CA,California,6109,Tuolumne,38.0768,-120.1624,330,50,polygon,FALSE,FALSE,America/Los_Angeles,3
21242,Colburn,Colburn,IN,Indiana,18157,Tippecanoe,40.5188,-86.7125,330,1332,polygon,FALSE,FALSE,America/Indiana/Indianapolis,3
21243,Indiahoma,Indiahoma,OK,Oklahoma,40031,Comanche,34.6196,-98.752,330,454,polygon,FALSE,TRUE,America/Chicago,3
21244,Cedar Valley,Cedar Valley,OK,Oklahoma,40083,Logan,35.8703,-97.5244,330,57,polygon,FALSE,TRUE,America/Chicago,3
21245,Dellroy,Dellroy,OH,Ohio,39019,Carroll,40.555,-81.1992,330,708,polygon,FALSE,TRUE,America/New_York,3
21246,Polk,Polk,OH,Ohio,39005,Ashland,40.9449,-82.2147,330,125,polygon,FALSE,TRUE,America/New_York,3
21247,Bowersville,Bowersville,OH,Ohio,39057,Greene,39.5808,-83.7232,330,770,polygon,FALSE,TRUE,America/New_York,3
21248,Koosharem,Koosharem,UT,Utah,49041,Sevier,38.5136,-111.8822,330,140,polygon,FALSE,TRUE,America/Denver,3
21249,Clayton,Clayton,MI,Michigan,26091,Lenawee,41.8649,-84.2347,330,179,polygon,FALSE,TRUE,America/Detroit,3
21250,Delphos,Delphos,KS,Kansas,20143,Ottawa,39.2744,-97.7654,330,215,polygon,FALSE,TRUE,America/Chicago,3
21251,Frazer,Frazer,MT,Montana,30105,Valley,48.0533,-106.0481,330,78,polygon,FALSE,FALSE,America/Denver,3
21252,Glenview Hills,Glenview Hills,KY,Kentucky,21111,Jefferson,38.2951,-85.6382,330,1011,polygon,FALSE,TRUE,America/New_York,3
21253,Eubank,Eubank,KY,Kentucky,21199,Pulaski,37.2799,-84.6541,330,150,polygon,FALSE,TRUE,America/New_York,3
21254,Maceo,Maceo,KY,Kentucky,21059,Daviess,37.8624,-86.9914,330,85,polygon,FALSE,FALSE,America/Chicago,3
21255,West Stewartstown,West Stewartstown,NH,New Hampshire,33007,Coos,44.9906,-71.5309,329,205,polygon,FALSE,FALSE,America/New_York,3
21256,Navajo Dam,Navajo Dam,NM,New Mexico,35045,San Juan,36.7981,-107.7045,329,70,polygon,FALSE,FALSE,America/Denver,3
21257,Pymatuning South,Pymatuning South,PA,Pennsylvania,42039,Crawford,41.5068,-80.4702,329,49,polygon,FALSE,TRUE,America/New_York,3
21258,Fiddletown,Fiddletown,CA,California,6005,Amador,38.5091,-120.7605,329,27,polygon,FALSE,FALSE,America/Los_Angeles,3
21259,Epes,Epes,AL,Alabama,1119,Sumter,32.6906,-88.1405,329,19,polygon,FALSE,TRUE,America/Chicago,3
21260,Colt,Colt,AR,Arkansas,5123,St. Francis,35.1329,-90.813,329,100,polygon,FALSE,TRUE,America/Chicago,3
21261,Raleigh,Raleigh,IL,Illinois,17165,Saline,37.8262,-88.5304,329,64,polygon,FALSE,TRUE,America/Chicago,3
21262,Roberts,Roberts,IL,Illinois,17053,Ford,40.6148,-88.1843,329,263,polygon,FALSE,TRUE,America/Chicago,3
21263,Bloomingdale,Bloomingdale,IN,Indiana,18121,Parke,39.8306,-87.2502,329,218,polygon,FALSE,TRUE,America/Indiana/Indianapolis,3
21264,Broomes Island,Broomes Island,MD,Maryland,24009,Calvert,38.4202,-76.5475,329,174,polygon,FALSE,FALSE,America/New_York,3
21265,Liberty,Liberty,OK,Oklahoma,40135,Sequoyah,35.4656,-94.5442,329,54,polygon,FALSE,FALSE,America/Chicago,3
21266,Ridgeway,Ridgeway,OH,Ohio,39065,Hardin,40.5119,-83.5688,329,229,polygon,FALSE,TRUE,America/New_York,3
21267,Grey Eagle,Grey Eagle,MN,Minnesota,27153,Todd,45.8245,-94.749,329,356,polygon,FALSE,TRUE,America/Chicago,3
21268,Hope,Hope,KS,Kansas,20041,Dickinson,38.6912,-97.0765,329,326,polygon,FALSE,TRUE,America/Chicago,3
21269,Inchelium,Inchelium,WA,Washington,53019,Ferry,48.3379,-118.2372,328,4,polygon,FALSE,FALSE,America/Los_Angeles,3
21270,Lee,Lee,FL,Florida,12079,Madison,30.4115,-83.3003,328,51,polygon,FALSE,TRUE,America/New_York,3
21271,Naschitti,Naschitti,NM,New Mexico,35045,San Juan,36.0625,-108.68,328,50,polygon,FALSE,FALSE,America/Denver,3
21272,Nadine,Nadine,NM,New Mexico,35025,Lea,32.6232,-103.1078,328,11,polygon,FALSE,FALSE,America/Denver,3
21273,Central Bridge,Central Bridge,NY,New York,36095,Schoharie,42.7068,-74.3473,328,68,polygon,FALSE,FALSE,America/New_York,3
21274,El Nido,El Nido,CA,California,6047,Merced,37.1324,-120.4985,328,38,polygon,FALSE,FALSE,America/Los_Angeles,3
21275,North San Juan,North San Juan,CA,California,6057,Nevada,39.3719,-121.106,328,52,polygon,FALSE,FALSE,America/Los_Angeles,3
21276,Akron,Akron,AL,Alabama,1065,Hale,32.8785,-87.7429,328,184,polygon,FALSE,TRUE,America/Chicago,3
21277,West Burke,West Burke,VT,Vermont,50005,Caledonia,44.6431,-71.9792,328,267,polygon,FALSE,TRUE,America/New_York,3
21278,Nebo,Nebo,IL,Illinois,17149,Pike,39.4421,-90.7882,328,292,polygon,FALSE,TRUE,America/Chicago,3
21279,Millbrook,Millbrook,IL,Illinois,17093,Kendall,41.6071,-88.5454,328,68,polygon,FALSE,TRUE,America/Chicago,3
21280,Dupont,Dupont,IN,Indiana,18077,Jefferson,38.8915,-85.5169,328,123,polygon,FALSE,TRUE,America/Indiana/Indianapolis,3
21281,Midway,Midway,OH,Ohio,39097,Madison,39.7329,-83.4764,328,435,polygon,FALSE,TRUE,America/New_York,3
21282,Meadow,Meadow,UT,Utah,49027,Millard,38.8863,-112.4073,328,249,polygon,FALSE,TRUE,America/Denver,3
21283,Portage Des Sioux,Portage Des Sioux,MO,Missouri,29183,St. Charles,38.9274,-90.3434,328,220,polygon,FALSE,TRUE,America/Chicago,3
21284,Batavia,Batavia,MT,Montana,30029,Flathead,48.1778,-114.4107,328,70,polygon,FALSE,FALSE,America/Denver,3
21285,Ponderosa Pines,Ponderosa Pines,MT,Montana,30031,Gallatin,46.0374,-111.35,328,3,polygon,FALSE,TRUE,America/Denver,3
21286,Moro,Moro,OR,Oregon,41055,Sherman,45.4837,-120.7333,328,255,polygon,FALSE,TRUE,America/Los_Angeles,3
21287,Ione,Ione,OR,Oregon,41049,Morrow,45.503,-119.8207,328,182,polygon,FALSE,TRUE,America/Los_Angeles,3
21288,Virgil,Virgil,IL,Illinois,17089,Kane,41.9555,-88.5292,327,59,polygon,FALSE,TRUE,America/Chicago,3
21289,Lee,Lee,IL,Illinois,17103,Lee,41.7955,-88.9417,327,636,polygon,FALSE,TRUE,America/Chicago,3
21290,Fulton,Fulton,IN,Indiana,18049,Fulton,40.9467,-86.2641,327,677,polygon,FALSE,TRUE,America/Indiana/Indianapolis,3
21291,Stewart,Stewart,OH,Ohio,39009,Athens,39.308,-81.8974,327,427,polygon,FALSE,FALSE,America/New_York,3
21292,Cherokee Pass,Cherokee Pass,MO,Missouri,29123,Madison,37.4872,-90.296,327,60,polygon,FALSE,FALSE,America/Chicago,3
21293,Henderson,Henderson,MI,Michigan,26155,Shiawassee,43.0872,-84.1933,327,35,polygon,FALSE,FALSE,America/Detroit,3
21294,St. Pierre,St. Pierre,MT,Montana,30041,Hill,48.2439,-109.8161,327,15,polygon,FALSE,FALSE,America/Denver,3
21295,Bellewood,Bellewood,KY,Kentucky,21111,Jefferson,38.2608,-85.6594,327,1558,polygon,FALSE,TRUE,America/New_York,3
21296,Salt Lick,Salt Lick,KY,Kentucky,21011,Bath,38.1193,-83.6156,327,161,polygon,FALSE,TRUE,America/New_York,3
21297,Berrydale,Berrydale,FL,Florida,12113,Santa Rosa,30.8982,-87.035,326,14,polygon,FALSE,FALSE,America/Chicago,3
21298,Adak,Adak,AK,Alaska,2016,Aleutians West,51.8815,-176.6295,326,3,polygon,FALSE,TRUE,America/Adak,3
21299,Marshallberg,Marshallberg,NC,North Carolina,37031,Carteret,34.7266,-76.5149,326,197,polygon,FALSE,FALSE,America/New_York,3
21300,Sawyer,Sawyer,ND,North Dakota,38101,Ward,48.0894,-101.0533,326,256,polygon,FALSE,TRUE,America/Chicago,3
21301,Johnson,Johnson,NE,Nebraska,31127,Nemaha,40.4106,-95.9996,326,572,polygon,FALSE,TRUE,America/Chicago,3
21302,McLemoresville,McLemoresville,TN,Tennessee,47017,Carroll,35.9863,-88.5801,326,57,polygon,FALSE,TRUE,America/Chicago,3
21303,Grier City,Grier City,PA,Pennsylvania,42107,Schuylkill,40.8266,-76.056,326,351,polygon,FALSE,FALSE,America/New_York,3
21304,Beaverville,Beaverville,IL,Illinois,17075,Iroquois,40.9534,-87.6546,326,457,polygon,FALSE,TRUE,America/Chicago,3
21305,Chauncey,Chauncey,GA,Georgia,13091,Dodge,32.1059,-83.0645,326,72,polygon,FALSE,TRUE,America/New_York,3
21306,Mecca,Mecca,IN,Indiana,18121,Parke,39.7271,-87.3317,326,320,polygon,FALSE,TRUE,America/Indiana/Indianapolis,3
21307,Wakita,Wakita,OK,Oklahoma,40053,Grant,36.8818,-97.9238,326,385,polygon,FALSE,TRUE,America/Chicago,3
21308,Shoal Creek Drive,Shoal Creek Drive,MO,Missouri,29145,Newton,37.037,-94.5228,326,268,polygon,FALSE,TRUE,America/Chicago,3
21309,Wilmont,Wilmont,MN,Minnesota,27105,Nobles,43.765,-95.8269,326,181,polygon,FALSE,TRUE,America/Chicago,3
21310,Brownsboro Village,Brownsboro Village,KY,Kentucky,21111,Jefferson,38.2629,-85.6659,326,1680,polygon,FALSE,TRUE,America/New_York,3
21311,Langford,Langford,SD,South Dakota,46091,Marshall,45.6025,-97.8303,326,409,polygon,FALSE,TRUE,America/Chicago,3
21312,Lowell,Lowell,WI,Wisconsin,55027,Dodge,43.3363,-88.8183,325,126,polygon,FALSE,TRUE,America/Chicago,3
21313,Kennard,Kennard,TX,Texas,48225,Houston,31.3575,-95.1854,325,96,polygon,FALSE,TRUE,America/Chicago,3
21314,Industry,Industry,TX,Texas,48015,Austin,29.9715,-96.4992,325,117,polygon,FALSE,TRUE,America/Chicago,3
21315,Relampago,Relampago,TX,Texas,48215,Hidalgo,26.0851,-97.9059,325,81,polygon,FALSE,FALSE,America/Chicago,3
21316,Belmont,Belmont,LA,Louisiana,22085,Sabine,31.7182,-93.5082,325,12,polygon,FALSE,FALSE,America/Chicago,3
21317,Millerton,Millerton,PA,Pennsylvania,42117,Tioga,41.9868,-76.9396,325,146,polygon,FALSE,FALSE,America/New_York,3
21318,Grampian,Grampian,PA,Pennsylvania,42033,Clearfield,40.9648,-78.6112,325,445,polygon,FALSE,TRUE,America/New_York,3
21319,Orwin,Orwin,PA,Pennsylvania,42107,Schuylkill,40.5839,-76.5314,325,204,polygon,FALSE,FALSE,America/New_York,3
21320,King William,King William,VA,Virginia,51101,King William,37.6882,-77.0212,325,27,polygon,FALSE,FALSE,America/New_York,3
21321,Fields Landing,Fields Landing,CA,California,6023,Humboldt,40.7249,-124.2176,325,453,polygon,FALSE,FALSE,America/Los_Angeles,3
21322,Gordon,Gordon,AL,Alabama,1069,Houston,31.1436,-85.0925,325,42,polygon,FALSE,TRUE,America/Chicago,3
21323,Top-of-the-World,Top-of-the-World,AZ,Arizona,4021,Pinal,33.3477,-110.9997,325,20,polygon,FALSE,FALSE,America/Phoenix,3
21324,Eakly,Eakly,OK,Oklahoma,40015,Caddo,35.3055,-98.556,325,488,polygon,FALSE,TRUE,America/Chicago,3
21325,Leasburg,Leasburg,MO,Missouri,29055,Crawford,38.0948,-91.2953,325,290,polygon,FALSE,TRUE,America/Chicago,3
21326,Gaastra,Gaastra,MI,Michigan,26071,Iron,46.0557,-88.605,325,76,polygon,FALSE,TRUE,America/Menominee,3
21327,Turtle Lake,Turtle Lake,MT,Montana,30047,Lake,47.6696,-114.0818,325,209,polygon,FALSE,FALSE,America/Denver,3
21328,Beulah,Beulah,MS,Mississippi,28011,Bolivar,33.7905,-90.9802,325,270,polygon,FALSE,TRUE,America/Chicago,3
21329,Beaux Arts Village,Beaux Arts Village,WA,Washington,53033,King,47.5853,-122.2049,324,1514,polygon,FALSE,TRUE,America/Los_Angeles,3
21330,St. Marks,St. Marks,FL,Florida,12129,Wakulla,30.1656,-84.2078,324,63,polygon,FALSE,TRUE,America/New_York,3
21331,Beech Mountain,Beech Mountain,NC,North Carolina,37011,Avery,36.2105,-81.8875,324,19,polygon,FALSE,TRUE,America/New_York,3
21332,Stratton,Stratton,NE,Nebraska,31087,Hitchcock,40.1502,-101.2278,324,290,polygon,FALSE,TRUE,America/Chicago,3
21333,Barrville,Barrville,PA,Pennsylvania,42087,Mifflin,40.6663,-77.6831,324,177,polygon,FALSE,FALSE,America/New_York,3
21334,Hiltonia,Hiltonia,GA,Georgia,13251,Screven,32.8833,-81.6613,324,72,polygon,FALSE,TRUE,America/New_York,3
21335,Amana,Amana,IA,Iowa,19095,Iowa,41.8025,-91.8741,324,111,polygon,FALSE,FALSE,America/Chicago,3
21336,Chuichu,Chuichu,AZ,Arizona,4021,Pinal,32.7403,-111.7821,324,18,polygon,FALSE,FALSE,America/Phoenix,3
21337,Wyandotte,Wyandotte,OK,Oklahoma,40115,Ottawa,36.7925,-94.7231,324,257,polygon,FALSE,TRUE,America/Chicago,3
21338,Waldo,Waldo,OH,Ohio,39101,Marion,40.4598,-83.0847,324,193,polygon,FALSE,TRUE,America/New_York,3
21339,Newcastle,Newcastle,UT,Utah,49021,Iron,37.6629,-113.5643,324,31,polygon,FALSE,FALSE,America/Denver,3
21340,Brewer,Brewer,MO,Missouri,29157,Perry,37.7836,-89.918,324,53,polygon,FALSE,FALSE,America/Chicago,3
21341,New Munich,New Munich,MN,Minnesota,27145,Stearns,45.6309,-94.7525,324,233,polygon,FALSE,TRUE,America/Chicago,3
21342,Luther,Luther,MI,Michigan,26085,Lake,44.0386,-85.6827,324,128,polygon,FALSE,TRUE,America/Detroit,3
21343,Gridley,Gridley,KS,Kansas,20031,Coffey,38.1006,-95.8827,324,292,polygon,FALSE,TRUE,America/Chicago,3
21344,Beauregard,Beauregard,MS,Mississippi,28029,Copiah,31.721,-90.3859,324,136,polygon,FALSE,TRUE,America/Chicago,3
21345,Lake,Lake,MS,Mississippi,28123,Scott,32.3407,-89.3295,324,112,polygon,FALSE,TRUE,America/Chicago,3
21346,Rosburg,Rosburg,WA,Washington,53069,Wahkiakum,46.3076,-123.6344,323,5,polygon,FALSE,FALSE,America/Los_Angeles,3
21347,Glidden,Glidden,WI,Wisconsin,55003,Ashland,46.1346,-90.5721,323,57,polygon,FALSE,FALSE,America/Chicago,3
21348,Meeteetse,Meeteetse,WY,Wyoming,56029,Park,44.1543,-108.8612,323,143,polygon,FALSE,TRUE,America/Denver,3
21349,Goodrich,Goodrich,TX,Texas,48373,Polk,30.6093,-94.9467,323,176,polygon,FALSE,TRUE,America/Chicago,3
21350,Texhoma,Texhoma,TX,Texas,48421,Sherman,36.4937,-101.7937,323,65,polygon,FALSE,TRUE,America/Chicago,3
21351,Lyman,Lyman,NE,Nebraska,31157,Scotts Bluff,41.9177,-104.0373,323,318,polygon,FALSE,TRUE,America/Denver,3
21352,Pelham,Pelham,TN,Tennessee,47061,Grundy,35.3342,-85.8703,323,7,polygon,FALSE,FALSE,America/Chicago,3
21353,Sagaponack,Sagaponack,NY,New York,36103,Suffolk,40.9302,-72.2726,323,28,polygon,FALSE,TRUE,America/New_York,3
21354,Midland,Midland,AR,Arkansas,5131,Sebastian,35.0927,-94.3531,323,360,polygon,FALSE,TRUE,America/Chicago,3
21355,Armington,Armington,IL,Illinois,17179,Tazewell,40.3397,-89.3143,323,434,polygon,FALSE,TRUE,America/Chicago,3
21356,Morganton,Morganton,GA,Georgia,13111,Fannin,34.8749,-84.2442,323,159,polygon,FALSE,TRUE,America/New_York,3
21357,Vallonia,Vallonia,IN,Indiana,18071,Jackson,38.8462,-86.0992,323,163,polygon,FALSE,FALSE,America/Indiana/Indianapolis,3
21358,Harpers Ferry,Harpers Ferry,IA,Iowa,19005,Allamakee,43.2005,-91.1525,323,190,polygon,FALSE,TRUE,America/Chicago,3
21359,Samak,Samak,UT,Utah,49043,Summit,40.6318,-111.2244,323,26,polygon,FALSE,FALSE,America/Denver,3
21360,Diggins,Diggins,MO,Missouri,29225,Webster,37.174,-92.8503,323,128,polygon,FALSE,TRUE,America/Chicago,3
21361,Chilhowee,Chilhowee,MO,Missouri,29101,Johnson,38.5889,-93.8557,323,325,polygon,FALSE,TRUE,America/Chicago,3
21362,Advance,Advance,MI,Michigan,26029,Charlevoix,45.2161,-85.0807,323,45,polygon,FALSE,FALSE,America/Detroit,3
21363,Moline,Moline,KS,Kansas,20049,Elk,37.3637,-96.3025,323,372,polygon,FALSE,TRUE,America/Chicago,3
21364,White Oak,White Oak,MS,Mississippi,28143,Tunica,34.6438,-90.3495,323,269,polygon,FALSE,FALSE,America/Chicago,3
21365,Mize,Mize,MS,Mississippi,28129,Smith,31.8672,-89.5541,323,53,polygon,FALSE,TRUE,America/Chicago,3
21366,Cedro,Cedro,NM,New Mexico,35001,Bernalillo,35.018,-106.3508,322,23,polygon,FALSE,FALSE,America/Denver,3
21367,McVille,McVille,ND,North Dakota,38063,Nelson,47.7653,-98.1755,322,86,polygon,FALSE,TRUE,America/Chicago,3
21368,Unadilla,Unadilla,NE,Nebraska,31131,Otoe,40.6827,-96.2702,322,404,polygon,FALSE,TRUE,America/Chicago,3
21369,Coffeeville,Coffeeville,AL,Alabama,1025,Clarke,31.7666,-88.0861,322,27,polygon,FALSE,TRUE,America/Chicago,3
21370,Hanaford,Hanaford,IL,Illinois,17055,Franklin,37.9579,-88.8356,322,123,polygon,FALSE,TRUE,America/Chicago,3
21371,Spring Grove,Spring Grove,IN,Indiana,18177,Wayne,39.8472,-84.8912,322,409,polygon,FALSE,TRUE,America/Indiana/Indianapolis,3
21372,Poston,Poston,AZ,Arizona,4012,La Paz,33.9921,-114.4046,322,91,polygon,FALSE,FALSE,America/Phoenix,3
21373,Pinedale,Pinedale,AZ,Arizona,4017,Navajo,34.3208,-110.2599,322,12,polygon,FALSE,FALSE,America/Phoenix,3
21374,Rosemont,Rosemont,MD,Maryland,24021,Frederick,39.3317,-77.6214,322,223,polygon,FALSE,TRUE,America/New_York,3
21375,Laclede,Laclede,MO,Missouri,29115,Linn,39.7878,-93.1697,322,99,polygon,FALSE,TRUE,America/Chicago,3
21376,Oslo,Oslo,MN,Minnesota,27089,Marshall,48.1954,-97.1321,322,335,polygon,FALSE,TRUE,America/Chicago,3
21377,Wilsall,Wilsall,MT,Montana,30067,Park,45.9844,-110.6604,322,111,polygon,FALSE,FALSE,America/Denver,3
21378,Bison,Bison,SD,South Dakota,46105,Perkins,45.5235,-102.4677,322,125,polygon,FALSE,TRUE,America/Denver,3
21379,Ethan,Ethan,SD,South Dakota,46035,Davison,43.5463,-97.9829,322,502,polygon,FALSE,TRUE,America/Chicago,3
21380,Sanctuary,Sanctuary,TX,Texas,48367,Parker,32.9132,-97.5877,321,144,polygon,FALSE,TRUE,America/Chicago,3
21381,Lawn,Lawn,TX,Texas,48441,Taylor,32.1366,-99.7499,321,207,polygon,FALSE,TRUE,America/Chicago,3
21382,Copperhill,Copperhill,TN,Tennessee,47139,Polk,34.9951,-84.3748,321,70,polygon,FALSE,TRUE,America/New_York,3
21383,Wainscott,Wainscott,NY,New York,36103,Suffolk,40.9592,-72.2508,321,18,polygon,FALSE,FALSE,America/New_York,3
21384,Robbins,Robbins,CA,California,6101,Sutter,38.8672,-121.7055,321,47,polygon,FALSE,FALSE,America/Los_Angeles,3
21385,Gulfcrest,Gulfcrest,AL,Alabama,1097,Mobile,30.9925,-88.2399,321,81,polygon,FALSE,FALSE,America/Chicago,3
21386,Thebes,Thebes,IL,Illinois,17003,Alexander,37.214,-89.4544,321,71,polygon,FALSE,TRUE,America/Chicago,3
21387,Sheldahl,Sheldahl,IA,Iowa,19169,Story,41.8643,-93.6966,321,148,polygon,FALSE,TRUE,America/Chicago,3
21388,Bluejacket,Bluejacket,OK,Oklahoma,40035,Craig,36.8008,-95.074,321,314,polygon,FALSE,TRUE,America/Chicago,3
21389,Arpelar,Arpelar,OK,Oklahoma,40121,Pittsburg,34.9356,-95.9589,321,55,polygon,FALSE,FALSE,America/Chicago,3
21390,Amazonia,Amazonia,MO,Missouri,29003,Andrew,39.8888,-94.8926,321,336,polygon,FALSE,TRUE,America/Chicago,3
21391,Deer Creek,Deer Creek,MN,Minnesota,27111,Otter Tail,46.3909,-95.3218,321,30,polygon,FALSE,TRUE,America/Chicago,3
21392,Casnovia,Casnovia,MI,Michigan,26081,Kent,43.2336,-85.7895,321,116,polygon,FALSE,TRUE,America/Detroit,3
21393,Fortine,Fortine,MT,Montana,30053,Lincoln,48.7723,-114.9008,321,17,polygon,FALSE,FALSE,America/Denver,3
21394,Kila,Kila,MT,Montana,30029,Flathead,48.1215,-114.4767,321,31,polygon,FALSE,FALSE,America/Denver,3
21395,Arcola,Arcola,MS,Mississippi,28151,Washington,33.2705,-90.88,321,564,polygon,FALSE,TRUE,America/Chicago,3
21396,Kingston,Kingston,WI,Wisconsin,55047,Green Lake,43.6935,-89.1304,320,94,polygon,FALSE,TRUE,America/Chicago,3
21397,Yeehaw Junction,Yeehaw Junction,FL,Florida,12097,Osceola,27.6993,-80.8871,320,66,polygon,FALSE,FALSE,America/New_York,3
21398,Bayside,Bayside,TX,Texas,48391,Refugio,28.0966,-97.2109,320,121,polygon,FALSE,TRUE,America/Chicago,3
21399,Georgetown,Georgetown,LA,Louisiana,22043,Grant,31.7597,-92.3821,320,95,polygon,FALSE,TRUE,America/Chicago,3
21400,Buxton,Buxton,ND,North Dakota,38097,Traill,47.6021,-97.0976,320,370,polygon,FALSE,TRUE,America/Chicago,3
21401,Inglewood,Inglewood,NE,Nebraska,31053,Dodge,41.416,-96.5021,320,515,polygon,FALSE,TRUE,America/Chicago,3
21402,Bethpage,Bethpage,TN,Tennessee,47165,Sumner,36.4844,-86.3085,320,93,polygon,FALSE,FALSE,America/Chicago,3
21403,Dozier,Dozier,AL,Alabama,1041,Crenshaw,31.5031,-86.3694,320,41,polygon,FALSE,TRUE,America/Chicago,3
21404,Brandon,Brandon,IA,Iowa,19019,Buchanan,42.3151,-92.0031,320,380,polygon,FALSE,TRUE,America/Chicago,3
21405,Williams,Williams,IA,Iowa,19079,Hamilton,42.4892,-93.5411,320,141,polygon,FALSE,TRUE,America/Chicago,3
21406,Fort Atkinson,Fort Atkinson,IA,Iowa,19191,Winneshiek,43.1442,-91.9344,320,377,polygon,FALSE,TRUE,America/Chicago,3
21407,McCallsburg,McCallsburg,IA,Iowa,19169,Story,42.1648,-93.3907,320,265,polygon,FALSE,TRUE,America/Chicago,3
21408,Bronson,Bronson,IA,Iowa,19193,Woodbury,42.409,-96.2113,320,404,polygon,FALSE,TRUE,America/Chicago,3
21409,Cambridge,Cambridge,ID,Idaho,16087,Washington,44.5719,-116.6778,320,255,polygon,FALSE,TRUE,America/Boise,3
21410,Fort Supply,Fort Supply,OK,Oklahoma,40153,Woodward,36.5722,-99.5736,320,556,polygon,FALSE,TRUE,America/Chicago,3
21411,Francis,Francis,OK,Oklahoma,40123,Pontotoc,34.8743,-96.5926,320,226,polygon,FALSE,TRUE,America/Chicago,3
21412,Camp Dennison,Camp Dennison,OH,Ohio,39061,Hamilton,39.1946,-84.2896,320,279,polygon,FALSE,FALSE,America/New_York,3
21413,Sterling,Sterling,UT,Utah,49039,Sanpete,39.1934,-111.6901,320,382,polygon,FALSE,TRUE,America/Denver,3
21414,Charlo,Charlo,MT,Montana,30047,Lake,47.4427,-114.1716,320,62,polygon,FALSE,FALSE,America/Denver,3
21415,Coahoma,Coahoma,MS,Mississippi,28027,Coahoma,34.3664,-90.522,320,631,polygon,FALSE,TRUE,America/Chicago,3
21416,Creekside,Creekside,KY,Kentucky,21111,Jefferson,38.2914,-85.5701,320,1628,polygon,FALSE,TRUE,America/New_York,3
21417,Imbler,Imbler,OR,Oregon,41061,Union,45.4622,-117.9631,320,571,polygon,FALSE,TRUE,America/Los_Angeles,3
21418,Spangle,Spangle,WA,Washington,53063,Spokane,47.4299,-117.3812,319,352,polygon,FALSE,TRUE,America/Los_Angeles,3
21419,LaCrosse,LaCrosse,WA,Washington,53075,Whitman,46.8014,-117.9023,319,144,polygon,FALSE,TRUE,America/Los_Angeles,3
21420,Blue Springs,Blue Springs,NE,Nebraska,31067,Gage,40.1376,-96.6631,319,160,polygon,FALSE,TRUE,America/Chicago,3
21421,Shickley,Shickley,NE,Nebraska,31059,Fillmore,40.4165,-97.7242,319,402,polygon,FALSE,TRUE,America/Chicago,3
21422,Prospect,Prospect,NY,New York,36065,Oneida,43.3026,-75.1514,319,286,polygon,FALSE,FALSE,America/New_York,3
21423,Stoystown,Stoystown,PA,Pennsylvania,42111,Somerset,40.1031,-78.9547,319,647,polygon,FALSE,TRUE,America/New_York,3
21424,Clipper Mills,Clipper Mills,CA,California,6007,Butte,39.5324,-121.1666,319,70,polygon,FALSE,FALSE,America/Los_Angeles,3
21425,Nipinnawasee,Nipinnawasee,CA,California,6039,Madera,37.4031,-119.7293,319,39,polygon,FALSE,FALSE,America/Los_Angeles,3
21426,Rosa,Rosa,AL,Alabama,1009,Blount,33.9885,-86.5037,319,32,polygon,FALSE,TRUE,America/Chicago,3
21427,Panama,Panama,IL,Illinois,17005,Bond,39.0291,-89.5247,319,330,polygon,FALSE,TRUE,America/Chicago,3
21428,Panorama Park,Panorama Park,IA,Iowa,19163,Scott,41.5556,-90.4537,319,2300,polygon,FALSE,TRUE,America/Chicago,2
21429,Cane Beds,Cane Beds,AZ,Arizona,4015,Mohave,36.9342,-112.9118,319,14,polygon,FALSE,FALSE,America/Phoenix,3
21430,Ralston,Ralston,OK,Oklahoma,40117,Pawnee,36.5036,-96.7374,319,270,polygon,FALSE,TRUE,America/Chicago,3
21431,Milburn,Milburn,OK,Oklahoma,40069,Johnston,34.2401,-96.552,319,261,polygon,FALSE,TRUE,America/Chicago,3
21432,Mill Creek,Mill Creek,OK,Oklahoma,40069,Johnston,34.4019,-96.8257,319,329,polygon,FALSE,TRUE,America/Chicago,3
21433,Junction City,Junction City,MO,Missouri,29123,Madison,37.5733,-90.2907,319,343,polygon,FALSE,TRUE,America/Chicago,3
21434,Clifford,Clifford,MI,Michigan,26087,Lapeer,43.3148,-83.1793,319,81,polygon,FALSE,TRUE,America/Detroit,3
21435,Dutton,Dutton,MT,Montana,30099,Teton,47.8475,-111.7143,319,389,polygon,FALSE,TRUE,America/Denver,3
21436,Dexter,Dexter,KY,Kentucky,21035,Calloway,36.7396,-88.2956,319,223,polygon,FALSE,FALSE,America/Chicago,3
21437,Kellnersville,Kellnersville,WI,Wisconsin,55071,Manitowoc,44.2253,-87.8021,318,227,polygon,FALSE,TRUE,America/Chicago,3
21438,Schellsburg,Schellsburg,PA,Pennsylvania,42009,Bedford,40.0481,-78.6434,318,483,polygon,FALSE,TRUE,America/New_York,3
21439,Wilcox,Wilcox,PA,Pennsylvania,42047,Elk,41.5726,-78.6869,318,239,polygon,FALSE,FALSE,America/New_York,3
21440,Plainville,Plainville,GA,Georgia,13129,Gordon,34.4053,-85.0312,318,170,polygon,FALSE,TRUE,America/New_York,3
21441,Elliott,Elliott,IA,Iowa,19137,Montgomery,41.1494,-95.1629,318,294,polygon,FALSE,TRUE,America/Chicago,3
21442,Delta,Delta,IA,Iowa,19107,Keokuk,41.3226,-92.3304,318,131,polygon,FALSE,TRUE,America/Chicago,3
21443,Fairmount,Fairmount,MD,Maryland,24039,Somerset,38.1016,-75.8074,318,10,polygon,FALSE,FALSE,America/New_York,3
21444,Belfonte,Belfonte,OK,Oklahoma,40135,Sequoyah,35.5368,-94.5507,318,15,polygon,FALSE,FALSE,America/Chicago,3
21445,Diablock,Diablock,KY,Kentucky,21193,Perry,37.2295,-83.1709,318,604,polygon,FALSE,FALSE,America/New_York,3
21446,Coupland,Coupland,TX,Texas,48491,Williamson,30.4568,-97.3979,317,63,polygon,FALSE,TRUE,America/Chicago,3
21447,Matagorda,Matagorda,TX,Texas,48321,Matagorda,28.6973,-95.9667,317,66,polygon,FALSE,FALSE,America/Chicago,3
21448,Harrisonburg,Harrisonburg,LA,Louisiana,22025,Catahoula,31.7681,-91.825,317,126,polygon,FALSE,TRUE,America/Chicago,3
21449,Nightmute,Nightmute,AK,Alaska,2050,Bethel,60.4874,-164.8195,317,1,polygon,FALSE,TRUE,America/Nome,3
21450,Hobgood,Hobgood,NC,North Carolina,37083,Halifax,36.0267,-77.394,317,118,polygon,FALSE,TRUE,America/New_York,3
21451,Mill Creek,Mill Creek,PA,Pennsylvania,42061,Huntingdon,40.4373,-77.9308,317,406,polygon,FALSE,TRUE,America/New_York,3
21452,Mesa,Mesa,CA,California,6027,Inyo,37.4189,-118.5424,317,34,polygon,FALSE,TRUE,America/Los_Angeles,3
21453,Etowah,Etowah,AR,Arkansas,5093,Mississippi,35.7225,-90.232,317,20,polygon,FALSE,TRUE,America/Chicago,3
21454,Menifee,Menifee,AR,Arkansas,5029,Conway,35.1493,-92.5544,317,54,polygon,FALSE,TRUE,America/Chicago,3
21455,Vernon,Vernon,IN,Indiana,18079,Jennings,38.9854,-85.6102,317,590,polygon,FALSE,TRUE,America/Indiana/Indianapolis,3
21456,Marshall,Marshall,IN,Indiana,18121,Parke,39.8475,-87.1868,317,478,polygon,FALSE,TRUE,America/Indiana/Indianapolis,3
21457,Diagonal,Diagonal,IA,Iowa,19159,Ringgold,40.8105,-94.3421,317,135,polygon,FALSE,TRUE,America/Chicago,3
21458,Hoytville,Hoytville,OH,Ohio,39173,Wood,41.19,-83.7844,317,165,polygon,FALSE,TRUE,America/New_York,3
21459,Holloway,Holloway,OH,Ohio,39013,Belmont,40.1621,-81.1313,317,128,polygon,FALSE,TRUE,America/New_York,3
21460,Kidder,Kidder,MO,Missouri,29025,Caldwell,39.7822,-94.1023,317,304,polygon,FALSE,TRUE,America/Chicago,3
21461,De Tour Village,De Tour Village,MI,Michigan,26033,Chippewa,45.9891,-83.9146,317,34,polygon,FALSE,TRUE,America/Detroit,3
21462,Belknap,Belknap,MT,Montana,30089,Sanders,47.6472,-115.4222,317,25,polygon,FALSE,FALSE,America/Denver,3
21463,Snoqualmie Pass,Snoqualmie Pass,WA,Washington,53037,Kittitas,47.4014,-121.4109,316,41,polygon,FALSE,FALSE,America/Los_Angeles,3
21464,Matlacha Isles-Matlacha Shores,Matlacha Isles-Matlacha Shores,FL,Florida,12071,Lee,26.634,-82.0589,316,611,polygon,FALSE,TRUE,America/New_York,3
21465,Suissevale,Suissevale,NH,New Hampshire,33003,Carroll,43.7233,-71.3623,316,103,polygon,FALSE,TRUE,America/New_York,3
21466,McGrath,McGrath,AK,Alaska,2290,Yukon-Koyukuk,62.9424,-155.563,316,2,polygon,FALSE,TRUE,America/Anchorage,3
21467,Burdett,Burdett,NY,New York,36097,Schuyler,42.4169,-76.8441,316,126,polygon,FALSE,TRUE,America/New_York,3
21468,Blooming Valley,Blooming Valley,PA,Pennsylvania,42039,Crawford,41.6797,-80.0397,316,62,polygon,FALSE,TRUE,America/New_York,3
21469,Kistler,Kistler,PA,Pennsylvania,42087,Mifflin,40.3769,-77.8654,316,482,polygon,FALSE,TRUE,America/New_York,3
21470,Ivor,Ivor,VA,Virginia,51175,Southampton,36.9052,-76.8978,316,111,polygon,FALSE,TRUE,America/New_York,3
21471,Fargo,Fargo,GA,Georgia,13065,Clinch,30.6881,-82.5721,316,44,polygon,FALSE,TRUE,America/New_York,3
21472,Betterton,Betterton,MD,Maryland,24029,Kent,39.3652,-76.069,316,123,polygon,FALSE,TRUE,America/New_York,3
21473,Kinta,Kinta,OK,Oklahoma,40061,Haskell,35.1193,-95.2378,316,193,polygon,FALSE,TRUE,America/Chicago,3
21474,Fayetteville,Fayetteville,OH,Ohio,39015,Brown,39.1848,-83.9317,316,234,polygon,FALSE,TRUE,America/New_York,3
21475,Bainville,Bainville,MT,Montana,30085,Roosevelt,48.1394,-104.2197,316,121,polygon,FALSE,TRUE,America/Denver,3
21476,Packwood,Packwood,WA,Washington,53041,Lewis,46.6085,-121.6702,315,121,polygon,FALSE,FALSE,America/Los_Angeles,3
21477,Newburg,Newburg,WV,West Virginia,54077,Preston,39.3889,-79.8536,315,154,polygon,FALSE,TRUE,America/New_York,3
21478,Granjeno,Granjeno,TX,Texas,48215,Hidalgo,26.1377,-98.3026,315,317,polygon,FALSE,TRUE,America/Chicago,3
21479,Eek,Eek,AK,Alaska,2050,Bethel,60.2164,-162.0331,315,187,polygon,FALSE,TRUE,America/Nome,3
21480,Dublin,Dublin,NC,North Carolina,37017,Bladen,34.6562,-78.7231,315,279,polygon,FALSE,TRUE,America/New_York,3
21481,Arkansas City,Arkansas City,AR,Arkansas,5041,Desha,33.609,-91.2048,315,247,polygon,FALSE,TRUE,America/Chicago,3
21482,Uniondale,Uniondale,IN,Indiana,18179,Wells,40.8299,-85.2415,315,579,polygon,FALSE,TRUE,America/Indiana/Indianapolis,3
21483,Manilla,Manilla,IN,Indiana,18139,Rush,39.5727,-85.622,315,539,polygon,FALSE,FALSE,America/Indiana/Indianapolis,3
21484,Floyd,Floyd,IA,Iowa,19067,Floyd,43.1282,-92.7402,315,203,polygon,FALSE,TRUE,America/Chicago,3
21485,Wenden,Wenden,AZ,Arizona,4012,La Paz,33.8324,-113.5433,315,8,polygon,FALSE,FALSE,America/Phoenix,3
21486,Zihlman,Zihlman,MD,Maryland,24001,Allegany,39.6741,-78.913,315,81,polygon,FALSE,FALSE,America/New_York,3
21487,Millerton,Millerton,OK,Oklahoma,40089,McCurtain,33.9843,-95.019,315,61,polygon,FALSE,TRUE,America/Chicago,3
21488,Jennings,Jennings,MI,Michigan,26113,Missaukee,44.3325,-85.2969,315,160,polygon,FALSE,FALSE,America/Detroit,3
21489,Chunky,Chunky,MS,Mississippi,28101,Newton,32.3275,-88.9302,315,145,polygon,FALSE,TRUE,America/Chicago,3
21490,McConnells,McConnells,SC,South Carolina,45091,York,34.8695,-81.2266,315,35,polygon,FALSE,TRUE,America/New_York,3
21491,Lester,Lester,WV,West Virginia,54081,Raleigh,37.7349,-81.3015,314,241,polygon,FALSE,TRUE,America/New_York,3
21492,Latexo,Latexo,TX,Texas,48225,Houston,31.3889,-95.4724,314,123,polygon,FALSE,TRUE,America/Chicago,3
21493,Fowlerton,Fowlerton,TX,Texas,48283,La Salle,28.4608,-98.8114,314,55,polygon,FALSE,FALSE,America/Chicago,3
21494,Lower Kalskag,Lower Kalskag,AK,Alaska,2050,Bethel,61.5163,-160.3556,314,97,polygon,FALSE,TRUE,America/Anchorage,3
21495,Waco,Waco,NC,North Carolina,37045,Cleveland,35.3617,-81.4286,314,154,polygon,FALSE,TRUE,America/New_York,3
21496,Brainard,Brainard,NE,Nebraska,31023,Butler,41.1819,-97.0022,314,366,polygon,FALSE,TRUE,America/Chicago,3
21497,Moshannon,Moshannon,PA,Pennsylvania,42027,Centre,41.0342,-78.0067,314,353,polygon,FALSE,FALSE,America/New_York,3
21498,Anchor Bay,Anchor Bay,CA,California,6045,Mendocino,38.8126,-123.5704,314,34,polygon,FALSE,FALSE,America/Los_Angeles,3
21499,Dutton,Dutton,AL,Alabama,1071,Jackson,34.6062,-85.9119,314,140,polygon,FALSE,TRUE,America/Chicago,3
21500,Kino Springs,Kino Springs,AZ,Arizona,4023,Santa Cruz,31.3642,-110.8096,314,469,polygon,FALSE,FALSE,America/Phoenix,3
21501,Newdale,Newdale,ID,Idaho,16043,Fremont,43.8864,-111.6039,314,659,polygon,FALSE,TRUE,America/Boise,3
21502,Rockford Bay,Rockford Bay,ID,Idaho,16055,Kootenai,47.5087,-116.8866,314,32,polygon,FALSE,FALSE,America/Los_Angeles,3
21503,East Fultonham,East Fultonham,OH,Ohio,39119,Muskingum,39.8486,-82.1207,314,349,polygon,FALSE,FALSE,America/New_York,3
21504,Hume,Hume,MO,Missouri,29013,Bates,38.0906,-94.5827,314,183,polygon,FALSE,TRUE,America/Chicago,3
21505,Frankford,Frankford,MO,Missouri,29163,Pike,39.4934,-91.3209,314,231,polygon,FALSE,TRUE,America/Chicago,3
21506,Osage,Osage,MN,Minnesota,27005,Becker,46.9283,-95.2586,314,44,polygon,FALSE,FALSE,America/Chicago,3
21507,Lincoln,Lincoln,MI,Michigan,26001,Alcona,44.6842,-83.4133,314,147,polygon,FALSE,TRUE,America/Detroit,3
21508,The Highlands,The Highlands,KS,Kansas,20155,Reno,38.1659,-97.9497,314,118,polygon,FALSE,TRUE,America/Chicago,3
21509,Chaplin,Chaplin,KY,Kentucky,21179,Nelson,37.8996,-85.2195,314,87,polygon,FALSE,FALSE,America/New_York,3
21510,Rosedale,Rosedale,NM,New Mexico,35017,Grant,32.7694,-108.2417,313,68,polygon,FALSE,TRUE,America/Denver,3
21511,Tira,Tira,TX,Texas,48223,Hopkins,33.3222,-95.5606,313,85,polygon,FALSE,TRUE,America/Chicago,3
21512,Parker's Crossroads,Parker's Crossroads,TN,Tennessee,47077,Henderson,35.7894,-88.3906,313,31,polygon,FALSE,TRUE,America/Chicago,3
21513,Hop Bottom,Hop Bottom,PA,Pennsylvania,42115,Susquehanna,41.7053,-75.7674,313,199,polygon,FALSE,TRUE,America/New_York,3
21514,Alma,Alma,CO,Colorado,8093,Park,39.2861,-106.0676,313,278,polygon,FALSE,TRUE,America/Denver,3
21515,North La Junta,North La Junta,CO,Colorado,8089,Otero,37.9985,-103.5228,313,88,polygon,FALSE,FALSE,America/Denver,3
21516,City of Creede,City of Creede,CO,Colorado,8079,Mineral,37.8486,-106.9252,313,127,polygon,FALSE,TRUE,America/Denver,3
21517,Arboles,Arboles,CO,Colorado,8007,Archuleta,37.0201,-107.4222,313,23,polygon,FALSE,FALSE,America/Denver,3
21518,Benton,Benton,CA,California,6051,Mono,37.8189,-118.4844,313,4,polygon,FALSE,FALSE,America/Los_Angeles,3
21519,Keene,Keene,CA,California,6029,Kern,35.233,-118.6103,313,12,polygon,FALSE,FALSE,America/Los_Angeles,3
21520,Kenney,Kenney,IL,Illinois,17039,De Witt,40.0978,-89.0861,313,428,polygon,FALSE,TRUE,America/Chicago,3
21521,Cornfields,Cornfields,AZ,Arizona,4001,Apache,35.6515,-109.6756,313,312,polygon,FALSE,FALSE,America/Denver,3
21522,Watts,Watts,OK,Oklahoma,40001,Adair,36.1073,-94.5717,313,311,polygon,FALSE,TRUE,America/Chicago,3
21523,Sawyer,Sawyer,OK,Oklahoma,40023,Choctaw,34.0206,-95.3773,313,13,polygon,FALSE,TRUE,America/Chicago,3
21524,Farber,Farber,MO,Missouri,29007,Audrain,39.2747,-91.5764,313,422,polygon,FALSE,TRUE,America/Chicago,3
21525,Vernon Center,Vernon Center,MN,Minnesota,27013,Blue Earth,43.9626,-94.1666,313,245,polygon,FALSE,TRUE,America/Chicago,3
21526,Lupton,Lupton,MI,Michigan,26129,Ogemaw,44.4297,-84.0225,313,37,polygon,FALSE,FALSE,America/Detroit,3
21527,Belfry,Belfry,KY,Kentucky,21195,Pike,37.6194,-82.2684,313,167,polygon,FALSE,FALSE,America/New_York,3
21528,Druid Hills,Druid Hills,KY,Kentucky,21111,Jefferson,38.2649,-85.6617,313,1358,polygon,FALSE,TRUE,America/New_York,3
21529,Umapine,Umapine,OR,Oregon,41059,Umatilla,45.976,-118.5009,313,36,polygon,FALSE,FALSE,America/Los_Angeles,3
21530,Pine Lakes Addition,Pine Lakes Addition,SD,South Dakota,46099,Minnehaha,43.5511,-96.6354,313,686,polygon,FALSE,FALSE,America/Chicago,3
21531,Handley,Handley,WV,West Virginia,54039,Kanawha,38.1863,-81.3673,312,126,polygon,FALSE,TRUE,America/New_York,3
21532,Superior,Superior,WY,Wyoming,56037,Sweetwater,41.7595,-108.9643,312,107,polygon,FALSE,TRUE,America/Denver,3
21533,Burns,Burns,WY,Wyoming,56021,Laramie,41.1909,-104.359,312,39,polygon,FALSE,TRUE,America/Denver,3
21534,Cross Timber,Cross Timber,TX,Texas,48251,Johnson,32.4833,-97.326,312,85,polygon,FALSE,TRUE,America/Chicago,3
21535,Mooresboro,Mooresboro,NC,North Carolina,37045,Cleveland,35.2992,-81.6986,312,68,polygon,FALSE,TRUE,America/New_York,3
21536,Petersburg,Petersburg,NE,Nebraska,31011,Boone,41.8536,-98.0811,312,322,polygon,FALSE,TRUE,America/Chicago,3
21537,Cedar Hill,Cedar Hill,TN,Tennessee,47147,Robertson,36.5512,-87.001,312,187,polygon,FALSE,TRUE,America/Chicago,3
21538,Winslow,Winslow,IL,Illinois,17177,Stephenson,42.493,-89.7948,312,262,polygon,FALSE,TRUE,America/Chicago,3
21539,Higgston,Higgston,GA,Georgia,13209,Montgomery,32.2164,-82.467,312,38,polygon,FALSE,TRUE,America/New_York,3
21540,Sabillasville,Sabillasville,MD,Maryland,24021,Frederick,39.6973,-77.4562,312,80,polygon,FALSE,FALSE,America/New_York,3
21541,Accident,Accident,MD,Maryland,24023,Garrett,39.6257,-79.32,312,243,polygon,FALSE,TRUE,America/New_York,3
21542,Taloga,Taloga,OK,Oklahoma,40043,Dewey,36.0403,-98.9642,312,231,polygon,FALSE,TRUE,America/Chicago,3
21543,Jane,Jane,MO,Missouri,29119,McDonald,36.5404,-94.3079,312,40,polygon,FALSE,TRUE,America/Chicago,3
21544,Lakeland Shores,Lakeland Shores,MN,Minnesota,27163,Washington,44.9478,-92.7612,312,375,polygon,FALSE,TRUE,America/Chicago,3
21545,Leland,Leland,MI,Michigan,26089,Leelanau,45.0214,-85.7576,312,123,polygon,FALSE,FALSE,America/Detroit,3
21546,Chester,Chester,TX,Texas,48457,Tyler,30.9213,-94.6,311,76,polygon,FALSE,TRUE,America/Chicago,3
21547,St. Thomas,St. Thomas,ND,North Dakota,38067,Pembina,48.6192,-97.4471,311,118,polygon,FALSE,TRUE,America/Chicago,3
21548,Rives,Rives,TN,Tennessee,47131,Obion,36.3561,-89.0496,311,347,polygon,FALSE,TRUE,America/Chicago,3
21549,Little York,Little York,IL,Illinois,17187,Warren,41.0109,-90.7471,311,538,polygon,FALSE,TRUE,America/Chicago,3
21550,Irwin,Irwin,IA,Iowa,19165,Shelby,41.7902,-95.2068,311,201,polygon,FALSE,TRUE,America/Chicago,3
21551,McCausland,McCausland,IA,Iowa,19163,Scott,41.7435,-90.4461,311,216,polygon,FALSE,TRUE,America/Chicago,3
21552,Nanticoke,Nanticoke,MD,Maryland,24045,Wicomico,38.2672,-75.8938,311,46,polygon,FALSE,FALSE,America/New_York,3
21553,Kelleys Island,Kelleys Island,OH,Ohio,39043,Erie,41.6033,-82.7029,311,27,polygon,FALSE,TRUE,America/New_York,3
21554,Clyde Park,Clyde Park,MT,Montana,30067,Park,45.884,-110.6057,311,330,polygon,FALSE,TRUE,America/Denver,3
21555,Hamilton,Hamilton,WA,Washington,53057,Skagit,48.5281,-121.9836,310,106,polygon,FALSE,TRUE,America/Los_Angeles,3
21556,Cazenovia,Cazenovia,WI,Wisconsin,55103,Richland,43.5237,-90.1991,310,130,polygon,FALSE,TRUE,America/Chicago,3
21557,Blackwell,Blackwell,TX,Texas,48353,Nolan,32.0851,-100.3194,310,202,polygon,FALSE,TRUE,America/Chicago,3
21558,Fleischmanns,Fleischmanns,NY,New York,36025,Delaware,42.1552,-74.5335,310,182,polygon,FALSE,TRUE,America/New_York,3
21559,Campbell Hill,Campbell Hill,IL,Illinois,17077,Jackson,37.9304,-89.5514,310,258,polygon,FALSE,TRUE,America/Chicago,3
21560,Fillmore,Fillmore,IL,Illinois,17135,Montgomery,39.1154,-89.2785,310,117,polygon,FALSE,TRUE,America/Chicago,3
21561,Wellton Hills,Wellton Hills,AZ,Arizona,4027,Yuma,32.6232,-114.1453,310,187,polygon,FALSE,TRUE,America/Phoenix,3
21562,Risco,Risco,MO,Missouri,29143,New Madrid,36.5512,-89.8186,310,213,polygon,FALSE,TRUE,America/Chicago,3
21563,Sanborn,Sanborn,MN,Minnesota,27127,Redwood,44.2098,-95.1297,310,57,polygon,FALSE,TRUE,America/Chicago,3
21564,Hackensack,Hackensack,MN,Minnesota,27021,Cass,46.9269,-94.5159,310,117,polygon,FALSE,TRUE,America/Chicago,3
21565,Azure,Azure,MT,Montana,30041,Hill,48.305,-109.8072,310,26,polygon,FALSE,FALSE,America/Denver,3
21566,Neilton,Neilton,WA,Washington,53027,Grays Harbor,47.4031,-123.8782,309,12,polygon,FALSE,FALSE,America/Los_Angeles,3
21567,Arpin,Arpin,WI,Wisconsin,55141,Wood,44.5394,-90.0315,309,145,polygon,FALSE,TRUE,America/Chicago,3
21568,Charlton Heights,Charlton Heights,WV,West Virginia,54019,Fayette,38.1255,-81.2333,309,288,polygon,FALSE,FALSE,America/New_York,3
21569,Pineland,Pineland,FL,Florida,12071,Lee,26.6642,-82.1477,309,133,polygon,FALSE,FALSE,America/New_York,3
21570,Richland Springs,Richland Springs,TX,Texas,48411,San Saba,31.2715,-98.9486,309,118,polygon,FALSE,TRUE,America/Chicago,3
21571,Prague,Prague,NE,Nebraska,31155,Saunders,41.3095,-96.8081,309,366,polygon,FALSE,TRUE,America/Chicago,3
21572,Townville,Townville,PA,Pennsylvania,42039,Crawford,41.6791,-79.8801,309,233,polygon,FALSE,TRUE,America/New_York,3
21573,Makemie Park,Makemie Park,VA,Virginia,51001,Accomack,37.9106,-75.5845,309,117,polygon,FALSE,FALSE,America/New_York,3
21574,Tooleville,Tooleville,CA,California,6107,Tulare,36.2878,-119.1154,309,1786,polygon,FALSE,TRUE,America/Los_Angeles,3
21575,Kempton,Kempton,IN,Indiana,18159,Tipton,40.2881,-86.2294,309,738,polygon,FALSE,TRUE,America/Indiana/Indianapolis,3
21576,Mingo,Mingo,IA,Iowa,19099,Jasper,41.7662,-93.2825,309,196,polygon,FALSE,TRUE,America/Chicago,3
21577,Peterson,Peterson,IA,Iowa,19041,Clay,42.9176,-95.3425,309,229,polygon,FALSE,TRUE,America/Chicago,3
21578,Hollister,Hollister,ID,Idaho,16083,Twin Falls,42.3529,-114.5839,309,111,polygon,FALSE,TRUE,America/Boise,3
21579,Elizabethtown,Elizabethtown,OH,Ohio,39061,Hamilton,39.1621,-84.8037,309,134,polygon,FALSE,FALSE,America/New_York,3
21580,Rushville,Rushville,OH,Ohio,39045,Fairfield,39.7644,-82.4304,309,497,polygon,FALSE,TRUE,America/New_York,3
21581,Arcadia,Arcadia,KS,Kansas,20037,Crawford,37.6409,-94.6239,309,283,polygon,FALSE,TRUE,America/Chicago,3
21582,Norway,Norway,SC,South Carolina,45075,Orangeburg,33.4503,-81.1266,309,150,polygon,FALSE,TRUE,America/New_York,3
21583,Ranchitos Las Lomas,Ranchitos Las Lomas,TX,Texas,48479,Webb,27.6283,-99.2344,308,32,polygon,FALSE,FALSE,America/Chicago,3
21584,Flat Top Mountain,Flat Top Mountain,TN,Tennessee,47065,Hamilton,35.3319,-85.2,308,6,polygon,FALSE,TRUE,America/New_York,3
21585,Penn Lake Park,Penn Lake Park,PA,Pennsylvania,42079,Luzerne,41.1153,-75.7733,308,76,polygon,FALSE,TRUE,America/New_York,3
21586,Bath,Bath,IL,Illinois,17125,Mason,40.1906,-90.1425,308,326,polygon,FALSE,TRUE,America/Chicago,3
21587,Lisbon,Lisbon,IL,Illinois,17093,Kendall,41.4794,-88.4597,308,68,polygon,FALSE,TRUE,America/Chicago,3
21588,Atalissa,Atalissa,IA,Iowa,19139,Muscatine,41.5715,-91.1665,308,854,polygon,FALSE,TRUE,America/Chicago,3
21589,Sportsmen Acres,Sportsmen Acres,OK,Oklahoma,40097,Mayes,36.2458,-95.2515,308,1444,polygon,FALSE,TRUE,America/Chicago,3
21590,New Athens,New Athens,OH,Ohio,39067,Harrison,40.1845,-80.9948,308,412,polygon,FALSE,TRUE,America/New_York,3
21591,Kunkle,Kunkle,OH,Ohio,39171,Williams,41.6359,-84.4941,308,424,polygon,FALSE,FALSE,America/New_York,3
21592,Lore City,Lore City,OH,Ohio,39059,Guernsey,39.9832,-81.4601,308,362,polygon,FALSE,TRUE,America/New_York,3
21593,Midland,Midland,OH,Ohio,39027,Clinton,39.3068,-83.9105,308,341,polygon,FALSE,TRUE,America/New_York,3
21594,Whiterocks,Whiterocks,UT,Utah,49047,Uintah,40.4722,-109.9413,308,50,polygon,FALSE,FALSE,America/Denver,3
21595,Maitland,Maitland,MO,Missouri,29087,Holt,40.2021,-95.078,308,380,polygon,FALSE,TRUE,America/Chicago,3
21596,Longton,Longton,KS,Kansas,20049,Elk,37.3779,-96.0821,308,101,polygon,FALSE,TRUE,America/Chicago,3
21597,Rienzi,Rienzi,MS,Mississippi,28003,Alcorn,34.7633,-88.534,308,120,polygon,FALSE,TRUE,America/Chicago,3
21598,Pryorsburg,Pryorsburg,KY,Kentucky,21083,Graves,36.6899,-88.7124,308,95,polygon,FALSE,FALSE,America/Chicago,3
21599,Belleview,Belleview,KY,Kentucky,21015,Boone,38.9792,-84.8249,308,87,polygon,FALSE,FALSE,America/New_York,3
21600,Bristol,Bristol,SD,South Dakota,46037,Day,45.3466,-97.7485,308,227,polygon,FALSE,TRUE,America/Chicago,3
21601,Great Cacapon,Great Cacapon,WV,West Virginia,54065,Morgan,39.6144,-78.2857,307,138,polygon,FALSE,FALSE,America/New_York,3
21602,Ribera,Ribera,NM,New Mexico,35047,San Miguel,35.37,-105.4441,307,47,polygon,FALSE,FALSE,America/Denver,3
21603,Eureka,Eureka,TX,Texas,48349,Navarro,32.012,-96.2855,307,49,polygon,FALSE,TRUE,America/Chicago,3
21604,Rochester,Rochester,TX,Texas,48207,Haskell,33.3142,-99.8565,307,346,polygon,FALSE,TRUE,America/Chicago,3
21605,Zuehl,Zuehl,TX,Texas,48187,Guadalupe,29.496,-98.1535,307,22,polygon,FALSE,FALSE,America/Chicago,3
21606,Cumberland City,Cumberland City,TN,Tennessee,47161,Stewart,36.3828,-87.6403,307,23,polygon,FALSE,TRUE,America/Chicago,3
21607,Rensselaer Falls,Rensselaer Falls,NY,New York,36089,St. Lawrence,44.5909,-75.319,307,407,polygon,FALSE,TRUE,America/New_York,3
21608,Port Clinton,Port Clinton,PA,Pennsylvania,42107,Schuylkill,40.5818,-76.0267,307,155,polygon,FALSE,TRUE,America/New_York,3
21609,Louviers,Louviers,CO,Colorado,8035,Douglas,39.4799,-105.0033,307,75,polygon,FALSE,FALSE,America/Denver,3
21610,Groveland,Groveland,CA,California,6109,Tuolumne,37.8325,-120.2394,307,12,polygon,FALSE,FALSE,America/Los_Angeles,3
21611,Stirling City,Stirling City,CA,California,6007,Butte,39.9065,-121.5361,307,100,polygon,FALSE,FALSE,America/Los_Angeles,3
21612,Uriah,Uriah,AL,Alabama,1099,Monroe,31.3073,-87.4992,307,73,polygon,FALSE,FALSE,America/Chicago,3
21613,Maysville,Maysville,AR,Arkansas,5007,Benton,36.4019,-94.5889,307,50,polygon,FALSE,FALSE,America/Chicago,3
21614,Hartsburg,Hartsburg,IL,Illinois,17107,Logan,40.2506,-89.4412,307,790,polygon,FALSE,TRUE,America/Chicago,3
21615,Flat Rock,Flat Rock,IL,Illinois,17033,Crawford,38.9037,-87.6734,307,138,polygon,FALSE,TRUE,America/Chicago,3
21616,New Douglas,New Douglas,IL,Illinois,17119,Madison,38.9698,-89.6664,307,113,polygon,FALSE,TRUE,America/Chicago,3
21617,Hanna,Hanna,IN,Indiana,18091,LaPorte,41.4119,-86.7795,307,121,polygon,FALSE,FALSE,America/Chicago,3
21618,Marshall,Marshall,OK,Oklahoma,40083,Logan,36.1555,-97.6257,307,235,polygon,FALSE,TRUE,America/Chicago,3
21619,Avant,Avant,OK,Oklahoma,40113,Osage,36.4886,-96.0599,307,345,polygon,FALSE,TRUE,America/Chicago,3
21620,Manila,Manila,UT,Utah,49009,Daggett,40.9922,-109.721,307,114,polygon,FALSE,TRUE,America/Denver,3
21621,Finlayson,Finlayson,MN,Minnesota,27115,Pine,46.2051,-92.9248,307,42,polygon,FALSE,TRUE,America/Chicago,3
21622,Lake Angelus,Lake Angelus,MI,Michigan,26125,Oakland,42.6921,-83.3215,307,118,polygon,FALSE,TRUE,America/Detroit,3
21623,Barton Hills,Barton Hills,MI,Michigan,26161,Washtenaw,42.3167,-83.7561,307,156,polygon,FALSE,TRUE,America/Detroit,3
21624,Sherwood,Sherwood,MI,Michigan,26023,Branch,41.9997,-85.2394,307,118,polygon,FALSE,TRUE,America/Detroit,3
21625,Flemington,Flemington,WV,West Virginia,54091,Taylor,39.2666,-80.1286,306,387,polygon,FALSE,TRUE,America/New_York,3
21626,Deep Water,Deep Water,WV,West Virginia,54019,Fayette,38.1217,-81.2528,306,133,polygon,FALSE,FALSE,America/New_York,3
21627,Las Palomas,Las Palomas,NM,New Mexico,35051,Sierra,33.0589,-107.2982,306,73,polygon,FALSE,FALSE,America/Denver,3
21628,Poynor,Poynor,TX,Texas,48213,Henderson,32.0793,-95.5924,306,50,polygon,FALSE,TRUE,America/Chicago,3
21629,Oxbow,Oxbow,ND,North Dakota,38017,Cass,46.6687,-96.8101,306,77,polygon,FALSE,TRUE,America/Chicago,3
21630,Natural Bridge,Natural Bridge,NY,New York,36045,Jefferson,44.0718,-75.4999,306,84,polygon,FALSE,FALSE,America/New_York,3
21631,Belleville,Belleville,NY,New York,36045,Jefferson,43.7844,-76.1168,306,466,polygon,FALSE,FALSE,America/New_York,3
21632,Cold Brook,Cold Brook,NY,New York,36043,Herkimer,43.2399,-75.0389,306,269,polygon,FALSE,TRUE,America/New_York,3
21633,Elco,Elco,PA,Pennsylvania,42125,Washington,40.0811,-79.8816,306,423,polygon,FALSE,TRUE,America/New_York,3
21634,Allenwood,Allenwood,PA,Pennsylvania,42119,Union,41.1081,-76.8981,306,201,polygon,FALSE,FALSE,America/New_York,3
21635,Reeltown,Reeltown,AL,Alabama,1123,Tallapoosa,32.5788,-85.8189,306,15,polygon,FALSE,FALSE,America/Chicago,3
21636,Prattsville,Prattsville,AR,Arkansas,5053,Grant,34.3172,-92.5429,306,73,polygon,FALSE,TRUE,America/Chicago,3
21637,Gracemont,Gracemont,OK,Oklahoma,40015,Caddo,35.1878,-98.257,306,784,polygon,FALSE,TRUE,America/Chicago,3
21638,Buffalo,Buffalo,OH,Ohio,39059,Guernsey,39.9169,-81.5204,306,241,polygon,FALSE,FALSE,America/New_York,3
21639,Hartland,Hartland,MN,Minnesota,27047,Freeborn,43.8042,-93.4843,306,437,polygon,FALSE,TRUE,America/Chicago,3
21640,Dakota,Dakota,MN,Minnesota,27169,Winona,43.9106,-91.3605,306,214,polygon,FALSE,TRUE,America/Chicago,3
21641,Cokesbury,Cokesbury,SC,South Carolina,45047,Greenwood,34.29,-82.2087,306,199,polygon,FALSE,FALSE,America/New_York,3
21642,High Bridge,High Bridge,KY,Kentucky,21113,Jessamine,37.8299,-84.7096,306,54,polygon,FALSE,FALSE,America/New_York,3
21643,Prescott,Prescott,WA,Washington,53071,Walla Walla,46.2988,-118.3126,305,293,polygon,FALSE,TRUE,America/Los_Angeles,3
21644,Endicott,Endicott,WA,Washington,53075,Whitman,46.9282,-117.6867,305,397,polygon,FALSE,TRUE,America/Los_Angeles,3
21645,Sandy Hook,Sandy Hook,WI,Wisconsin,55043,Grant,42.5466,-90.6168,305,83,polygon,FALSE,FALSE,America/Chicago,3
21646,Bailey,Bailey,TX,Texas,48147,Fannin,33.4335,-96.1649,305,296,polygon,FALSE,TRUE,America/Chicago,3
21647,Warren City,Warren City,TX,Texas,48183,Gregg,32.553,-94.9056,305,67,polygon,FALSE,TRUE,America/Chicago,3
21648,Dannebrog,Dannebrog,NE,Nebraska,31093,Howard,41.1186,-98.5456,305,322,polygon,FALSE,TRUE,America/Chicago,3
21649,Arcadia,Arcadia,NE,Nebraska,31175,Valley,41.4249,-99.126,305,206,polygon,FALSE,TRUE,America/Chicago,3
21650,Brule,Brule,NE,Nebraska,31101,Keith,41.0948,-101.8887,305,381,polygon,FALSE,TRUE,America/Denver,3
21651,Polk,Polk,NE,Nebraska,31143,Polk,41.0755,-97.7834,305,240,polygon,FALSE,TRUE,America/Chicago,3
21652,Hadar,Hadar,NE,Nebraska,31139,Pierce,42.1072,-97.451,305,297,polygon,FALSE,TRUE,America/Chicago,3
21653,Lynnville,Lynnville,TN,Tennessee,47055,Giles,35.3781,-87.0054,305,347,polygon,FALSE,TRUE,America/Chicago,3
21654,Salisbury Mills,Salisbury Mills,NY,New York,36071,Orange,41.4308,-74.1098,305,236,polygon,FALSE,FALSE,America/New_York,3
21655,Youngstown,Youngstown,PA,Pennsylvania,42129,Westmoreland,40.2798,-79.3659,305,1057,polygon,FALSE,TRUE,America/New_York,3
21656,Auburn,Auburn,IA,Iowa,19161,Sac,42.2496,-94.8778,305,236,polygon,FALSE,TRUE,America/Chicago,3
21657,Bliss,Bliss,ID,Idaho,16047,Gooding,42.9242,-114.9479,305,159,polygon,FALSE,TRUE,America/Boise,3
21658,Kendrick,Kendrick,ID,Idaho,16057,Latah,46.6139,-116.6543,305,327,polygon,FALSE,TRUE,America/Los_Angeles,3
21659,Evening Shade,Evening Shade,OK,Oklahoma,40135,Sequoyah,35.6195,-94.9104,305,8,polygon,FALSE,FALSE,America/Chicago,3
21660,East Lynne,East Lynne,MO,Missouri,29037,Cass,38.6683,-94.2303,305,360,polygon,FALSE,TRUE,America/Chicago,3
21661,Hillsdale,Hillsdale,KS,Kansas,20121,Miami,38.6597,-94.8569,305,77,polygon,FALSE,FALSE,America/Chicago,3
21662,Greenleaf,Greenleaf,KS,Kansas,20201,Washington,39.7272,-96.9801,305,260,polygon,FALSE,TRUE,America/Chicago,3
21663,Bronson,Bronson,KS,Kansas,20011,Bourbon,37.8958,-95.0732,305,263,polygon,FALSE,TRUE,America/Chicago,3
21664,St. Regis,St. Regis,MT,Montana,30061,Mineral,47.3016,-115.1013,305,137,polygon,FALSE,FALSE,America/Denver,3
21665,Ghent,Ghent,KY,Kentucky,21041,Carroll,38.734,-85.0612,305,165,polygon,FALSE,TRUE,America/Indiana/Vevay,3
21666,Jeffers Gardens,Jeffers Gardens,OR,Oregon,41007,Clatsop,46.1518,-123.852,305,208,polygon,FALSE,TRUE,America/Los_Angeles,3
21667,Pukwana,Pukwana,SD,South Dakota,46015,Brule,43.7792,-99.1843,305,154,polygon,FALSE,TRUE,America/Chicago,3
21668,Agency Village,Agency Village,SD,South Dakota,46109,Roberts,45.5808,-97.0831,305,20,polygon,FALSE,TRUE,America/Chicago,3
21669,Skamokawa Valley,Skamokawa Valley,WA,Washington,53069,Wahkiakum,46.3004,-123.4242,304,4,polygon,FALSE,TRUE,America/Los_Angeles,3
21670,Davis,Davis,NC,North Carolina,37031,Carteret,34.7996,-76.4641,304,53,polygon,FALSE,FALSE,America/New_York,3
21671,Sandy Creek,Sandy Creek,NC,North Carolina,37019,Brunswick,34.2812,-78.1529,304,93,polygon,FALSE,TRUE,America/New_York,3
21672,Wallaceton,Wallaceton,PA,Pennsylvania,42033,Clearfield,40.9617,-78.2905,304,153,polygon,FALSE,TRUE,America/New_York,3
21673,Empire,Empire,CO,Colorado,8019,Clear Creek,39.7595,-105.6821,304,437,polygon,FALSE,TRUE,America/Denver,3
21674,Montrose,Montrose,AR,Arkansas,5003,Ashley,33.2989,-91.4965,304,310,polygon,FALSE,TRUE,America/Chicago,3
21675,Middletown,Middletown,IL,Illinois,17107,Logan,40.0994,-89.5903,304,343,polygon,FALSE,TRUE,America/Chicago,3
21676,Kampsville,Kampsville,IL,Illinois,17013,Calhoun,39.2971,-90.6127,304,115,polygon,FALSE,TRUE,America/Chicago,3
21677,Rutland,Rutland,IL,Illinois,17099,LaSalle,40.9838,-89.0413,304,169,polygon,FALSE,TRUE,America/Chicago,3
21678,Seymour,Seymour,IL,Illinois,17019,Champaign,40.1067,-88.4271,304,1308,polygon,FALSE,FALSE,America/Chicago,3
21679,Ruma,Ruma,IL,Illinois,17157,Randolph,38.1306,-90.0004,304,158,polygon,FALSE,TRUE,America/Chicago,3
21680,Granville,Granville,IA,Iowa,19167,Sioux,42.9855,-95.875,304,403,polygon,FALSE,TRUE,America/Chicago,3
21681,Clifton,Clifton,ID,Idaho,16041,Franklin,42.1873,-112.0046,304,51,polygon,FALSE,TRUE,America/Boise,3
21682,Wilmot,Wilmot,OH,Ohio,39151,Stark,40.6557,-81.6349,304,698,polygon,FALSE,TRUE,America/New_York,3
21683,Plato,Plato,MN,Minnesota,27085,McLeod,44.7724,-94.0397,304,338,polygon,FALSE,TRUE,America/Chicago,3
21684,Hysham,Hysham,MT,Montana,30103,Treasure,46.2909,-107.2305,304,536,polygon,FALSE,TRUE,America/Denver,3
21685,Okreek,Okreek,SD,South Dakota,46121,Todd,43.3534,-100.3826,304,2,polygon,FALSE,FALSE,America/Chicago,3
21686,Beclabito,Beclabito,NM,New Mexico,35045,San Juan,36.8335,-109.004,303,15,polygon,FALSE,FALSE,America/Denver,3
21687,Cañon,Canon,NM,New Mexico,35043,Sandoval,35.6718,-106.7527,303,7,polygon,FALSE,FALSE,America/Denver,3
21688,Nordheim,Nordheim,TX,Texas,48123,DeWitt,28.9238,-97.6141,303,235,polygon,FALSE,TRUE,America/Chicago,3
21689,Lake View,Lake View,TX,Texas,48465,Val Verde,29.459,-100.9532,303,230,polygon,FALSE,FALSE,America/Chicago,3
21690,Keachi,Keachi,LA,Louisiana,22031,De Soto,32.1708,-93.916,303,23,polygon,FALSE,TRUE,America/Chicago,3
21691,Butte,Butte,NE,Nebraska,31015,Boyd,42.9125,-98.8479,303,280,polygon,FALSE,TRUE,America/Chicago,3
21692,Elgin,Elgin,TN,Tennessee,47151,Scott,36.3285,-84.6091,303,60,polygon,FALSE,FALSE,America/New_York,3
21693,Copake Falls,Copake Falls,NY,New York,36021,Columbia,42.1202,-73.5247,303,522,polygon,FALSE,FALSE,America/New_York,3
21694,Hood,Hood,CA,California,6067,Sacramento,38.3693,-121.5155,303,371,polygon,FALSE,FALSE,America/Los_Angeles,3
21695,Alma,Alma,IL,Illinois,17121,Marion,38.723,-88.9117,303,103,polygon,FALSE,TRUE,America/Chicago,3
21696,Joppa,Joppa,IL,Illinois,17127,Massac,37.207,-88.8447,303,240,polygon,FALSE,TRUE,America/Chicago,3
21697,Kitzmiller,Kitzmiller,MD,Maryland,24023,Garrett,39.3894,-79.1833,303,526,polygon,FALSE,TRUE,America/New_York,3
21698,Disney,Disney,OK,Oklahoma,40097,Mayes,36.477,-95.0195,303,94,polygon,FALSE,TRUE,America/Chicago,3
21699,Tupelo,Tupelo,OK,Oklahoma,40029,Coal,34.6025,-96.4205,303,273,polygon,FALSE,TRUE,America/Chicago,3
21700,Dupont,Dupont,OH,Ohio,39137,Putnam,41.0547,-84.3011,303,128,polygon,FALSE,TRUE,America/New_York,3
21701,Kensington,Kensington,MN,Minnesota,27041,Douglas,45.7783,-95.697,303,328,polygon,FALSE,TRUE,America/Chicago,3
21702,Goose Creek,Goose Creek,KY,Kentucky,21111,Jefferson,38.2934,-85.5906,303,1892,polygon,FALSE,TRUE,America/New_York,3
21703,Spring Creek,Spring Creek,SD,South Dakota,46121,Todd,43.1153,-101.0306,303,11,polygon,FALSE,FALSE,America/Chicago,3
21704,Glen White,Glen White,WV,West Virginia,54081,Raleigh,37.73,-81.2797,302,230,polygon,FALSE,FALSE,America/New_York,3
21705,Grover,Grover,WY,Wyoming,56023,Lincoln,42.7947,-110.9294,302,136,polygon,FALSE,FALSE,America/Denver,3
21706,Cook,Cook,NE,Nebraska,31097,Johnson,40.5105,-96.1618,302,674,polygon,FALSE,TRUE,America/Chicago,3
21707,Richville,Richville,NY,New York,36089,St. Lawrence,44.4151,-75.3924,302,157,polygon,FALSE,FALSE,America/New_York,3
21708,Pymatuning North,Pymatuning North,PA,Pennsylvania,42039,Crawford,41.6659,-80.4648,302,61,polygon,FALSE,TRUE,America/New_York,3
21709,Albion,Albion,CA,California,6045,Mendocino,39.2256,-123.7564,302,64,polygon,FALSE,FALSE,America/Los_Angeles,3
21710,Lake Almanor Country Club,Lake Almanor Country Club,CA,California,6063,Plumas,40.2578,-121.147,302,42,polygon,FALSE,FALSE,America/Los_Angeles,3
21711,Newport Center,Newport Center,VT,Vermont,50019,Orleans,44.9509,-72.3043,302,611,polygon,FALSE,FALSE,America/New_York,3
21712,Loraine,Loraine,IL,Illinois,17001,Adams,40.1525,-91.2215,302,138,polygon,FALSE,TRUE,America/Chicago,3
21713,Steamboat Rock,Steamboat Rock,IA,Iowa,19083,Hardin,42.4081,-93.0662,302,215,polygon,FALSE,TRUE,America/Chicago,3
21714,Lester,Lester,IA,Iowa,19119,Lyon,43.4403,-96.3315,302,63,polygon,FALSE,TRUE,America/Chicago,3
21715,Jugtown,Jugtown,MD,Maryland,24043,Washington,39.6143,-77.5943,302,349,polygon,FALSE,FALSE,America/New_York,3
21716,Clay Center,Clay Center,OH,Ohio,39123,Ottawa,41.5732,-83.3643,302,112,polygon,FALSE,TRUE,America/New_York,3
21717,Haydenville,Haydenville,OH,Ohio,39073,Hocking,39.4807,-82.3238,302,136,polygon,FALSE,FALSE,America/New_York,3
21718,Conception,Conception,MO,Missouri,29147,Nodaway,40.2411,-94.6805,302,155,polygon,FALSE,FALSE,America/Chicago,3
21719,Saginaw,Saginaw,MO,Missouri,29145,Newton,37.026,-94.4724,302,141,polygon,FALSE,TRUE,America/Chicago,3
21720,Northport,Northport,WA,Washington,53065,Stevens,48.9159,-117.7796,301,205,polygon,FALSE,TRUE,America/Los_Angeles,3
21721,Milton Mills,Milton Mills,NH,New Hampshire,33017,Strafford,43.5037,-70.9654,301,134,polygon,FALSE,FALSE,America/New_York,3
21722,Timberon,Timberon,NM,New Mexico,35035,Otero,32.6358,-105.6925,301,5,polygon,FALSE,FALSE,America/Denver,3
21723,Sandy Hollow-Escondidas,Sandy Hollow-Escondidas,TX,Texas,48355,Nueces,27.9452,-97.8061,301,14,polygon,FALSE,TRUE,America/Chicago,3
21724,Goldston,Goldston,NC,North Carolina,37037,Chatham,35.5929,-79.3286,301,147,polygon,FALSE,TRUE,America/New_York,3
21725,Campbell,Campbell,NE,Nebraska,31061,Franklin,40.2963,-98.7316,301,281,polygon,FALSE,TRUE,America/Chicago,3
21726,Cove Neck,Cove Neck,NY,New York,36059,Nassau,40.8841,-73.5003,301,90,polygon,FALSE,TRUE,America/New_York,3
21727,East Side,East Side,PA,Pennsylvania,42025,Carbon,41.0621,-75.7595,301,101,polygon,FALSE,TRUE,America/New_York,3
21728,Yankee Hill,Yankee Hill,CA,California,6007,Butte,39.7007,-121.5147,301,19,polygon,FALSE,FALSE,America/Los_Angeles,3
21729,Weogufka,Weogufka,AL,Alabama,1037,Coosa,33.0267,-86.3169,301,14,polygon,FALSE,FALSE,America/Chicago,3
21730,Blevins,Blevins,AR,Arkansas,5057,Hempstead,33.8716,-93.5778,301,116,polygon,FALSE,TRUE,America/Chicago,3
21731,McClure,McClure,IL,Illinois,17003,Alexander,37.3146,-89.4335,301,76,polygon,FALSE,TRUE,America/Chicago,3
21732,West Pocomoke,West Pocomoke,MD,Maryland,24039,Somerset,38.0956,-75.5842,301,12,polygon,FALSE,FALSE,America/New_York,3
21733,Gans,Gans,OK,Oklahoma,40135,Sequoyah,35.3874,-94.695,301,501,polygon,FALSE,TRUE,America/Chicago,3
21734,Mercer,Mercer,MO,Missouri,29129,Mercer,40.5107,-93.5299,301,316,polygon,FALSE,TRUE,America/Chicago,3
21735,Canalou,Canalou,MO,Missouri,29143,New Madrid,36.7541,-89.6865,301,576,polygon,FALSE,TRUE,America/Chicago,3
21736,Farley,Farley,MO,Missouri,29165,Platte,39.2888,-94.8284,301,94,polygon,FALSE,TRUE,America/Chicago,3
21737,Riverland,Riverland,MN,Minnesota,27087,Mahnomen,47.3219,-95.9512,301,709,polygon,FALSE,TRUE,America/Chicago,3
21738,Middle River,Middle River,MN,Minnesota,27089,Marshall,48.4349,-96.1617,301,233,polygon,FALSE,TRUE,America/Chicago,3
21739,Vicco,Vicco,KY,Kentucky,21193,Perry,37.2161,-83.0609,301,138,polygon,FALSE,TRUE,America/New_York,3
21740,Arlington,Arlington,KY,Kentucky,21039,Carlisle,36.7904,-89.0132,301,308,polygon,FALSE,TRUE,America/Chicago,3
21741,Rowena,Rowena,OR,Oregon,41065,Wasco,45.6701,-121.2749,301,64,polygon,FALSE,FALSE,America/Los_Angeles,3
21742,Springdale,Springdale,WA,Washington,53065,Stevens,48.0572,-117.7466,300,102,polygon,FALSE,TRUE,America/Los_Angeles,3
21743,Winter,Winter,WI,Wisconsin,55113,Sawyer,45.8221,-91.013,300,146,polygon,FALSE,TRUE,America/Chicago,3
21744,Boulder Flats,Boulder Flats,WY,Wyoming,56013,Fremont,42.9156,-108.7993,300,6,polygon,FALSE,FALSE,America/Denver,3
21745,Gary City,Gary City,TX,Texas,48365,Panola,32.0277,-94.3679,300,61,polygon,FALSE,TRUE,America/Chicago,3
21746,Dodson,Dodson,LA,Louisiana,22127,Winn,32.0808,-92.6587,300,51,polygon,FALSE,TRUE,America/Chicago,3
21747,Cedar Rock,Cedar Rock,NC,North Carolina,37027,Caldwell,35.9436,-81.458,300,99,polygon,FALSE,TRUE,America/New_York,3
21748,Herndon,Herndon,PA,Pennsylvania,42097,Northumberland,40.7103,-76.8515,300,135,polygon,FALSE,TRUE,America/New_York,3
21749,Ovid,Ovid,CO,Colorado,8115,Sedgwick,40.9607,-102.3883,300,743,polygon,FALSE,TRUE,America/Denver,3
21750,Martell,Martell,CA,California,6005,Amador,38.3623,-120.8039,300,48,polygon,FALSE,FALSE,America/Los_Angeles,3
21751,Donaldson,Donaldson,AR,Arkansas,5059,Hot Spring,34.235,-92.9195,300,196,polygon,FALSE,TRUE,America/Chicago,3
21752,Good Hope,Good Hope,GA,Georgia,13297,Walton,33.785,-83.6094,300,62,polygon,FALSE,TRUE,America/New_York,3
21753,Tennyson,Tennyson,IN,Indiana,18173,Warrick,38.0817,-87.1187,300,495,polygon,FALSE,TRUE,America/Chicago,3
21754,Kelley,Kelley,IA,Iowa,19169,Story,41.951,-93.6656,300,166,polygon,FALSE,TRUE,America/Chicago,3
21755,Eagleville,Eagleville,MO,Missouri,29081,Harrison,40.4684,-93.9861,300,114,polygon,FALSE,TRUE,America/Chicago,3
21756,Lowry,Lowry,MN,Minnesota,27121,Pope,45.705,-95.519,300,252,polygon,FALSE,TRUE,America/Chicago,3
21757,Skyline,Skyline,MN,Minnesota,27013,Blue Earth,44.1408,-94.034,300,597,polygon,FALSE,TRUE,America/Chicago,3
21758,Aberdeen Gardens,Aberdeen Gardens,WA,Washington,53027,Grays Harbor,47.0587,-123.7791,299,71,polygon,FALSE,FALSE,America/Los_Angeles,3
21759,Lac La Belle,Lac La Belle,WI,Wisconsin,55133,Waukesha,43.1428,-88.5303,299,121,polygon,FALSE,TRUE,America/Chicago,3
21760,Hosston,Hosston,LA,Louisiana,22017,Caddo,32.8849,-93.882,299,43,polygon,FALSE,TRUE,America/Chicago,3
21761,Copper Center,Copper Center,AK,Alaska,2261,Valdez-Cordova,61.9845,-145.3544,299,9,polygon,FALSE,FALSE,America/Anchorage,3
21762,Gatesville,Gatesville,NC,North Carolina,37073,Gates,36.4072,-76.7566,299,285,polygon,FALSE,TRUE,America/New_York,3
21763,Reynolds,Reynolds,ND,North Dakota,38097,Traill,47.6685,-97.106,299,148,polygon,FALSE,TRUE,America/Chicago,3
21764,Stapleton,Stapleton,NE,Nebraska,31113,Logan,41.4802,-100.5126,299,460,polygon,FALSE,TRUE,America/Chicago,3
21765,Hoskins,Hoskins,NE,Nebraska,31179,Wayne,42.1126,-97.3045,299,373,polygon,FALSE,TRUE,America/Chicago,3
21766,Speculator,Speculator,NY,New York,36041,Hamilton,43.5943,-74.3822,299,2,polygon,FALSE,TRUE,America/New_York,3
21767,Max Meadows,Max Meadows,VA,Virginia,51197,Wythe,36.9798,-80.9678,299,25,polygon,FALSE,FALSE,America/New_York,3
21768,Sierra Brooks,Sierra Brooks,CA,California,6091,Sierra,39.6426,-120.2153,299,84,polygon,FALSE,FALSE,America/Los_Angeles,3
21769,Everton,Everton,MO,Missouri,29057,Dade,37.3428,-93.7024,299,334,polygon,FALSE,TRUE,America/Chicago,3
21770,McCord Bend,McCord Bend,MO,Missouri,29209,Stone,36.7875,-93.5033,299,393,polygon,FALSE,TRUE,America/Chicago,3
21771,Hollandale,Hollandale,MN,Minnesota,27047,Freeborn,43.7598,-93.2043,299,262,polygon,FALSE,TRUE,America/Chicago,3
21772,Oden,Oden,MI,Michigan,26047,Emmet,45.4251,-84.8257,299,188,polygon,FALSE,FALSE,America/Detroit,3
21773,Moscow,Moscow,KS,Kansas,20189,Stevens,37.3251,-101.2069,299,670,polygon,FALSE,TRUE,America/Chicago,3
21774,Combs,Combs,KY,Kentucky,21193,Perry,37.2684,-83.2148,299,359,polygon,FALSE,FALSE,America/New_York,3
21775,Loganville,Loganville,WI,Wisconsin,55111,Sauk,43.4388,-90.0371,298,434,polygon,FALSE,TRUE,America/Chicago,3
21776,Hillcrest Heights,Hillcrest Heights,FL,Florida,12105,Polk,27.8083,-81.5695,298,720,polygon,FALSE,TRUE,America/New_York,3
21777,Gardner,Gardner,FL,Florida,12049,Hardee,27.3537,-81.7895,298,14,polygon,FALSE,FALSE,America/New_York,3
21778,La Paloma Addition,La Paloma Addition,TX,Texas,48409,San Patricio,28.017,-97.5009,298,164,polygon,FALSE,FALSE,America/Chicago,3
21779,North Cleveland,North Cleveland,TX,Texas,48291,Liberty,30.3577,-95.1003,298,60,polygon,FALSE,TRUE,America/Chicago,3
21780,Phillips,Phillips,NE,Nebraska,31081,Hamilton,40.898,-98.2142,298,392,polygon,FALSE,TRUE,America/Chicago,3
21781,Garland,Garland,TN,Tennessee,47167,Tipton,35.5818,-89.7526,298,211,polygon,FALSE,TRUE,America/Chicago,3
21782,Dungannon,Dungannon,VA,Virginia,51169,Scott,36.8285,-82.4681,298,322,polygon,FALSE,TRUE,America/New_York,3
21783,Wheatley,Wheatley,AR,Arkansas,5123,St. Francis,34.9211,-91.1063,298,37,polygon,FALSE,TRUE,America/Chicago,3
21784,South Komelik,South Komelik,AZ,Arizona,4019,Pima,31.7144,-111.7744,298,29,polygon,FALSE,FALSE,America/Phoenix,3
21785,Magnetic Springs,Magnetic Springs,OH,Ohio,39159,Union,40.3533,-83.2628,298,497,polygon,FALSE,TRUE,America/New_York,3
21786,Doylestown,Doylestown,WI,Wisconsin,55021,Columbia,43.4276,-89.1457,297,29,polygon,FALSE,TRUE,America/Chicago,3
21787,Hedgesville,Hedgesville,WV,West Virginia,54003,Berkeley,39.5544,-77.9944,297,872,polygon,FALSE,TRUE,America/New_York,3
21788,Laguna Seca,Laguna Seca,TX,Texas,48215,Hidalgo,26.2793,-97.9262,297,50,polygon,FALSE,FALSE,America/Chicago,3
21789,Grand View-on-Hudson,Grand View-on-Hudson,NY,New York,36087,Rockland,41.0627,-73.9208,297,654,polygon,FALSE,TRUE,America/New_York,3
21790,Pillow,Pillow,PA,Pennsylvania,42043,Dauphin,40.6406,-76.803,297,232,polygon,FALSE,TRUE,America/New_York,3
21791,Newsoms,Newsoms,VA,Virginia,51175,Southampton,36.6262,-77.1248,297,229,polygon,FALSE,TRUE,America/New_York,3
21792,Princeton,Princeton,CA,California,6011,Colusa,39.4029,-122.0212,297,62,polygon,FALSE,FALSE,America/Los_Angeles,3
21793,Woodland,Woodland,IL,Illinois,17075,Iroquois,40.715,-87.731,297,234,polygon,FALSE,TRUE,America/Chicago,3
21794,Michiana Shores,Michiana Shores,IN,Indiana,18091,LaPorte,41.7565,-86.8183,297,329,polygon,FALSE,TRUE,America/Detroit,3
21795,Edwardsport,Edwardsport,IN,Indiana,18083,Knox,38.8127,-87.2511,297,411,polygon,FALSE,TRUE,America/Indiana/Vincennes,3
21796,Rhodes,Rhodes,IA,Iowa,19127,Marshall,41.9279,-93.1837,297,113,polygon,FALSE,TRUE,America/Chicago,3
21797,Kellerton,Kellerton,IA,Iowa,19159,Ringgold,40.7103,-94.0503,297,173,polygon,FALSE,TRUE,America/Chicago,3
21798,Newark,Newark,MD,Maryland,24047,Worcester,38.2749,-75.2735,297,12,polygon,FALSE,FALSE,America/New_York,3
21799,Glenmont,Glenmont,OH,Ohio,39075,Holmes,40.519,-82.0926,297,416,polygon,FALSE,TRUE,America/New_York,3
21800,Potsdam,Potsdam,OH,Ohio,39109,Miami,39.9637,-84.4149,297,257,polygon,FALSE,TRUE,America/New_York,3
21801,Canada Creek Ranch,Canada Creek Ranch,MI,Michigan,26119,Montmorency,45.1751,-84.2075,297,33,polygon,FALSE,FALSE,America/Detroit,3
21802,Boyne Falls,Boyne Falls,MI,Michigan,26029,Charlevoix,45.1678,-84.9131,297,204,polygon,FALSE,TRUE,America/Detroit,3
21803,Copeland,Copeland,KS,Kansas,20069,Gray,37.5404,-100.6288,297,491,polygon,FALSE,TRUE,America/Chicago,3
21804,Bradfordsville,Bradfordsville,KY,Kentucky,21155,Marion,37.4943,-85.1482,297,424,polygon,FALSE,TRUE,America/New_York,3
21805,Nehalem,Nehalem,OR,Oregon,41057,Tillamook,45.7196,-123.8941,297,427,polygon,FALSE,TRUE,America/Los_Angeles,3
21806,Lakewood,Lakewood,WI,Wisconsin,55083,Oconto,45.3006,-88.5146,296,41,polygon,FALSE,FALSE,America/Chicago,3
21807,Paint Rock,Paint Rock,TX,Texas,48095,Concho,31.51,-99.9253,296,69,polygon,FALSE,TRUE,America/Chicago,3
21808,Ramer,Ramer,TN,Tennessee,47109,McNairy,35.0719,-88.6175,296,74,polygon,FALSE,TRUE,America/Chicago,3
21809,Eau Claire,Eau Claire,PA,Pennsylvania,42019,Butler,41.1368,-79.7985,296,89,polygon,FALSE,TRUE,America/New_York,3
21810,Trowbridge,Trowbridge,CA,California,6101,Sutter,38.9264,-121.5148,296,16,polygon,FALSE,FALSE,America/Los_Angeles,3
21811,Orick,Orick,CA,California,6023,Humboldt,41.2909,-124.0692,296,24,polygon,FALSE,FALSE,America/Los_Angeles,3
21812,Hindsboro,Hindsboro,IL,Illinois,17041,Douglas,39.6847,-88.1347,296,424,polygon,FALSE,TRUE,America/Chicago,3
21813,Ewing,Ewing,IL,Illinois,17055,Franklin,38.0889,-88.8528,296,113,polygon,FALSE,TRUE,America/Chicago,3
21814,Seatonville,Seatonville,IL,Illinois,17011,Bureau,41.3647,-89.274,296,235,polygon,FALSE,TRUE,America/Chicago,3
21815,Westport,Westport,OK,Oklahoma,40117,Pawnee,36.195,-96.3361,296,25,polygon,FALSE,TRUE,America/Chicago,3
21816,Haworth,Haworth,OK,Oklahoma,40089,McCurtain,33.8403,-94.6571,296,71,polygon,FALSE,TRUE,America/Chicago,3
21817,Rattan,Rattan,OK,Oklahoma,40127,Pushmataha,34.2004,-95.4131,296,28,polygon,FALSE,TRUE,America/Chicago,3
21818,Missouri City,Missouri City,MO,Missouri,29047,Clay,39.2391,-94.3019,296,120,polygon,FALSE,TRUE,America/Chicago,3
21819,Wilton,Wilton,MN,Minnesota,27007,Beltrami,47.5065,-94.9969,296,43,polygon,FALSE,TRUE,America/Chicago,3
21820,Vesta,Vesta,MN,Minnesota,27127,Redwood,44.5066,-95.4139,296,286,polygon,FALSE,TRUE,America/Chicago,3
21821,Greeley,Greeley,KS,Kansas,20003,Anderson,38.3676,-95.1271,296,332,polygon,FALSE,TRUE,America/Chicago,3
21822,Spring Mill,Spring Mill,KY,Kentucky,21111,Jefferson,38.1436,-85.6315,296,2061,polygon,FALSE,TRUE,America/New_York,2
21823,Days Creek,Days Creek,OR,Oregon,41019,Douglas,42.9705,-123.1656,296,48,polygon,FALSE,FALSE,America/Los_Angeles,3
21824,Tunnelton,Tunnelton,WV,West Virginia,54077,Preston,39.3929,-79.7466,295,340,polygon,FALSE,TRUE,America/New_York,3
21825,Plantation Island,Plantation Island,FL,Florida,12021,Collier,25.8475,-81.3754,295,199,polygon,FALSE,FALSE,America/New_York,3
21826,Vadito,Vadito,NM,New Mexico,35055,Taos,36.193,-105.6754,295,132,polygon,FALSE,FALSE,America/Denver,3
21827,Maxwell,Maxwell,NE,Nebraska,31111,Lincoln,41.0784,-100.5257,295,334,polygon,FALSE,TRUE,America/Chicago,3
21828,Comanche Creek,Comanche Creek,CO,Colorado,8005,Arapahoe,39.615,-104.3268,295,5,polygon,FALSE,TRUE,America/Denver,3
21829,Carolina,Carolina,AL,Alabama,1039,Covington,31.2337,-86.5227,295,102,polygon,FALSE,TRUE,America/Chicago,3
21830,Carthage,Carthage,AR,Arkansas,5039,Dallas,34.0726,-92.5553,295,115,polygon,FALSE,TRUE,America/Chicago,3
21831,Butler,Butler,OK,Oklahoma,40039,Custer,35.5952,-99.181,295,111,polygon,FALSE,TRUE,America/Chicago,3
21832,Ballou,Ballou,OK,Oklahoma,40097,Mayes,36.1421,-95.1998,295,31,polygon,FALSE,FALSE,America/Chicago,3
21833,Martinsburg,Martinsburg,MO,Missouri,29007,Audrain,39.101,-91.6474,295,426,polygon,FALSE,TRUE,America/Chicago,3
21834,Natoma,Natoma,KS,Kansas,20141,Osborne,39.1884,-99.0242,295,269,polygon,FALSE,TRUE,America/Chicago,3
21835,Roberts,Roberts,MT,Montana,30009,Carbon,45.3437,-109.1817,295,28,polygon,FALSE,FALSE,America/Denver,3
21836,Durbin,Durbin,WV,West Virginia,54075,Pocahontas,38.5471,-79.8278,294,198,polygon,FALSE,TRUE,America/New_York,3
21837,Pakala Village,Pakala Village,HI,Hawaii,15007,Kauai,21.9445,-159.6436,294,47,polygon,FALSE,FALSE,Pacific/Honolulu,3
21838,Goldsmith,Goldsmith,TX,Texas,48135,Ector,31.9833,-102.6164,294,350,polygon,FALSE,TRUE,America/Chicago,3
21839,Bruni,Bruni,TX,Texas,48479,Webb,27.4282,-98.8321,294,86,polygon,FALSE,FALSE,America/Chicago,3
21840,Pottersville,Pottersville,NY,New York,36113,Warren,43.7363,-73.8212,294,49,polygon,FALSE,FALSE,America/New_York,3
21841,Daisytown,Daisytown,PA,Pennsylvania,42021,Cambria,40.3201,-78.9034,294,482,polygon,FALSE,TRUE,America/New_York,3
21842,Clinchco,Clinchco,VA,Virginia,51051,Dickenson,37.1588,-82.3562,294,40,polygon,FALSE,TRUE,America/New_York,3
21843,Acampo,Acampo,CA,California,6077,San Joaquin,38.1735,-121.2798,294,121,polygon,FALSE,FALSE,America/Los_Angeles,3
21844,Olmsted,Olmsted,IL,Illinois,17153,Pulaski,37.1827,-89.0849,294,33,polygon,FALSE,TRUE,America/Chicago,3
21845,Yarrowsburg,Yarrowsburg,MD,Maryland,24043,Washington,39.3762,-77.6843,294,499,polygon,FALSE,FALSE,America/New_York,3
21846,Leach,Leach,OK,Oklahoma,40041,Delaware,36.1979,-94.9099,294,19,polygon,FALSE,FALSE,America/Chicago,3
21847,Millfield,Millfield,OH,Ohio,39009,Athens,39.434,-82.0949,294,200,polygon,FALSE,FALSE,America/New_York,3
21848,Nerstrand,Nerstrand,MN,Minnesota,27131,Rice,44.3429,-93.0638,294,80,polygon,FALSE,TRUE,America/Chicago,3
21849,Augusta,Augusta,MT,Montana,30049,Lewis and Clark,47.4894,-112.3921,294,123,polygon,FALSE,FALSE,America/Denver,3
21850,Little Mountain,Little Mountain,SC,South Carolina,45071,Newberry,34.1968,-81.4128,294,78,polygon,FALSE,TRUE,America/New_York,3
21851,Fairview,Fairview,KY,Kentucky,21047,Christian,36.8425,-87.3054,294,94,polygon,FALSE,FALSE,America/Chicago,3
21852,Maytown,Maytown,KY,Kentucky,21071,Floyd,37.5327,-82.7991,294,198,polygon,FALSE,TRUE,America/New_York,3
21853,Wakonda,Wakonda,SD,South Dakota,46027,Clay,43.0081,-97.106,294,294,polygon,FALSE,TRUE,America/Chicago,3
21854,Oakdale,Oakdale,WI,Wisconsin,55081,Monroe,43.962,-90.3789,293,146,polygon,FALSE,TRUE,America/Chicago,3
21855,Coffee City,Coffee City,TX,Texas,48213,Henderson,32.1383,-95.4871,293,58,polygon,FALSE,TRUE,America/Chicago,3
21856,Casar,Casar,NC,North Carolina,37045,Cleveland,35.5127,-81.6168,293,64,polygon,FALSE,TRUE,America/New_York,3
21857,Gerton,Gerton,NC,North Carolina,37089,Henderson,35.4758,-82.3504,293,30,polygon,FALSE,FALSE,America/New_York,3
21858,Turkey,Turkey,NC,North Carolina,37163,Sampson,34.995,-78.1841,293,285,polygon,FALSE,TRUE,America/New_York,3
21859,Oakdale,Oakdale,NE,Nebraska,31003,Antelope,42.07,-97.9672,293,217,polygon,FALSE,TRUE,America/Chicago,3
21860,North Loup,North Loup,NE,Nebraska,31175,Valley,41.4955,-98.7727,293,276,polygon,FALSE,TRUE,America/Chicago,3
21861,Parrottsville,Parrottsville,TN,Tennessee,47029,Cocke,36.0082,-83.0915,293,152,polygon,FALSE,TRUE,America/New_York,3
21862,Troxelville,Troxelville,PA,Pennsylvania,42109,Snyder,40.8076,-77.2059,293,113,polygon,FALSE,FALSE,America/New_York,3
21863,Franklin,Franklin,PA,Pennsylvania,42021,Cambria,40.3417,-78.8846,293,204,polygon,FALSE,TRUE,America/New_York,3
21864,Clifton,Clifton,VA,Virginia,51059,Fairfax,38.7802,-77.3866,293,461,polygon,FALSE,TRUE,America/New_York,3
21865,Brocton,Brocton,IL,Illinois,17045,Edgar,39.7154,-87.9336,293,197,polygon,FALSE,TRUE,America/Chicago,3
21866,Pitts,Pitts,GA,Georgia,13315,Wilcox,31.9462,-83.5418,293,141,polygon,FALSE,TRUE,America/New_York,3
21867,Liscomb,Liscomb,IA,Iowa,19127,Marshall,42.191,-93.0062,293,115,polygon,FALSE,TRUE,America/Chicago,3
21868,Cibola,Cibola,AZ,Arizona,4012,La Paz,33.3733,-114.6792,293,5,polygon,FALSE,FALSE,America/Phoenix,3
21869,Cameron,Cameron,OK,Oklahoma,40079,Le Flore,35.1351,-94.5359,293,407,polygon,FALSE,TRUE,America/Chicago,3
21870,Callao,Callao,MO,Missouri,29121,Macon,39.7622,-92.6238,293,218,polygon,FALSE,TRUE,America/Chicago,3
21871,Glendale,Glendale,SC,South Carolina,45083,Spartanburg,34.9451,-81.8364,293,532,polygon,FALSE,FALSE,America/New_York,3
21872,Chaseburg,Chaseburg,WI,Wisconsin,55123,Vernon,43.6597,-91.0968,292,133,polygon,FALSE,TRUE,America/Chicago,3
21873,Burton,Burton,TX,Texas,48477,Washington,30.1813,-96.5999,292,95,polygon,FALSE,TRUE,America/Chicago,3
21874,Potter,Potter,NE,Nebraska,31033,Cheyenne,41.2244,-103.1907,292,78,polygon,FALSE,TRUE,America/Denver,3
21875,Glenvil,Glenvil,NE,Nebraska,31035,Clay,40.5027,-98.2545,292,650,polygon,FALSE,TRUE,America/Chicago,3
21876,Glen Aubrey,Glen Aubrey,NY,New York,36007,Broome,42.2623,-76.0002,292,114,polygon,FALSE,FALSE,America/New_York,3
21877,Idledale,Idledale,CO,Colorado,8059,Jefferson,39.6688,-105.2432,292,407,polygon,FALSE,FALSE,America/Denver,3
21878,Mineral,Mineral,CA,California,6103,Tehama,40.3755,-121.5694,292,2,polygon,FALSE,FALSE,America/Los_Angeles,3
21879,Artois,Artois,CA,California,6021,Glenn,39.6332,-122.1898,292,39,polygon,FALSE,FALSE,America/Los_Angeles,3
21880,Quimby,Quimby,IA,Iowa,19035,Cherokee,42.6292,-95.644,292,277,polygon,FALSE,TRUE,America/Chicago,3
21881,Maplewood Park,Maplewood Park,OH,Ohio,39155,Trumbull,41.1393,-80.5798,292,142,polygon,FALSE,FALSE,America/New_York,3
21882,Chickasaw,Chickasaw,OH,Ohio,39107,Mercer,40.4367,-84.4936,292,480,polygon,FALSE,TRUE,America/New_York,3
21883,Benton Ridge,Benton Ridge,OH,Ohio,39063,Hancock,41.0042,-83.7927,292,328,polygon,FALSE,TRUE,America/New_York,3
21884,Silex,Silex,MO,Missouri,29113,Lincoln,39.1251,-91.0577,292,583,polygon,FALSE,TRUE,America/Chicago,3
21885,Brewster,Brewster,KS,Kansas,20193,Thomas,39.3631,-101.3771,292,436,polygon,FALSE,TRUE,America/Chicago,3
21886,Elk City,Elk City,KS,Kansas,20125,Montgomery,37.2896,-95.9099,292,333,polygon,FALSE,TRUE,America/Chicago,3
21887,Bazine,Bazine,KS,Kansas,20135,Ness,38.4462,-99.693,292,250,polygon,FALSE,TRUE,America/Chicago,3
21888,Starr School,Starr School,MT,Montana,30035,Glacier,48.5976,-113.1433,292,26,polygon,FALSE,FALSE,America/Denver,3
21889,Cunningham,Cunningham,KY,Kentucky,21039,Carlisle,36.9081,-88.8869,292,107,polygon,FALSE,FALSE,America/Chicago,3
21890,Halfway,Halfway,OR,Oregon,41001,Baker,44.8777,-117.1094,292,300,polygon,FALSE,TRUE,America/Los_Angeles,3
21891,Tokeland,Tokeland,WA,Washington,53049,Pacific,46.709,-123.9839,291,219,polygon,FALSE,FALSE,America/Los_Angeles,3
21892,Caryville,Caryville,FL,Florida,12133,Washington,30.7753,-85.812,291,37,polygon,FALSE,TRUE,America/Chicago,3
21893,Progreso Lakes,Progreso Lakes,TX,Texas,48215,Hidalgo,26.0712,-97.9587,291,53,polygon,FALSE,TRUE,America/Chicago,3
21894,Nazareth,Nazareth,TX,Texas,48069,Castro,34.5416,-102.1021,291,309,polygon,FALSE,TRUE,America/Chicago,3
21895,Norwood,Norwood,LA,Louisiana,22037,East Feliciana,30.9682,-91.1124,291,27,polygon,FALSE,TRUE,America/Chicago,3
21896,Medina,Medina,ND,North Dakota,38093,Stutsman,46.8938,-99.2999,291,92,polygon,FALSE,TRUE,America/Chicago,3
21897,Odell,Odell,NE,Nebraska,31067,Gage,40.0503,-96.8016,291,427,polygon,FALSE,TRUE,America/Chicago,3
21898,Malden-on-Hudson,Malden-on-Hudson,NY,New York,36111,Ulster,42.0933,-73.9365,291,224,polygon,FALSE,FALSE,America/New_York,3
21899,Monterey Park Tract,Monterey Park Tract,CA,California,6099,Stanislaus,37.5268,-121.0115,291,2377,polygon,FALSE,TRUE,America/Los_Angeles,2
21900,West Okoboji,West Okoboji,IA,Iowa,19059,Dickinson,43.3489,-95.1632,291,88,polygon,FALSE,TRUE,America/Chicago,3
21901,Parker,Parker,ID,Idaho,16043,Fremont,43.9585,-111.7582,291,323,polygon,FALSE,TRUE,America/Boise,3
21902,Freedom,Freedom,OK,Oklahoma,40151,Woods,36.768,-99.1131,291,326,polygon,FALSE,TRUE,America/Chicago,3
21903,Woodstock,Woodstock,OH,Ohio,39021,Champaign,40.1736,-83.5281,291,397,polygon,FALSE,TRUE,America/New_York,3
21904,Plummer,Plummer,MN,Minnesota,27125,Red Lake,47.9151,-96.0416,291,42,polygon,FALSE,TRUE,America/Chicago,3
21905,Tescott,Tescott,KS,Kansas,20143,Ottawa,39.013,-97.8781,291,291,polygon,FALSE,TRUE,America/Chicago,3
21906,Ridgeway,Ridgeway,SC,South Carolina,45039,Fairfield,34.3066,-80.9601,291,231,polygon,FALSE,TRUE,America/New_York,3
21907,Mays Lick,Mays Lick,KY,Kentucky,21161,Mason,38.517,-83.8452,291,176,polygon,FALSE,FALSE,America/New_York,3
21908,Waverly,Waverly,KY,Kentucky,21225,Union,37.7092,-87.8146,291,420,polygon,FALSE,TRUE,America/Chicago,3
21909,Bowler,Bowler,WI,Wisconsin,55115,Shawano,44.8627,-88.9814,290,107,polygon,FALSE,TRUE,America/Chicago,3
21910,Waiohinu,Waiohinu,HI,Hawaii,15001,Hawaii,19.0716,-155.6143,290,81,polygon,FALSE,FALSE,Pacific/Honolulu,3
21911,Templeton,Templeton,PA,Pennsylvania,42005,Armstrong,40.9185,-79.4603,290,242,polygon,FALSE,FALSE,America/New_York,3
21912,Dyer,Dyer,NV,Nevada,32009,Esmeralda,37.6493,-118.0345,290,3,polygon,FALSE,FALSE,America/Los_Angeles,3
21913,Point Reyes Station,Point Reyes Station,CA,California,6041,Marin,38.0847,-122.8093,290,30,polygon,FALSE,FALSE,America/Los_Angeles,3
21914,Madrid,Madrid,AL,Alabama,1069,Houston,31.0356,-85.3992,290,64,polygon,FALSE,TRUE,America/Chicago,3
21915,Cuba,Cuba,AL,Alabama,1119,Sumter,32.441,-88.3755,290,27,polygon,FALSE,TRUE,America/Chicago,3
21916,Vredenburgh,Vredenburgh,AL,Alabama,1099,Monroe,31.8237,-87.3178,290,74,polygon,FALSE,TRUE,America/Chicago,3
21917,Graham,Graham,GA,Georgia,13001,Appling,31.8292,-82.503,290,64,polygon,FALSE,TRUE,America/New_York,3
21918,Lockridge,Lockridge,IA,Iowa,19101,Jefferson,40.9936,-91.7492,290,149,polygon,FALSE,TRUE,America/Chicago,3
21919,Bertram,Bertram,IA,Iowa,19113,Linn,41.9512,-91.5376,290,66,polygon,FALSE,TRUE,America/Chicago,3
21920,Bode,Bode,IA,Iowa,19091,Humboldt,42.868,-94.2863,290,274,polygon,FALSE,TRUE,America/Chicago,3
21921,Long,Long,OK,Oklahoma,40135,Sequoyah,35.4993,-94.547,290,14,polygon,FALSE,FALSE,America/Chicago,3
21922,Cherry Fork,Cherry Fork,OH,Ohio,39001,Adams,38.8872,-83.6126,290,370,polygon,FALSE,FALSE,America/New_York,3
21923,Sandyville,Sandyville,OH,Ohio,39157,Tuscarawas,40.6467,-81.3671,290,178,polygon,FALSE,FALSE,America/New_York,3
21924,Tarlton,Tarlton,OH,Ohio,39129,Pickaway,39.5543,-82.7782,290,291,polygon,FALSE,TRUE,America/New_York,3
21925,Kinloch,Kinloch,MO,Missouri,29189,St. Louis,38.7384,-90.3249,290,154,polygon,FALSE,TRUE,America/Chicago,3
21926,Bosworth,Bosworth,MO,Missouri,29033,Carroll,39.4699,-93.3357,290,202,polygon,FALSE,TRUE,America/Chicago,3
21927,Clark,Clark,MO,Missouri,29175,Randolph,39.2763,-92.3475,290,191,polygon,FALSE,TRUE,America/Chicago,3
21928,Eutawville,Eutawville,SC,South Carolina,45075,Orangeburg,33.3978,-80.343,290,117,polygon,FALSE,TRUE,America/New_York,3
21929,Chinook,Chinook,WA,Washington,53049,Pacific,46.2755,-123.9425,289,110,polygon,FALSE,FALSE,America/Los_Angeles,3
21930,Magnolia,Magnolia,DE,Delaware,10001,Kent,39.0714,-75.476,289,570,polygon,FALSE,TRUE,America/New_York,3
21931,Waukau,Waukau,WI,Wisconsin,55139,Winnebago,43.9862,-88.7706,289,80,polygon,FALSE,FALSE,America/Chicago,3
21932,Corinne,Corinne,WV,West Virginia,54109,Wyoming,37.5711,-81.3614,289,302,polygon,FALSE,FALSE,America/New_York,3
21933,Homeland,Homeland,FL,Florida,12105,Polk,27.8181,-81.8269,289,262,polygon,FALSE,FALSE,America/New_York,3
21934,Pajarito Mesa,Pajarito Mesa,NM,New Mexico,35001,Bernalillo,34.9795,-106.7979,289,8,polygon,FALSE,TRUE,America/Denver,3
21935,Hedley,Hedley,TX,Texas,48129,Donley,34.8674,-100.6592,289,156,polygon,FALSE,TRUE,America/Chicago,3
21936,Glennallen,Glennallen,AK,Alaska,2261,Valdez-Cordova,62.1278,-145.7693,289,0,polygon,FALSE,FALSE,America/Anchorage,3
21937,Scotia,Scotia,NE,Nebraska,31077,Greeley,41.4678,-98.7025,289,321,polygon,FALSE,TRUE,America/Chicago,3
21938,Meadow Grove,Meadow Grove,NE,Nebraska,31119,Madison,42.029,-97.736,289,365,polygon,FALSE,TRUE,America/Chicago,3
21939,Snyder,Snyder,NE,Nebraska,31053,Dodge,41.7046,-96.7867,289,229,polygon,FALSE,TRUE,America/Chicago,3
21940,Preston-Potter Hollow,Preston-Potter Hollow,NY,New York,36001,Albany,42.433,-74.2287,289,11,polygon,FALSE,TRUE,America/New_York,3
21941,Creekside,Creekside,PA,Pennsylvania,42063,Indiana,40.6811,-79.193,289,504,polygon,FALSE,TRUE,America/New_York,3
21942,Colony,Colony,AL,Alabama,1043,Cullman,33.9413,-86.9016,289,49,polygon,FALSE,TRUE,America/Chicago,3
21943,Victoria,Victoria,IL,Illinois,17095,Knox,41.0315,-90.0918,289,247,polygon,FALSE,TRUE,America/Chicago,3
21944,Iron City,Iron City,GA,Georgia,13253,Seminole,31.0136,-84.8133,289,139,polygon,FALSE,TRUE,America/New_York,3
21945,Somerville,Somerville,IN,Indiana,18051,Gibson,38.2786,-87.377,289,313,polygon,FALSE,TRUE,America/Chicago,3
21946,Switz City,Switz City,IN,Indiana,18055,Greene,39.0349,-87.0538,289,569,polygon,FALSE,TRUE,America/Indiana/Indianapolis,3
21947,Westside,Westside,IA,Iowa,19047,Crawford,42.0757,-95.1013,289,75,polygon,FALSE,TRUE,America/Chicago,3
21948,Lytton,Lytton,IA,Iowa,19161,Sac,42.4233,-94.8605,289,562,polygon,FALSE,TRUE,America/Chicago,3
21949,Pulaski,Pulaski,IA,Iowa,19051,Davis,40.6929,-92.2738,289,217,polygon,FALSE,TRUE,America/Chicago,3
21950,Red Rock,Red Rock,OK,Oklahoma,40103,Noble,36.4601,-97.1796,289,452,polygon,FALSE,TRUE,America/Chicago,3
21951,Alderson,Alderson,OK,Oklahoma,40121,Pittsburg,34.9008,-95.69,289,202,polygon,FALSE,TRUE,America/Chicago,3
21952,Carbon Hill,Carbon Hill,OH,Ohio,39073,Hocking,39.502,-82.2426,289,275,polygon,FALSE,FALSE,America/New_York,3
21953,Omer,Omer,MI,Michigan,26011,Arenac,44.0487,-83.8565,289,98,polygon,FALSE,TRUE,America/Detroit,3
21954,Ingalls,Ingalls,KS,Kansas,20069,Gray,37.8286,-100.4534,289,439,polygon,FALSE,TRUE,America/Chicago,3
21955,Snow Lake Shores,Snow Lake Shores,MS,Mississippi,28009,Benton,34.8239,-89.2385,289,163,polygon,FALSE,TRUE,America/Chicago,3
21956,Rockholds,Rockholds,KY,Kentucky,21235,Whitley,36.8308,-84.1131,289,94,polygon,FALSE,FALSE,America/New_York,3
21957,Roscoe,Roscoe,SD,South Dakota,46045,Edmunds,45.4501,-99.337,289,278,polygon,FALSE,TRUE,America/Chicago,3
21958,Summit,Summit,SD,South Dakota,46109,Roberts,45.3056,-97.0391,289,203,polygon,FALSE,TRUE,America/Chicago,3
21959,Cotton City,Cotton City,NM,New Mexico,35023,Hidalgo,32.11,-108.8805,288,4,polygon,FALSE,FALSE,America/Denver,3
21960,Ponderosa,Ponderosa,NM,New Mexico,35043,Sandoval,35.6555,-106.6544,288,12,polygon,FALSE,FALSE,America/Denver,3
21961,Annona,Annona,TX,Texas,48387,Red River,33.5818,-94.913,288,138,polygon,FALSE,TRUE,America/Chicago,3
21962,Evergreen,Evergreen,LA,Louisiana,22009,Avoyelles,30.9527,-92.1052,288,108,polygon,FALSE,TRUE,America/Chicago,3
21963,Long Pine,Long Pine,NE,Nebraska,31017,Brown,42.5353,-99.7027,288,191,polygon,FALSE,TRUE,America/Chicago,3
21964,Finger,Finger,TN,Tennessee,47109,McNairy,35.357,-88.6169,288,70,polygon,FALSE,TRUE,America/Chicago,3
21965,Meridian,Meridian,NY,New York,36011,Cayuga,43.163,-76.5382,288,160,polygon,FALSE,TRUE,America/New_York,3
21966,Cazadero,Cazadero,CA,California,6097,Sonoma,38.5265,-123.0978,288,15,polygon,FALSE,FALSE,America/Los_Angeles,3
21967,Tetonia,Tetonia,ID,Idaho,16081,Teton,43.8147,-111.1586,288,195,polygon,FALSE,TRUE,America/Boise,3
21968,Davidson,Davidson,OK,Oklahoma,40141,Tillman,34.2421,-99.0781,288,231,polygon,FALSE,TRUE,America/Chicago,3
21969,Morristown,Morristown,OH,Ohio,39013,Belmont,40.0638,-81.0695,288,176,polygon,FALSE,TRUE,America/New_York,3
21970,Silver City,Silver City,MS,Mississippi,28053,Humphreys,33.0952,-90.4967,288,184,polygon,FALSE,TRUE,America/Chicago,3
21971,Lyon,Lyon,MS,Mississippi,28027,Coahoma,34.2169,-90.5427,288,239,polygon,FALSE,TRUE,America/Chicago,3
21972,Smithland,Smithland,KY,Kentucky,21139,Livingston,37.1386,-88.4038,288,219,polygon,FALSE,TRUE,America/Chicago,3
21973,Annex,Annex,OR,Oregon,41045,Malheur,44.2346,-116.9922,288,45,polygon,FALSE,FALSE,America/Boise,3
21974,Wagon Mound,Wagon Mound,NM,New Mexico,35033,Mora,36.0048,-104.7091,287,109,polygon,FALSE,TRUE,America/Denver,3
21975,Hall Summit,Hall Summit,LA,Louisiana,22081,Red River,32.1768,-93.3055,287,66,polygon,FALSE,TRUE,America/Chicago,3
21976,Oak City,Oak City,NC,North Carolina,37117,Martin,35.9617,-77.304,287,241,polygon,FALSE,TRUE,America/New_York,3
21977,Chapman,Chapman,NE,Nebraska,31121,Merrick,41.0232,-98.1594,287,248,polygon,FALSE,TRUE,America/Chicago,3
21978,Millport,Millport,NY,New York,36015,Chemung,42.2681,-76.8363,287,318,polygon,FALSE,TRUE,America/New_York,3
21979,Dryville,Dryville,PA,Pennsylvania,42011,Berks,40.4623,-75.7532,287,79,polygon,FALSE,FALSE,America/New_York,3
21980,Plumville,Plumville,PA,Pennsylvania,42063,Indiana,40.7925,-79.1793,287,223,polygon,FALSE,TRUE,America/New_York,3
21981,Crescent Mills,Crescent Mills,CA,California,6063,Plumas,40.1008,-120.9217,287,26,polygon,FALSE,FALSE,America/Los_Angeles,3
21982,Easton,Easton,IL,Illinois,17125,Mason,40.2321,-89.8416,287,461,polygon,FALSE,TRUE,America/Chicago,3
21983,Marble Rock,Marble Rock,IA,Iowa,19067,Floyd,42.9648,-92.8683,287,133,polygon,FALSE,TRUE,America/Chicago,3
21984,Persia,Persia,IA,Iowa,19085,Harrison,41.5786,-95.5705,287,235,polygon,FALSE,TRUE,America/Chicago,3
21985,Ridgeway,Ridgeway,IA,Iowa,19191,Winneshiek,43.2971,-91.9924,287,146,polygon,FALSE,TRUE,America/Chicago,3
21986,Neapolis,Neapolis,OH,Ohio,39095,Lucas,41.4906,-83.8748,287,156,polygon,FALSE,FALSE,America/New_York,3
21987,Old Monroe,Old Monroe,MO,Missouri,29113,Lincoln,38.9387,-90.7468,287,451,polygon,FALSE,TRUE,America/Chicago,3
21988,Centertown,Centertown,MO,Missouri,29051,Cole,38.618,-92.409,287,116,polygon,FALSE,TRUE,America/Chicago,3
21989,Nashua,Nashua,MT,Montana,30105,Valley,48.1336,-106.3571,287,157,polygon,FALSE,TRUE,America/Denver,3
21990,Schlater,Schlater,MS,Mississippi,28083,Leflore,33.6397,-90.3494,287,96,polygon,FALSE,TRUE,America/Chicago,3
21991,Itmann,Itmann,WV,West Virginia,54109,Wyoming,37.5735,-81.4145,286,111,polygon,FALSE,FALSE,America/New_York,3
21992,Bigfoot,Bigfoot,TX,Texas,48163,Frio,29.0619,-98.8522,286,4,polygon,FALSE,FALSE,America/Chicago,3
21993,Sims,Sims,NC,North Carolina,37195,Wilson,35.7598,-78.058,286,632,polygon,FALSE,TRUE,America/New_York,3
21994,Newry,Newry,PA,Pennsylvania,42013,Blair,40.3933,-78.4358,286,1125,polygon,FALSE,TRUE,America/New_York,3
21995,Applewold,Applewold,PA,Pennsylvania,42005,Armstrong,40.8084,-79.5221,286,2351,polygon,FALSE,TRUE,America/New_York,2
21996,Spartansburg,Spartansburg,PA,Pennsylvania,42039,Crawford,41.824,-79.6829,286,162,polygon,FALSE,TRUE,America/New_York,3
21997,East Cape Girardeau,East Cape Girardeau,IL,Illinois,17003,Alexander,37.2957,-89.4869,286,56,polygon,FALSE,TRUE,America/Chicago,3
21998,Coalton,Coalton,IL,Illinois,17135,Montgomery,39.2848,-89.303,286,208,polygon,FALSE,TRUE,America/Chicago,3
21999,Fontanet,Fontanet,IN,Indiana,18167,Vigo,39.5713,-87.2434,286,28,polygon,FALSE,FALSE,America/Indiana/Indianapolis,3
22000,Bagley,Bagley,IA,Iowa,19077,Guthrie,41.8464,-94.4303,286,357,polygon,FALSE,TRUE,America/Chicago,3
22001,Harrisburg,Harrisburg,MO,Missouri,29019,Boone,39.1396,-92.458,286,147,polygon,FALSE,TRUE,America/Chicago,3
22002,Salvisa,Salvisa,KY,Kentucky,21167,Mercer,37.921,-84.8615,286,60,polygon,FALSE,FALSE,America/New_York,3
22003,Poy Sippi,Poy Sippi,WI,Wisconsin,55137,Waushara,44.136,-88.9963,285,150,polygon,FALSE,FALSE,America/Chicago,3
22004,Nichols,Nichols,WI,Wisconsin,55087,Outagamie,44.5672,-88.4677,285,124,polygon,FALSE,TRUE,America/Chicago,3
22005,Imperial,Imperial,TX,Texas,48371,Pecos,31.2668,-102.6947,285,26,polygon,FALSE,FALSE,America/Chicago,3
22006,Vann Crossroads,Vann Crossroads,NC,North Carolina,37163,Sampson,35.1697,-78.4026,285,24,polygon,FALSE,FALSE,America/New_York,3
22007,Powers Lake,Powers Lake,ND,North Dakota,38013,Burke,48.5637,-102.6452,285,82,polygon,FALSE,TRUE,America/Chicago,3
22008,Shipman,Shipman,VA,Virginia,51125,Nelson,37.7272,-78.8423,285,40,polygon,FALSE,FALSE,America/New_York,3
22009,Elmira,Elmira,CA,California,6095,Solano,38.3523,-121.9077,285,207,polygon,FALSE,FALSE,America/Los_Angeles,3
22010,Garner,Garner,AR,Arkansas,5145,White,35.1418,-91.781,285,174,polygon,FALSE,TRUE,America/Chicago,3
22011,Stonefort,Stonefort,IL,Illinois,17199,Williamson,37.6178,-88.7051,285,75,polygon,FALSE,TRUE,America/Chicago,3
22012,Rentz,Rentz,GA,Georgia,13175,Laurens,32.3835,-82.9917,285,104,polygon,FALSE,TRUE,America/New_York,3
22013,Blakesburg,Blakesburg,IA,Iowa,19179,Wapello,40.962,-92.6348,285,409,polygon,FALSE,TRUE,America/Chicago,3
22014,Lazy Y U,Lazy Y U,AZ,Arizona,4015,Mohave,35.1369,-113.9684,285,7,polygon,FALSE,TRUE,America/Phoenix,3
22015,Grahamtown,Grahamtown,MD,Maryland,24001,Allegany,39.6448,-78.9224,285,720,polygon,FALSE,FALSE,America/New_York,3
22016,Searles,Searles,MN,Minnesota,27015,Brown,44.2307,-94.4361,285,251,polygon,FALSE,FALSE,America/Chicago,3
22017,Granada,Granada,MN,Minnesota,27091,Martin,43.6933,-94.3495,285,189,polygon,FALSE,TRUE,America/Chicago,3
22018,Custer,Custer,MI,Michigan,26105,Mason,43.9511,-86.2196,285,103,polygon,FALSE,TRUE,America/Detroit,3
22019,Hinsdale,Hinsdale,MT,Montana,30105,Valley,48.4036,-107.0582,285,17,polygon,FALSE,FALSE,America/Denver,3
22020,Willisburg,Willisburg,KY,Kentucky,21229,Washington,37.8092,-85.1208,285,160,polygon,FALSE,TRUE,America/New_York,3
22021,Alpena,Alpena,SD,South Dakota,46073,Jerauld,44.183,-98.3683,285,67,polygon,FALSE,TRUE,America/Chicago,3
22022,Ross,Ross,TX,Texas,48309,McLennan,31.7282,-97.1123,284,62,polygon,FALSE,TRUE,America/Chicago,3
22023,Bayview,Bayview,NC,North Carolina,37013,Beaufort,35.4414,-76.7928,284,103,polygon,FALSE,FALSE,America/New_York,3
22024,Piffard,Piffard,NY,New York,36051,Livingston,42.8319,-77.8584,284,117,polygon,FALSE,FALSE,America/New_York,3
22025,Enon Valley,Enon Valley,PA,Pennsylvania,42073,Lawrence,40.8559,-80.4564,284,224,polygon,FALSE,TRUE,America/New_York,3
22026,Grapeville,Grapeville,PA,Pennsylvania,42129,Westmoreland,40.3253,-79.606,284,866,polygon,FALSE,FALSE,America/New_York,3
22027,Cedar Crest,Cedar Crest,PA,Pennsylvania,42087,Mifflin,40.3966,-77.8858,284,504,polygon,FALSE,TRUE,America/New_York,3
22028,Manns Choice,Manns Choice,PA,Pennsylvania,42009,Bedford,40.0035,-78.5912,284,219,polygon,FALSE,TRUE,America/New_York,3
22029,Wyoming,Wyoming,RI,Rhode Island,44009,Washington,41.5143,-71.6902,284,127,polygon,FALSE,FALSE,America/New_York,3
22030,Samoa,Samoa,CA,California,6023,Humboldt,40.8146,-124.1893,284,131,polygon,FALSE,FALSE,America/Los_Angeles,3
22031,Pine Ridge,Pine Ridge,AL,Alabama,1049,DeKalb,34.449,-85.7808,284,84,polygon,FALSE,TRUE,America/Chicago,3
22032,Larwill,Larwill,IN,Indiana,18183,Whitley,41.1792,-85.6243,284,610,polygon,FALSE,TRUE,America/Indiana/Indianapolis,3
22033,Indian Wells,Indian Wells,AZ,Arizona,4017,Navajo,35.4089,-110.1061,284,10,polygon,FALSE,FALSE,America/Denver,3
22034,Seminary,Seminary,MS,Mississippi,28031,Covington,31.5581,-89.4987,284,72,polygon,FALSE,TRUE,America/Chicago,3
22035,Pulpotio Bareas,Pulpotio Bareas,NM,New Mexico,35029,Luna,32.2179,-107.7728,283,211,polygon,FALSE,TRUE,America/Denver,3
22036,Radar Base,Radar Base,TX,Texas,48323,Maverick,28.8568,-100.5336,283,98,polygon,FALSE,TRUE,America/Chicago,3
22037,Malone,Malone,TX,Texas,48217,Hill,31.9168,-96.8947,283,239,polygon,FALSE,TRUE,America/Chicago,3
22038,Davenport,Davenport,NE,Nebraska,31169,Thayer,40.3123,-97.8115,283,167,polygon,FALSE,TRUE,America/Chicago,3
22039,Deferiet,Deferiet,NY,New York,36045,Jefferson,44.0343,-75.6792,283,161,polygon,FALSE,TRUE,America/New_York,3
22040,Greenview,Greenview,CA,California,6093,Siskiyou,41.5471,-122.9185,283,84,polygon,FALSE,FALSE,America/Los_Angeles,3
22041,Rail Road Flat,Rail Road Flat,CA,California,6009,Calaveras,38.3168,-120.491,283,3,polygon,FALSE,FALSE,America/Los_Angeles,3
22042,Hodges,Hodges,AL,Alabama,1059,Franklin,34.334,-87.9299,283,26,polygon,FALSE,TRUE,America/Chicago,3
22043,Rock City,Rock City,IL,Illinois,17177,Stephenson,42.413,-89.4709,283,814,polygon,FALSE,TRUE,America/Chicago,3
22044,Dunfermline,Dunfermline,IL,Illinois,17057,Fulton,40.4918,-90.0324,283,740,polygon,FALSE,TRUE,America/Chicago,3
22045,Compton,Compton,IL,Illinois,17103,Lee,41.6942,-89.0858,283,693,polygon,FALSE,TRUE,America/Chicago,3
22046,Cecil,Cecil,GA,Georgia,13075,Cook,31.0466,-83.3906,283,114,polygon,FALSE,TRUE,America/New_York,3
22047,Williams,Williams,IN,Indiana,18093,Lawrence,38.8147,-86.6446,283,30,polygon,FALSE,FALSE,America/Indiana/Indianapolis,3
22048,Clacks Canyon,Clacks Canyon,AZ,Arizona,4015,Mohave,35.2203,-114.0723,283,32,polygon,FALSE,TRUE,America/Phoenix,3
22049,Rockland,Rockland,ID,Idaho,16077,Power,42.573,-112.8743,283,389,polygon,FALSE,TRUE,America/Boise,3
22050,Danville,Danville,MD,Maryland,24001,Allegany,39.5124,-78.9184,283,95,polygon,FALSE,FALSE,America/New_York,3
22051,Oaks,Oaks,OK,Oklahoma,40041,Delaware,36.1695,-94.8526,283,134,polygon,FALSE,TRUE,America/Chicago,3
22052,Wyatt,Wyatt,MO,Missouri,29133,Mississippi,36.9374,-89.1908,283,93,polygon,FALSE,TRUE,America/Chicago,3
22053,Carytown,Carytown,MO,Missouri,29097,Jasper,37.2616,-94.3344,283,7,polygon,FALSE,TRUE,America/Chicago,3
22054,Lancaster,Lancaster,KS,Kansas,20005,Atchison,39.571,-95.3037,283,548,polygon,FALSE,TRUE,America/Chicago,3
22055,Savage,Savage,MT,Montana,30083,Richland,47.4536,-104.3414,283,152,polygon,FALSE,FALSE,America/Denver,3
22056,Cerulean,Cerulean,KY,Kentucky,21221,Trigg,36.9551,-87.709,283,42,polygon,FALSE,FALSE,America/Chicago,3
22057,Rewey,Rewey,WI,Wisconsin,55049,Iowa,42.8419,-90.3961,282,214,polygon,FALSE,TRUE,America/Chicago,3
22058,Harpers Ferry,Harpers Ferry,WV,West Virginia,54037,Jefferson,39.3251,-77.7409,282,203,polygon,FALSE,TRUE,America/New_York,3
22059,Albright,Albright,WV,West Virginia,54077,Preston,39.4937,-79.6399,282,469,polygon,FALSE,TRUE,America/New_York,3
22060,Prichard,Prichard,WV,West Virginia,54099,Wayne,38.2362,-82.6028,282,98,polygon,FALSE,FALSE,America/New_York,3
22061,Garland,Garland,WY,Wyoming,56029,Park,44.7777,-108.6542,282,32,polygon,FALSE,FALSE,America/Denver,3
22062,Cranfills Gap,Cranfills Gap,TX,Texas,48035,Bosque,31.7753,-97.8302,282,150,polygon,FALSE,TRUE,America/Chicago,3
22063,Monroe,Monroe,NE,Nebraska,31141,Platte,41.474,-97.5998,282,626,polygon,FALSE,TRUE,America/Chicago,3
22064,Lyon Mountain,Lyon Mountain,NY,New York,36019,Clinton,44.7249,-73.8823,282,10,polygon,FALSE,FALSE,America/New_York,3
22065,Maitland,Maitland,PA,Pennsylvania,42087,Mifflin,40.6242,-77.5019,282,75,polygon,FALSE,FALSE,America/New_York,3
22066,Red Cliff,Red Cliff,CO,Colorado,8037,Eagle,39.5092,-106.3703,282,463,polygon,FALSE,TRUE,America/Denver,3
22067,Oak Shores,Oak Shores,CA,California,6079,San Luis Obispo,35.7624,-120.9817,282,21,polygon,FALSE,TRUE,America/Los_Angeles,3
22068,Poyen,Poyen,AR,Arkansas,5053,Grant,34.3243,-92.642,282,355,polygon,FALSE,TRUE,America/Chicago,3
22069,Kingston Mines,Kingston Mines,IL,Illinois,17143,Peoria,40.5586,-89.772,282,75,polygon,FALSE,TRUE,America/Chicago,3
22070,Ellenton,Ellenton,GA,Georgia,13071,Colquitt,31.1759,-83.5876,282,137,polygon,FALSE,TRUE,America/New_York,3
22071,Osgood,Osgood,OH,Ohio,39037,Darke,40.3394,-84.4957,282,319,polygon,FALSE,TRUE,America/New_York,3
22072,Fresno,Fresno,OH,Ohio,39031,Coshocton,40.3308,-81.7386,282,473,polygon,FALSE,FALSE,America/New_York,3
22073,Vandalia,Vandalia,MI,Michigan,26027,Cass,41.9189,-85.9143,282,110,polygon,FALSE,TRUE,America/Detroit,3
22074,Yaak,Yaak,MT,Montana,30053,Lincoln,48.8647,-115.6777,282,3,polygon,FALSE,FALSE,America/Denver,3
22075,Broeck Pointe,Broeck Pointe,KY,Kentucky,21111,Jefferson,38.2955,-85.5856,282,1523,polygon,FALSE,TRUE,America/New_York,3
22076,Jamestown,Jamestown,WA,Washington,53009,Clallam,48.1229,-123.0911,281,186,polygon,FALSE,FALSE,America/Los_Angeles,3
22077,Westville,Westville,FL,Florida,12059,Holmes,30.7697,-85.8465,281,15,polygon,FALSE,TRUE,America/Chicago,3
22078,Los Alvarez,Los Alvarez,TX,Texas,48427,Starr,26.3859,-98.899,281,1149,polygon,FALSE,FALSE,America/Chicago,3
22079,Pollocksville,Pollocksville,NC,North Carolina,37103,Jones,35.0056,-77.2214,281,350,polygon,FALSE,TRUE,America/New_York,3
22080,Lawrence,Lawrence,NE,Nebraska,31129,Nuckolls,40.2902,-98.2596,281,261,polygon,FALSE,TRUE,America/Chicago,3
22081,Markleysburg,Markleysburg,PA,Pennsylvania,42051,Fayette,39.7363,-79.4516,281,361,polygon,FALSE,TRUE,America/New_York,3
22082,Lakeridge,Lakeridge,NV,Nevada,32005,Douglas,39.0382,-119.9397,281,74,polygon,FALSE,FALSE,America/Los_Angeles,3
22083,Merino,Merino,CO,Colorado,8075,Logan,40.4836,-103.3535,281,715,polygon,FALSE,TRUE,America/Denver,3
22084,Peyton,Peyton,CO,Colorado,8041,El Paso,39.033,-104.4904,281,47,polygon,FALSE,FALSE,America/Denver,3
22085,Shiloh,Shiloh,AL,Alabama,1049,DeKalb,34.4638,-85.878,281,63,polygon,FALSE,TRUE,America/Chicago,3
22086,Perry,Perry,AR,Arkansas,5105,Perry,35.0458,-92.7948,281,154,polygon,FALSE,TRUE,America/Chicago,3
22087,Vergennes,Vergennes,IL,Illinois,17077,Jackson,37.9013,-89.3398,281,308,polygon,FALSE,TRUE,America/Chicago,3
22088,Jennings,Jennings,MD,Maryland,24023,Garrett,39.6487,-79.1835,281,324,polygon,FALSE,FALSE,America/New_York,3
22089,McCutchenville,McCutchenville,OH,Ohio,39147,Seneca,40.9944,-83.2547,281,39,polygon,FALSE,FALSE,America/New_York,3
22090,Westwood,Westwood,MO,Missouri,29189,St. Louis,38.6435,-90.4335,281,172,polygon,FALSE,TRUE,America/Chicago,3
22091,Hendrum,Hendrum,MN,Minnesota,27107,Norman,47.2641,-96.8104,281,334,polygon,FALSE,TRUE,America/Chicago,3
22092,Grand Beach,Grand Beach,MI,Michigan,26021,Berrien,41.774,-86.7887,281,119,polygon,FALSE,TRUE,America/Detroit,3
22093,Freeburn,Freeburn,KY,Kentucky,21195,Pike,37.5619,-82.1514,281,89,polygon,FALSE,FALSE,America/New_York,3
22094,Almira,Almira,WA,Washington,53043,Lincoln,47.7107,-118.9368,280,210,polygon,FALSE,TRUE,America/Los_Angeles,3
22095,Ephraim,Ephraim,WI,Wisconsin,55029,Door,45.1589,-87.1667,280,28,polygon,FALSE,TRUE,America/Chicago,3
22096,Hawkins,Hawkins,WI,Wisconsin,55107,Rusk,45.5114,-90.7148,280,49,polygon,FALSE,TRUE,America/Chicago,3
22097,Ebro,Ebro,FL,Florida,12133,Washington,30.4369,-85.8791,280,22,polygon,FALSE,TRUE,America/Chicago,3
22098,Realitos,Realitos,TX,Texas,48131,Duval,27.4454,-98.5303,280,407,polygon,FALSE,FALSE,America/Chicago,3
22099,Trenton,Trenton,NC,North Carolina,37103,Jones,35.064,-77.3553,280,476,polygon,FALSE,TRUE,America/New_York,3
22100,Railroad,Railroad,PA,Pennsylvania,42133,York,39.7596,-76.696,280,169,polygon,FALSE,TRUE,America/New_York,3
22101,Nixon,Nixon,NV,Nevada,32031,Washoe,39.828,-119.3589,280,17,polygon,FALSE,FALSE,America/Los_Angeles,3
22102,Clover,Clover,VA,Virginia,51083,Halifax,36.839,-78.7284,280,15,polygon,FALSE,FALSE,America/New_York,3
22103,Fruithurst,Fruithurst,AL,Alabama,1029,Cleburne,33.7297,-85.4312,280,108,polygon,FALSE,TRUE,America/Chicago,3
22104,Boligee,Boligee,AL,Alabama,1063,Greene,32.7699,-88.0264,280,27,polygon,FALSE,TRUE,America/Chicago,3
22105,Strawberry,Strawberry,AR,Arkansas,5075,Lawrence,35.9665,-91.3211,280,46,polygon,FALSE,TRUE,America/Chicago,3
22106,Cave-In-Rock,Cave-In-Rock,IL,Illinois,17069,Hardin,37.4708,-88.1659,280,289,polygon,FALSE,TRUE,America/Chicago,3
22107,West Harrison,West Harrison,IN,Indiana,18029,Dearborn,39.2581,-84.8226,280,489,polygon,FALSE,TRUE,America/New_York,3
22108,Kimballton,Kimballton,IA,Iowa,19009,Audubon,41.6271,-95.0749,280,140,polygon,FALSE,TRUE,America/Chicago,3
22109,Lenapah,Lenapah,OK,Oklahoma,40105,Nowata,36.8514,-95.6356,280,281,polygon,FALSE,TRUE,America/Chicago,3
22110,East Liberty,East Liberty,OH,Ohio,39091,Logan,40.3339,-83.585,280,68,polygon,FALSE,FALSE,America/New_York,3
22111,Empire,Empire,OH,Ohio,39081,Jefferson,40.5117,-80.6261,280,359,polygon,FALSE,TRUE,America/New_York,3
22112,Sherrodsville,Sherrodsville,OH,Ohio,39019,Carroll,40.4945,-81.2441,280,342,polygon,FALSE,TRUE,America/New_York,3
22113,Prairie Home,Prairie Home,MO,Missouri,29053,Cooper,38.8136,-92.5906,280,278,polygon,FALSE,TRUE,America/Chicago,3
22114,Rushville,Rushville,MO,Missouri,29021,Buchanan,39.5874,-95.0237,280,545,polygon,FALSE,TRUE,America/Chicago,3
22115,Beaver Creek,Beaver Creek,MN,Minnesota,27133,Rock,43.6124,-96.3624,280,204,polygon,FALSE,TRUE,America/Chicago,3
22116,Colome,Colome,SD,South Dakota,46123,Tripp,43.2599,-99.7174,280,378,polygon,FALSE,TRUE,America/Chicago,3
22117,De Soto,De Soto,WI,Wisconsin,55023,Crawford,43.4283,-91.1963,279,88,polygon,FALSE,TRUE,America/Chicago,3
22118,Tehuacana,Tehuacana,TX,Texas,48293,Limestone,31.741,-96.5436,279,68,polygon,FALSE,TRUE,America/Chicago,3
22119,Covington,Covington,TX,Texas,48217,Hill,32.1781,-97.2605,279,131,polygon,FALSE,TRUE,America/Chicago,3
22120,East Laurinburg,East Laurinburg,NC,North Carolina,37165,Scotland,34.7691,-79.445,279,568,polygon,FALSE,TRUE,America/New_York,3
22121,Trinity Village,Trinity Village,CA,California,6105,Trinity,40.8789,-123.5133,279,26,polygon,FALSE,FALSE,America/Los_Angeles,3
22122,Freeman Spur,Freeman Spur,IL,Illinois,17199,Williamson,37.8611,-88.9993,279,269,polygon,FALSE,TRUE,America/Chicago,3
22123,Luana,Luana,IA,Iowa,19043,Clayton,43.0594,-91.4557,279,102,polygon,FALSE,TRUE,America/Chicago,3
22124,Lakota,Lakota,IA,Iowa,19109,Kossuth,43.3786,-94.0963,279,148,polygon,FALSE,TRUE,America/Chicago,3
22125,Riverton,Riverton,IA,Iowa,19071,Fremont,40.6867,-95.5686,279,181,polygon,FALSE,TRUE,America/Chicago,3
22126,Bagtown,Bagtown,MD,Maryland,24043,Washington,39.583,-77.6139,279,197,polygon,FALSE,FALSE,America/New_York,3
22127,Winesburg,Winesburg,OH,Ohio,39075,Holmes,40.6176,-81.6948,279,171,polygon,FALSE,FALSE,America/New_York,3
22128,Bourneville,Bourneville,OH,Ohio,39141,Ross,39.2829,-83.1596,279,214,polygon,FALSE,FALSE,America/New_York,3
22129,Cairo,Cairo,MO,Missouri,29175,Randolph,39.5115,-92.4411,279,353,polygon,FALSE,TRUE,America/Chicago,3
22130,Gonvick,Gonvick,MN,Minnesota,27029,Clearwater,47.7391,-95.5125,279,82,polygon,FALSE,TRUE,America/Chicago,3
22131,Bowlus,Bowlus,MN,Minnesota,27097,Morrison,45.8191,-94.4072,279,84,polygon,FALSE,TRUE,America/Chicago,3
22132,Rowesville,Rowesville,SC,South Carolina,45075,Orangeburg,33.3722,-80.8362,279,129,polygon,FALSE,TRUE,America/New_York,3
22133,Elcho,Elcho,WI,Wisconsin,55067,Langlade,45.4353,-89.1853,278,100,polygon,FALSE,FALSE,America/Chicago,3
22134,Kaycee,Kaycee,WY,Wyoming,56019,Johnson,43.71,-106.6372,278,244,polygon,FALSE,TRUE,America/Denver,3
22135,Fort Jesup,Fort Jesup,LA,Louisiana,22085,Sabine,31.6118,-93.4077,278,25,polygon,FALSE,FALSE,America/Chicago,3
22136,Dalton,Dalton,NE,Nebraska,31033,Cheyenne,41.4083,-102.9708,278,312,polygon,FALSE,TRUE,America/Denver,3
22137,Hartleton,Hartleton,PA,Pennsylvania,42119,Union,40.9002,-77.1564,278,118,polygon,FALSE,TRUE,America/New_York,3
22138,Mesa Vista,Mesa Vista,CA,California,6003,Alpine,38.8103,-119.8033,278,22,polygon,FALSE,FALSE,America/Los_Angeles,3
22139,Crows Landing,Crows Landing,CA,California,6099,Stanislaus,37.3947,-121.0843,278,33,polygon,FALSE,FALSE,America/Los_Angeles,3
22140,Gordonville,Gordonville,AL,Alabama,1085,Lowndes,32.1489,-86.6994,278,19,polygon,FALSE,TRUE,America/Chicago,3
22141,Beatrice,Beatrice,AL,Alabama,1099,Monroe,31.7332,-87.209,278,79,polygon,FALSE,TRUE,America/Chicago,3
22142,Buckingham,Buckingham,IL,Illinois,17091,Kankakee,41.047,-88.175,278,427,polygon,FALSE,TRUE,America/Chicago,3
22143,Biggsville,Biggsville,IL,Illinois,17071,Henderson,40.8535,-90.8622,278,318,polygon,FALSE,TRUE,America/Chicago,3
22144,Harcourt,Harcourt,IA,Iowa,19187,Webster,42.2606,-94.1745,278,106,polygon,FALSE,TRUE,America/Chicago,3
22145,Talala,Talala,OK,Oklahoma,40131,Rogers,36.5294,-95.7011,278,237,polygon,FALSE,TRUE,America/Chicago,3
22146,Casstown,Casstown,OH,Ohio,39109,Miami,40.0528,-84.1285,278,1105,polygon,FALSE,TRUE,America/New_York,3
22147,Burlington,Burlington,MI,Michigan,26025,Calhoun,42.1047,-85.0776,278,141,polygon,FALSE,TRUE,America/Detroit,3
22148,Dunmor,Dunmor,KY,Kentucky,21177,Muhlenberg,37.0753,-86.9951,278,41,polygon,FALSE,FALSE,America/Chicago,3
22149,Little Eagle,Little Eagle,SD,South Dakota,46031,Corson,45.6832,-100.7966,278,76,polygon,FALSE,FALSE,America/Denver,3
22150,Oso,Oso,WA,Washington,53061,Snohomish,48.2836,-121.9237,277,38,polygon,FALSE,FALSE,America/Los_Angeles,3
22151,Bluewater Village,Bluewater Village,NM,New Mexico,35006,Cibola,35.2379,-107.981,277,10,polygon,FALSE,TRUE,America/Denver,3
22152,Reserve,Reserve,NM,New Mexico,35003,Catron,33.709,-108.7614,277,191,polygon,FALSE,TRUE,America/Denver,3
22153,Staples,Staples,TX,Texas,48187,Guadalupe,29.7664,-97.8279,277,71,polygon,FALSE,TRUE,America/Chicago,3
22154,Saline,Saline,LA,Louisiana,22013,Bienville,32.163,-92.9766,277,89,polygon,FALSE,TRUE,America/Chicago,3
22155,Goodnews Bay,Goodnews Bay,AK,Alaska,2050,Bethel,59.1271,-161.5754,277,32,polygon,FALSE,TRUE,America/Anchorage,3
22156,Royal,Royal,IL,Illinois,17019,Champaign,40.1932,-87.9725,277,606,polygon,FALSE,TRUE,America/Chicago,3
22157,Siloam,Siloam,GA,Georgia,13133,Greene,33.5366,-83.0812,277,88,polygon,FALSE,TRUE,America/New_York,3
22158,Holland,Holland,IA,Iowa,19075,Grundy,42.4002,-92.7988,277,423,polygon,FALSE,TRUE,America/Chicago,3
22159,Grandview,Grandview,OK,Oklahoma,40021,Cherokee,35.9556,-95.0047,277,31,polygon,FALSE,TRUE,America/Chicago,3
22160,Keyes,Keyes,OK,Oklahoma,40025,Cimarron,36.8077,-102.2518,277,285,polygon,FALSE,TRUE,America/Chicago,3
22161,Altamont,Altamont,UT,Utah,49013,Duchesne,40.359,-110.288,277,510,polygon,FALSE,TRUE,America/Denver,3
22162,Hanley Falls,Hanley Falls,MN,Minnesota,27173,Yellow Medicine,44.6917,-95.6194,277,428,polygon,FALSE,TRUE,America/Chicago,3
22163,Reed Point,Reed Point,MT,Montana,30095,Stillwater,45.7071,-109.5471,277,192,polygon,FALSE,FALSE,America/Denver,3
22164,Sparta,Sparta,KY,Kentucky,21077,Gallatin,38.6969,-84.9073,277,17,polygon,FALSE,TRUE,America/New_York,3
22165,Browntown,Browntown,WI,Wisconsin,55045,Green,42.5788,-89.7894,276,101,polygon,FALSE,TRUE,America/Chicago,3
22166,Ridgeland,Ridgeland,WI,Wisconsin,55033,Dunn,45.2025,-91.8965,276,231,polygon,FALSE,TRUE,America/Chicago,3
22167,Le Raysville,Le Raysville,PA,Pennsylvania,42015,Bradford,41.8381,-76.1776,276,102,polygon,FALSE,TRUE,America/New_York,3
22168,Kilbourne,Kilbourne,IL,Illinois,17125,Mason,40.1519,-90.0115,276,119,polygon,FALSE,TRUE,America/Chicago,3
22169,Arrowsmith,Arrowsmith,IL,Illinois,17113,McLean,40.4493,-88.6321,276,539,polygon,FALSE,TRUE,America/Chicago,3
22170,Oakford,Oakford,IL,Illinois,17129,Menard,40.1011,-89.9651,276,428,polygon,FALSE,TRUE,America/Chicago,3
22171,Stockport,Stockport,IA,Iowa,19177,Van Buren,40.8573,-91.8334,276,103,polygon,FALSE,TRUE,America/Chicago,3
22172,Madaket,Madaket,MA,Massachusetts,25019,Nantucket,41.2826,-70.1855,276,53,polygon,FALSE,FALSE,America/New_York,3
22173,Albion,Albion,ID,Idaho,16031,Cassia,42.4099,-113.5806,276,226,polygon,FALSE,TRUE,America/Boise,3
22174,Laketown,Laketown,UT,Utah,49033,Rich,41.8276,-111.3243,276,42,polygon,FALSE,TRUE,America/Denver,3
22175,Armstrong,Armstrong,MO,Missouri,29089,Howard,39.2692,-92.7042,276,129,polygon,FALSE,TRUE,America/Chicago,3
22176,Cyrus,Cyrus,MN,Minnesota,27121,Pope,45.6147,-95.7381,276,397,polygon,FALSE,TRUE,America/Chicago,3
22177,Utica,Utica,MN,Minnesota,27169,Winona,43.9772,-91.9494,276,107,polygon,FALSE,TRUE,America/Chicago,3
22178,Buckman,Buckman,MN,Minnesota,27097,Morrison,45.8973,-94.094,276,105,polygon,FALSE,TRUE,America/Chicago,3
22179,Sand Coulee,Sand Coulee,MT,Montana,30013,Cascade,47.4026,-111.172,276,40,polygon,FALSE,FALSE,America/Denver,3
22180,Sebastopol,Sebastopol,MS,Mississippi,28123,Scott,32.5679,-89.334,276,68,polygon,FALSE,TRUE,America/Chicago,3
22181,Crosby,Crosby,MS,Mississippi,28005,Amite,31.2791,-91.063,276,50,polygon,FALSE,TRUE,America/Chicago,3
22182,Hollandale,Hollandale,WI,Wisconsin,55049,Iowa,42.8756,-89.9342,275,156,polygon,FALSE,TRUE,America/Chicago,3
22183,Cape May Point,Cape May Point,NJ,New Jersey,34009,Cape May,38.9372,-74.9651,275,359,polygon,FALSE,TRUE,America/New_York,3
22184,Galisteo,Galisteo,NM,New Mexico,35049,Santa Fe,35.395,-105.9569,275,41,polygon,FALSE,FALSE,America/Denver,3
22185,East Hodge,East Hodge,LA,Louisiana,22049,Jackson,32.2776,-92.7141,275,453,polygon,FALSE,TRUE,America/Chicago,3
22186,Seldovia,Seldovia,AK,Alaska,2122,Kenai Peninsula,59.4396,-151.7111,275,274,polygon,FALSE,TRUE,America/Anchorage,3
22187,Lodgepole,Lodgepole,NE,Nebraska,31033,Cheyenne,41.149,-102.6391,275,222,polygon,FALSE,TRUE,America/Denver,3
22188,Washingtonville,Washingtonville,PA,Pennsylvania,42093,Montour,41.0523,-76.6749,275,1950,polygon,FALSE,TRUE,America/New_York,3
22189,El Moro,El Moro,CO,Colorado,8071,Las Animas,37.2349,-104.4491,275,9,polygon,FALSE,FALSE,America/Denver,3
22190,Shirley,Shirley,AR,Arkansas,5141,Van Buren,35.6442,-92.3137,275,44,polygon,FALSE,TRUE,America/Chicago,3
22191,Ionia,Ionia,IA,Iowa,19037,Chickasaw,43.0359,-92.4584,275,188,polygon,FALSE,TRUE,America/Chicago,3
22192,Calvin,Calvin,OK,Oklahoma,40063,Hughes,34.9672,-96.253,275,218,polygon,FALSE,TRUE,America/Chicago,3
22193,Mitiwanga,Mitiwanga,OH,Ohio,39043,Erie,41.3813,-82.466,275,251,polygon,FALSE,FALSE,America/New_York,3
22194,Chesterhill,Chesterhill,OH,Ohio,39115,Morgan,39.4908,-81.8667,275,196,polygon,FALSE,TRUE,America/New_York,3
22195,Stratton,Stratton,OH,Ohio,39081,Jefferson,40.5254,-80.6315,275,197,polygon,FALSE,TRUE,America/New_York,3
22196,Kapowsin,Kapowsin,WA,Washington,53053,Pierce,46.9727,-122.2272,274,25,polygon,FALSE,FALSE,America/Los_Angeles,3
22197,Hager City,Hager City,WI,Wisconsin,55093,Pierce,44.6012,-92.5337,274,54,polygon,FALSE,FALSE,America/Chicago,3
22198,Haugen,Haugen,WI,Wisconsin,55005,Barron,45.6078,-91.7789,274,209,polygon,FALSE,TRUE,America/Chicago,3
22199,New Post,New Post,WI,Wisconsin,55113,Sawyer,45.8965,-91.193,274,5,polygon,FALSE,FALSE,America/Chicago,3
22200,Loma Linda,Loma Linda,TX,Texas,48409,San Patricio,28.007,-97.4994,274,84,polygon,FALSE,FALSE,America/Chicago,3
22201,Marquez,Marquez,TX,Texas,48289,Leon,31.2361,-96.2574,274,80,polygon,FALSE,TRUE,America/Chicago,3
22202,Panama,Panama,NE,Nebraska,31109,Lancaster,40.5998,-96.5111,274,372,polygon,FALSE,TRUE,America/Chicago,3
22203,Humnoke,Humnoke,AR,Arkansas,5085,Lonoke,34.5422,-91.7596,274,336,polygon,FALSE,TRUE,America/Chicago,3
22204,Oil Trough,Oil Trough,AR,Arkansas,5063,Independence,35.6292,-91.4612,274,462,polygon,FALSE,TRUE,America/Chicago,3
22205,Donovan,Donovan,IL,Illinois,17075,Iroquois,40.8848,-87.6139,274,322,polygon,FALSE,TRUE,America/Chicago,3
22206,Bishop,Bishop,GA,Georgia,13219,Oconee,33.8171,-83.4372,274,135,polygon,FALSE,TRUE,America/New_York,3
22207,Ladora,Ladora,IA,Iowa,19095,Iowa,41.7557,-92.1859,274,359,polygon,FALSE,TRUE,America/Chicago,3
22208,Cromwell,Cromwell,OK,Oklahoma,40133,Seminole,35.3634,-96.4572,274,97,polygon,FALSE,TRUE,America/Chicago,3
22209,Freeborn,Freeborn,MN,Minnesota,27047,Freeborn,43.7659,-93.5645,274,577,polygon,FALSE,TRUE,America/Chicago,3
22210,Oakley,Oakley,MI,Michigan,26145,Saginaw,43.1435,-84.1684,274,102,polygon,FALSE,TRUE,America/Detroit,3
22211,Walloon Lake,Walloon Lake,MI,Michigan,26029,Charlevoix,45.2719,-84.9413,274,78,polygon,FALSE,FALSE,America/Detroit,3
22212,Everest,Everest,KS,Kansas,20013,Brown,39.6766,-95.4254,274,425,polygon,FALSE,TRUE,America/Chicago,3
22213,Dexter,Dexter,KS,Kansas,20035,Cowley,37.1795,-96.7161,274,381,polygon,FALSE,TRUE,America/Chicago,3
22214,Riverside,Riverside,WA,Washington,53047,Okanogan,48.5049,-119.51,273,118,polygon,FALSE,TRUE,America/Los_Angeles,3
22215,Mitchell Heights,Mitchell Heights,WV,West Virginia,54045,Logan,37.9088,-81.9868,273,313,polygon,FALSE,TRUE,America/New_York,3
22216,Richland,Richland,TX,Texas,48349,Navarro,31.9176,-96.4265,273,69,polygon,FALSE,TRUE,America/Chicago,3
22217,Gackle,Gackle,ND,North Dakota,38047,Logan,46.6264,-99.1412,273,195,polygon,FALSE,TRUE,America/Chicago,3
22218,Bayside,Bayside,VA,Virginia,51001,Accomack,37.7548,-75.7129,273,62,polygon,FALSE,FALSE,America/New_York,3
22219,Vineland,Vineland,CO,Colorado,8101,Pueblo,38.2447,-104.4599,273,186,polygon,FALSE,FALSE,America/Denver,3
22220,Cantua Creek,Cantua Creek,CA,California,6019,Fresno,36.5001,-120.3164,273,27,polygon,FALSE,FALSE,America/Los_Angeles,3
22221,Fall River Mills,Fall River Mills,CA,California,6089,Shasta,41.0069,-121.4401,273,40,polygon,FALSE,FALSE,America/Los_Angeles,3
22222,Elizabethtown,Elizabethtown,IL,Illinois,17069,Hardin,37.4499,-88.3052,273,149,polygon,FALSE,TRUE,America/Chicago,3
22223,Lerna,Lerna,IL,Illinois,17029,Coles,39.4178,-88.2886,273,916,polygon,FALSE,TRUE,America/Chicago,3
22224,Sky Valley,Sky Valley,GA,Georgia,13241,Rabun,34.984,-83.3314,273,34,polygon,FALSE,TRUE,America/New_York,3
22225,Rippey,Rippey,IA,Iowa,19073,Greene,41.9342,-94.2008,273,125,polygon,FALSE,TRUE,America/Chicago,3
22226,Byars,Byars,OK,Oklahoma,40087,McClain,34.8724,-97.0541,273,68,polygon,FALSE,TRUE,America/Chicago,3
22227,Burkettsville,Burkettsville,OH,Ohio,39107,Mercer,40.353,-84.6426,273,600,polygon,FALSE,TRUE,America/New_York,3
22228,Catawba,Catawba,OH,Ohio,39023,Clark,39.9996,-83.6219,273,456,polygon,FALSE,TRUE,America/New_York,3
22229,Scott,Scott,OH,Ohio,39161,Van Wert,40.989,-84.5837,273,129,polygon,FALSE,TRUE,America/New_York,3
22230,Remington,Remington,OH,Ohio,39061,Hamilton,39.2285,-84.3232,273,538,polygon,FALSE,FALSE,America/New_York,3
22231,Dundee,Dundee,OH,Ohio,39157,Tuscarawas,40.5868,-81.6069,273,135,polygon,FALSE,FALSE,America/New_York,3
22232,Portage,Portage,UT,Utah,49003,Box Elder,41.9756,-112.2405,273,41,polygon,FALSE,TRUE,America/Denver,3
22233,Centerview,Centerview,MO,Missouri,29101,Johnson,38.7461,-93.8442,273,538,polygon,FALSE,TRUE,America/Chicago,3
22234,Cainsville,Cainsville,MO,Missouri,29081,Harrison,40.4398,-93.7747,273,76,polygon,FALSE,TRUE,America/Chicago,3
22235,Anthoston,Anthoston,KY,Kentucky,21101,Henderson,37.7553,-87.5327,273,163,polygon,FALSE,FALSE,America/Chicago,3
22236,Bonesteel,Bonesteel,SD,South Dakota,46053,Gregory,43.0775,-98.9467,273,298,polygon,FALSE,TRUE,America/Chicago,3
22237,Egan,Egan,SD,South Dakota,46101,Moody,44.0004,-96.6485,273,98,polygon,FALSE,TRUE,America/Chicago,3
22238,Springfield,Springfield,WV,West Virginia,54027,Hampshire,39.4449,-78.6977,272,78,polygon,FALSE,FALSE,America/New_York,3
22239,White Signal,White Signal,NM,New Mexico,35017,Grant,32.5724,-108.3512,272,16,polygon,FALSE,FALSE,America/Denver,3
22240,Carbon,Carbon,TX,Texas,48133,Eastland,32.2684,-98.8272,272,102,polygon,FALSE,TRUE,America/Chicago,3
22241,Davenport,Davenport,ND,North Dakota,38017,Cass,46.7148,-97.0654,272,393,polygon,FALSE,TRUE,America/Chicago,3
22242,Walland,Walland,TN,Tennessee,47009,Blount,35.732,-83.8069,272,68,polygon,FALSE,FALSE,America/New_York,3
22243,Hunker,Hunker,PA,Pennsylvania,42129,Westmoreland,40.2041,-79.6155,272,414,polygon,FALSE,TRUE,America/New_York,3
22244,McEwensville,McEwensville,PA,Pennsylvania,42097,Northumberland,41.0723,-76.8188,272,897,polygon,FALSE,TRUE,America/New_York,3
22245,Kylertown,Kylertown,PA,Pennsylvania,42033,Clearfield,40.9993,-78.1681,272,61,polygon,FALSE,FALSE,America/New_York,3
22246,Chase Crossing,Chase Crossing,VA,Virginia,51001,Accomack,37.7604,-75.6658,272,126,polygon,FALSE,FALSE,America/New_York,3
22247,Toms Brook,Toms Brook,VA,Virginia,51171,Shenandoah,38.9466,-78.44,272,832,polygon,FALSE,TRUE,America/New_York,3
22248,Richfield,Richfield,CA,California,6103,Tehama,39.9738,-122.1732,272,191,polygon,FALSE,FALSE,America/Los_Angeles,3
22249,Waldo,Waldo,AL,Alabama,1121,Talladega,33.3892,-86.036,272,37,polygon,FALSE,TRUE,America/Chicago,3
22250,Horseshoe Lake,Horseshoe Lake,AR,Arkansas,5035,Crittenden,34.9136,-90.3079,272,685,polygon,FALSE,TRUE,America/Chicago,3
22251,Malcom,Malcom,IA,Iowa,19157,Poweshiek,41.7076,-92.5575,272,171,polygon,FALSE,TRUE,America/Chicago,3
22252,Blue,Blue,OK,Oklahoma,40013,Bryan,33.9899,-96.2304,272,41,polygon,FALSE,FALSE,America/Chicago,3
22253,Cary,Cary,MS,Mississippi,28125,Sharkey,32.8056,-90.9245,272,148,polygon,FALSE,TRUE,America/Chicago,3
22254,Hickory,Hickory,KY,Kentucky,21083,Graves,36.8174,-88.6484,272,117,polygon,FALSE,FALSE,America/Chicago,3
22255,Stickney,Stickney,SD,South Dakota,46003,Aurora,43.5894,-98.4376,272,391,polygon,FALSE,TRUE,America/Chicago,3
22256,Kenton,Kenton,DE,Delaware,10001,Kent,39.2272,-75.6646,271,593,polygon,FALSE,TRUE,America/New_York,3
22257,Bradshaw,Bradshaw,WV,West Virginia,54047,McDowell,37.3534,-81.8012,271,135,polygon,FALSE,TRUE,America/New_York,3
22258,Oilton,Oilton,TX,Texas,48479,Webb,27.4693,-98.9672,271,73,polygon,FALSE,FALSE,America/Chicago,3
22259,Villa del Sol,Villa del Sol,TX,Texas,48061,Cameron,26.1915,-97.5782,271,554,polygon,FALSE,FALSE,America/Chicago,3
22260,Loma Vista,Loma Vista,TX,Texas,48427,Starr,26.4168,-98.9814,271,7941,polygon,FALSE,FALSE,America/Chicago,2
22261,Loma Linda East,Loma Linda East,TX,Texas,48249,Jim Wells,27.7663,-98.1942,271,20,polygon,FALSE,TRUE,America/Chicago,3
22262,Herman,Herman,NE,Nebraska,31177,Washington,41.674,-96.2167,271,731,polygon,FALSE,TRUE,America/Chicago,3
22263,Grand Junction,Grand Junction,TN,Tennessee,47069,Hardeman,35.05,-89.1889,271,88,polygon,FALSE,TRUE,America/Chicago,3
22264,Weott,Weott,CA,California,6023,Humboldt,40.3226,-123.9209,271,139,polygon,FALSE,FALSE,America/Los_Angeles,3
22265,Delight,Delight,AR,Arkansas,5109,Pike,34.0299,-93.5057,271,232,polygon,FALSE,TRUE,America/Chicago,3
22266,Maurice,Maurice,IA,Iowa,19167,Sioux,42.9664,-96.1824,271,173,polygon,FALSE,TRUE,America/Chicago,3
22267,Leland,Leland,IA,Iowa,19189,Winnebago,43.3318,-93.6351,271,78,polygon,FALSE,TRUE,America/Chicago,3
22268,Zaleski,Zaleski,OH,Ohio,39163,Vinton,39.2811,-82.395,271,237,polygon,FALSE,TRUE,America/New_York,3
22269,St. Thomas,St. Thomas,MO,Missouri,29051,Cole,38.3671,-92.216,271,106,polygon,FALSE,TRUE,America/Chicago,3
22270,New Hampton,New Hampton,MO,Missouri,29081,Harrison,40.2652,-94.1952,271,190,polygon,FALSE,TRUE,America/Chicago,3
22271,Lake Ann,Lake Ann,MI,Michigan,26019,Benzie,44.7251,-85.845,271,232,polygon,FALSE,TRUE,America/Detroit,3
22272,Arcadia,Arcadia,MI,Michigan,26101,Manistee,44.4931,-86.2369,271,200,polygon,FALSE,FALSE,America/Detroit,3
22273,Westport,Westport,KY,Kentucky,21185,Oldham,38.4874,-85.4753,271,129,polygon,FALSE,FALSE,America/New_York,3
22274,Ardentown,Ardentown,DE,Delaware,10003,New Castle,39.8081,-75.4807,270,472,polygon,FALSE,TRUE,America/New_York,3
22275,Humbird,Humbird,WI,Wisconsin,55019,Clark,44.5294,-90.8861,270,91,polygon,FALSE,FALSE,America/Chicago,3
22276,Falcon,Falcon,NC,North Carolina,37051,Cumberland,35.1937,-78.6489,270,75,polygon,FALSE,TRUE,America/New_York,3
22277,Stonewall,Stonewall,NC,North Carolina,37137,Pamlico,35.1371,-76.7405,270,61,polygon,FALSE,TRUE,America/New_York,3
22278,Castalia,Castalia,NC,North Carolina,37127,Nash,36.0823,-78.0576,270,138,polygon,FALSE,TRUE,America/New_York,3
22279,James City,James City,PA,Pennsylvania,42047,Elk,41.618,-78.8443,270,150,polygon,FALSE,FALSE,America/New_York,3
22280,Alberta,Alberta,VA,Virginia,51025,Brunswick,36.8552,-77.8937,270,48,polygon,FALSE,TRUE,America/New_York,3
22281,Deep River,Deep River,IA,Iowa,19157,Poweshiek,41.5812,-92.3732,270,245,polygon,FALSE,TRUE,America/Chicago,3
22282,Protivin,Protivin,IA,Iowa,19089,Howard,43.2168,-92.0891,270,229,polygon,FALSE,TRUE,America/Chicago,3
22283,Rowley,Rowley,IA,Iowa,19019,Buchanan,42.3685,-91.8443,270,268,polygon,FALSE,TRUE,America/Chicago,3
22284,Goodyear Village,Goodyear Village,AZ,Arizona,4021,Pinal,33.1973,-111.8724,270,31,polygon,FALSE,TRUE,America/Phoenix,3
22285,Glen Echo,Glen Echo,MD,Maryland,24031,Montgomery,38.968,-77.141,270,1016,polygon,FALSE,TRUE,America/New_York,3
22286,Arcadia,Arcadia,OK,Oklahoma,40109,Oklahoma,35.6655,-97.3255,270,68,polygon,FALSE,TRUE,America/Chicago,3
22287,Blue Mound,Blue Mound,KS,Kansas,20107,Linn,38.089,-95.01,270,163,polygon,FALSE,TRUE,America/Chicago,3
22288,Golf,Golf,FL,Florida,12099,Palm Beach,26.5043,-80.1092,269,126,polygon,FALSE,TRUE,America/New_York,3
22289,Hays,Hays,TX,Texas,48209,Hays,30.1215,-97.8724,269,464,polygon,FALSE,TRUE,America/Chicago,3
22290,Damon,Damon,TX,Texas,48039,Brazoria,29.2832,-95.7408,269,74,polygon,FALSE,FALSE,America/Chicago,3
22291,Athens,Athens,LA,Louisiana,22027,Claiborne,32.658,-93.0277,269,29,polygon,FALSE,TRUE,America/Chicago,3
22292,Carson,Carson,ND,North Dakota,38037,Grant,46.4223,-101.5706,269,26,polygon,FALSE,TRUE,America/Denver,3
22293,Bruning,Bruning,NE,Nebraska,31169,Thayer,40.3357,-97.5648,269,364,polygon,FALSE,TRUE,America/Chicago,3
22294,Bartley,Bartley,NE,Nebraska,31145,Red Willow,40.2511,-100.3104,269,110,polygon,FALSE,TRUE,America/Chicago,3
22295,Thompson,Thompson,PA,Pennsylvania,42115,Susquehanna,41.8637,-75.5141,269,202,polygon,FALSE,TRUE,America/New_York,3
22296,Elliott,Elliott,IL,Illinois,17053,Ford,40.4664,-88.2769,269,208,polygon,FALSE,TRUE,America/Chicago,3
22297,Manchester,Manchester,IL,Illinois,17171,Scott,39.5423,-90.3303,269,97,polygon,FALSE,TRUE,America/Chicago,3
22298,Mapleton,Mapleton,IL,Illinois,17143,Peoria,40.5732,-89.7242,269,113,polygon,FALSE,TRUE,America/Chicago,3
22299,White Oak,White Oak,OK,Oklahoma,40035,Craig,36.6098,-95.2763,269,17,polygon,FALSE,FALSE,America/Chicago,3
22300,Rockville,Rockville,UT,Utah,49053,Washington,37.1478,-113.0548,269,12,polygon,FALSE,TRUE,America/Denver,3
22301,Eugene,Eugene,MO,Missouri,29051,Cole,38.3547,-92.4031,269,310,polygon,FALSE,FALSE,America/Chicago,3
22302,Princeton,Princeton,KS,Kansas,20059,Franklin,38.4876,-95.2703,269,299,polygon,FALSE,TRUE,America/Chicago,3
22303,Baileyville,Baileyville,KS,Kansas,20131,Nemaha,39.8419,-96.1828,269,26,polygon,FALSE,FALSE,America/Chicago,3
22304,Condon,Condon,MT,Montana,30063,Missoula,47.5225,-113.6987,269,4,polygon,FALSE,FALSE,America/Denver,3
22305,St. Charles,St. Charles,KY,Kentucky,21107,Hopkins,37.1881,-87.551,269,104,polygon,FALSE,TRUE,America/Chicago,3
22306,Wildwood,Wildwood,KY,Kentucky,21111,Jefferson,38.249,-85.5747,269,1397,polygon,FALSE,TRUE,America/New_York,3
22307,Soldier Creek,Soldier Creek,SD,South Dakota,46121,Todd,43.3237,-100.8883,269,8,polygon,FALSE,FALSE,America/Chicago,3
22308,Chokoloskee,Chokoloskee,FL,Florida,12021,Collier,25.8146,-81.3603,268,464,polygon,FALSE,FALSE,America/New_York,3
22309,Sheep Springs,Sheep Springs,NM,New Mexico,35045,San Juan,36.1564,-108.6905,268,17,polygon,FALSE,FALSE,America/Denver,3
22310,Michigan City,Michigan City,ND,North Dakota,38063,Nelson,48.0248,-98.1197,268,205,polygon,FALSE,TRUE,America/Chicago,3
22311,Drake,Drake,ND,North Dakota,38049,McHenry,47.9226,-100.3745,268,52,polygon,FALSE,TRUE,America/Chicago,3
22312,Bradshaw,Bradshaw,NE,Nebraska,31185,York,40.8835,-97.747,268,311,polygon,FALSE,TRUE,America/Chicago,3
22313,Searchlight,Searchlight,NV,Nevada,32003,Clark,35.4828,-114.9157,268,7,polygon,FALSE,FALSE,America/Los_Angeles,3
22314,Bobtown,Bobtown,VA,Virginia,51001,Accomack,37.6493,-75.7998,268,28,polygon,FALSE,FALSE,America/New_York,3
22315,Brodnax,Brodnax,VA,Virginia,51025,Brunswick,36.7033,-78.0318,268,146,polygon,FALSE,TRUE,America/New_York,3
22316,Iliff,Iliff,CO,Colorado,8075,Logan,40.7592,-103.0661,268,541,polygon,FALSE,TRUE,America/Denver,3
22317,El Portal,El Portal,CA,California,6043,Mariposa,37.6736,-119.799,268,100,polygon,FALSE,FALSE,America/Los_Angeles,3
22318,New Holland,New Holland,IL,Illinois,17107,Logan,40.1834,-89.5825,268,333,polygon,FALSE,TRUE,America/Chicago,3
22319,Hazleton,Hazleton,IN,Indiana,18051,Gibson,38.4893,-87.5406,268,298,polygon,FALSE,TRUE,America/Indiana/Vincennes,3
22320,Farmersburg,Farmersburg,IA,Iowa,19043,Clayton,42.9589,-91.367,268,257,polygon,FALSE,TRUE,America/Chicago,3
22321,Lane,Lane,OK,Oklahoma,40005,Atoka,34.2997,-95.9894,268,13,polygon,FALSE,FALSE,America/Chicago,3
22322,Old Washington,Old Washington,OH,Ohio,39059,Guernsey,40.0376,-81.4442,268,154,polygon,FALSE,TRUE,America/New_York,3
22323,Emery,Emery,UT,Utah,49015,Emery,38.9251,-111.2523,268,84,polygon,FALSE,TRUE,America/Denver,3
22324,Fidelity,Fidelity,MO,Missouri,29097,Jasper,37.0817,-94.3096,268,107,polygon,FALSE,TRUE,America/Chicago,3
22325,Big Spring,Big Spring,MO,Missouri,29139,Montgomery,38.8019,-91.4838,268,30,polygon,FALSE,FALSE,America/Chicago,3
22326,Prescott,Prescott,KS,Kansas,20107,Linn,38.0632,-94.6928,268,363,polygon,FALSE,TRUE,America/Chicago,3
22327,Georgetown,Georgetown,MS,Mississippi,28029,Copiah,31.8698,-90.1648,268,153,polygon,FALSE,TRUE,America/Chicago,3
22328,Post Lake,Post Lake,WI,Wisconsin,55067,Langlade,45.4352,-89.0921,267,14,polygon,FALSE,FALSE,America/Chicago,3
22329,Hanalei,Hanalei,HI,Hawaii,15007,Kauai,22.2041,-159.4977,267,152,polygon,FALSE,FALSE,Pacific/Honolulu,3
22330,Jemez Springs,Jemez Springs,NM,New Mexico,35043,Sandoval,35.7732,-106.6909,267,21,polygon,FALSE,TRUE,America/Denver,3
22331,Roseland,Roseland,NE,Nebraska,31001,Adams,40.4698,-98.5587,267,373,polygon,FALSE,TRUE,America/Chicago,3
22332,Witherbee,Witherbee,NY,New York,36031,Essex,44.0837,-73.5371,267,140,polygon,FALSE,FALSE,America/New_York,3
22333,Paxtonville,Paxtonville,PA,Pennsylvania,42109,Snyder,40.7702,-77.0807,267,118,polygon,FALSE,FALSE,America/New_York,3
22334,Brandonville,Brandonville,PA,Pennsylvania,42107,Schuylkill,40.8601,-76.1689,267,73,polygon,FALSE,FALSE,America/New_York,3
22335,Morgan Heights,Morgan Heights,CO,Colorado,8087,Morgan,40.2875,-103.8275,267,361,polygon,FALSE,TRUE,America/Denver,3
22336,Garden City,Garden City,CO,Colorado,8123,Weld,40.3948,-104.6893,267,913,polygon,FALSE,TRUE,America/Denver,3
22337,Lemon Cove,Lemon Cove,CA,California,6107,Tulare,36.379,-119.0312,267,123,polygon,FALSE,TRUE,America/Los_Angeles,3
22338,Anderson,Anderson,AL,Alabama,1077,Lauderdale,34.9147,-87.2716,267,79,polygon,FALSE,TRUE,America/Chicago,3
22339,Woodson,Woodson,AR,Arkansas,5119,Pulaski,34.538,-92.2212,267,23,polygon,FALSE,FALSE,America/Chicago,3
22340,Bush,Bush,IL,Illinois,17199,Williamson,37.8427,-89.1295,267,226,polygon,FALSE,TRUE,America/Chicago,3
22341,Bellmont,Bellmont,IL,Illinois,17185,Wabash,38.383,-87.9107,267,317,polygon,FALSE,TRUE,America/Chicago,3
22342,Butlerville,Butlerville,IN,Indiana,18079,Jennings,39.0326,-85.5131,267,272,polygon,FALSE,FALSE,America/Indiana/Indianapolis,3
22343,Greasy,Greasy,OK,Oklahoma,40001,Adair,35.6821,-94.7177,267,5,polygon,FALSE,FALSE,America/Chicago,3
22344,Theodosia,Theodosia,MO,Missouri,29153,Ozark,36.5807,-92.6638,267,75,polygon,FALSE,TRUE,America/Chicago,3
22345,Augusta,Augusta,MO,Missouri,29183,St. Charles,38.5695,-90.8812,267,117,polygon,FALSE,TRUE,America/Chicago,3
22346,Kelliher,Kelliher,MN,Minnesota,27007,Beltrami,47.9438,-94.4446,267,46,polygon,FALSE,TRUE,America/Chicago,3
22347,Palco,Palco,KS,Kansas,20163,Rooks,39.2532,-99.5634,267,384,polygon,FALSE,TRUE,America/Chicago,3
22348,Santa Rita,Santa Rita,MT,Montana,30035,Glacier,48.6977,-112.3173,267,32,polygon,FALSE,FALSE,America/Denver,3
22349,Sumner,Sumner,MS,Mississippi,28135,Tallahatchie,33.9693,-90.3693,267,187,polygon,FALSE,TRUE,America/Chicago,3
22350,Westfir,Westfir,OR,Oregon,41039,Lane,43.7579,-122.5095,267,327,polygon,FALSE,TRUE,America/Los_Angeles,3
22351,Sumatra,Sumatra,FL,Florida,12077,Liberty,30.023,-84.9825,266,106,polygon,FALSE,FALSE,America/New_York,3
22352,Osmond,Osmond,WY,Wyoming,56023,Lincoln,42.6777,-110.9408,266,32,polygon,FALSE,FALSE,America/Denver,3
22353,Cubero,Cubero,NM,New Mexico,35006,Cibola,35.0903,-107.5264,266,10,polygon,FALSE,FALSE,America/Denver,3
22354,Ratamosa,Ratamosa,TX,Texas,48061,Cameron,26.2005,-97.8445,266,51,polygon,FALSE,FALSE,America/Chicago,3
22355,Spokane,Spokane,LA,Louisiana,22029,Concordia,31.713,-91.4453,266,43,polygon,FALSE,FALSE,America/Chicago,3
22356,Conetoe,Conetoe,NC,North Carolina,37065,Edgecombe,35.8176,-77.4569,266,285,polygon,FALSE,TRUE,America/New_York,3
22357,Milligan,Milligan,NE,Nebraska,31059,Fillmore,40.5001,-97.3883,266,406,polygon,FALSE,TRUE,America/Chicago,3
22358,Hallam,Hallam,NE,Nebraska,31109,Lancaster,40.5365,-96.7867,266,477,polygon,FALSE,TRUE,America/Chicago,3
22359,Auburntown,Auburntown,TN,Tennessee,47015,Cannon,35.951,-86.097,266,180,polygon,FALSE,TRUE,America/Chicago,3
22360,Milton,Milton,IL,Illinois,17149,Pike,39.5646,-90.6498,266,266,polygon,FALSE,TRUE,America/Chicago,3
22361,Allerton,Allerton,IL,Illinois,17019,Champaign,39.9161,-87.9353,266,151,polygon,FALSE,TRUE,America/Chicago,3
22362,Sawyerville,Sawyerville,IL,Illinois,17117,Macoupin,39.0785,-89.802,266,103,polygon,FALSE,TRUE,America/Chicago,3
22363,Wingate,Wingate,IN,Indiana,18107,Montgomery,40.1723,-87.0726,266,496,polygon,FALSE,TRUE,America/Indiana/Indianapolis,3
22364,Kiron,Kiron,IA,Iowa,19047,Crawford,42.194,-95.3271,266,492,polygon,FALSE,TRUE,America/Chicago,3
22365,San Miguel,San Miguel,AZ,Arizona,4019,Pima,31.6295,-111.7801,266,18,polygon,FALSE,FALSE,America/Phoenix,3
22366,Island Park,Island Park,ID,Idaho,16043,Fremont,44.5281,-111.3592,266,16,polygon,FALSE,TRUE,America/Boise,3
22367,Sylvan Grove,Sylvan Grove,KS,Kansas,20105,Lincoln,39.0122,-98.3943,266,266,polygon,FALSE,TRUE,America/Chicago,3
22368,Parker,Parker,KS,Kansas,20107,Linn,38.3285,-94.9899,266,365,polygon,FALSE,TRUE,America/Chicago,3
22369,Flatwoods,Flatwoods,WV,West Virginia,54007,Braxton,38.7186,-80.654,265,156,polygon,FALSE,TRUE,America/New_York,3
22370,Tower City,Tower City,ND,North Dakota,38017,Cass,46.9263,-97.676,265,49,polygon,FALSE,TRUE,America/Chicago,3
22371,County Line,County Line,AL,Alabama,1009,Blount,33.821,-86.7198,265,105,polygon,FALSE,TRUE,America/Chicago,3
22372,Lead Hill,Lead Hill,AR,Arkansas,5009,Boone,36.4128,-92.9068,265,160,polygon,FALSE,TRUE,America/Chicago,3
22373,Gumbranch,Gumbranch,GA,Georgia,13179,Liberty,31.8367,-81.6838,265,126,polygon,FALSE,TRUE,America/New_York,3
22374,Gentryville,Gentryville,IN,Indiana,18147,Spencer,38.1091,-87.0315,265,259,polygon,FALSE,TRUE,America/Chicago,3
22375,Crawfordsville,Crawfordsville,IA,Iowa,19183,Washington,41.2139,-91.5367,265,278,polygon,FALSE,TRUE,America/Chicago,3
22376,Bennington,Bennington,ID,Idaho,16007,Bear Lake,42.3823,-111.3219,265,16,polygon,FALSE,FALSE,America/Boise,3
22377,Vienna,Vienna,MD,Maryland,24019,Dorchester,38.4811,-75.8319,265,134,polygon,FALSE,TRUE,America/New_York,3
22378,Elm Grove,Elm Grove,OK,Oklahoma,40001,Adair,35.7925,-94.563,265,61,polygon,FALSE,TRUE,America/Chicago,3
22379,Longdale,Longdale,OK,Oklahoma,40011,Blaine,36.1337,-98.5509,265,382,polygon,FALSE,TRUE,America/Chicago,3
22380,St. Martin,St. Martin,OH,Ohio,39015,Brown,39.2117,-83.8844,265,52,polygon,FALSE,TRUE,America/New_York,3
22381,Lutsen,Lutsen,MN,Minnesota,27031,Cook,47.6715,-90.6885,265,9,polygon,FALSE,FALSE,America/Chicago,3
22382,Rockport,Rockport,KY,Kentucky,21183,Ohio,37.3359,-86.9909,265,147,polygon,FALSE,TRUE,America/Chicago,3
22383,Henry,Henry,SD,South Dakota,46029,Codington,44.8809,-97.4616,265,70,polygon,FALSE,TRUE,America/Chicago,3
22384,Barry,Barry,TX,Texas,48349,Navarro,32.0998,-96.6377,264,231,polygon,FALSE,TRUE,America/Chicago,3
22385,Shungnak,Shungnak,AK,Alaska,2188,Northwest Arctic,66.8805,-157.1499,264,12,polygon,FALSE,TRUE,America/Anchorage,3
22386,Milledgeville,Milledgeville,TN,Tennessee,47109,McNairy,35.3776,-88.3661,264,63,polygon,FALSE,TRUE,America/Chicago,3
22387,Woodbury,Woodbury,PA,Pennsylvania,42009,Bedford,40.2255,-78.366,264,798,polygon,FALSE,TRUE,America/New_York,3
22388,Schubert,Schubert,PA,Pennsylvania,42011,Berks,40.4979,-76.2197,264,172,polygon,FALSE,FALSE,America/New_York,3
22389,Sussex,Sussex,VA,Virginia,51183,Sussex,36.9173,-77.2719,264,21,polygon,FALSE,FALSE,America/New_York,3
22390,Catherine,Catherine,CO,Colorado,8045,Garfield,39.4017,-107.133,264,118,polygon,FALSE,FALSE,America/Denver,3
22391,Davenport,Davenport,CA,California,6087,Santa Cruz,37.0176,-122.1882,264,35,polygon,FALSE,FALSE,America/Los_Angeles,3
22392,Desert Center,Desert Center,CA,California,6065,Riverside,33.7378,-115.3666,264,3,polygon,FALSE,FALSE,America/Los_Angeles,3
22393,Black Oak,Black Oak,AR,Arkansas,5031,Craighead,35.8365,-90.3677,264,243,polygon,FALSE,TRUE,America/Chicago,3
22394,Lynn,Lynn,AR,Arkansas,5075,Lawrence,36.0042,-91.252,264,44,polygon,FALSE,TRUE,America/Chicago,3
22395,Gladstone,Gladstone,IL,Illinois,17071,Henderson,40.8643,-90.9566,264,283,polygon,FALSE,TRUE,America/Chicago,3
22396,Modale,Modale,IA,Iowa,19085,Harrison,41.6182,-96.012,264,97,polygon,FALSE,TRUE,America/Chicago,3
22397,Parnell,Parnell,IA,Iowa,19095,Iowa,41.5837,-92.0046,264,574,polygon,FALSE,TRUE,America/Chicago,3
22398,Tonalea,Tonalea,AZ,Arizona,4005,Coconino,36.3218,-110.9667,264,10,polygon,FALSE,FALSE,America/Denver,3
22399,St. Hilaire,St. Hilaire,MN,Minnesota,27113,Pennington,48.0135,-96.2137,264,130,polygon,FALSE,TRUE,America/Chicago,3
22400,Garden City,Garden City,MN,Minnesota,27013,Blue Earth,44.0485,-94.1713,264,56,polygon,FALSE,FALSE,America/Chicago,3
22401,Uniontown,Uniontown,KS,Kansas,20011,Bourbon,37.8472,-94.9756,264,483,polygon,FALSE,TRUE,America/Chicago,3
22402,Courtland,Courtland,KS,Kansas,20157,Republic,39.7832,-97.8963,264,379,polygon,FALSE,TRUE,America/Chicago,3
22403,Bonnieville,Bonnieville,KY,Kentucky,21099,Hart,37.3776,-85.9011,264,185,polygon,FALSE,TRUE,America/Chicago,3
22404,Chancellor,Chancellor,SD,South Dakota,46125,Turner,43.3718,-96.9874,264,459,polygon,FALSE,TRUE,America/Chicago,3
22405,Downing,Downing,WI,Wisconsin,55033,Dunn,45.0498,-92.1243,263,34,polygon,FALSE,TRUE,America/Chicago,3
22406,Mountain,Mountain,WI,Wisconsin,55083,Oconto,45.1864,-88.4681,263,15,polygon,FALSE,FALSE,America/Chicago,3
22407,Quinwood,Quinwood,WV,West Virginia,54025,Greenbrier,38.0586,-80.706,263,293,polygon,FALSE,TRUE,America/New_York,3
22408,Tajique,Tajique,NM,New Mexico,35057,Torrance,34.76,-106.301,263,37,polygon,FALSE,FALSE,America/Denver,3
22409,Ashland,Ashland,LA,Louisiana,22069,Natchitoches,32.1164,-93.1171,263,3,polygon,FALSE,TRUE,America/Chicago,3
22410,Dixie Inn,Dixie Inn,LA,Louisiana,22119,Webster,32.5968,-93.3317,263,209,polygon,FALSE,TRUE,America/Chicago,3
22411,Porcupine,Porcupine,ND,North Dakota,38085,Sioux,46.2218,-101.0999,263,502,polygon,FALSE,FALSE,America/Chicago,3
22412,Braden,Braden,TN,Tennessee,47047,Fayette,35.3685,-89.5718,263,27,polygon,FALSE,TRUE,America/Chicago,3
22413,Blain,Blain,PA,Pennsylvania,42099,Perry,40.3365,-77.5124,263,319,polygon,FALSE,TRUE,America/New_York,3
22414,Sandy Ridge,Sandy Ridge,PA,Pennsylvania,42027,Centre,40.8105,-78.2345,263,159,polygon,FALSE,FALSE,America/New_York,3
22415,Mount Clare,Mount Clare,IL,Illinois,17117,Macoupin,39.1002,-89.8253,263,67,polygon,FALSE,TRUE,America/Chicago,3
22416,Pulaski,Pulaski,GA,Georgia,13043,Candler,32.3904,-81.9566,263,127,polygon,FALSE,TRUE,America/New_York,3
22417,Defiance,Defiance,IA,Iowa,19165,Shelby,41.8254,-95.3404,263,257,polygon,FALSE,TRUE,America/Chicago,3
22418,Coulter,Coulter,IA,Iowa,19069,Franklin,42.733,-93.3701,263,41,polygon,FALSE,TRUE,America/Chicago,3
22419,Rose,Rose,OK,Oklahoma,40097,Mayes,36.2123,-95.0382,263,11,polygon,FALSE,FALSE,America/Chicago,3
22420,Fayette,Fayette,UT,Utah,49039,Sanpete,39.2248,-111.8542,263,257,polygon,FALSE,TRUE,America/Denver,3
22421,Wheeling,Wheeling,MO,Missouri,29117,Livingston,39.7862,-93.386,263,316,polygon,FALSE,TRUE,America/Chicago,3
22422,Climax,Climax,MN,Minnesota,27119,Polk,47.6095,-96.8122,263,108,polygon,FALSE,TRUE,America/Chicago,3
22423,Murdock,Murdock,MN,Minnesota,27151,Swift,45.2234,-95.3946,263,163,polygon,FALSE,TRUE,America/Chicago,3
22424,Toronto,Toronto,KS,Kansas,20207,Woodson,37.7985,-95.9498,263,279,polygon,FALSE,TRUE,America/Chicago,3
22425,Jamestown,Jamestown,KS,Kansas,20029,Cloud,39.5996,-97.8613,263,346,polygon,FALSE,TRUE,America/Chicago,3
22426,Sturgis,Sturgis,MS,Mississippi,28105,Oktibbeha,33.3452,-89.0458,263,78,polygon,FALSE,TRUE,America/Chicago,3
22427,Gifford,Gifford,SC,South Carolina,45049,Hampton,32.86,-81.2385,263,105,polygon,FALSE,TRUE,America/New_York,3
22428,Hundred,Hundred,WV,West Virginia,54103,Wetzel,39.6836,-80.4576,262,201,polygon,FALSE,TRUE,America/New_York,3
22429,Ambler,Ambler,AK,Alaska,2188,Northwest Arctic,67.0897,-157.8725,262,9,polygon,FALSE,TRUE,America/Anchorage,3
22430,Lindsay,Lindsay,NE,Nebraska,31141,Platte,41.7004,-97.6938,262,277,polygon,FALSE,TRUE,America/Chicago,3
22431,Hornsby,Hornsby,TN,Tennessee,47069,Hardeman,35.2285,-88.8294,262,96,polygon,FALSE,TRUE,America/Chicago,3
22432,New Ringgold,New Ringgold,PA,Pennsylvania,42107,Schuylkill,40.6892,-75.9928,262,126,polygon,FALSE,TRUE,America/New_York,3
22433,Double Spring,Double Spring,NV,Nevada,32005,Douglas,38.7788,-119.6154,262,11,polygon,FALSE,TRUE,America/Los_Angeles,3
22434,Brookside,Brookside,CO,Colorado,8043,Fremont,38.4135,-105.1909,262,213,polygon,FALSE,TRUE,America/Denver,3
22435,Langston,Langston,AL,Alabama,1071,Jackson,34.5374,-86.0899,262,20,polygon,FALSE,TRUE,America/Chicago,3
22436,Almyra,Almyra,AR,Arkansas,5001,Arkansas,34.4057,-91.4108,262,260,polygon,FALSE,TRUE,America/Chicago,3
22437,East Gillespie,East Gillespie,IL,Illinois,17117,Macoupin,39.1378,-89.8127,262,317,polygon,FALSE,TRUE,America/Chicago,3
22438,Climax,Climax,GA,Georgia,13087,Decatur,30.8756,-84.4312,262,126,polygon,FALSE,TRUE,America/New_York,3
22439,Newington,Newington,GA,Georgia,13251,Screven,32.5888,-81.5063,262,124,polygon,FALSE,TRUE,America/New_York,3
22440,Renwick,Renwick,IA,Iowa,19091,Humboldt,42.8269,-93.9813,262,100,polygon,FALSE,TRUE,America/Chicago,3
22441,Worley,Worley,ID,Idaho,16055,Kootenai,47.4005,-116.9193,262,521,polygon,FALSE,TRUE,America/Los_Angeles,3
22442,Nicut,Nicut,OK,Oklahoma,40135,Sequoyah,35.5986,-94.5626,262,6,polygon,FALSE,FALSE,America/Chicago,3
22443,Tiro,Tiro,OH,Ohio,39033,Crawford,40.9062,-82.769,262,243,polygon,FALSE,TRUE,America/New_York,3
22444,Amasa,Amasa,MI,Michigan,26071,Iron,46.2295,-88.4579,262,25,polygon,FALSE,FALSE,America/Menominee,3
22445,Neosho Rapids,Neosho Rapids,KS,Kansas,20111,Lyon,38.3684,-95.9915,262,200,polygon,FALSE,TRUE,America/Chicago,3
22446,Milladore,Milladore,WI,Wisconsin,55141,Wood,44.6056,-89.8552,261,100,polygon,FALSE,TRUE,America/Chicago,3
22447,Genoa,Genoa,WI,Wisconsin,55123,Vernon,43.5735,-91.2261,261,282,polygon,FALSE,TRUE,America/Chicago,3
22448,Bayard,Bayard,WV,West Virginia,54023,Grant,39.2711,-79.3662,261,324,polygon,FALSE,TRUE,America/New_York,3
22449,Mulat,Mulat,FL,Florida,12113,Santa Rosa,30.5595,-87.1297,261,64,polygon,FALSE,FALSE,America/Chicago,3
22450,Bedford,Bedford,WY,Wyoming,56023,Lincoln,42.8983,-110.9432,261,77,polygon,FALSE,FALSE,America/Denver,3
22451,Columbia,Columbia,NJ,New Jersey,34041,Warren,40.926,-75.0945,261,1011,polygon,FALSE,FALSE,America/New_York,3
22452,Santa Cruz,Santa Cruz,NM,New Mexico,35049,Santa Fe,35.9939,-106.0358,261,158,polygon,FALSE,FALSE,America/Denver,3
22453,Nageezi,Nageezi,NM,New Mexico,35045,San Juan,36.2488,-107.7471,261,7,polygon,FALSE,FALSE,America/Denver,3
22454,Rodessa,Rodessa,LA,Louisiana,22017,Caddo,32.9735,-93.9969,261,82,polygon,FALSE,TRUE,America/Chicago,3
22455,Nikolaevsk,Nikolaevsk,AK,Alaska,2122,Kenai Peninsula,59.8295,-151.5964,261,2,polygon,FALSE,FALSE,America/Anchorage,3
22456,Stantonville,Stantonville,TN,Tennessee,47109,McNairy,35.1569,-88.4302,261,89,polygon,FALSE,TRUE,America/Chicago,3
22457,Knobel,Knobel,AR,Arkansas,5021,Clay,36.32,-90.6022,261,239,polygon,FALSE,TRUE,America/Chicago,3
22458,Pinesburg,Pinesburg,MD,Maryland,24043,Washington,39.6269,-77.8561,261,137,polygon,FALSE,FALSE,America/New_York,3
22459,Donnelsville,Donnelsville,OH,Ohio,39023,Clark,39.9154,-83.9429,261,317,polygon,FALSE,TRUE,America/New_York,3
22460,Vanduser,Vanduser,MO,Missouri,29201,Scott,36.991,-89.6868,261,784,polygon,FALSE,TRUE,America/Chicago,3
22461,Los Cerrillos,Los Cerrillos,NM,New Mexico,35049,Santa Fe,35.4272,-106.1211,260,29,polygon,FALSE,TRUE,America/Denver,3
22462,Tesuque Pueblo,Tesuque Pueblo,NM,New Mexico,35049,Santa Fe,35.809,-105.9752,260,45,polygon,FALSE,FALSE,America/Denver,3
22463,Fronton,Fronton,TX,Texas,48427,Starr,26.4256,-99.0762,260,240,polygon,FALSE,FALSE,America/Chicago,3
22464,Moran,Moran,TX,Texas,48417,Shackelford,32.5471,-99.1663,260,236,polygon,FALSE,TRUE,America/Chicago,3
22465,Eugenio Saenz,Eugenio Saenz,TX,Texas,48427,Starr,26.3582,-98.6331,260,3458,polygon,FALSE,TRUE,America/Chicago,2
22466,Earl,Earl,NC,North Carolina,37045,Cleveland,35.1954,-81.534,260,116,polygon,FALSE,TRUE,America/New_York,3
22467,White Oak,White Oak,NC,North Carolina,37017,Bladen,34.7396,-78.7186,260,19,polygon,FALSE,FALSE,America/New_York,3
22468,Duane Lake,Duane Lake,NY,New York,36093,Schenectady,42.7526,-74.1089,260,41,polygon,FALSE,FALSE,America/New_York,3
22469,Groveland Station,Groveland Station,NY,New York,36051,Livingston,42.6634,-77.7666,260,171,polygon,FALSE,TRUE,America/New_York,3
22470,Orrstown,Orrstown,PA,Pennsylvania,42055,Franklin,40.0589,-77.6081,260,1579,polygon,FALSE,TRUE,America/New_York,3
22471,Catlett,Catlett,VA,Virginia,51061,Fauquier,38.654,-77.637,260,31,polygon,FALSE,FALSE,America/New_York,3
22472,Hillrose,Hillrose,CO,Colorado,8087,Morgan,40.3245,-103.5222,260,532,polygon,FALSE,TRUE,America/Denver,3
22473,Chidester,Chidester,AR,Arkansas,5103,Ouachita,33.702,-93.0238,260,18,polygon,FALSE,TRUE,America/Chicago,3
22474,McNabb,McNabb,IL,Illinois,17155,Putnam,41.177,-89.2096,260,565,polygon,FALSE,TRUE,America/Chicago,3
22475,Maquon,Maquon,IL,Illinois,17095,Knox,40.798,-90.1632,260,619,polygon,FALSE,TRUE,America/Chicago,3
22476,Carlton,Carlton,GA,Georgia,13195,Madison,34.0427,-83.0386,260,99,polygon,FALSE,TRUE,America/New_York,3
22477,Schneider,Schneider,IN,Indiana,18089,Lake,41.1925,-87.4457,260,128,polygon,FALSE,TRUE,America/Chicago,3
22478,River Bottom,River Bottom,OK,Oklahoma,40101,Muskogee,35.6357,-95.2378,260,10,polygon,FALSE,TRUE,America/Chicago,3
22479,Melrose,Melrose,OH,Ohio,39125,Paulding,41.0887,-84.4201,260,117,polygon,FALSE,TRUE,America/New_York,3
22480,Summit,Summit,UT,Utah,49021,Iron,37.8013,-112.935,260,147,polygon,FALSE,FALSE,America/Denver,3
22481,Emmett,Emmett,MI,Michigan,26147,St. Clair,42.9934,-82.7653,260,66,polygon,FALSE,TRUE,America/Detroit,3
22482,Walkerville,Walkerville,MI,Michigan,26127,Oceana,43.7143,-86.1259,260,80,polygon,FALSE,TRUE,America/Detroit,3
22483,Otis,Otis,KS,Kansas,20165,Rush,38.5348,-99.0534,260,320,polygon,FALSE,TRUE,America/Chicago,3
22484,Ransom,Ransom,KS,Kansas,20135,Ness,38.6366,-99.9328,260,286,polygon,FALSE,TRUE,America/Chicago,3
22485,Little Browning,Little Browning,MT,Montana,30035,Glacier,48.6252,-112.3501,260,99,polygon,FALSE,TRUE,America/Denver,3
22486,Richburg,Richburg,SC,South Carolina,45023,Chester,34.7167,-81.0196,260,114,polygon,FALSE,TRUE,America/New_York,3
22487,Berry,Berry,KY,Kentucky,21097,Harrison,38.5206,-84.3838,260,394,polygon,FALSE,TRUE,America/New_York,3
22488,Henderson,Henderson,WV,West Virginia,54053,Mason,38.8304,-82.136,259,239,polygon,FALSE,TRUE,America/New_York,3
22489,Medicine Bow,Medicine Bow,WY,Wyoming,56007,Carbon,41.8995,-106.2019,259,28,polygon,FALSE,TRUE,America/Denver,3
22490,San Cristobal,San Cristobal,NM,New Mexico,35055,Taos,36.6101,-105.6319,259,14,polygon,FALSE,FALSE,America/Denver,3
22491,Dickens,Dickens,TX,Texas,48125,Dickens,33.6213,-100.8368,259,104,polygon,FALSE,TRUE,America/Chicago,3
22492,Shaktoolik,Shaktoolik,AK,Alaska,2180,Nome,64.3567,-161.1972,259,93,polygon,FALSE,TRUE,America/Anchorage,3
22493,Aquadale,Aquadale,NC,North Carolina,37167,Stanly,35.2244,-80.2236,259,30,polygon,FALSE,FALSE,America/New_York,3
22494,Temperanceville,Temperanceville,VA,Virginia,51001,Accomack,37.8991,-75.5526,259,29,polygon,FALSE,FALSE,America/New_York,3
22495,Perrytown,Perrytown,AR,Arkansas,5057,Hempstead,33.6973,-93.5342,259,71,polygon,FALSE,TRUE,America/Chicago,3
22496,Sammons Point,Sammons Point,IL,Illinois,17091,Kankakee,41.0313,-87.8592,259,54,polygon,FALSE,TRUE,America/Chicago,3
22497,Mulhall,Mulhall,OK,Oklahoma,40083,Logan,36.0917,-97.3615,259,122,polygon,FALSE,TRUE,America/Chicago,3
22498,Linneus,Linneus,MO,Missouri,29115,Linn,39.8767,-93.1868,259,93,polygon,FALSE,TRUE,America/Chicago,3
22499,Kingsville,Kingsville,MO,Missouri,29101,Johnson,38.7437,-94.0697,259,338,polygon,FALSE,TRUE,America/Chicago,3
22500,Lake Tekakwitha,Lake Tekakwitha,MO,Missouri,29099,Jefferson,38.4415,-90.7154,259,500,polygon,FALSE,TRUE,America/Chicago,3
22501,Brashear,Brashear,MO,Missouri,29001,Adair,40.1484,-92.3787,259,285,polygon,FALSE,TRUE,America/Chicago,3
22502,Dwight,Dwight,KS,Kansas,20127,Morris,38.8449,-96.5921,259,276,polygon,FALSE,TRUE,America/Chicago,3
22503,Belfry,Belfry,MT,Montana,30009,Carbon,45.1375,-108.9985,259,60,polygon,FALSE,FALSE,America/Denver,3
22504,Louin,Louin,MS,Mississippi,28061,Jasper,32.0722,-89.2626,259,16,polygon,FALSE,TRUE,America/Chicago,3
22505,Iroquois,Iroquois,SD,South Dakota,46077,Kingsbury,44.3679,-97.8495,259,161,polygon,FALSE,TRUE,America/Chicago,3
22506,Wardensville,Wardensville,WV,West Virginia,54031,Hardy,39.0768,-78.5932,258,306,polygon,FALSE,TRUE,America/New_York,3
22507,Huslia,Huslia,AK,Alaska,2290,Yukon-Koyukuk,65.7002,-156.3386,258,6,polygon,FALSE,TRUE,America/Anchorage,3
22508,Harborton,Harborton,VA,Virginia,51001,Accomack,37.6596,-75.8332,258,262,polygon,FALSE,FALSE,America/New_York,3
22509,Callaghan,Callaghan,VA,Virginia,51005,Alleghany,37.8112,-80.0871,258,65,polygon,FALSE,FALSE,America/New_York,3
22510,Eckley,Eckley,CO,Colorado,8125,Yuma,40.1123,-102.4883,258,210,polygon,FALSE,TRUE,America/Denver,3
22511,Repton,Repton,AL,Alabama,1035,Conecuh,31.4097,-87.2393,258,104,polygon,FALSE,TRUE,America/Chicago,3
22512,Greensboro Bend,Greensboro Bend,VT,Vermont,50019,Orleans,44.5583,-72.2642,258,44,polygon,FALSE,FALSE,America/New_York,3
22513,Mallard,Mallard,IA,Iowa,19147,Palo Alto,42.9394,-94.6832,258,245,polygon,FALSE,TRUE,America/Chicago,3
22514,Jeddito,Jeddito,AZ,Arizona,4017,Navajo,35.7697,-110.1305,258,18,polygon,FALSE,FALSE,America/Denver,3
22515,Bovill,Bovill,ID,Idaho,16057,Latah,46.8585,-116.3935,258,625,polygon,FALSE,TRUE,America/Los_Angeles,3
22516,Easton,Easton,KS,Kansas,20103,Leavenworth,39.345,-95.1171,258,686,polygon,FALSE,TRUE,America/Chicago,3
22517,Toccopola,Toccopola,MS,Mississippi,28115,Pontotoc,34.2561,-89.2211,258,11,polygon,FALSE,TRUE,America/Chicago,3
22518,Snelling,Snelling,SC,South Carolina,45011,Barnwell,33.2416,-81.4622,258,24,polygon,FALSE,TRUE,America/New_York,3
22519,Green Bank,Green Bank,WV,West Virginia,54075,Pocahontas,38.4267,-79.8343,257,30,polygon,FALSE,FALSE,America/New_York,3
22520,Hendricks,Hendricks,WV,West Virginia,54093,Tucker,39.0754,-79.6299,257,290,polygon,FALSE,TRUE,America/New_York,3
22521,Centennial,Centennial,WY,Wyoming,56001,Albany,41.3005,-106.1355,257,6,polygon,FALSE,FALSE,America/Denver,3
22522,La Jara,La Jara,NM,New Mexico,35043,Sandoval,36.1055,-106.9418,257,6,polygon,FALSE,FALSE,America/Denver,3
22523,Mingus,Mingus,TX,Texas,48363,Palo Pinto,32.5363,-98.4249,257,64,polygon,FALSE,TRUE,America/Chicago,3
22524,Fayetteville,Fayetteville,TX,Texas,48149,Fayette,29.9063,-96.6758,257,197,polygon,FALSE,TRUE,America/Chicago,3
22525,Dubberly,Dubberly,LA,Louisiana,22119,Webster,32.5413,-93.2373,257,25,polygon,FALSE,TRUE,America/Chicago,3
22526,Harmon,Harmon,ND,North Dakota,38059,Morton,46.9443,-100.9526,257,63,polygon,FALSE,FALSE,America/North_Dakota/New_Salem,3
22527,Ray,Ray,AL,Alabama,1037,Coosa,32.879,-86.035,257,12,polygon,FALSE,FALSE,America/Chicago,3
22528,Indianola,Indianola,IL,Illinois,17183,Vermilion,39.927,-87.7403,257,255,polygon,FALSE,TRUE,America/Chicago,3
22529,Talmo,Talmo,GA,Georgia,13157,Jackson,34.1831,-83.7209,257,35,polygon,FALSE,TRUE,America/New_York,3
22530,Peoa,Peoa,UT,Utah,49043,Summit,40.7257,-111.338,257,34,polygon,FALSE,FALSE,America/Denver,3
22531,Lyman,Lyman,UT,Utah,49055,Wayne,38.3966,-111.5894,257,54,polygon,FALSE,TRUE,America/Denver,3
22532,Skidmore,Skidmore,MO,Missouri,29147,Nodaway,40.288,-95.0795,257,300,polygon,FALSE,TRUE,America/Chicago,3
22533,Wakarusa,Wakarusa,KS,Kansas,20177,Shawnee,38.8911,-95.6999,257,19,polygon,FALSE,FALSE,America/Chicago,3
22534,Geneseo,Geneseo,KS,Kansas,20159,Rice,38.517,-98.1545,257,169,polygon,FALSE,TRUE,America/Chicago,3
22535,Banks Lake South,Banks Lake South,WA,Washington,53025,Grant,47.6315,-119.276,256,40,polygon,FALSE,TRUE,America/Los_Angeles,3
22536,Juda,Juda,WI,Wisconsin,55045,Green,42.59,-89.5092,256,387,polygon,FALSE,FALSE,America/Chicago,3
22537,Perrin,Perrin,TX,Texas,48237,Jack,33.0348,-98.0693,256,62,polygon,FALSE,FALSE,America/Chicago,3
22538,Lucky,Lucky,LA,Louisiana,22013,Bienville,32.2443,-93.0158,256,12,polygon,FALSE,TRUE,America/Chicago,3
22539,Chambers,Chambers,NE,Nebraska,31089,Holt,42.2047,-98.7486,256,97,polygon,FALSE,TRUE,America/Chicago,3
22540,Heath,Heath,AL,Alabama,1039,Covington,31.3579,-86.4673,256,111,polygon,FALSE,TRUE,America/Chicago,3
22541,Cedar Point,Cedar Point,IL,Illinois,17099,LaSalle,41.2651,-89.126,256,96,polygon,FALSE,TRUE,America/Chicago,3
22542,Plattville,Plattville,IL,Illinois,17093,Kendall,41.5343,-88.3835,256,43,polygon,FALSE,TRUE,America/Chicago,3
22543,Corunna,Corunna,IN,Indiana,18033,DeKalb,41.4359,-85.144,256,553,polygon,FALSE,TRUE,America/Indiana/Indianapolis,3
22544,Kensett,Kensett,IA,Iowa,19195,Worth,43.3534,-93.2106,256,64,polygon,FALSE,TRUE,America/Chicago,3
22545,Dedham,Dedham,IA,Iowa,19027,Carroll,41.9087,-94.8232,256,170,polygon,FALSE,TRUE,America/Chicago,3
22546,Halbur,Halbur,IA,Iowa,19027,Carroll,42.0051,-94.972,256,506,polygon,FALSE,TRUE,America/Chicago,3
22547,Coleman,Coleman,OK,Oklahoma,40069,Johnston,34.2635,-96.4194,256,25,polygon,FALSE,FALSE,America/Chicago,3
22548,Johnson,Johnson,OK,Oklahoma,40125,Pottawatomie,35.4056,-96.8418,256,25,polygon,FALSE,TRUE,America/Chicago,3
22549,Walker,Walker,MO,Missouri,29217,Vernon,37.8989,-94.2307,256,317,polygon,FALSE,TRUE,America/Chicago,3
22550,Hewitt,Hewitt,MN,Minnesota,27153,Todd,46.324,-95.0902,256,47,polygon,FALSE,TRUE,America/Chicago,3
22551,Hickory Corners,Hickory Corners,MI,Michigan,26015,Barry,42.4363,-85.3793,256,47,polygon,FALSE,FALSE,America/Detroit,3
22552,Alsea,Alsea,OR,Oregon,41003,Benton,44.3818,-123.5958,256,640,polygon,FALSE,FALSE,America/Los_Angeles,3
22553,Waterloo,Waterloo,OR,Oregon,41043,Linn,44.4948,-122.8243,256,802,polygon,FALSE,TRUE,America/Los_Angeles,3
22554,Scranton,Scranton,ND,North Dakota,38011,Bowman,46.1498,-103.1429,255,143,polygon,FALSE,TRUE,America/Denver,3
22555,Yorkville,Yorkville,TN,Tennessee,47053,Gibson,36.0976,-89.1184,255,75,polygon,FALSE,TRUE,America/Chicago,3
22556,Edenborn,Edenborn,PA,Pennsylvania,42051,Fayette,39.882,-79.8877,255,254,polygon,FALSE,FALSE,America/New_York,3
22557,Pajaro Dunes,Pajaro Dunes,CA,California,6087,Santa Cruz,36.8722,-121.8101,255,38,polygon,FALSE,TRUE,America/Los_Angeles,3
22558,Goshen,Goshen,AL,Alabama,1109,Pike,31.7182,-86.1242,255,38,polygon,FALSE,TRUE,America/Chicago,3
22559,Plainville,Plainville,IL,Illinois,17001,Adams,39.7847,-91.1817,255,419,polygon,FALSE,TRUE,America/Chicago,3
22560,Sasser,Sasser,GA,Georgia,13273,Terrell,31.7199,-84.3478,255,126,polygon,FALSE,TRUE,America/New_York,3
22561,Freetown,Freetown,IN,Indiana,18071,Jackson,38.9773,-86.127,255,142,polygon,FALSE,FALSE,America/Indiana/Indianapolis,3
22562,Deloit,Deloit,IA,Iowa,19047,Crawford,42.0971,-95.3175,255,236,polygon,FALSE,TRUE,America/Chicago,3
22563,Conroy,Conroy,IA,Iowa,19095,Iowa,41.7267,-91.9986,255,129,polygon,FALSE,FALSE,America/Chicago,3
22564,Edgemont,Edgemont,MD,Maryland,24043,Washington,39.6766,-77.547,255,185,polygon,FALSE,FALSE,America/New_York,3
22565,Kremlin,Kremlin,OK,Oklahoma,40047,Garfield,36.5466,-97.8324,255,386,polygon,FALSE,TRUE,America/Chicago,3
22566,Garvin,Garvin,OK,Oklahoma,40089,McCurtain,33.9559,-94.9348,255,51,polygon,FALSE,TRUE,America/Chicago,3
22567,Fulton,Fulton,OH,Ohio,39117,Morrow,40.4629,-82.828,255,601,polygon,FALSE,TRUE,America/New_York,3
22568,Clarksdale,Clarksdale,MO,Missouri,29063,DeKalb,39.8139,-94.5507,255,304,polygon,FALSE,TRUE,America/Chicago,3
22569,Bushton,Bushton,KS,Kansas,20159,Rice,38.5124,-98.3959,255,431,polygon,FALSE,TRUE,America/Chicago,3
22570,Lindisfarne,Lindisfarne,MT,Montana,30047,Lake,47.8043,-114.2122,255,38,polygon,FALSE,FALSE,America/Denver,3
22571,Marietta,Marietta,MS,Mississippi,28117,Prentiss,34.4999,-88.4726,255,55,polygon,FALSE,TRUE,America/Chicago,3
22572,Mount Carmel,Mount Carmel,SC,South Carolina,45065,McCormick,34.0185,-82.5044,255,10,polygon,FALSE,FALSE,America/New_York,3
22573,Cairo,Cairo,WV,West Virginia,54085,Ritchie,39.2067,-81.1544,254,207,polygon,FALSE,TRUE,America/New_York,3
22574,Rock River,Rock River,WY,Wyoming,56001,Albany,41.7317,-105.9752,254,42,polygon,FALSE,TRUE,America/Denver,3
22575,Spring Branch,Spring Branch,TX,Texas,48091,Comal,29.8848,-98.4127,254,47,polygon,FALSE,TRUE,America/Chicago,3
22576,Flor del Rio,Flor del Rio,TX,Texas,48427,Starr,26.4013,-98.9015,254,6395,polygon,FALSE,TRUE,America/Chicago,2
22577,Benjamin,Benjamin,TX,Texas,48275,Knox,33.5837,-99.7929,254,93,polygon,FALSE,TRUE,America/Chicago,3
22578,Kaktovik,Kaktovik,AK,Alaska,2185,North Slope,70.123,-143.6262,254,126,polygon,FALSE,TRUE,America/Anchorage,3
22579,Diller,Diller,NE,Nebraska,31095,Jefferson,40.1089,-96.9374,254,234,polygon,FALSE,TRUE,America/Chicago,3
22580,Wolbach,Wolbach,NE,Nebraska,31077,Greeley,41.4013,-98.394,254,142,polygon,FALSE,TRUE,America/Chicago,3
22581,East Waterford,East Waterford,PA,Pennsylvania,42067,Juniata,40.3711,-77.6047,254,261,polygon,FALSE,FALSE,America/New_York,3
22582,Wellsville,Wellsville,PA,Pennsylvania,42133,York,40.0512,-76.9408,254,682,polygon,FALSE,TRUE,America/New_York,3
22583,Greenhorn,Greenhorn,CA,California,6063,Plumas,39.903,-120.759,254,14,polygon,FALSE,FALSE,America/Los_Angeles,3
22584,East Nicolaus,East Nicolaus,CA,California,6101,Sutter,38.91,-121.5443,254,21,polygon,FALSE,FALSE,America/Los_Angeles,3
22585,Sanford,Sanford,AL,Alabama,1039,Covington,31.3006,-86.3975,254,23,polygon,FALSE,TRUE,America/Chicago,3
22586,Gays,Gays,IL,Illinois,17139,Moultrie,39.4581,-88.4963,254,242,polygon,FALSE,TRUE,America/Chicago,3
22587,Midville,Midville,GA,Georgia,13033,Burke,32.8218,-82.2347,254,49,polygon,FALSE,TRUE,America/New_York,3
22588,La Motte,La Motte,IA,Iowa,19097,Jackson,42.2956,-90.6233,254,216,polygon,FALSE,TRUE,America/Chicago,3
22589,Corwith,Corwith,IA,Iowa,19081,Hancock,42.989,-93.9581,254,66,polygon,FALSE,TRUE,America/Chicago,3
22590,Mapleville,Mapleville,MD,Maryland,24043,Washington,39.5357,-77.6463,254,243,polygon,FALSE,FALSE,America/New_York,3
22591,Snake Creek,Snake Creek,OK,Oklahoma,40097,Mayes,36.1786,-95.0937,254,11,polygon,FALSE,FALSE,America/Chicago,3
22592,Orient,Orient,OH,Ohio,39129,Pickaway,39.8056,-83.1528,254,641,polygon,FALSE,FALSE,America/New_York,3
22593,Nettle Lake,Nettle Lake,OH,Ohio,39171,Williams,41.6785,-84.7271,254,385,polygon,FALSE,FALSE,America/New_York,3
22594,Lewistown,Lewistown,OH,Ohio,39091,Logan,40.4237,-83.8846,254,127,polygon,FALSE,FALSE,America/New_York,3
22595,Howell,Howell,UT,Utah,49003,Box Elder,41.7733,-112.445,254,2,polygon,FALSE,TRUE,America/Denver,3
22596,Rocheport,Rocheport,MO,Missouri,29019,Boone,38.9785,-92.5633,254,296,polygon,FALSE,TRUE,America/Chicago,3
22597,Echo,Echo,MN,Minnesota,27173,Yellow Medicine,44.6218,-95.4115,254,96,polygon,FALSE,TRUE,America/Chicago,3
22598,Prescott,Prescott,MI,Michigan,26129,Ogemaw,44.1916,-83.9323,254,88,polygon,FALSE,TRUE,America/Detroit,3
22599,Fair Oaks,Fair Oaks,OR,Oregon,41019,Douglas,43.4109,-123.2194,254,53,polygon,FALSE,FALSE,America/Los_Angeles,3
22600,Hico,Hico,WV,West Virginia,54019,Fayette,38.1166,-81.0112,253,19,polygon,FALSE,FALSE,America/New_York,3
22601,Wixon Valley,Wixon Valley,TX,Texas,48041,Brazos,30.7639,-96.3193,253,54,polygon,FALSE,TRUE,America/Chicago,3
22602,Parmele,Parmele,NC,North Carolina,37117,Martin,35.819,-77.3146,253,82,polygon,FALSE,TRUE,America/New_York,3
22603,Granville,Granville,ND,North Dakota,38049,McHenry,48.2663,-100.8449,253,307,polygon,FALSE,TRUE,America/Chicago,3
22604,Amherst,Amherst,NE,Nebraska,31019,Buffalo,40.8385,-99.2694,253,447,polygon,FALSE,TRUE,America/Chicago,3
22605,Table Rock,Table Rock,NE,Nebraska,31133,Pawnee,40.1783,-96.0888,253,166,polygon,FALSE,TRUE,America/Chicago,3
22606,Centertown,Centertown,TN,Tennessee,47177,Warren,35.7251,-85.9197,253,105,polygon,FALSE,TRUE,America/Chicago,3
22607,Jefferson,Jefferson,PA,Pennsylvania,42059,Greene,39.9305,-80.0578,253,519,polygon,FALSE,TRUE,America/New_York,3
22608,Wylandville,Wylandville,PA,Pennsylvania,42125,Washington,40.2099,-80.1263,253,66,polygon,FALSE,FALSE,America/New_York,3
22609,Sugar City,Sugar City,CO,Colorado,8025,Crowley,38.2328,-103.6633,253,253,polygon,FALSE,TRUE,America/Denver,3
22610,Tomales,Tomales,CA,California,6041,Marin,38.247,-122.9054,253,294,polygon,FALSE,FALSE,America/Los_Angeles,3
22611,Cromberg,Cromberg,CA,California,6063,Plumas,39.8684,-120.6904,253,10,polygon,FALSE,FALSE,America/Los_Angeles,3
22612,Morrison Crossroads,Morrison Crossroads,AL,Alabama,1111,Randolph,33.4198,-85.4903,253,18,polygon,FALSE,TRUE,America/Chicago,3
22613,Waggoner,Waggoner,IL,Illinois,17135,Montgomery,39.3775,-89.6527,253,410,polygon,FALSE,TRUE,America/Chicago,3
22614,Fowlerton,Fowlerton,IN,Indiana,18053,Grant,40.4095,-85.5728,253,499,polygon,FALSE,TRUE,America/Indiana/Indianapolis,3
22615,Del Muerto,Del Muerto,AZ,Arizona,4001,Apache,36.187,-109.4348,253,98,polygon,FALSE,FALSE,America/Denver,3
22616,Goltry,Goltry,OK,Oklahoma,40003,Alfalfa,36.5319,-98.1514,253,260,polygon,FALSE,TRUE,America/Chicago,3
22617,Soper,Soper,OK,Oklahoma,40023,Choctaw,34.0322,-95.6963,253,361,polygon,FALSE,TRUE,America/Chicago,3
22618,Braggs,Braggs,OK,Oklahoma,40101,Muskogee,35.6634,-95.1986,253,294,polygon,FALSE,TRUE,America/Chicago,3
22619,Winston,Winston,MO,Missouri,29061,Daviess,39.8699,-94.1416,253,316,polygon,FALSE,TRUE,America/Chicago,3
22620,Linn Creek,Linn Creek,MO,Missouri,29029,Camden,38.0457,-92.7049,253,75,polygon,FALSE,TRUE,America/Chicago,3
22621,Villard,Villard,MN,Minnesota,27121,Pope,45.7142,-95.2692,253,125,polygon,FALSE,TRUE,America/Chicago,3
22622,Brookville,Brookville,KS,Kansas,20169,Saline,38.7736,-97.8645,253,169,polygon,FALSE,TRUE,America/Chicago,3
22623,Rufus,Rufus,OR,Oregon,41055,Sherman,45.6919,-120.7433,253,82,polygon,FALSE,TRUE,America/Los_Angeles,3
22624,Ironton,Ironton,WI,Wisconsin,55111,Sauk,43.5452,-90.1436,252,292,polygon,FALSE,TRUE,America/Chicago,3
22625,Carmine,Carmine,TX,Texas,48149,Fayette,30.1485,-96.6908,252,59,polygon,FALSE,TRUE,America/Chicago,3
22626,Delta,Delta,LA,Louisiana,22065,Madison,32.322,-90.9414,252,21,polygon,FALSE,TRUE,America/Chicago,3
22627,Hunter,Hunter,ND,North Dakota,38017,Cass,47.1904,-97.2131,252,65,polygon,FALSE,TRUE,America/Chicago,3
22628,Hope,Hope,ND,North Dakota,38091,Steele,47.3243,-97.7192,252,158,polygon,FALSE,TRUE,America/Chicago,3
22629,Avoca,Avoca,NE,Nebraska,31025,Cass,40.7965,-96.1192,252,743,polygon,FALSE,TRUE,America/Chicago,3
22630,Rogersville,Rogersville,PA,Pennsylvania,42059,Greene,39.8807,-80.2693,252,239,polygon,FALSE,FALSE,America/New_York,3
22631,Potlicker Flats,Potlicker Flats,PA,Pennsylvania,42087,Mifflin,40.7268,-77.6077,252,567,polygon,FALSE,TRUE,America/New_York,3
22632,Bakerhill,Bakerhill,AL,Alabama,1005,Barbour,31.7769,-85.2955,252,35,polygon,FALSE,FALSE,America/Chicago,3
22633,Parkdale,Parkdale,AR,Arkansas,5003,Ashley,33.1212,-91.5464,252,95,polygon,FALSE,TRUE,America/Chicago,3
22634,Ivesdale,Ivesdale,IL,Illinois,17019,Champaign,39.9458,-88.4558,252,135,polygon,FALSE,TRUE,America/Chicago,3
22635,Sibley,Sibley,IL,Illinois,17053,Ford,40.5874,-88.3785,252,202,polygon,FALSE,TRUE,America/Chicago,3
22636,Alta Vista,Alta Vista,IA,Iowa,19037,Chickasaw,43.1967,-92.417,252,129,polygon,FALSE,TRUE,America/Chicago,3
22637,New Alexandria,New Alexandria,OH,Ohio,39081,Jefferson,40.2916,-80.675,252,265,polygon,FALSE,TRUE,America/New_York,3
22638,Malinta,Malinta,OH,Ohio,39069,Henry,41.3196,-84.0353,252,126,polygon,FALSE,TRUE,America/New_York,3
22639,Backus,Backus,MN,Minnesota,27021,Cass,46.8207,-94.5149,252,156,polygon,FALSE,TRUE,America/Chicago,3
22640,Le Roy,Le Roy,MI,Michigan,26133,Osceola,44.0381,-85.4538,252,99,polygon,FALSE,TRUE,America/Detroit,3
22641,Noxon,Noxon,MT,Montana,30089,Sanders,47.985,-115.7707,252,78,polygon,FALSE,FALSE,America/Denver,3
22642,Metaline Falls,Metaline Falls,WA,Washington,53051,Pend Oreille,48.8615,-117.3718,251,486,polygon,FALSE,TRUE,America/Los_Angeles,3
22643,Monaville,Monaville,WV,West Virginia,54045,Logan,37.8136,-81.9915,251,211,polygon,FALSE,FALSE,America/New_York,3
22644,Eagle Nest,Eagle Nest,NM,New Mexico,35007,Colfax,36.5495,-105.2593,251,22,polygon,FALSE,TRUE,America/Denver,3
22645,Collinston,Collinston,LA,Louisiana,22067,Morehouse,32.6893,-91.8718,251,86,polygon,FALSE,TRUE,America/Chicago,3
22646,Point Lay,Point Lay,AK,Alaska,2185,North Slope,69.7442,-162.8678,251,3,polygon,FALSE,FALSE,America/Nome,3
22647,Hillsboro,Hillsboro,TN,Tennessee,47031,Coffee,35.4085,-85.9639,251,23,polygon,FALSE,FALSE,America/Chicago,3
22648,Numidia,Numidia,PA,Pennsylvania,42037,Columbia,40.8783,-76.4034,251,91,polygon,FALSE,FALSE,America/New_York,3
22649,Newtown,Newtown,PA,Pennsylvania,42107,Schuylkill,40.6529,-76.3461,251,151,polygon,FALSE,FALSE,America/New_York,3
22650,Keo,Keo,AR,Arkansas,5085,Lonoke,34.6088,-92.0104,251,19,polygon,FALSE,TRUE,America/Chicago,3
22651,Clifford,Clifford,IN,Indiana,18005,Bartholomew,39.2827,-85.8691,251,1096,polygon,FALSE,TRUE,America/Indiana/Indianapolis,3
22652,Dixon,Dixon,IA,Iowa,19163,Scott,41.7422,-90.7824,251,776,polygon,FALSE,TRUE,America/Chicago,3
22653,Beaver Valley,Beaver Valley,AZ,Arizona,4007,Gila,34.3409,-111.2987,251,64,polygon,FALSE,TRUE,America/Phoenix,3
22654,Carter,Carter,OK,Oklahoma,40009,Beckham,35.2175,-99.5038,251,208,polygon,FALSE,TRUE,America/Chicago,3
22655,Utica,Utica,MO,Missouri,29117,Livingston,39.7456,-93.6286,251,112,polygon,FALSE,TRUE,America/Chicago,3
22656,Silver Creek,Silver Creek,MN,Minnesota,27171,Wright,45.3127,-93.9827,251,65,polygon,FALSE,FALSE,America/Chicago,3
22657,Tampico,Tampico,WA,Washington,53077,Yakima,46.5325,-120.8727,250,24,polygon,FALSE,FALSE,America/Los_Angeles,3
22658,Ten Sleep,Ten Sleep,WY,Wyoming,56043,Washakie,44.0349,-107.4483,250,533,polygon,FALSE,TRUE,America/Denver,3
22659,Walcott,Walcott,ND,North Dakota,38077,Richland,46.5505,-96.9375,250,95,polygon,FALSE,TRUE,America/Chicago,3
22660,Tollette,Tollette,AR,Arkansas,5061,Howard,33.8182,-93.8969,250,100,polygon,FALSE,TRUE,America/Chicago,3
22661,Bartow,Bartow,GA,Georgia,13163,Jefferson,32.8816,-82.4712,250,85,polygon,FALSE,TRUE,America/New_York,3
22662,Homestead,Homestead,IA,Iowa,19095,Iowa,41.7627,-91.8731,250,56,polygon,FALSE,FALSE,America/Chicago,3
22663,Martelle,Martelle,IA,Iowa,19105,Jones,42.0204,-91.3578,250,287,polygon,FALSE,TRUE,America/Chicago,3
22664,Castleford,Castleford,ID,Idaho,16083,Twin Falls,42.5206,-114.8719,250,1008,polygon,FALSE,TRUE,America/Boise,3
22665,Scraper,Scraper,OK,Oklahoma,40021,Cherokee,35.9642,-94.8912,250,18,polygon,FALSE,TRUE,America/Chicago,3
22666,Big Cabin,Big Cabin,OK,Oklahoma,40035,Craig,36.5401,-95.2221,250,44,polygon,FALSE,TRUE,America/Chicago,3
22667,Highland,Highland,OH,Ohio,39071,Highland,39.3439,-83.6001,250,568,polygon,FALSE,TRUE,America/New_York,3
22668,New Hampshire,New Hampshire,OH,Ohio,39011,Auglaize,40.554,-83.9531,250,158,polygon,FALSE,FALSE,America/New_York,3
22669,Aniwa,Aniwa,WI,Wisconsin,55115,Shawano,45.0117,-89.2089,249,45,polygon,FALSE,TRUE,America/Chicago,3
22670,Kawela Bay,Kawela Bay,HI,Hawaii,15003,Honolulu,21.6991,-158.0026,249,165,polygon,FALSE,FALSE,Pacific/Honolulu,3
22671,Mantoloking,Mantoloking,NJ,New Jersey,34029,Ocean,40.0435,-74.0514,249,248,polygon,FALSE,TRUE,America/New_York,3
22672,Angie,Angie,LA,Louisiana,22117,Washington,30.9633,-89.8177,249,62,polygon,FALSE,TRUE,America/Chicago,3
22673,Tanana,Tanana,AK,Alaska,2290,Yukon-Koyukuk,65.1746,-152.0686,249,9,polygon,FALSE,TRUE,America/Anchorage,3
22674,Abercrombie,Abercrombie,ND,North Dakota,38077,Richland,46.4471,-96.7294,249,296,polygon,FALSE,TRUE,America/Chicago,3
22675,Litchfield,Litchfield,NE,Nebraska,31163,Sherman,41.1562,-99.1532,249,315,polygon,FALSE,TRUE,America/Chicago,3
22676,Maywood,Maywood,NE,Nebraska,31063,Frontier,40.6586,-100.6222,249,151,polygon,FALSE,TRUE,America/Chicago,3
22677,Phoenicia,Phoenicia,NY,New York,36111,Ulster,42.0789,-74.3088,249,211,polygon,FALSE,FALSE,America/New_York,3
22678,Fire Island,Fire Island,NY,New York,36103,Suffolk,40.6782,-73.0708,249,10,polygon,FALSE,FALSE,America/New_York,3
22679,Bear Creek Village,Bear Creek Village,PA,Pennsylvania,42079,Luzerne,41.1878,-75.7552,249,49,polygon,FALSE,TRUE,America/New_York,3
22680,Aspers,Aspers,PA,Pennsylvania,42001,Adams,39.9764,-77.226,249,183,polygon,FALSE,FALSE,America/New_York,3
22681,Venango,Venango,PA,Pennsylvania,42039,Crawford,41.7727,-80.1121,249,350,polygon,FALSE,TRUE,America/New_York,3
22682,Virginville,Virginville,PA,Pennsylvania,42011,Berks,40.5191,-75.8638,249,84,polygon,FALSE,FALSE,America/New_York,3
22683,Free Union,Free Union,VA,Virginia,51003,Albemarle,38.1539,-78.5595,249,48,polygon,FALSE,FALSE,America/New_York,3
22684,Jansen,Jansen,CO,Colorado,8071,Las Animas,37.1581,-104.5501,249,81,polygon,FALSE,FALSE,America/Denver,3
22685,Jamestown,Jamestown,CO,Colorado,8013,Boulder,40.1179,-105.3916,249,154,polygon,FALSE,TRUE,America/Denver,3
22686,Cheraw,Cheraw,CO,Colorado,8089,Otero,38.1076,-103.511,249,533,polygon,FALSE,TRUE,America/Denver,3
22687,Alvan,Alvan,IL,Illinois,17183,Vermilion,40.307,-87.6069,249,121,polygon,FALSE,TRUE,America/Chicago,3
22688,Opdyke,Opdyke,IL,Illinois,17081,Jefferson,38.2583,-88.7899,249,182,polygon,FALSE,FALSE,America/Chicago,3
22689,Lu Verne,Lu Verne,IA,Iowa,19109,Kossuth,42.9092,-94.0836,249,42,polygon,FALSE,TRUE,America/Chicago,3
22690,Sun Valley Lake,Sun Valley Lake,IA,Iowa,19159,Ringgold,40.8512,-94.0685,249,39,polygon,FALSE,TRUE,America/Chicago,3
22691,Chelsea,Chelsea,IA,Iowa,19171,Tama,41.9205,-92.3945,249,95,polygon,FALSE,TRUE,America/Chicago,3
22692,Marble City,Marble City,OK,Oklahoma,40135,Sequoyah,35.5824,-94.8186,249,237,polygon,FALSE,TRUE,America/Chicago,3
22693,Lockbourne,Lockbourne,OH,Ohio,39049,Franklin,39.8078,-82.9837,249,122,polygon,FALSE,TRUE,America/New_York,3
22694,Bluebell,Bluebell,UT,Utah,49013,Duchesne,40.3576,-110.2232,249,9,polygon,FALSE,FALSE,America/Denver,3
22695,Dalton,Dalton,MN,Minnesota,27111,Otter Tail,46.1739,-95.9156,249,406,polygon,FALSE,TRUE,America/Chicago,3
22696,Eitzen,Eitzen,MN,Minnesota,27055,Houston,43.508,-91.4636,249,157,polygon,FALSE,TRUE,America/Chicago,3
22697,Port Hope,Port Hope,MI,Michigan,26063,Huron,43.9395,-82.7149,249,95,polygon,FALSE,TRUE,America/Detroit,3
22698,Geraldine,Geraldine,MT,Montana,30015,Chouteau,47.6022,-110.2662,249,167,polygon,FALSE,TRUE,America/Denver,3
22699,Lula,Lula,MS,Mississippi,28027,Coahoma,34.4545,-90.4779,249,230,polygon,FALSE,TRUE,America/Chicago,3
22700,New Effington,New Effington,SD,South Dakota,46109,Roberts,45.8558,-96.9174,249,368,polygon,FALSE,TRUE,America/Chicago,3
22701,Elmer City,Elmer City,WA,Washington,53047,Okanogan,47.9999,-118.9542,248,402,polygon,FALSE,TRUE,America/Los_Angeles,3
22702,Valley Head,Valley Head,WV,West Virginia,54083,Randolph,38.5472,-80.032,248,98,polygon,FALSE,FALSE,America/New_York,3
22703,Hancocks Bridge,Hancocks Bridge,NJ,New Jersey,34033,Salem,39.5046,-75.4612,248,465,polygon,FALSE,FALSE,America/New_York,3
22704,Chupadero,Chupadero,NM,New Mexico,35049,Santa Fe,35.8144,-105.9198,248,53,polygon,FALSE,FALSE,America/Denver,3
22705,Falcon Mesa,Falcon Mesa,TX,Texas,48505,Zapata,26.8706,-99.2906,248,63,polygon,FALSE,FALSE,America/Chicago,3
22706,Belcher,Belcher,LA,Louisiana,22017,Caddo,32.7521,-93.8372,248,61,polygon,FALSE,TRUE,America/Chicago,3
22707,Atqasuk,Atqasuk,AK,Alaska,2185,North Slope,70.481,-157.3835,248,2,polygon,FALSE,TRUE,America/Anchorage,3
22708,Dillsboro,Dillsboro,NC,North Carolina,37099,Jackson,35.3706,-83.2526,248,200,polygon,FALSE,TRUE,America/New_York,3
22709,Buck Run,Buck Run,PA,Pennsylvania,42107,Schuylkill,40.7068,-76.3212,248,191,polygon,FALSE,FALSE,America/New_York,3
22710,Harrell,Harrell,AR,Arkansas,5013,Calhoun,33.5102,-92.4011,248,152,polygon,FALSE,TRUE,America/Chicago,3
22711,Denning,Denning,AR,Arkansas,5047,Franklin,35.4252,-93.7568,248,88,polygon,FALSE,TRUE,America/Chicago,3
22712,Magnolia,Magnolia,IL,Illinois,17155,Putnam,41.1141,-89.1958,248,306,polygon,FALSE,TRUE,America/Chicago,3
22713,Denton,Denton,GA,Georgia,13161,Jeff Davis,31.7221,-82.6968,248,63,polygon,FALSE,TRUE,America/New_York,3
22714,Wynnedale,Wynnedale,IN,Indiana,18097,Marion,39.8326,-86.2004,248,600,polygon,FALSE,TRUE,America/Indiana/Indianapolis,3
22715,Fishing Creek,Fishing Creek,MD,Maryland,24019,Dorchester,38.3357,-76.2238,248,90,polygon,FALSE,FALSE,America/New_York,3
22716,Port William,Port William,OH,Ohio,39027,Clinton,39.5523,-83.7856,248,823,polygon,FALSE,TRUE,America/New_York,3
22717,Summerfield,Summerfield,OH,Ohio,39121,Noble,39.7969,-81.3355,248,257,polygon,FALSE,TRUE,America/New_York,3
22718,Ostrander,Ostrander,MN,Minnesota,27045,Fillmore,43.6137,-92.4263,248,201,polygon,FALSE,TRUE,America/Chicago,3
22719,McFarland,McFarland,KS,Kansas,20197,Wabaunsee,39.0545,-96.2381,248,539,polygon,FALSE,TRUE,America/Chicago,3
22720,Harveyville,Harveyville,KS,Kansas,20197,Wabaunsee,38.7894,-95.9626,248,751,polygon,FALSE,TRUE,America/Chicago,3
22721,Fairview,Fairview,KS,Kansas,20013,Brown,39.8394,-95.7283,248,265,polygon,FALSE,TRUE,America/Chicago,3
22722,Pope,Pope,MS,Mississippi,28107,Panola,34.2158,-89.9447,248,66,polygon,FALSE,TRUE,America/Chicago,3
22723,Perry,Perry,SC,South Carolina,45003,Aiken,33.6276,-81.3086,248,82,polygon,FALSE,TRUE,America/New_York,3
22724,Dover,Dover,KY,Kentucky,21161,Mason,38.7563,-83.8845,248,221,polygon,FALSE,TRUE,America/New_York,3
22725,Freedom,Freedom,WY,Wyoming,56023,Lincoln,42.9854,-111.0296,247,23,polygon,FALSE,FALSE,America/Denver,3
22726,Murdock,Murdock,NE,Nebraska,31025,Cass,40.926,-96.2812,247,738,polygon,FALSE,TRUE,America/Chicago,3
22727,Little Meadows,Little Meadows,PA,Pennsylvania,42115,Susquehanna,41.9891,-76.1277,247,39,polygon,FALSE,TRUE,America/New_York,3
22728,Dendron,Dendron,VA,Virginia,51181,Surry,37.0364,-76.924,247,26,polygon,FALSE,TRUE,America/New_York,3
22729,Vinegar Bend,Vinegar Bend,AL,Alabama,1129,Washington,31.2594,-88.3712,247,10,polygon,FALSE,FALSE,America/Chicago,3
22730,Perla,Perla,AR,Arkansas,5059,Hot Spring,34.3647,-92.7762,247,99,polygon,FALSE,TRUE,America/Chicago,3
22731,Decker,Decker,IN,Indiana,18083,Knox,38.5184,-87.524,247,528,polygon,FALSE,TRUE,America/Indiana/Vincennes,3
22732,Cumberland,Cumberland,IA,Iowa,19029,Cass,41.2731,-94.8707,247,158,polygon,FALSE,TRUE,America/Chicago,3
22733,Luxemburg,Luxemburg,IA,Iowa,19061,Dubuque,42.6039,-91.0726,247,201,polygon,FALSE,TRUE,America/Chicago,3
22734,Low Moor,Low Moor,IA,Iowa,19045,Clinton,41.8023,-90.3542,247,205,polygon,FALSE,TRUE,America/Chicago,3
22735,Irwin,Irwin,ID,Idaho,16019,Bonneville,43.3965,-111.272,247,38,polygon,FALSE,TRUE,America/Boise,3
22736,Vera,Vera,OK,Oklahoma,40147,Washington,36.4504,-95.8965,247,174,polygon,FALSE,TRUE,America/Chicago,3
22737,Rose Farm,Rose Farm,OH,Ohio,39115,Morgan,39.7359,-82.0779,247,654,polygon,FALSE,FALSE,America/New_York,3
22738,Houston Lake,Houston Lake,MO,Missouri,29165,Platte,39.1924,-94.6221,247,874,polygon,FALSE,TRUE,America/Chicago,3
22739,Galt,Galt,MO,Missouri,29079,Grundy,40.1272,-93.388,247,333,polygon,FALSE,TRUE,America/Chicago,3
22740,Lewisville,Lewisville,MN,Minnesota,27165,Watonwan,43.9241,-94.434,247,399,polygon,FALSE,TRUE,America/Chicago,3
22741,Willow Creek,Willow Creek,MT,Montana,30031,Gallatin,45.8178,-111.6402,247,34,polygon,FALSE,FALSE,America/Denver,3
22742,Kennebec,Kennebec,SD,South Dakota,46085,Lyman,43.9035,-99.862,247,111,polygon,FALSE,TRUE,America/Chicago,3
22743,Thorp,Thorp,WA,Washington,53037,Kittitas,47.0656,-120.6709,246,77,polygon,FALSE,FALSE,America/Los_Angeles,3
22744,Pittman,Pittman,FL,Florida,12069,Lake,28.9967,-81.6462,246,75,polygon,FALSE,FALSE,America/New_York,3
22745,Jacob City,Jacob City,FL,Florida,12063,Jackson,30.8925,-85.4108,246,31,polygon,FALSE,TRUE,America/Chicago,3
22746,Abiquiu,Abiquiu,NM,New Mexico,35039,Rio Arriba,36.2017,-106.3239,246,99,polygon,FALSE,FALSE,America/Denver,3
22747,Streetman,Streetman,TX,Texas,48161,Freestone,31.8787,-96.3306,246,67,polygon,FALSE,TRUE,America/Chicago,3
22748,Tilden,Tilden,TX,Texas,48311,McMullen,28.4598,-98.5488,246,273,polygon,FALSE,FALSE,America/Chicago,3
22749,Bonita,Bonita,LA,Louisiana,22067,Morehouse,32.9206,-91.6751,246,70,polygon,FALSE,TRUE,America/Chicago,3
22750,Fulton,Fulton,AL,Alabama,1025,Clarke,31.7916,-87.7397,246,38,polygon,FALSE,TRUE,America/Chicago,3
22751,Widener,Widener,AR,Arkansas,5123,St. Francis,35.0233,-90.6817,246,174,polygon,FALSE,TRUE,America/Chicago,3
22752,Gilmore,Gilmore,AR,Arkansas,5035,Crittenden,35.4131,-90.2973,246,7,polygon,FALSE,TRUE,America/Chicago,3
22753,Cabery,Cabery,IL,Illinois,17053,Ford,40.9958,-88.2037,246,276,polygon,FALSE,TRUE,America/Chicago,3
22754,Silver City,Silver City,IA,Iowa,19129,Mills,41.1114,-95.6381,246,436,polygon,FALSE,TRUE,America/Chicago,3
22755,Greencastle,Greencastle,MO,Missouri,29211,Sullivan,40.2606,-92.8784,246,212,polygon,FALSE,TRUE,America/Chicago,3
22756,Forest City,Forest City,MO,Missouri,29087,Holt,39.9829,-95.1883,246,97,polygon,FALSE,TRUE,America/Chicago,3
22757,Chandler,Chandler,MN,Minnesota,27101,Murray,43.9306,-95.9512,246,120,polygon,FALSE,TRUE,America/Chicago,3
22758,Homa Hills,Homa Hills,WY,Wyoming,56025,Natrona,42.9857,-106.3719,245,10,polygon,FALSE,FALSE,America/Denver,3
22759,Gail,Gail,TX,Texas,48033,Borden,32.767,-101.4465,245,47,polygon,FALSE,FALSE,America/Chicago,3
22760,Venice,Venice,LA,Louisiana,22075,Plaquemines,29.2875,-89.3637,245,94,polygon,FALSE,FALSE,America/Chicago,3
22761,Fairfield,Fairfield,TN,Tennessee,47165,Sumner,36.6209,-86.3426,245,95,polygon,FALSE,FALSE,America/Chicago,3
22762,Donaldson,Donaldson,PA,Pennsylvania,42107,Schuylkill,40.6364,-76.4046,245,830,polygon,FALSE,FALSE,America/New_York,3
22763,Pungoteague,Pungoteague,VA,Virginia,51001,Accomack,37.6291,-75.8172,245,36,polygon,FALSE,FALSE,America/New_York,3
22764,Blanford,Blanford,IN,Indiana,18165,Vermillion,39.667,-87.5203,245,128,polygon,FALSE,FALSE,America/Indiana/Indianapolis,3
22765,Bryant,Bryant,IN,Indiana,18075,Jay,40.5359,-84.9634,245,296,polygon,FALSE,TRUE,America/Indiana/Indianapolis,3
22766,Waucoma,Waucoma,IA,Iowa,19065,Fayette,43.0554,-92.0341,245,200,polygon,FALSE,TRUE,America/Chicago,3
22767,Swan Valley,Swan Valley,ID,Idaho,16019,Bonneville,43.4444,-111.3287,245,8,polygon,FALSE,TRUE,America/Boise,3
22768,Charlton,Charlton,MD,Maryland,24043,Washington,39.6344,-77.8944,245,578,polygon,FALSE,FALSE,America/New_York,3
22769,Breckenridge,Breckenridge,OK,Oklahoma,40047,Garfield,36.4622,-97.7273,245,6,polygon,FALSE,FALSE,America/Chicago,3
22770,Bluff,Bluff,UT,Utah,49037,San Juan,37.2867,-109.5745,245,2,polygon,FALSE,TRUE,America/Denver,3
22771,Pine Valley,Pine Valley,UT,Utah,49053,Washington,37.3904,-113.5061,245,27,polygon,FALSE,FALSE,America/Denver,3
22772,Browning,Browning,MO,Missouri,29115,Linn,40.0348,-93.16,245,180,polygon,FALSE,TRUE,America/Chicago,3
22773,Frohna,Frohna,MO,Missouri,29157,Perry,37.6375,-89.6197,245,104,polygon,FALSE,TRUE,America/Chicago,3
22774,Winston,Winston,MT,Montana,30007,Broadwater,46.4684,-111.6652,245,18,polygon,FALSE,FALSE,America/Denver,3
22775,Ewing,Ewing,KY,Kentucky,21069,Fleming,38.4278,-83.8618,245,377,polygon,FALSE,TRUE,America/New_York,3
22776,Nespelem Community,Nespelem Community,WA,Washington,53047,Okanogan,48.1715,-119.0244,244,4,polygon,FALSE,TRUE,America/Los_Angeles,3
22777,Kistler,Kistler,WV,West Virginia,54045,Logan,37.7656,-81.8578,244,63,polygon,FALSE,FALSE,America/New_York,3
22778,Westbrook,Westbrook,TX,Texas,48335,Mitchell,32.3571,-101.0132,244,223,polygon,FALSE,TRUE,America/Chicago,3
22779,Tynan,Tynan,TX,Texas,48025,Bee,28.1708,-97.7492,244,27,polygon,FALSE,FALSE,America/Chicago,3
22780,La Presa,La Presa,TX,Texas,48479,Webb,27.3995,-99.4374,244,189,polygon,FALSE,FALSE,America/Chicago,3
22781,Noble,Noble,LA,Louisiana,22085,Sabine,31.6899,-93.6832,244,91,polygon,FALSE,TRUE,America/Chicago,3
22782,Baskin,Baskin,LA,Louisiana,22041,Franklin,32.2591,-91.7473,244,70,polygon,FALSE,TRUE,America/Chicago,3
22783,Reeves,Reeves,LA,Louisiana,22003,Allen,30.5216,-93.0428,244,38,polygon,FALSE,TRUE,America/Chicago,3
22784,Powellsville,Powellsville,NC,North Carolina,37015,Bertie,36.2253,-76.9316,244,264,polygon,FALSE,TRUE,America/New_York,3
22785,Vandemere,Vandemere,NC,North Carolina,37137,Pamlico,35.1886,-76.6651,244,61,polygon,FALSE,TRUE,America/New_York,3
22786,Anamoose,Anamoose,ND,North Dakota,38049,McHenry,47.8827,-100.242,244,151,polygon,FALSE,TRUE,America/Chicago,3
22787,Seltzer,Seltzer,PA,Pennsylvania,42107,Schuylkill,40.6957,-76.2361,244,1345,polygon,FALSE,FALSE,America/New_York,3
22788,Fallston,Fallston,PA,Pennsylvania,42007,Beaver,40.7241,-80.3133,244,197,polygon,FALSE,TRUE,America/New_York,3
22789,Sperryville,Sperryville,VA,Virginia,51157,Rappahannock,38.6562,-78.2322,244,105,polygon,FALSE,FALSE,America/New_York,3
22790,Taylorsville,Taylorsville,CA,California,6063,Plumas,40.0586,-120.8387,244,29,polygon,FALSE,FALSE,America/Los_Angeles,3
22791,Sweet Water,Sweet Water,AL,Alabama,1091,Marengo,32.1046,-87.8619,244,40,polygon,FALSE,TRUE,America/Chicago,3
22792,Letona,Letona,AR,Arkansas,5145,White,35.3635,-91.8296,244,242,polygon,FALSE,TRUE,America/Chicago,3
22793,Henderson,Henderson,IL,Illinois,17095,Knox,41.0238,-90.3535,244,355,polygon,FALSE,TRUE,America/Chicago,3
22794,Thawville,Thawville,IL,Illinois,17075,Iroquois,40.6732,-88.1136,244,306,polygon,FALSE,TRUE,America/Chicago,3
22795,Harvey,Harvey,IA,Iowa,19125,Marion,41.3179,-92.9227,244,139,polygon,FALSE,TRUE,America/Chicago,3
22796,Grafton,Grafton,IA,Iowa,19195,Worth,43.3306,-93.0687,244,289,polygon,FALSE,TRUE,America/Chicago,3
22797,Twin Oaks,Twin Oaks,OK,Oklahoma,40041,Delaware,36.1927,-94.8217,244,39,polygon,FALSE,FALSE,America/Chicago,3
22798,Simms,Simms,OK,Oklahoma,40101,Muskogee,35.3987,-95.1647,244,6,polygon,FALSE,FALSE,America/Chicago,3
22799,Somerville,Somerville,OH,Ohio,39017,Butler,39.5639,-84.6391,244,357,polygon,FALSE,FALSE,America/New_York,3
22800,Torrey,Torrey,UT,Utah,49055,Wayne,38.3078,-111.4269,244,56,polygon,FALSE,TRUE,America/Denver,3
22801,Emerald Beach,Emerald Beach,MO,Missouri,29009,Barry,36.5754,-93.671,244,131,polygon,FALSE,TRUE,America/Chicago,3
22802,Saddlebrooke,Saddlebrooke,MO,Missouri,29043,Christian,36.8283,-93.1968,244,13,polygon,FALSE,TRUE,America/Chicago,3
22803,Wellston,Wellston,MI,Michigan,26101,Manistee,44.2179,-85.962,244,96,polygon,FALSE,FALSE,America/Detroit,3
22804,Daggett,Daggett,MI,Michigan,26109,Menominee,45.462,-87.6047,244,84,polygon,FALSE,TRUE,America/Menominee,3
22805,Grainfield,Grainfield,KS,Kansas,20063,Gove,39.1143,-100.4684,244,203,polygon,FALSE,TRUE,America/Chicago,3
22806,Jim Falls,Jim Falls,WI,Wisconsin,55017,Chippewa,45.0472,-91.2712,243,154,polygon,FALSE,FALSE,America/Chicago,3
22807,Glen Ridge,Glen Ridge,FL,Florida,12099,Palm Beach,26.6715,-80.0753,243,548,polygon,FALSE,TRUE,America/New_York,3
22808,Clyde,Clyde,NJ,New Jersey,34035,Somerset,40.4874,-74.5132,243,244,polygon,FALSE,FALSE,America/New_York,3
22809,Prado Verde,Prado Verde,TX,Texas,48141,El Paso,31.8898,-106.6135,243,722,polygon,FALSE,FALSE,America/Denver,3
22810,Millican,Millican,TX,Texas,48041,Brazos,30.467,-96.2035,243,23,polygon,FALSE,FALSE,America/Chicago,3
22811,Nulato,Nulato,AK,Alaska,2290,Yukon-Koyukuk,64.7052,-158.2383,243,2,polygon,FALSE,TRUE,America/Anchorage,3
22812,White Shield,White Shield,ND,North Dakota,38055,McLean,47.6601,-101.8436,243,24,polygon,FALSE,FALSE,America/Chicago,3
22813,Union,Union,NE,Nebraska,31025,Cass,40.8144,-95.9215,243,451,polygon,FALSE,TRUE,America/Chicago,3
22814,White Heath,White Heath,IL,Illinois,17147,Piatt,40.087,-88.5115,243,274,polygon,FALSE,FALSE,America/Chicago,3
22815,Richview,Richview,IL,Illinois,17189,Washington,38.3758,-89.1803,243,81,polygon,FALSE,TRUE,America/Chicago,3
22816,Oconee,Oconee,GA,Georgia,13303,Washington,32.8535,-82.9576,243,72,polygon,FALSE,TRUE,America/New_York,3
22817,Newtown,Newtown,IN,Indiana,18045,Fountain,40.2045,-87.1483,243,186,polygon,FALSE,TRUE,America/Indiana/Indianapolis,3
22818,Macedonia,Macedonia,IA,Iowa,19155,Pottawattamie,41.1923,-95.4266,243,397,polygon,FALSE,TRUE,America/Chicago,3
22819,Montour,Montour,IA,Iowa,19171,Tama,41.9803,-92.715,243,205,polygon,FALSE,TRUE,America/Chicago,3
22820,Stoney Point,Stoney Point,OK,Oklahoma,40135,Sequoyah,35.5847,-94.6635,243,4,polygon,FALSE,FALSE,America/Chicago,3
22821,Spickard,Spickard,MO,Missouri,29079,Grundy,40.2432,-93.5923,243,148,polygon,FALSE,TRUE,America/Chicago,3
22822,Willow Lake,Willow Lake,SD,South Dakota,46025,Clark,44.6279,-97.6387,243,251,polygon,FALSE,TRUE,America/Chicago,3
22823,Hoodsport,Hoodsport,WA,Washington,53045,Mason,47.402,-123.1542,242,88,polygon,FALSE,FALSE,America/Los_Angeles,3
22824,Iaeger,Iaeger,WV,West Virginia,54047,McDowell,37.4642,-81.8111,242,117,polygon,FALSE,TRUE,America/New_York,3
22825,Strathmere,Strathmere,NJ,New Jersey,34009,Cape May,39.1944,-74.6618,242,177,polygon,FALSE,FALSE,America/New_York,3
22826,Willard,Willard,NM,New Mexico,35057,Torrance,34.5949,-106.0323,242,101,polygon,FALSE,TRUE,America/Denver,3
22827,Anderson,Anderson,TX,Texas,48185,Grimes,30.4871,-95.9899,242,182,polygon,FALSE,TRUE,America/Chicago,3
22828,Castor,Castor,LA,Louisiana,22013,Bienville,32.2549,-93.166,242,78,polygon,FALSE,TRUE,America/Chicago,3
22829,Delco,Delco,NC,North Carolina,37047,Columbus,34.3188,-78.2267,242,61,polygon,FALSE,FALSE,America/New_York,3
22830,Dix,Dix,NE,Nebraska,31105,Kimball,41.2342,-103.4867,242,425,polygon,FALSE,TRUE,America/Denver,3
22831,Dos Palos Y,Dos Palos Y,CA,California,6047,Merced,37.0466,-120.6394,242,59,polygon,FALSE,FALSE,America/Los_Angeles,3
22832,Muir Beach,Muir Beach,CA,California,6041,Marin,37.8654,-122.5858,242,189,polygon,FALSE,FALSE,America/Los_Angeles,3
22833,Cisco,Cisco,IL,Illinois,17147,Piatt,40.0116,-88.7255,242,513,polygon,FALSE,TRUE,America/Chicago,3
22834,Greeley,Greeley,IA,Iowa,19055,Delaware,42.5851,-91.3416,242,251,polygon,FALSE,TRUE,America/Chicago,3
22835,Higginsport,Higginsport,OH,Ohio,39015,Brown,38.79,-83.9673,242,372,polygon,FALSE,TRUE,America/New_York,3
22836,Vincent,Vincent,OH,Ohio,39167,Washington,39.3749,-81.671,242,244,polygon,FALSE,FALSE,America/New_York,3
22837,Hayward,Hayward,MN,Minnesota,27047,Freeborn,43.6499,-93.246,242,153,polygon,FALSE,TRUE,America/Chicago,3
22838,Hamilton,Hamilton,KS,Kansas,20073,Greenwood,37.9806,-96.1639,242,299,polygon,FALSE,TRUE,America/Chicago,3
22839,Big Arm,Big Arm,MT,Montana,30047,Lake,47.7936,-114.2701,242,17,polygon,FALSE,FALSE,America/Denver,3
22840,Joplin,Joplin,MT,Montana,30051,Liberty,48.559,-110.773,242,73,polygon,FALSE,FALSE,America/Denver,3
22841,Paisley,Paisley,OR,Oregon,41037,Lake,42.6926,-120.5452,242,217,polygon,FALSE,TRUE,America/Los_Angeles,3
22842,Slaughter Beach,Slaughter Beach,DE,Delaware,10005,Sussex,38.915,-75.309,241,65,polygon,FALSE,TRUE,America/New_York,3
22843,Woodson,Woodson,TX,Texas,48447,Throckmorton,33.0149,-99.0534,241,143,polygon,FALSE,TRUE,America/Chicago,3
22844,Montpelier,Montpelier,LA,Louisiana,22091,St. Helena,30.6823,-90.6545,241,49,polygon,FALSE,TRUE,America/Chicago,3
22845,Chickaloon,Chickaloon,AK,Alaska,2170,Matanuska-Susitna,61.804,-148.4103,241,1,polygon,FALSE,FALSE,America/Anchorage,3
22846,Bath,Bath,NC,North Carolina,37013,Beaufort,35.4702,-76.8119,241,260,polygon,FALSE,TRUE,America/New_York,3
22847,Talmage,Talmage,NE,Nebraska,31131,Otoe,40.5315,-96.0239,241,567,polygon,FALSE,TRUE,America/Chicago,3
22848,Greensboro,Greensboro,PA,Pennsylvania,42059,Greene,39.7921,-79.9126,241,859,polygon,FALSE,TRUE,America/New_York,3
22849,Lamoille,Lamoille,NV,Nevada,32007,Elko,40.7238,-115.479,241,50,polygon,FALSE,FALSE,America/Los_Angeles,3
22850,Madison,Madison,VA,Virginia,51113,Madison,38.3794,-78.2586,241,393,polygon,FALSE,TRUE,America/New_York,3
22851,Redvale,Redvale,CO,Colorado,8085,Montrose,38.1761,-108.4126,241,19,polygon,FALSE,FALSE,America/Denver,3
22852,Hickory Ridge,Hickory Ridge,AR,Arkansas,5037,Cross,35.403,-90.9946,241,143,polygon,FALSE,TRUE,America/Chicago,3
22853,Steward,Steward,IL,Illinois,17103,Lee,41.8493,-89.015,241,345,polygon,FALSE,TRUE,America/Chicago,3
22854,Stone City,Stone City,IA,Iowa,19105,Jones,42.1101,-91.3544,241,52,polygon,FALSE,FALSE,America/Chicago,3
22855,Keswick,Keswick,IA,Iowa,19107,Keokuk,41.4547,-92.2382,241,214,polygon,FALSE,TRUE,America/Chicago,3
22856,Mount Briar,Mount Briar,MD,Maryland,24043,Washington,39.4426,-77.6873,241,149,polygon,FALSE,FALSE,America/New_York,3
22857,Boynton,Boynton,OK,Oklahoma,40101,Muskogee,35.6493,-95.6543,241,221,polygon,FALSE,TRUE,America/Chicago,3
22858,Isabella,Isabella,OK,Oklahoma,40093,Major,36.2354,-98.3354,241,31,polygon,FALSE,FALSE,America/Chicago,3
22859,Ames,Ames,OK,Oklahoma,40093,Major,36.2471,-98.1867,241,312,polygon,FALSE,TRUE,America/Chicago,3
22860,Robertsville,Robertsville,OH,Ohio,39151,Stark,40.7619,-81.194,241,298,polygon,FALSE,FALSE,America/New_York,3
22861,Boulder,Boulder,UT,Utah,49017,Garfield,37.9228,-111.4319,241,4,polygon,FALSE,TRUE,America/Denver,3
22862,Fremont,Fremont,UT,Utah,49055,Wayne,38.4554,-111.6149,241,53,polygon,FALSE,FALSE,America/Denver,3
22863,Pemberton,Pemberton,MN,Minnesota,27013,Blue Earth,44.0084,-93.7838,241,495,polygon,FALSE,TRUE,America/Chicago,3
22864,Agra,Agra,KS,Kansas,20147,Phillips,39.7613,-99.1194,241,373,polygon,FALSE,TRUE,America/Chicago,3
22865,Mullinville,Mullinville,KS,Kansas,20097,Kiowa,37.5886,-99.4756,241,145,polygon,FALSE,TRUE,America/Chicago,3
22866,Blue Springs,Blue Springs,MS,Mississippi,28145,Union,34.4013,-88.8721,241,91,polygon,FALSE,TRUE,America/Chicago,3
22867,La Liga,La Liga,PR,Puerto Rico,72025,Caguas,18.2905,-66.0492,241,3736,polygon,FALSE,TRUE,America/Puerto_Rico,2
22868,Central Pacolet,Central Pacolet,SC,South Carolina,45083,Spartanburg,34.9096,-81.7526,241,372,polygon,FALSE,TRUE,America/New_York,3
22869,Butteville,Butteville,OR,Oregon,41047,Marion,45.2562,-122.8357,241,88,polygon,FALSE,FALSE,America/Los_Angeles,3
22870,Womelsdorf,Womelsdorf,WV,West Virginia,54083,Randolph,38.8981,-79.9636,240,223,polygon,FALSE,TRUE,America/New_York,3
22871,Finesville,Finesville,NJ,New Jersey,34041,Warren,40.6112,-75.1706,240,285,polygon,FALSE,FALSE,America/New_York,3
22872,Taylor Landing,Taylor Landing,TX,Texas,48245,Jefferson,29.8641,-94.1348,240,88,polygon,FALSE,TRUE,America/Chicago,3
22873,Macdona,Macdona,TX,Texas,48029,Bexar,29.3205,-98.6973,240,59,polygon,FALSE,FALSE,America/Chicago,3
22874,Grand Cane,Grand Cane,LA,Louisiana,22031,De Soto,32.0836,-93.8088,240,81,polygon,FALSE,TRUE,America/Chicago,3
22875,Watha,Watha,NC,North Carolina,37141,Pender,34.6512,-77.9576,240,67,polygon,FALSE,TRUE,America/New_York,3
22876,Lansford,Lansford,ND,North Dakota,38009,Bottineau,48.627,-101.3759,240,263,polygon,FALSE,TRUE,America/Chicago,3
22877,Parc,Parc,NY,New York,36019,Clinton,44.6639,-73.453,240,75,polygon,FALSE,FALSE,America/New_York,3
22878,Low Moor,Low Moor,VA,Virginia,51005,Alleghany,37.7943,-79.8706,240,87,polygon,FALSE,FALSE,America/New_York,3
22879,Briarcliff,Briarcliff,AR,Arkansas,5005,Baxter,36.2721,-92.2824,240,41,polygon,FALSE,TRUE,America/Chicago,3
22880,Kappa,Kappa,IL,Illinois,17203,Woodford,40.6756,-89.006,240,259,polygon,FALSE,TRUE,America/Chicago,3
22881,Menominee,Menominee,IL,Illinois,17085,Jo Daviess,42.4747,-90.5428,240,48,polygon,FALSE,TRUE,America/Chicago,3
22882,Sims,Sims,IL,Illinois,17191,Wayne,38.3618,-88.5355,240,78,polygon,FALSE,TRUE,America/Chicago,3
22883,Gillsville,Gillsville,GA,Georgia,13011,Banks,34.3095,-83.6381,240,83,polygon,FALSE,TRUE,America/New_York,3
22884,Pisgah,Pisgah,IA,Iowa,19085,Harrison,41.8304,-95.9264,240,91,polygon,FALSE,TRUE,America/Chicago,3
22885,Wadena,Wadena,IA,Iowa,19065,Fayette,42.8398,-91.6594,240,125,polygon,FALSE,TRUE,America/Chicago,3
22886,Michigamme,Michigamme,MI,Michigan,26103,Marquette,46.5334,-88.0627,240,38,polygon,FALSE,FALSE,America/Detroit,3
22887,Partridge,Partridge,KS,Kansas,20155,Reno,37.9668,-98.0922,240,298,polygon,FALSE,TRUE,America/Chicago,3
22888,Forest Hill Village,Forest Hill Village,MT,Montana,30029,Flathead,48.1208,-114.2618,240,60,polygon,FALSE,FALSE,America/Denver,3
22889,Pace,Pace,MS,Mississippi,28011,Bolivar,33.7921,-90.8593,240,604,polygon,FALSE,TRUE,America/Chicago,3
22890,Monetta,Monetta,SC,South Carolina,45003,Aiken,33.8497,-81.6097,240,125,polygon,FALSE,TRUE,America/New_York,3
22891,Raiford,Raiford,FL,Florida,12125,Union,30.0637,-82.2391,239,169,polygon,FALSE,TRUE,America/New_York,3
22892,Crossnore,Crossnore,NC,North Carolina,37011,Avery,36.0222,-81.9307,239,206,polygon,FALSE,TRUE,America/New_York,3
22893,Severn,Severn,NC,North Carolina,37131,Northampton,36.5142,-77.1893,239,91,polygon,FALSE,TRUE,America/New_York,3
22894,Logan,Logan,ND,North Dakota,38101,Ward,48.1557,-101.1664,239,63,polygon,FALSE,FALSE,America/Chicago,3
22895,Marquette,Marquette,NE,Nebraska,31081,Hamilton,41.0065,-98.0096,239,445,polygon,FALSE,TRUE,America/Chicago,3
22896,South Lima,South Lima,NY,New York,36051,Livingston,42.8575,-77.6761,239,104,polygon,FALSE,FALSE,America/New_York,3
22897,Union Dale,Union Dale,PA,Pennsylvania,42115,Susquehanna,41.7154,-75.4819,239,38,polygon,FALSE,TRUE,America/New_York,3
22898,Hopewell,Hopewell,PA,Pennsylvania,42009,Bedford,40.1345,-78.2665,239,811,polygon,FALSE,TRUE,America/New_York,3
22899,Kerrtown,Kerrtown,PA,Pennsylvania,42039,Crawford,41.6266,-80.1695,239,108,polygon,FALSE,FALSE,America/New_York,3
22900,La Vina,La Vina,CA,California,6039,Madera,36.8799,-120.1147,239,916,polygon,FALSE,FALSE,America/Los_Angeles,3
22901,College City,College City,CA,California,6011,Colusa,39.0063,-122.0068,239,28,polygon,FALSE,FALSE,America/Los_Angeles,3
22902,Eunola,Eunola,AL,Alabama,1061,Geneva,31.0326,-85.8409,239,50,polygon,FALSE,FALSE,America/Chicago,3
22903,Kingsbury,Kingsbury,IN,Indiana,18091,LaPorte,41.5302,-86.6972,239,155,polygon,FALSE,TRUE,America/Chicago,3
22904,Hardinsburg,Hardinsburg,IN,Indiana,18175,Washington,38.462,-86.2732,239,45,polygon,FALSE,TRUE,America/Indiana/Indianapolis,3
22905,Yale,Yale,IA,Iowa,19077,Guthrie,41.7754,-94.3572,239,337,polygon,FALSE,TRUE,America/Chicago,3
22906,Tonto Village,Tonto Village,AZ,Arizona,4007,Gila,34.3198,-111.1394,239,276,polygon,FALSE,FALSE,America/Phoenix,3
22907,Leamington,Leamington,UT,Utah,49027,Millard,39.5313,-112.2855,239,60,polygon,FALSE,TRUE,America/Denver,3
22908,Malta Bend,Malta Bend,MO,Missouri,29195,Saline,39.194,-93.3634,239,365,polygon,FALSE,TRUE,America/Chicago,3
22909,Zumbro Falls,Zumbro Falls,MN,Minnesota,27157,Wabasha,44.2849,-92.4263,239,162,polygon,FALSE,TRUE,America/Chicago,3
22910,Omena,Omena,MI,Michigan,26089,Leelanau,45.0599,-85.5952,239,20,polygon,FALSE,FALSE,America/Detroit,3
22911,Fontana,Fontana,KS,Kansas,20121,Miami,38.4239,-94.8442,239,109,polygon,FALSE,TRUE,America/Chicago,3
22912,Fort Peck,Fort Peck,MT,Montana,30105,Valley,48.007,-106.4552,239,103,polygon,FALSE,TRUE,America/Denver,3
22913,Queets,Queets,WA,Washington,53027,Grays Harbor,47.5314,-124.3385,238,65,polygon,FALSE,FALSE,America/Los_Angeles,3
22914,Lebanon,Lebanon,WI,Wisconsin,55027,Dodge,43.2587,-88.6294,238,208,polygon,FALSE,FALSE,America/Chicago,3
22915,Hillsboro,Hillsboro,WV,West Virginia,54075,Pocahontas,38.1353,-80.2136,238,255,polygon,FALSE,TRUE,America/New_York,3
22916,Brookhurst,Brookhurst,WY,Wyoming,56025,Natrona,42.8618,-106.2272,238,140,polygon,FALSE,FALSE,America/Denver,3
22917,East Thermopolis,East Thermopolis,WY,Wyoming,56017,Hot Springs,43.6441,-108.198,238,506,polygon,FALSE,TRUE,America/Denver,3
22918,Holstein,Holstein,NE,Nebraska,31001,Adams,40.4652,-98.651,238,363,polygon,FALSE,TRUE,America/Chicago,3
22919,Lexa,Lexa,AR,Arkansas,5107,Phillips,34.5982,-90.7519,238,223,polygon,FALSE,TRUE,America/Chicago,3
22920,Ste. Marie,Ste. Marie,IL,Illinois,17079,Jasper,38.93,-88.0278,238,82,polygon,FALSE,TRUE,America/Chicago,3
22921,Troy Grove,Troy Grove,IL,Illinois,17099,LaSalle,41.4657,-89.0815,238,133,polygon,FALSE,TRUE,America/Chicago,3
22922,Addieville,Addieville,IL,Illinois,17189,Washington,38.3913,-89.4865,238,92,polygon,FALSE,TRUE,America/Chicago,3
22923,Meservey,Meservey,IA,Iowa,19033,Cerro Gordo,42.9157,-93.4734,238,60,polygon,FALSE,TRUE,America/Chicago,3
22924,Taft,Taft,OK,Oklahoma,40101,Muskogee,35.7607,-95.5455,238,58,polygon,FALSE,TRUE,America/Chicago,3
22925,Schell City,Schell City,MO,Missouri,29217,Vernon,38.0192,-94.1167,238,147,polygon,FALSE,TRUE,America/Chicago,3
22926,Morgan City,Morgan City,MS,Mississippi,28083,Leflore,33.3786,-90.3461,238,156,polygon,FALSE,TRUE,America/Chicago,3
22927,Woodlawn,Woodlawn,KY,Kentucky,21037,Campbell,39.0909,-84.4729,238,1563,polygon,FALSE,TRUE,America/New_York,3
22928,Potter,Potter,WI,Wisconsin,55015,Calumet,44.1202,-88.0991,237,180,polygon,FALSE,TRUE,America/Chicago,3
22929,Lake Lorraine,Lake Lorraine,WI,Wisconsin,55127,Walworth,42.733,-88.7374,237,81,polygon,FALSE,TRUE,America/Chicago,3
22930,Teller,Teller,AK,Alaska,2180,Nome,65.2531,-166.342,237,61,polygon,FALSE,TRUE,America/Nome,3
22931,Rosston,Rosston,AR,Arkansas,5099,Nevada,33.5877,-93.2798,237,20,polygon,FALSE,TRUE,America/Chicago,3
22932,Boody,Boody,IL,Illinois,17115,Macon,39.7655,-89.0472,237,90,polygon,FALSE,FALSE,America/Chicago,3
22933,Prescott,Prescott,IA,Iowa,19003,Adams,41.0238,-94.613,237,228,polygon,FALSE,TRUE,America/Chicago,3
22934,Topawa,Topawa,AZ,Arizona,4019,Pima,31.8078,-111.8305,237,17,polygon,FALSE,FALSE,America/Phoenix,3
22935,Meno,Meno,OK,Oklahoma,40093,Major,36.3881,-98.1779,237,482,polygon,FALSE,TRUE,America/Chicago,3
22936,Blackburn,Blackburn,MO,Missouri,29195,Saline,39.1047,-93.4854,237,296,polygon,FALSE,TRUE,America/Chicago,3
22937,Milroy,Milroy,MN,Minnesota,27127,Redwood,44.4178,-95.5536,237,350,polygon,FALSE,TRUE,America/Chicago,3
22938,Basin,Basin,MT,Montana,30043,Jefferson,46.2834,-112.2871,237,7,polygon,FALSE,FALSE,America/Denver,3
22939,Midway,Midway,TX,Texas,48313,Madison,31.0252,-95.7539,236,57,polygon,FALSE,TRUE,America/Chicago,3
22940,Sandy Point,Sandy Point,TX,Texas,48039,Brazoria,29.4013,-95.4816,236,52,polygon,FALSE,TRUE,America/Chicago,3
22941,Springview,Springview,NE,Nebraska,31103,Keya Paha,42.8249,-99.7475,236,137,polygon,FALSE,TRUE,America/Chicago,3
22942,Waco,Waco,NE,Nebraska,31185,York,40.897,-97.4614,236,398,polygon,FALSE,TRUE,America/Chicago,3
22943,Blodgett Mills,Blodgett Mills,NY,New York,36023,Cortland,42.5665,-76.1329,236,41,polygon,FALSE,FALSE,America/New_York,3
22944,Constableville,Constableville,NY,New York,36049,Lewis,43.5649,-75.428,236,81,polygon,FALSE,TRUE,America/New_York,3
22945,Sheppton,Sheppton,PA,Pennsylvania,42107,Schuylkill,40.896,-76.1187,236,1648,polygon,FALSE,FALSE,America/New_York,3
22946,The Plains,The Plains,VA,Virginia,51061,Fauquier,38.8621,-77.7741,236,330,polygon,FALSE,TRUE,America/New_York,3
22947,Garland,Garland,AR,Arkansas,5091,Miller,33.3609,-93.7142,236,103,polygon,FALSE,TRUE,America/Chicago,3
22948,Shady Dale,Shady Dale,GA,Georgia,13159,Jasper,33.4007,-83.5881,236,103,polygon,FALSE,TRUE,America/New_York,3
22949,Saratoga,Saratoga,IN,Indiana,18135,Randolph,40.2368,-84.9159,236,344,polygon,FALSE,TRUE,America/Indiana/Indianapolis,3
22950,Glenwood,Glenwood,IN,Indiana,18139,Rush,39.6256,-85.3025,236,474,polygon,FALSE,TRUE,America/Indiana/Indianapolis,3
22951,New Riegel,New Riegel,OH,Ohio,39147,Seneca,41.0519,-83.319,236,454,polygon,FALSE,TRUE,America/New_York,3
22952,Berkey,Berkey,OH,Ohio,39095,Lucas,41.7084,-83.8383,236,21,polygon,FALSE,TRUE,America/New_York,3
22953,Lexington,Lexington,OR,Oregon,41049,Morrow,45.4462,-119.6879,236,208,polygon,FALSE,TRUE,America/Los_Angeles,3
22954,Little Creek,Little Creek,DE,Delaware,10001,Kent,39.1664,-75.4483,235,913,polygon,FALSE,TRUE,America/New_York,3
22955,Broadway,Broadway,NJ,New Jersey,34041,Warren,40.7356,-75.0495,235,244,polygon,FALSE,FALSE,America/New_York,3
22956,Upper Kalskag,Upper Kalskag,AK,Alaska,2050,Bethel,61.5416,-160.3337,235,25,polygon,FALSE,FALSE,America/Anchorage,3
22957,Bethune,Bethune,CO,Colorado,8063,Kit Carson,39.3038,-102.4234,235,560,polygon,FALSE,TRUE,America/Denver,3
22958,Peetz,Peetz,CO,Colorado,8075,Logan,40.9617,-103.1139,235,406,polygon,FALSE,TRUE,America/Denver,3
22959,Cypress,Cypress,IL,Illinois,17087,Johnson,37.3655,-89.0187,235,120,polygon,FALSE,TRUE,America/Chicago,3
22960,Carl,Carl,GA,Georgia,13013,Barrow,34.0046,-83.8128,235,83,polygon,FALSE,TRUE,America/New_York,3
22961,Fredonia,Fredonia,IA,Iowa,19115,Louisa,41.2844,-91.3397,235,548,polygon,FALSE,TRUE,America/Chicago,3
22962,Proctor,Proctor,OK,Oklahoma,40001,Adair,35.9759,-94.7511,235,10,polygon,FALSE,FALSE,America/Chicago,3
22963,Interlaken,Interlaken,UT,Utah,49051,Wasatch,40.5413,-111.4749,235,406,polygon,FALSE,TRUE,America/Denver,3
22964,Bronaugh,Bronaugh,MO,Missouri,29217,Vernon,37.694,-94.4683,235,318,polygon,FALSE,TRUE,America/Chicago,3
22965,Lake Lillian,Lake Lillian,MN,Minnesota,27067,Kandiyohi,44.9458,-94.88,235,200,polygon,FALSE,TRUE,America/Chicago,3
22966,Boon,Boon,MI,Michigan,26165,Wexford,44.288,-85.5975,235,51,polygon,FALSE,FALSE,America/Detroit,3
22967,Sanders,Sanders,KY,Kentucky,21041,Carroll,38.6549,-84.9466,235,308,polygon,FALSE,TRUE,America/New_York,3
22968,Helenville,Helenville,WI,Wisconsin,55055,Jefferson,43.0166,-88.6998,234,163,polygon,FALSE,FALSE,America/Chicago,3
22969,North Bay,North Bay,WI,Wisconsin,55101,Racine,42.7644,-87.7812,234,857,polygon,FALSE,TRUE,America/Chicago,3
22970,Radisson,Radisson,WI,Wisconsin,55113,Sawyer,45.7684,-91.2179,234,229,polygon,FALSE,TRUE,America/Chicago,3
22971,Lozano,Lozano,TX,Texas,48061,Cameron,26.1896,-97.5437,234,763,polygon,FALSE,FALSE,America/Chicago,3
22972,Fronton Ranchettes,Fronton Ranchettes,TX,Texas,48427,Starr,26.4253,-99.0268,234,1248,polygon,FALSE,TRUE,America/Chicago,3
22973,Pleasure Bend,Pleasure Bend,LA,Louisiana,22095,St. John the Baptist,29.9205,-90.6458,234,21,polygon,FALSE,TRUE,America/Chicago,3
22974,Creswell,Creswell,NC,North Carolina,37187,Washington,35.8743,-76.4032,234,159,polygon,FALSE,TRUE,America/New_York,3
22975,Keener,Keener,NC,North Carolina,37163,Sampson,35.1131,-78.3094,234,8,polygon,FALSE,FALSE,America/New_York,3
22976,Prompton,Prompton,PA,Pennsylvania,42127,Wayne,41.5891,-75.3275,234,58,polygon,FALSE,TRUE,America/New_York,3
22977,Liberty,Liberty,PA,Pennsylvania,42117,Tioga,41.5585,-77.1054,234,189,polygon,FALSE,TRUE,America/New_York,3
22978,Cumberland,Cumberland,VA,Virginia,51049,Cumberland,37.4914,-78.2577,234,21,polygon,FALSE,FALSE,America/New_York,3
22979,Lanare,Lanare,CA,California,6019,Fresno,36.4377,-119.9322,234,44,polygon,FALSE,FALSE,America/Los_Angeles,3
22980,Topaz,Topaz,CA,California,6051,Mono,38.6587,-119.5274,234,29,polygon,FALSE,FALSE,America/Los_Angeles,3
22981,Bone Gap,Bone Gap,IL,Illinois,17047,Edwards,38.4449,-87.9976,234,154,polygon,FALSE,TRUE,America/Chicago,3
22982,Henning,Henning,IL,Illinois,17183,Vermilion,40.3069,-87.701,234,59,polygon,FALSE,TRUE,America/Chicago,3
22983,Klagetoh,Klagetoh,AZ,Arizona,4001,Apache,35.5011,-109.5283,234,269,polygon,FALSE,FALSE,America/Denver,3
22984,Mount Eaton,Mount Eaton,OH,Ohio,39169,Wayne,40.6946,-81.7021,234,531,polygon,FALSE,TRUE,America/New_York,3
22985,New Harmony,New Harmony,UT,Utah,49053,Washington,37.4803,-113.3096,234,149,polygon,FALSE,TRUE,America/Denver,3
22986,Donnelly,Donnelly,MN,Minnesota,27149,Stevens,45.6895,-96.0143,234,32,polygon,FALSE,TRUE,America/Chicago,3
22987,Wolverine,Wolverine,MI,Michigan,26031,Cheboygan,45.2732,-84.6052,234,91,polygon,FALSE,TRUE,America/Detroit,3
22988,Ryegate,Ryegate,MT,Montana,30037,Golden Valley,46.2985,-109.2538,234,119,polygon,FALSE,TRUE,America/Denver,3
22989,Tecolotito,Tecolotito,NM,New Mexico,35047,San Miguel,35.2307,-105.1631,233,125,polygon,FALSE,FALSE,America/Denver,3
22990,Airport Road Addition,Airport Road Addition,TX,Texas,48047,Brooks,27.219,-98.0981,233,42,polygon,FALSE,FALSE,America/Chicago,3
22991,Walterhill,Walterhill,TN,Tennessee,47149,Rutherford,35.9573,-86.3678,233,29,polygon,FALSE,FALSE,America/Chicago,3
22992,Slickville,Slickville,PA,Pennsylvania,42129,Westmoreland,40.4622,-79.5184,233,173,polygon,FALSE,FALSE,America/New_York,3
22993,Madisonburg,Madisonburg,PA,Pennsylvania,42027,Centre,40.9283,-77.5189,233,1139,polygon,FALSE,FALSE,America/New_York,3
22994,Boones Mill,Boones Mill,VA,Virginia,51067,Franklin,37.1156,-79.9514,233,121,polygon,FALSE,TRUE,America/New_York,3
22995,Concord,Concord,AR,Arkansas,5023,Cleburne,35.6625,-91.849,233,31,polygon,FALSE,TRUE,America/Chicago,3
22996,Goofy Ridge,Goofy Ridge,IL,Illinois,17125,Mason,40.3949,-89.9407,233,66,polygon,FALSE,FALSE,America/Chicago,3
22997,Kangley,Kangley,IL,Illinois,17099,LaSalle,41.148,-88.8722,233,344,polygon,FALSE,TRUE,America/Chicago,3
22998,Nason,Nason,IL,Illinois,17081,Jefferson,38.176,-88.9662,233,98,polygon,FALSE,TRUE,America/Chicago,3
22999,Leavenworth,Leavenworth,IN,Indiana,18025,Crawford,38.1994,-86.3451,233,109,polygon,FALSE,TRUE,America/Indiana/Marengo,3
23000,Fenton,Fenton,IA,Iowa,19109,Kossuth,43.2181,-94.428,233,261,polygon,FALSE,TRUE,America/Chicago,3
23001,Kipton,Kipton,OH,Ohio,39093,Lorain,41.2665,-82.3039,233,204,polygon,FALSE,TRUE,America/New_York,3
23002,Martinsburg,Martinsburg,OH,Ohio,39083,Knox,40.2695,-82.3545,233,509,polygon,FALSE,TRUE,America/New_York,3
23003,Easton,Easton,MO,Missouri,29021,Buchanan,39.7226,-94.6403,233,152,polygon,FALSE,TRUE,America/Chicago,3
23004,Oak Ridge,Oak Ridge,MO,Missouri,29031,Cape Girardeau,37.4987,-89.73,233,152,polygon,FALSE,TRUE,America/Chicago,3
23005,Walton,Walton,KS,Kansas,20079,Harvey,38.1193,-97.2582,233,250,polygon,FALSE,TRUE,America/Chicago,3
23006,Bison,Bison,KS,Kansas,20165,Rush,38.5199,-99.1979,233,339,polygon,FALSE,TRUE,America/Chicago,3
23007,Emigrant,Emigrant,MT,Montana,30067,Park,45.3755,-110.7465,233,8,polygon,FALSE,FALSE,America/Denver,3
23008,Denton,Denton,MT,Montana,30027,Fergus,47.3222,-109.9481,233,126,polygon,FALSE,TRUE,America/Denver,3
23009,Pachuta,Pachuta,MS,Mississippi,28023,Clarke,32.0441,-88.8844,233,36,polygon,FALSE,TRUE,America/Chicago,3
23010,Mulberry,Mulberry,SC,South Carolina,45085,Sumter,33.9565,-80.3315,233,45,polygon,FALSE,FALSE,America/New_York,3
23011,Manor Creek,Manor Creek,KY,Kentucky,21111,Jefferson,38.2981,-85.5873,233,1628,polygon,FALSE,TRUE,America/New_York,3
23012,North Sultan,North Sultan,WA,Washington,53061,Snohomish,47.8829,-121.8253,232,154,polygon,FALSE,FALSE,America/Los_Angeles,3
23013,Goodman,Goodman,WI,Wisconsin,55075,Marinette,45.6231,-88.3518,232,53,polygon,FALSE,FALSE,America/Chicago,3
23014,Sombrillo,Sombrillo,NM,New Mexico,35049,Santa Fe,35.9802,-106.0353,232,94,polygon,FALSE,FALSE,America/Denver,3
23015,La Escondida,La Escondida,TX,Texas,48427,Starr,26.3807,-98.8737,232,1541,polygon,FALSE,TRUE,America/Chicago,3
23016,Ackerly,Ackerly,TX,Texas,48115,Dawson,32.5251,-101.7158,232,288,polygon,FALSE,TRUE,America/Chicago,3
23017,Gilby,Gilby,ND,North Dakota,38035,Grand Forks,48.0834,-97.468,232,506,polygon,FALSE,TRUE,America/Chicago,3
23018,Western,Western,NE,Nebraska,31151,Saline,40.3931,-97.1984,232,184,polygon,FALSE,TRUE,America/Chicago,3
23019,Staplehurst,Staplehurst,NE,Nebraska,31159,Seward,40.9747,-97.173,232,717,polygon,FALSE,TRUE,America/Chicago,3
23020,Crab Orchard,Crab Orchard,IL,Illinois,17199,Williamson,37.7249,-88.8059,232,64,polygon,FALSE,FALSE,America/Chicago,3
23021,Bardolph,Bardolph,IL,Illinois,17109,McDonough,40.4959,-90.5631,232,145,polygon,FALSE,TRUE,America/Chicago,3
23022,Orchard Hill,Orchard Hill,GA,Georgia,13255,Spalding,33.1851,-84.2123,232,251,polygon,FALSE,TRUE,America/New_York,3
23023,Coalmont,Coalmont,IN,Indiana,18021,Clay,39.1931,-87.2265,232,59,polygon,FALSE,FALSE,America/Indiana/Indianapolis,3
23024,Crystal Lake,Crystal Lake,IA,Iowa,19081,Hancock,43.223,-93.7927,232,351,polygon,FALSE,TRUE,America/Chicago,3
23025,Stites,Stites,ID,Idaho,16049,Idaho,46.0924,-115.9763,232,959,polygon,FALSE,TRUE,America/Los_Angeles,3
23026,Moscow,Moscow,MD,Maryland,24001,Allegany,39.5409,-79.0074,232,560,polygon,FALSE,FALSE,America/New_York,3
23027,Friendship,Friendship,MD,Maryland,24003,Anne Arundel,38.7359,-76.5878,232,49,polygon,FALSE,FALSE,America/New_York,3
23028,Chesterville,Chesterville,OH,Ohio,39117,Morrow,40.4777,-82.6818,232,437,polygon,FALSE,TRUE,America/New_York,3
23029,Cromwell,Cromwell,MN,Minnesota,27017,Carlton,46.6795,-92.873,232,48,polygon,FALSE,TRUE,America/Chicago,3
23030,Applegate,Applegate,MI,Michigan,26151,Sanilac,43.3554,-82.6371,232,89,polygon,FALSE,TRUE,America/Detroit,3
23031,Lodge Pole,Lodge Pole,MT,Montana,30005,Blaine,48.0272,-108.5518,232,6,polygon,FALSE,FALSE,America/Denver,3
23032,Norris,Norris,SD,South Dakota,46095,Mellette,43.4721,-101.1928,232,102,polygon,FALSE,FALSE,America/Chicago,3
23033,Floridatown,Floridatown,FL,Florida,12113,Santa Rosa,30.5828,-87.1615,231,223,polygon,FALSE,FALSE,America/Chicago,3
23034,Torreon,Torreon,NM,New Mexico,35057,Torrance,34.7241,-106.3008,231,10,polygon,FALSE,FALSE,America/Denver,3
23035,Roaring Springs,Roaring Springs,TX,Texas,48345,Motley,33.8992,-100.8561,231,84,polygon,FALSE,TRUE,America/Chicago,3
23036,Madrid,Madrid,NE,Nebraska,31135,Perkins,40.8525,-101.5278,231,78,polygon,FALSE,TRUE,America/Denver,3
23037,Rifton,Rifton,NY,New York,36111,Ulster,41.8288,-74.0381,231,75,polygon,FALSE,FALSE,America/New_York,3
23038,Sweden Valley,Sweden Valley,PA,Pennsylvania,42105,Potter,41.7594,-77.9538,231,86,polygon,FALSE,FALSE,America/New_York,3
23039,Saxis,Saxis,VA,Virginia,51001,Accomack,37.9261,-75.7224,231,220,polygon,FALSE,TRUE,America/New_York,3
23040,Rico,Rico,CO,Colorado,8033,Dolores,37.6891,-108.0318,231,131,polygon,FALSE,TRUE,America/Denver,3
23041,Kit Carson,Kit Carson,CO,Colorado,8017,Cheyenne,38.7628,-102.7954,231,152,polygon,FALSE,TRUE,America/Denver,3
23042,Quechee,Quechee,VT,Vermont,50027,Windsor,43.6444,-72.4185,231,48,polygon,FALSE,FALSE,America/New_York,3
23043,Garden Prairie,Garden Prairie,IL,Illinois,17007,Boone,42.2534,-88.7178,231,139,polygon,FALSE,FALSE,America/Chicago,3
23044,Center Point,Center Point,IN,Indiana,18021,Clay,39.4154,-87.0752,231,120,polygon,FALSE,TRUE,America/Indiana/Indianapolis,3
23045,Laurel,Laurel,IA,Iowa,19127,Marshall,41.8841,-92.9222,231,355,polygon,FALSE,TRUE,America/Chicago,3
23046,Palominas,Palominas,AZ,Arizona,4003,Cochise,31.3838,-110.1212,231,45,polygon,FALSE,FALSE,America/Phoenix,3
23047,Tamaha,Tamaha,OK,Oklahoma,40061,Haskell,35.4059,-95.0181,231,13,polygon,FALSE,TRUE,America/Chicago,3
23048,Avon,Avon,UT,Utah,49005,Cache,41.5354,-111.8125,231,12,polygon,FALSE,FALSE,America/Denver,3
23049,Jerico Springs,Jerico Springs,MO,Missouri,29039,Cedar,37.6197,-94.0113,231,130,polygon,FALSE,TRUE,America/Chicago,3
23050,Lake George,Lake George,MN,Minnesota,27057,Hubbard,47.1881,-94.9801,231,19,polygon,FALSE,FALSE,America/Chicago,3
23051,Bigelow,Bigelow,MN,Minnesota,27105,Nobles,43.5053,-95.6892,231,226,polygon,FALSE,TRUE,America/Chicago,3
23052,Severy,Severy,KS,Kansas,20073,Greenwood,37.6219,-96.2275,231,182,polygon,FALSE,TRUE,America/Chicago,3
23053,Pawnee Rock,Pawnee Rock,KS,Kansas,20009,Barton,38.2649,-98.9823,231,316,polygon,FALSE,TRUE,America/Chicago,3
23054,Hobson,Hobson,MT,Montana,30045,Judith Basin,46.9996,-109.8732,231,417,polygon,FALSE,TRUE,America/Denver,3
23055,Warfield,Warfield,KY,Kentucky,21159,Martin,37.8415,-82.4224,231,108,polygon,FALSE,TRUE,America/New_York,3
23056,Burnett,Burnett,WI,Wisconsin,55027,Dodge,43.5065,-88.7084,230,354,polygon,FALSE,FALSE,America/Chicago,3
23057,Dalton,Dalton,WI,Wisconsin,55047,Green Lake,43.6562,-89.2069,230,197,polygon,FALSE,FALSE,America/Chicago,3
23058,Pavillion,Pavillion,WY,Wyoming,56013,Fremont,43.244,-108.689,230,441,polygon,FALSE,TRUE,America/Denver,3
23059,Harlingen,Harlingen,NJ,New Jersey,34035,Somerset,40.4493,-74.6586,230,123,polygon,FALSE,FALSE,America/New_York,3
23060,Glencoe,Glencoe,LA,Louisiana,22101,St. Mary,29.8112,-91.6703,230,134,polygon,FALSE,FALSE,America/Chicago,3
23061,Evergreen,Evergreen,NC,North Carolina,37047,Columbus,34.4149,-78.9114,230,23,polygon,FALSE,FALSE,America/New_York,3
23062,Leonard,Leonard,ND,North Dakota,38017,Cass,46.6523,-97.2499,230,118,polygon,FALSE,TRUE,America/Chicago,3
23063,Page,Page,ND,North Dakota,38017,Cass,47.1592,-97.5681,230,88,polygon,FALSE,TRUE,America/Chicago,3
23064,Pyatt,Pyatt,AR,Arkansas,5089,Marion,36.2509,-92.8443,230,70,polygon,FALSE,TRUE,America/Chicago,3
23065,Scranton,Scranton,AR,Arkansas,5083,Logan,35.3606,-93.5394,230,175,polygon,FALSE,TRUE,America/Chicago,3
23066,White City,White City,IL,Illinois,17117,Macoupin,39.0716,-89.7637,230,73,polygon,FALSE,TRUE,America/Chicago,3
23067,Oliver,Oliver,GA,Georgia,13251,Screven,32.5214,-81.5331,230,95,polygon,FALSE,TRUE,America/New_York,3
23068,Paton,Paton,IA,Iowa,19073,Greene,42.1642,-94.2551,230,157,polygon,FALSE,TRUE,America/Chicago,3
23069,Goldsboro,Goldsboro,MD,Maryland,24011,Caroline,39.0317,-75.7821,230,113,polygon,FALSE,TRUE,America/New_York,3
23070,Fitzhugh,Fitzhugh,OK,Oklahoma,40123,Pontotoc,34.6581,-96.7665,230,12,polygon,FALSE,TRUE,America/Chicago,3
23071,Roosevelt,Roosevelt,OK,Oklahoma,40075,Kiowa,34.8477,-99.0227,230,180,polygon,FALSE,TRUE,America/Chicago,3
23072,Kenilworth,Kenilworth,UT,Utah,49007,Carbon,39.6803,-110.8145,230,118,polygon,FALSE,FALSE,America/Denver,3
23073,Rensselaer,Rensselaer,MO,Missouri,29173,Ralls,39.6692,-91.5387,230,45,polygon,FALSE,TRUE,America/Chicago,3
23074,Callaway,Callaway,MN,Minnesota,27005,Becker,46.982,-95.912,230,140,polygon,FALSE,TRUE,America/Chicago,3
23075,Grinnell,Grinnell,KS,Kansas,20063,Gove,39.1266,-100.6311,230,181,polygon,FALSE,TRUE,America/Chicago,3
23076,Lenora,Lenora,KS,Kansas,20137,Norton,39.6109,-100.0015,230,184,polygon,FALSE,TRUE,America/Chicago,3
23077,Elliston,Elliston,MT,Montana,30077,Powell,46.5587,-112.4639,230,10,polygon,FALSE,FALSE,America/Denver,3
23078,Crossgate,Crossgate,KY,Kentucky,21111,Jefferson,38.2793,-85.6296,230,1732,polygon,FALSE,TRUE,America/New_York,3
23079,Trent,Trent,SD,South Dakota,46101,Moody,43.9063,-96.6578,230,85,polygon,FALSE,TRUE,America/Chicago,3
23080,Porter,Porter,WA,Washington,53027,Grays Harbor,46.9489,-123.2736,229,9,polygon,FALSE,FALSE,America/Los_Angeles,3
23081,Creston,Creston,WA,Washington,53043,Lincoln,47.7594,-118.5201,229,213,polygon,FALSE,TRUE,America/Los_Angeles,3
23082,Racine,Racine,WV,West Virginia,54005,Boone,38.1397,-81.654,229,184,polygon,FALSE,FALSE,America/New_York,3
23083,Charleston Park,Charleston Park,FL,Florida,12071,Lee,26.7057,-81.5807,229,706,polygon,FALSE,FALSE,America/New_York,3
23084,Manzano Springs,Manzano Springs,NM,New Mexico,35057,Torrance,34.9614,-106.2328,229,38,polygon,FALSE,FALSE,America/Denver,3
23085,Truchas,Truchas,NM,New Mexico,35039,Rio Arriba,36.0338,-105.8095,229,12,polygon,FALSE,FALSE,America/Denver,3
23086,Forsan,Forsan,TX,Texas,48227,Howard,32.1104,-101.3668,229,303,polygon,FALSE,TRUE,America/Chicago,3
23087,Plaucheville,Plaucheville,LA,Louisiana,22009,Avoyelles,30.9647,-91.9837,229,58,polygon,FALSE,TRUE,America/Chicago,3
23088,Minto,Minto,AK,Alaska,2290,Yukon-Koyukuk,65.1033,-149.5565,229,0,polygon,FALSE,FALSE,America/Anchorage,3
23089,Seagrove,Seagrove,NC,North Carolina,37151,Randolph,35.5399,-79.7788,229,83,polygon,FALSE,TRUE,America/New_York,3
23090,Yorkana,Yorkana,PA,Pennsylvania,42133,York,39.976,-76.5846,229,515,polygon,FALSE,TRUE,America/New_York,3
23091,Horn Hill,Horn Hill,AL,Alabama,1039,Covington,31.2382,-86.3211,229,34,polygon,FALSE,TRUE,America/Chicago,3
23092,Campbell Station,Campbell Station,AR,Arkansas,5067,Jackson,35.6678,-91.2538,229,51,polygon,FALSE,TRUE,America/Chicago,3
23093,Buckner,Buckner,AR,Arkansas,5073,Lafayette,33.3572,-93.4358,229,75,polygon,FALSE,TRUE,America/Chicago,3
23094,Nilwood,Nilwood,IL,Illinois,17117,Macoupin,39.3995,-89.8077,229,189,polygon,FALSE,TRUE,America/Chicago,3
23095,Whiteash,Whiteash,IL,Illinois,17199,Williamson,37.7853,-88.9294,229,101,polygon,FALSE,TRUE,America/Chicago,3
23096,Roopville,Roopville,GA,Georgia,13045,Carroll,33.4567,-85.1304,229,111,polygon,FALSE,TRUE,America/New_York,3
23097,Darbyville,Darbyville,OH,Ohio,39129,Pickaway,39.6957,-83.1139,229,171,polygon,FALSE,TRUE,America/New_York,3
23098,Unionville Center,Unionville Center,OH,Ohio,39159,Union,40.1368,-83.3416,229,557,polygon,FALSE,TRUE,America/New_York,3
23099,Miamiville,Miamiville,OH,Ohio,39025,Clermont,39.2123,-84.3001,229,261,polygon,FALSE,FALSE,America/New_York,3
23100,Amsterdam,Amsterdam,MO,Missouri,29013,Bates,38.3495,-94.589,229,154,polygon,FALSE,TRUE,America/Chicago,3
23101,Grandin,Grandin,MO,Missouri,29035,Carter,36.8308,-90.8221,229,220,polygon,FALSE,TRUE,America/Chicago,3
23102,Pontiac,Pontiac,MO,Missouri,29153,Ozark,36.5166,-92.6037,229,35,polygon,FALSE,FALSE,America/Chicago,3
23103,Emma,Emma,MO,Missouri,29195,Saline,38.9751,-93.495,229,150,polygon,FALSE,TRUE,America/Chicago,3
23104,Pease,Pease,MN,Minnesota,27095,Mille Lacs,45.6995,-93.6491,229,167,polygon,FALSE,TRUE,America/Chicago,3
23105,Rembert,Rembert,SC,South Carolina,45085,Sumter,34.1037,-80.5305,229,23,polygon,FALSE,FALSE,America/New_York,3
23106,Burna,Burna,KY,Kentucky,21139,Livingston,37.2456,-88.3589,229,65,polygon,FALSE,FALSE,America/Chicago,3
23107,Seneca,Seneca,OR,Oregon,41023,Grant,44.1352,-118.9763,229,111,polygon,FALSE,TRUE,America/Los_Angeles,3
23108,Gary,Gary,SD,South Dakota,46039,Deuel,44.7941,-96.4574,229,118,polygon,FALSE,TRUE,America/Chicago,3
23109,La Paloma Ranchettes,La Paloma Ranchettes,TX,Texas,48427,Starr,26.3148,-98.623,228,187,polygon,FALSE,TRUE,America/Chicago,3
23110,Utopia,Utopia,TX,Texas,48463,Uvalde,29.6188,-99.5153,228,29,polygon,FALSE,FALSE,America/Chicago,3
23111,Momeyer,Momeyer,NC,North Carolina,37127,Nash,35.9592,-78.0511,228,79,polygon,FALSE,TRUE,America/New_York,3
23112,Benedict,Benedict,NE,Nebraska,31185,York,41.0063,-97.6073,228,458,polygon,FALSE,TRUE,America/Chicago,3
23113,Pamplin City,Pamplin City,VA,Virginia,51011,Appomattox,37.2642,-78.682,228,278,polygon,FALSE,TRUE,America/New_York,3
23114,St. Francis,St. Francis,AR,Arkansas,5021,Clay,36.4556,-90.1428,228,238,polygon,FALSE,TRUE,America/Chicago,3
23115,Willow Hill,Willow Hill,IL,Illinois,17079,Jasper,38.9958,-88.0218,228,84,polygon,FALSE,TRUE,America/Chicago,3
23116,Omaha,Omaha,IL,Illinois,17059,Gallatin,37.8901,-88.3053,228,118,polygon,FALSE,TRUE,America/Chicago,3
23117,Lexington,Lexington,GA,Georgia,13221,Oglethorpe,33.87,-83.1101,228,160,polygon,FALSE,TRUE,America/New_York,3
23118,Spring Lake,Spring Lake,IN,Indiana,18059,Hancock,39.7767,-85.8536,228,576,polygon,FALSE,TRUE,America/Indiana/Indianapolis,3
23119,Kirbyville,Kirbyville,MO,Missouri,29213,Taney,36.6294,-93.1568,228,62,polygon,FALSE,TRUE,America/Chicago,3
23120,Elrosa,Elrosa,MN,Minnesota,27145,Stearns,45.5629,-94.9472,228,561,polygon,FALSE,TRUE,America/Chicago,3
23121,Frontenac,Frontenac,MN,Minnesota,27049,Goodhue,44.5061,-92.3511,228,47,polygon,FALSE,FALSE,America/Chicago,3
23122,Olar,Olar,SC,South Carolina,45009,Bamberg,33.1799,-81.1854,228,112,polygon,FALSE,TRUE,America/New_York,3
23123,Camp Sherman,Camp Sherman,OR,Oregon,41031,Jefferson,44.4492,-121.6496,228,27,polygon,FALSE,FALSE,America/Los_Angeles,3
23124,Deming,Deming,WA,Washington,53073,Whatcom,48.8381,-122.2313,227,16,polygon,FALSE,FALSE,America/Los_Angeles,3
23125,Brule,Brule,WI,Wisconsin,55031,Douglas,46.5589,-91.5712,227,33,polygon,FALSE,FALSE,America/Chicago,3
23126,Comfort,Comfort,WV,West Virginia,54005,Boone,38.1317,-81.6102,227,87,polygon,FALSE,FALSE,America/New_York,3
23127,Fort Laramie,Fort Laramie,WY,Wyoming,56015,Goshen,42.2133,-104.5178,227,328,polygon,FALSE,TRUE,America/Denver,3
23128,Creola,Creola,LA,Louisiana,22043,Grant,31.43,-92.4828,227,213,polygon,FALSE,TRUE,America/Chicago,3
23129,Butters,Butters,NC,North Carolina,37017,Bladen,34.5603,-78.8489,227,59,polygon,FALSE,FALSE,America/New_York,3
23130,Hoople,Hoople,ND,North Dakota,38099,Walsh,48.5358,-97.639,227,164,polygon,FALSE,TRUE,America/Chicago,3
23131,New Columbus,New Columbus,PA,Pennsylvania,42079,Luzerne,41.1732,-76.287,227,28,polygon,FALSE,TRUE,America/New_York,3
23132,Glen Campbell,Glen Campbell,PA,Pennsylvania,42063,Indiana,40.8197,-78.8297,227,94,polygon,FALSE,TRUE,America/New_York,3
23133,Capulin,Capulin,CO,Colorado,8021,Conejos,37.2819,-106.1051,227,92,polygon,FALSE,FALSE,America/Denver,3
23134,Kite,Kite,GA,Georgia,13167,Johnson,32.6921,-82.5136,227,108,polygon,FALSE,TRUE,America/New_York,3
23135,Ambia,Ambia,IN,Indiana,18007,Benton,40.4894,-87.5165,227,580,polygon,FALSE,TRUE,America/Indiana/Indianapolis,3
23136,Napoleon,Napoleon,IN,Indiana,18137,Ripley,39.2039,-85.3272,227,442,polygon,FALSE,TRUE,America/Indiana/Indianapolis,3
23137,Marathon,Marathon,IA,Iowa,19021,Buena Vista,42.8602,-94.9829,227,116,polygon,FALSE,TRUE,America/Chicago,3
23138,Packwood,Packwood,IA,Iowa,19101,Jefferson,41.1327,-92.0825,227,115,polygon,FALSE,TRUE,America/Chicago,3
23139,Smithland,Smithland,IA,Iowa,19193,Woodbury,42.2289,-95.9312,227,237,polygon,FALSE,TRUE,America/Chicago,3
23140,Gilmore,Gilmore,MD,Maryland,24001,Allegany,39.583,-78.9512,227,907,polygon,FALSE,FALSE,America/New_York,3
23141,Good Hope,Good Hope,OH,Ohio,39047,Fayette,39.4467,-83.3594,227,116,polygon,FALSE,FALSE,America/New_York,3
23142,Bakersfield,Bakersfield,MO,Missouri,29153,Ozark,36.5239,-92.1442,227,63,polygon,FALSE,TRUE,America/Chicago,3
23143,Cedar Hill Lakes,Cedar Hill Lakes,MO,Missouri,29099,Jefferson,38.3299,-90.6577,227,403,polygon,FALSE,TRUE,America/Chicago,3
23144,Lake Wilson,Lake Wilson,MN,Minnesota,27101,Murray,43.9953,-95.9533,227,207,polygon,FALSE,TRUE,America/Chicago,3
23145,Flensburg,Flensburg,MN,Minnesota,27097,Morrison,45.948,-94.5301,227,12,polygon,FALSE,TRUE,America/Chicago,3
23146,Morrill,Morrill,KS,Kansas,20013,Brown,39.9293,-95.6944,227,441,polygon,FALSE,TRUE,America/Chicago,3
23147,Reading,Reading,KS,Kansas,20111,Lyon,38.5191,-95.9572,227,411,polygon,FALSE,TRUE,America/Chicago,3
23148,Walnut,Walnut,KS,Kansas,20037,Crawford,37.6018,-95.0742,227,59,polygon,FALSE,TRUE,America/Chicago,3
23149,Lima,Lima,MT,Montana,30001,Beaverhead,44.6384,-112.5919,227,159,polygon,FALSE,TRUE,America/Denver,3
23150,Glenwood,Glenwood,WA,Washington,53039,Klickitat,46.0228,-121.2925,226,93,polygon,FALSE,FALSE,America/Los_Angeles,3
23151,Gratiot,Gratiot,WI,Wisconsin,55065,Lafayette,42.5799,-90.0238,226,158,polygon,FALSE,TRUE,America/Chicago,3
23152,Sherwood,Sherwood,ND,North Dakota,38075,Renville,48.9619,-101.6328,226,276,polygon,FALSE,TRUE,America/Chicago,3
23153,Cuylerville,Cuylerville,NY,New York,36051,Livingston,42.7777,-77.8737,226,207,polygon,FALSE,FALSE,America/New_York,3
23154,Taylorstown,Taylorstown,PA,Pennsylvania,42125,Washington,40.1566,-80.3869,226,85,polygon,FALSE,FALSE,America/New_York,3
23155,Quinby,Quinby,VA,Virginia,51001,Accomack,37.5533,-75.7368,226,77,polygon,FALSE,FALSE,America/New_York,3
23156,Clear Creek,Clear Creek,CA,California,6035,Lassen,40.3023,-121.0531,226,77,polygon,FALSE,FALSE,America/Los_Angeles,3
23157,Pescadero,Pescadero,CA,California,6081,San Mateo,37.2507,-122.3725,226,21,polygon,FALSE,FALSE,America/Los_Angeles,3
23158,Greenwood,Greenwood,IL,Illinois,17111,McHenry,42.3911,-88.3898,226,47,polygon,FALSE,TRUE,America/Chicago,3
23159,Star City,Star City,IN,Indiana,18131,Pulaski,40.9746,-86.5613,226,84,polygon,FALSE,FALSE,America/Indiana/Winamac,3
23160,Wortham,Wortham,MO,Missouri,29187,St. Francois,37.8401,-90.6076,226,97,polygon,FALSE,FALSE,America/Chicago,3
23161,Waldorf,Waldorf,MN,Minnesota,27161,Waseca,43.9332,-93.6976,226,230,polygon,FALSE,TRUE,America/Chicago,3
23162,Bay View,Bay View,MI,Michigan,26047,Emmet,45.3834,-84.9304,226,138,polygon,FALSE,FALSE,America/Detroit,3
23163,Elbing,Elbing,KS,Kansas,20015,Butler,38.0534,-97.1283,226,507,polygon,FALSE,TRUE,America/Chicago,3
23164,Corinth,Corinth,KY,Kentucky,21081,Grant,38.4997,-84.6032,226,41,polygon,FALSE,TRUE,America/New_York,3
23165,Nebo,Nebo,KY,Kentucky,21107,Hopkins,37.3832,-87.6416,226,352,polygon,FALSE,TRUE,America/Chicago,3
23166,Johnstown,Johnstown,WY,Wyoming,56013,Fremont,43.1118,-108.6955,225,2,polygon,FALSE,FALSE,America/Denver,3
23167,Polvadera,Polvadera,NM,New Mexico,35053,Socorro,34.2021,-106.9172,225,89,polygon,FALSE,FALSE,America/Denver,3
23168,Ravenna,Ravenna,TX,Texas,48147,Fannin,33.6705,-96.2409,225,72,polygon,FALSE,TRUE,America/Chicago,3
23169,Frierson,Frierson,LA,Louisiana,22031,De Soto,32.2487,-93.6893,225,157,polygon,FALSE,FALSE,America/Chicago,3
23170,Minnewaukan,Minnewaukan,ND,North Dakota,38005,Benson,48.0761,-99.2607,225,179,polygon,FALSE,TRUE,America/Chicago,3
23171,Elba,Elba,NE,Nebraska,31093,Howard,41.2853,-98.5693,225,236,polygon,FALSE,TRUE,America/Chicago,3
23172,Troutville,Troutville,PA,Pennsylvania,42033,Clearfield,41.0259,-78.7863,225,112,polygon,FALSE,TRUE,America/New_York,3
23173,Salladasburg,Salladasburg,PA,Pennsylvania,42081,Lycoming,41.2783,-77.2274,225,111,polygon,FALSE,TRUE,America/New_York,3
23174,Twilight,Twilight,PA,Pennsylvania,42125,Washington,40.1158,-79.8936,225,53,polygon,FALSE,TRUE,America/New_York,3
23175,Phippsburg,Phippsburg,CO,Colorado,8107,Routt,40.2301,-106.9509,225,73,polygon,FALSE,FALSE,America/Denver,3
23176,Griffithville,Griffithville,AR,Arkansas,5145,White,35.1233,-91.6447,225,158,polygon,FALSE,TRUE,America/Chicago,3
23177,Forest City,Forest City,IL,Illinois,17125,Mason,40.3723,-89.8325,225,166,polygon,FALSE,TRUE,America/Chicago,3
23178,Avera,Avera,GA,Georgia,13163,Jefferson,33.1934,-82.5287,225,133,polygon,FALSE,TRUE,America/New_York,3
23179,Maxeys,Maxeys,GA,Georgia,13221,Oglethorpe,33.7555,-83.1737,225,36,polygon,FALSE,TRUE,America/New_York,3
23180,Perkins,Perkins,GA,Georgia,13165,Jenkins,32.9149,-81.949,225,41,polygon,FALSE,FALSE,America/New_York,3
23181,New Trenton,New Trenton,IN,Indiana,18047,Franklin,39.3088,-84.8968,225,196,polygon,FALSE,FALSE,America/Indiana/Indianapolis,3
23182,East Hope,East Hope,ID,Idaho,16017,Bonner,48.2414,-116.2913,225,208,polygon,FALSE,TRUE,America/Los_Angeles,3
23183,Cedar Crest,Cedar Crest,OK,Oklahoma,40097,Mayes,36.1215,-95.1663,225,15,polygon,FALSE,FALSE,America/Chicago,3
23184,Henrieville,Henrieville,UT,Utah,49017,Garfield,37.5638,-112.002,225,64,polygon,FALSE,TRUE,America/Denver,3
23185,Louisville,Louisville,KS,Kansas,20149,Pottawatomie,39.2499,-96.3145,225,174,polygon,FALSE,TRUE,America/Chicago,3
23186,Robinson,Robinson,KS,Kansas,20013,Brown,39.8153,-95.4114,225,365,polygon,FALSE,TRUE,America/Chicago,3
23187,Lane,Lane,KS,Kansas,20059,Franklin,38.4397,-95.0818,225,378,polygon,FALSE,TRUE,America/Chicago,3
23188,Rexford,Rexford,KS,Kansas,20193,Thomas,39.4705,-100.744,225,332,polygon,FALSE,TRUE,America/Chicago,3
23189,Olney,Olney,MT,Montana,30029,Flathead,48.5489,-114.572,225,65,polygon,FALSE,FALSE,America/Denver,3
23190,Detroit,Detroit,OR,Oregon,41047,Marion,44.7338,-122.1512,225,147,polygon,FALSE,TRUE,America/Los_Angeles,3
23191,Nisland,Nisland,SD,South Dakota,46019,Butte,44.6731,-103.5539,225,322,polygon,FALSE,TRUE,America/Denver,3
23192,Pollock,Pollock,SD,South Dakota,46021,Campbell,45.9005,-100.2885,225,270,polygon,FALSE,TRUE,America/Chicago,3
23193,Ocean City,Ocean City,WA,Washington,53027,Grays Harbor,47.0762,-124.1619,224,25,polygon,FALSE,FALSE,America/Los_Angeles,3
23194,Little Sturgeon,Little Sturgeon,WI,Wisconsin,55029,Door,44.8422,-87.5743,224,37,polygon,FALSE,FALSE,America/Chicago,3
23195,Dixie,Dixie,WV,West Virginia,54067,Nicholas,38.251,-81.1943,224,118,polygon,FALSE,FALSE,America/New_York,3
23196,La Ward,La Ward,TX,Texas,48239,Jackson,28.8464,-96.4649,224,106,polygon,FALSE,TRUE,America/Chicago,3
23197,Creedmoor,Creedmoor,TX,Texas,48453,Travis,30.0943,-97.7431,224,37,polygon,FALSE,TRUE,America/Chicago,3
23198,Moonshine,Moonshine,LA,Louisiana,22093,St. James,29.97,-90.8132,224,237,polygon,FALSE,TRUE,America/Chicago,3
23199,Sunbury,Sunbury,NC,North Carolina,37073,Gates,36.4469,-76.6127,224,35,polygon,FALSE,FALSE,America/New_York,3
23200,Hubbard,Hubbard,NE,Nebraska,31043,Dakota,42.3859,-96.5915,224,522,polygon,FALSE,TRUE,America/Chicago,3
23201,Portersville,Portersville,PA,Pennsylvania,42019,Butler,40.9244,-80.1469,224,108,polygon,FALSE,TRUE,America/New_York,3
23202,Bethany,Bethany,PA,Pennsylvania,42127,Wayne,41.6143,-75.2872,224,173,polygon,FALSE,TRUE,America/New_York,3
23203,Painter,Painter,VA,Virginia,51001,Accomack,37.5852,-75.7837,224,132,polygon,FALSE,TRUE,America/New_York,3
23204,Fruitdale,Fruitdale,AL,Alabama,1129,Washington,31.3429,-88.4109,224,19,polygon,FALSE,FALSE,America/Chicago,3
23205,Damascus,Damascus,GA,Georgia,13099,Early,31.2989,-84.717,224,49,polygon,FALSE,TRUE,America/New_York,3
23206,Taylorsville,Taylorsville,GA,Georgia,13015,Bartow,34.086,-84.9876,224,57,polygon,FALSE,TRUE,America/New_York,3
23207,Losantville,Losantville,IN,Indiana,18135,Randolph,40.0236,-85.1835,224,458,polygon,FALSE,TRUE,America/Indiana/Indianapolis,3
23208,Pottawattamie Park,Pottawattamie Park,IN,Indiana,18091,LaPorte,41.7233,-86.8671,224,352,polygon,FALSE,TRUE,America/Chicago,3
23209,Lebanon,Lebanon,OK,Oklahoma,40095,Marshall,33.9737,-96.9177,224,27,polygon,FALSE,FALSE,America/Chicago,3
23210,Rogers,Rogers,OH,Ohio,39029,Columbiana,40.7897,-80.6275,224,380,polygon,FALSE,TRUE,America/New_York,3
23211,Dadeville,Dadeville,MO,Missouri,29057,Dade,37.4791,-93.6738,224,87,polygon,FALSE,TRUE,America/Chicago,3
23212,Cobalt,Cobalt,MO,Missouri,29123,Madison,37.5454,-90.2876,224,581,polygon,FALSE,TRUE,America/Chicago,3
23213,Owendale,Owendale,MI,Michigan,26063,Huron,43.7273,-83.2671,224,116,polygon,FALSE,TRUE,America/Detroit,3
23214,Stockett,Stockett,MT,Montana,30013,Cascade,47.3534,-111.1698,224,58,polygon,FALSE,FALSE,America/Denver,3
23215,Brockton,Brockton,MT,Montana,30085,Roosevelt,48.1525,-104.9066,224,87,polygon,FALSE,FALSE,America/Denver,3
23216,Lakeview Heights,Lakeview Heights,KY,Kentucky,21205,Rowan,38.152,-83.5043,224,615,polygon,FALSE,TRUE,America/New_York,3
23217,Keystone,Keystone,WV,West Virginia,54047,McDowell,37.4158,-81.4463,223,265,polygon,FALSE,TRUE,America/New_York,3
23218,Country Acres,Country Acres,TX,Texas,48409,San Patricio,27.9251,-97.1661,223,771,polygon,FALSE,TRUE,America/Chicago,3
23219,Valle Crucis,Valle Crucis,NC,North Carolina,37189,Watauga,36.2074,-81.786,223,19,polygon,FALSE,FALSE,America/New_York,3
23220,Lignite,Lignite,ND,North Dakota,38013,Burke,48.8772,-102.5645,223,552,polygon,FALSE,TRUE,America/Chicago,3
23221,Riverdale,Riverdale,ND,North Dakota,38055,McLean,47.4976,-101.3661,223,62,polygon,FALSE,TRUE,America/Chicago,3
23222,Harrison,Harrison,NE,Nebraska,31165,Sioux,42.6879,-103.8825,223,281,polygon,FALSE,TRUE,America/Denver,3
23223,Burnside,Burnside,PA,Pennsylvania,42033,Clearfield,40.8133,-78.792,223,51,polygon,FALSE,TRUE,America/New_York,3
23224,Clayville,Clayville,RI,Rhode Island,44007,Providence,41.7734,-71.6854,223,49,polygon,FALSE,FALSE,America/New_York,3
23225,Wachapreague,Wachapreague,VA,Virginia,51001,Accomack,37.6064,-75.6898,223,385,polygon,FALSE,TRUE,America/New_York,3
23226,Sunshine,Sunshine,CO,Colorado,8013,Boulder,40.0636,-105.3696,223,49,polygon,FALSE,FALSE,America/Denver,3
23227,Pineville,Pineville,AR,Arkansas,5065,Izard,36.1612,-92.1065,223,47,polygon,FALSE,TRUE,America/Chicago,3
23228,Owaneco,Owaneco,IL,Illinois,17021,Christian,39.4815,-89.195,223,187,polygon,FALSE,TRUE,America/Chicago,3
23229,Washta,Washta,IA,Iowa,19035,Cherokee,42.5756,-95.7202,223,85,polygon,FALSE,TRUE,America/Chicago,3
23230,Olds,Olds,IA,Iowa,19087,Henry,41.1344,-91.5443,223,247,polygon,FALSE,TRUE,America/Chicago,3
23231,Fostoria,Fostoria,IA,Iowa,19041,Clay,43.243,-95.155,223,210,polygon,FALSE,TRUE,America/Chicago,3
23232,New Providence,New Providence,IA,Iowa,19083,Hardin,42.2813,-93.1716,223,86,polygon,FALSE,TRUE,America/Chicago,3
23233,Marland,Marland,OK,Oklahoma,40103,Noble,36.5611,-97.1529,223,329,polygon,FALSE,TRUE,America/Chicago,3
23234,Harrisville,Harrisville,OH,Ohio,39067,Harrison,40.1814,-80.8868,223,566,polygon,FALSE,TRUE,America/New_York,3
23235,Curryville,Curryville,MO,Missouri,29163,Pike,39.3456,-91.3413,223,314,polygon,FALSE,TRUE,America/Chicago,3
23236,Craig,Craig,MO,Missouri,29087,Holt,40.1924,-95.3742,223,331,polygon,FALSE,TRUE,America/Chicago,3
23237,Medicine Lake,Medicine Lake,MT,Montana,30091,Sheridan,48.5023,-104.5017,223,217,polygon,FALSE,TRUE,America/Denver,3
23238,Oswego,Oswego,SC,South Carolina,45085,Sumter,34.0056,-80.2862,223,71,polygon,FALSE,FALSE,America/New_York,3
23239,Mentor,Mentor,KY,Kentucky,21037,Campbell,38.8902,-84.2484,223,115,polygon,FALSE,TRUE,America/New_York,3
23240,Mackville,Mackville,KY,Kentucky,21229,Washington,37.7355,-85.0701,223,212,polygon,FALSE,TRUE,America/New_York,3
23241,Lostine,Lostine,OR,Oregon,41063,Wallowa,45.4866,-117.4294,223,299,polygon,FALSE,TRUE,America/Los_Angeles,3
23242,Pickstown,Pickstown,SD,South Dakota,46023,Charles Mix,43.0671,-98.5295,223,140,polygon,FALSE,TRUE,America/Chicago,3
23243,Gorst,Gorst,WA,Washington,53035,Kitsap,47.5237,-122.7057,222,138,polygon,FALSE,FALSE,America/Los_Angeles,3
23244,Gypsy,Gypsy,WV,West Virginia,54033,Harrison,39.3648,-80.307,222,110,polygon,FALSE,FALSE,America/New_York,3
23245,Kelford,Kelford,NC,North Carolina,37015,Bertie,36.1813,-77.2243,222,177,polygon,FALSE,TRUE,America/New_York,3
23246,Uehling,Uehling,NE,Nebraska,31053,Dodge,41.7347,-96.5057,222,383,polygon,FALSE,TRUE,America/Chicago,3
23247,Chester,Chester,NE,Nebraska,31169,Thayer,40.0101,-97.6181,222,146,polygon,FALSE,TRUE,America/Chicago,3
23248,Iron City,Iron City,TN,Tennessee,47099,Lawrence,35.0227,-87.5855,222,124,polygon,FALSE,TRUE,America/Chicago,3
23249,Davenport Center,Davenport Center,NY,New York,36025,Delaware,42.4459,-74.9088,222,27,polygon,FALSE,FALSE,America/New_York,3
23250,Mineral,Mineral,IL,Illinois,17011,Bureau,41.3837,-89.8383,222,155,polygon,FALSE,TRUE,America/Chicago,3
23251,Norwood,Norwood,GA,Georgia,13301,Warren,33.4626,-82.7055,222,105,polygon,FALSE,TRUE,America/New_York,3
23252,Dale,Dale,OK,Oklahoma,40125,Pottawatomie,35.3842,-97.0435,222,111,polygon,FALSE,FALSE,America/Chicago,3
23253,Dougherty,Dougherty,OK,Oklahoma,40099,Murray,34.4005,-97.0514,222,228,polygon,FALSE,TRUE,America/Chicago,3
23254,Fort Seneca,Fort Seneca,OH,Ohio,39147,Seneca,41.2042,-83.168,222,136,polygon,FALSE,FALSE,America/New_York,3
23255,Buckland,Buckland,OH,Ohio,39011,Auglaize,40.6235,-84.2599,222,285,polygon,FALSE,TRUE,America/New_York,3
23256,Uniopolis,Uniopolis,OH,Ohio,39011,Auglaize,40.6024,-84.0858,222,322,polygon,FALSE,FALSE,America/New_York,3
23257,Bryce Canyon City,Bryce Canyon City,UT,Utah,49017,Garfield,37.6814,-112.1587,222,25,polygon,FALSE,TRUE,America/Denver,3
23258,De Kalb,De Kalb,MO,Missouri,29021,Buchanan,39.5883,-94.9236,222,336,polygon,FALSE,TRUE,America/Chicago,3
23259,Dudley,Dudley,MO,Missouri,29207,Stoddard,36.7897,-90.0917,222,220,polygon,FALSE,TRUE,America/Chicago,3
23260,Greenwald,Greenwald,MN,Minnesota,27145,Stearns,45.6014,-94.8594,222,120,polygon,FALSE,TRUE,America/Chicago,3
23261,Winger,Winger,MN,Minnesota,27119,Polk,47.5376,-95.9864,222,190,polygon,FALSE,TRUE,America/Chicago,3
23262,Maalaea,Maalaea,HI,Hawaii,15009,Maui,20.8047,-156.4898,221,16,polygon,FALSE,FALSE,Pacific/Honolulu,3
23263,Campbellton,Campbellton,FL,Florida,12063,Jackson,30.9505,-85.4025,221,32,polygon,FALSE,TRUE,America/Chicago,3
23264,Asbury,Asbury,NJ,New Jersey,34041,Warren,40.7003,-75.0121,221,123,polygon,FALSE,FALSE,America/New_York,3
23265,Heflin,Heflin,LA,Louisiana,22119,Webster,32.4565,-93.2683,221,44,polygon,FALSE,TRUE,America/Chicago,3
23266,Copake Hamlet,Copake Hamlet,NY,New York,36021,Columbia,42.1041,-73.5494,221,105,polygon,FALSE,FALSE,America/New_York,3
23267,Peoria,Peoria,CO,Colorado,8005,Arapahoe,39.6649,-104.1456,221,6,polygon,FALSE,FALSE,America/Denver,3
23268,Forbestown,Forbestown,CA,California,6007,Butte,39.53,-121.2689,221,13,polygon,FALSE,FALSE,America/Los_Angeles,3
23269,Smithfield,Smithfield,IL,Illinois,17057,Fulton,40.4744,-90.2951,221,183,polygon,FALSE,TRUE,America/Chicago,3
23270,Lake Ka-Ho,Lake Ka-Ho,IL,Illinois,17117,Macoupin,39.0999,-89.7463,221,300,polygon,FALSE,TRUE,America/Chicago,3
23271,Andersonville,Andersonville,GA,Georgia,13261,Sumter,32.1966,-84.1455,221,61,polygon,FALSE,TRUE,America/New_York,3
23272,White Hills,White Hills,AZ,Arizona,4015,Mohave,35.7242,-114.4004,221,1,polygon,FALSE,FALSE,America/Phoenix,3
23273,North Star,North Star,OH,Ohio,39037,Darke,40.3243,-84.569,221,166,polygon,FALSE,TRUE,America/New_York,3
23274,Hills and Dales,Hills and Dales,OH,Ohio,39151,Stark,40.8292,-81.4439,221,274,polygon,FALSE,TRUE,America/New_York,3
23275,North Lawrence,North Lawrence,OH,Ohio,39151,Stark,40.8417,-81.6347,221,252,polygon,FALSE,FALSE,America/New_York,3
23276,Berger,Berger,MO,Missouri,29071,Franklin,38.6718,-91.3391,221,271,polygon,FALSE,TRUE,America/Chicago,3
23277,Lismore,Lismore,MN,Minnesota,27105,Nobles,43.7491,-95.948,221,244,polygon,FALSE,TRUE,America/Chicago,3
23278,Ruthton,Ruthton,MN,Minnesota,27117,Pipestone,44.1776,-96.1035,221,147,polygon,FALSE,TRUE,America/Chicago,3
23279,Rutledge,Rutledge,MN,Minnesota,27115,Pine,46.257,-92.8696,221,28,polygon,FALSE,TRUE,America/Chicago,3
23280,Wedgewood,Wedgewood,MI,Michigan,26165,Wexford,44.1937,-85.4902,221,136,polygon,FALSE,TRUE,America/Detroit,3
23281,Burdett,Burdett,KS,Kansas,20145,Pawnee,38.1935,-99.5264,221,328,polygon,FALSE,TRUE,America/Chicago,3
23282,Skykomish,Skykomish,WA,Washington,53033,King,47.7104,-121.3584,220,270,polygon,FALSE,TRUE,America/Los_Angeles,3
23283,Highland Park,Highland Park,FL,Florida,12105,Polk,27.8614,-81.5618,220,155,polygon,FALSE,TRUE,America/New_York,3
23284,Moore Station,Moore Station,TX,Texas,48213,Henderson,32.1905,-95.5704,220,67,polygon,FALSE,TRUE,America/Chicago,3
23285,Caney City,Caney City,TX,Texas,48213,Henderson,32.2096,-96.038,220,73,polygon,FALSE,TRUE,America/Chicago,3
23286,Navarro,Navarro,TX,Texas,48349,Navarro,32.0007,-96.3826,220,127,polygon,FALSE,TRUE,America/Chicago,3
23287,Aleknagik,Aleknagik,AK,Alaska,2070,Dillingham,59.2946,-158.6896,220,3,polygon,FALSE,TRUE,America/Anchorage,3
23288,Askewville,Askewville,NC,North Carolina,37015,Bertie,36.1116,-76.9412,220,143,polygon,FALSE,TRUE,America/New_York,3
23289,Lynch,Lynch,NE,Nebraska,31015,Boyd,42.8314,-98.4671,220,159,polygon,FALSE,TRUE,America/Chicago,3
23290,Clatonia,Clatonia,NE,Nebraska,31067,Gage,40.4654,-96.8512,220,306,polygon,FALSE,TRUE,America/Chicago,3
23291,Bransford,Bransford,TN,Tennessee,47165,Sumner,36.5133,-86.2853,220,21,polygon,FALSE,FALSE,America/Chicago,3
23292,Detroit,Detroit,AL,Alabama,1075,Lamar,34.0274,-88.1678,220,64,polygon,FALSE,TRUE,America/Chicago,3
23293,Fredonia,Fredonia,AL,Alabama,1017,Chambers,32.9861,-85.2912,220,7,polygon,FALSE,FALSE,America/Chicago,3
23294,McCook,McCook,IL,Illinois,17031,Cook,41.7959,-87.841,220,32,polygon,FALSE,TRUE,America/Chicago,3
23295,Clear Lake,Clear Lake,IL,Illinois,17167,Sangamon,39.8141,-89.5679,220,923,polygon,FALSE,TRUE,America/Chicago,3
23296,Jewett,Jewett,IL,Illinois,17035,Cumberland,39.2077,-88.2431,220,84,polygon,FALSE,TRUE,America/Chicago,3
23297,Ragsdale,Ragsdale,IN,Indiana,18083,Knox,38.7467,-87.3241,220,38,polygon,FALSE,FALSE,America/Indiana/Vincennes,3
23298,Lineville,Lineville,IA,Iowa,19185,Wayne,40.587,-93.5232,220,94,polygon,FALSE,TRUE,America/Chicago,3
23299,West Amana,West Amana,IA,Iowa,19095,Iowa,41.8082,-91.9652,220,312,polygon,FALSE,FALSE,America/Chicago,3
23300,Goose Lake,Goose Lake,IA,Iowa,19045,Clinton,41.9678,-90.3816,220,269,polygon,FALSE,TRUE,America/Chicago,3
23301,Hanlontown,Hanlontown,IA,Iowa,19195,Worth,43.2809,-93.3789,220,87,polygon,FALSE,TRUE,America/Chicago,3
23302,Gratiot,Gratiot,OH,Ohio,39089,Licking,39.9515,-82.2167,220,631,polygon,FALSE,TRUE,America/New_York,3
23303,Garden,Garden,UT,Utah,49033,Rich,41.8866,-111.4328,220,3,polygon,FALSE,FALSE,America/Denver,3
23304,Hanksville,Hanksville,UT,Utah,49055,Wayne,38.3724,-110.7138,220,50,polygon,FALSE,TRUE,America/Denver,3
23305,Climax Springs,Climax Springs,MO,Missouri,29029,Camden,38.1004,-93.0528,220,105,polygon,FALSE,FALSE,America/Chicago,3
23306,Meta,Meta,MO,Missouri,29151,Osage,38.3123,-92.1657,220,245,polygon,FALSE,TRUE,America/Chicago,3
23307,Inger,Inger,MN,Minnesota,27061,Itasca,47.558,-93.9794,220,45,polygon,FALSE,FALSE,America/Chicago,3
23308,Bath,Bath,SD,South Dakota,46013,Brown,45.4692,-98.3236,220,291,polygon,FALSE,FALSE,America/Chicago,3
23309,Mineral,Mineral,WA,Washington,53041,Lewis,46.7193,-122.1859,219,127,polygon,FALSE,FALSE,America/Los_Angeles,3
23310,Rachel,Rachel,WV,West Virginia,54049,Marion,39.5207,-80.2997,219,247,polygon,FALSE,FALSE,America/New_York,3
23311,Ute Park,Ute Park,NM,New Mexico,35007,Colfax,36.5467,-105.1038,219,24,polygon,FALSE,FALSE,America/Denver,3
23312,Fisher,Fisher,LA,Louisiana,22085,Sabine,31.4934,-93.4597,219,137,polygon,FALSE,TRUE,America/Chicago,3
23313,Calvin,Calvin,LA,Louisiana,22127,Winn,31.9617,-92.7758,219,36,polygon,FALSE,TRUE,America/Chicago,3
23314,Thedford,Thedford,NE,Nebraska,31171,Thomas,41.9789,-100.5747,219,351,polygon,FALSE,TRUE,America/Chicago,3
23315,Sumner,Sumner,NE,Nebraska,31047,Dawson,40.949,-99.5081,219,286,polygon,FALSE,TRUE,America/Chicago,3
23316,Bladen,Bladen,NE,Nebraska,31181,Webster,40.3233,-98.596,219,235,polygon,FALSE,TRUE,America/Chicago,3
23317,Landisburg,Landisburg,PA,Pennsylvania,42099,Perry,40.343,-77.306,219,1215,polygon,FALSE,TRUE,America/New_York,3
23318,Dillon Beach,Dillon Beach,CA,California,6041,Marin,38.2436,-122.956,219,28,polygon,FALSE,FALSE,America/Los_Angeles,3
23319,Delta,Delta,AL,Alabama,1027,Clay,33.447,-85.6746,219,10,polygon,FALSE,FALSE,America/Chicago,3
23320,Gorham,Gorham,IL,Illinois,17077,Jackson,37.7151,-89.4831,219,69,polygon,FALSE,TRUE,America/Chicago,3
23321,Sweetwater,Sweetwater,ID,Idaho,16069,Nez Perce,46.3676,-116.7975,219,70,polygon,FALSE,FALSE,America/Los_Angeles,3
23322,Deseret,Deseret,UT,Utah,49027,Millard,39.2876,-112.6512,219,27,polygon,FALSE,FALSE,America/Denver,3
23323,Houstonia,Houstonia,MO,Missouri,29159,Pettis,38.8993,-93.3594,219,427,polygon,FALSE,TRUE,America/Chicago,3
23324,Preston,Preston,MO,Missouri,29085,Hickory,37.941,-93.2127,219,112,polygon,FALSE,TRUE,America/Chicago,3
23325,Wahkon,Wahkon,MN,Minnesota,27095,Mille Lacs,46.1206,-93.5223,219,88,polygon,FALSE,TRUE,America/Chicago,3
23326,Gilman,Gilman,MN,Minnesota,27009,Benton,45.7353,-93.9483,219,173,polygon,FALSE,TRUE,America/Chicago,3
23327,Gibson Flats,Gibson Flats,MT,Montana,30013,Cascade,47.465,-111.243,219,28,polygon,FALSE,FALSE,America/Denver,3
23328,Stuckey,Stuckey,SC,South Carolina,45089,Williamsburg,33.7322,-79.5132,219,90,polygon,FALSE,TRUE,America/New_York,3
23329,Douglassville,Douglassville,TX,Texas,48067,Cass,33.1917,-94.3519,218,13,polygon,FALSE,TRUE,America/Chicago,3
23330,Iglesia Antigua,Iglesia Antigua,TX,Texas,48061,Cameron,26.0749,-97.8342,218,39,polygon,FALSE,TRUE,America/Chicago,3
23331,Clarksville,Clarksville,PA,Pennsylvania,42059,Greene,39.9745,-80.044,218,865,polygon,FALSE,TRUE,America/New_York,3
23332,Surry,Surry,VA,Virginia,51181,Surry,37.1371,-76.8333,218,101,polygon,FALSE,TRUE,America/New_York,3
23333,Rollinsville,Rollinsville,CO,Colorado,8047,Gilpin,39.9232,-105.5136,218,59,polygon,FALSE,FALSE,America/Denver,3
23334,Swall Meadows,Swall Meadows,CA,California,6051,Mono,37.5061,-118.6426,218,18,polygon,FALSE,TRUE,America/Los_Angeles,3
23335,Abanda,Abanda,AL,Alabama,1017,Chambers,33.0926,-85.5253,218,28,polygon,FALSE,FALSE,America/Chicago,3
23336,Wabbaseka,Wabbaseka,AR,Arkansas,5069,Jefferson,34.3591,-91.7926,218,244,polygon,FALSE,TRUE,America/Chicago,3
23337,Fieldon,Fieldon,IL,Illinois,17083,Jersey,39.1088,-90.4996,218,415,polygon,FALSE,TRUE,America/Chicago,3
23338,Merom,Merom,IN,Indiana,18153,Sullivan,39.056,-87.5672,218,236,polygon,FALSE,TRUE,America/Indiana/Indianapolis,3
23339,Stinesville,Stinesville,IN,Indiana,18105,Monroe,39.2999,-86.6498,218,719,polygon,FALSE,TRUE,America/Indiana/Indianapolis,3
23340,Jamaica,Jamaica,IA,Iowa,19077,Guthrie,41.8452,-94.307,218,184,polygon,FALSE,TRUE,America/Chicago,3
23341,Hornick,Hornick,IA,Iowa,19193,Woodbury,42.2305,-96.0971,218,332,polygon,FALSE,TRUE,America/Chicago,3
23342,Wet Camp Village,Wet Camp Village,AZ,Arizona,4021,Pinal,33.1413,-111.9004,218,19,polygon,FALSE,TRUE,America/Phoenix,3
23343,Tumacacori-Carmen,Tumacacori-Carmen,AZ,Arizona,4023,Santa Cruz,31.5771,-111.0469,218,42,polygon,FALSE,TRUE,America/Phoenix,3
23344,Donnelly,Donnelly,ID,Idaho,16085,Valley,44.7354,-116.0789,218,115,polygon,FALSE,TRUE,America/Boise,3
23345,Connorville,Connorville,OH,Ohio,39081,Jefferson,40.1938,-80.7176,218,201,polygon,FALSE,FALSE,America/New_York,3
23346,Valley Hi,Valley Hi,OH,Ohio,39091,Logan,40.3163,-83.6759,218,136,polygon,FALSE,TRUE,America/New_York,3
23347,Belle Valley,Belle Valley,OH,Ohio,39121,Noble,39.7888,-81.5564,218,206,polygon,FALSE,TRUE,America/New_York,3
23348,Bates City,Bates City,MO,Missouri,29107,Lafayette,39.0047,-94.0659,218,77,polygon,FALSE,TRUE,America/Chicago,3
23349,Posen,Posen,MI,Michigan,26141,Presque Isle,45.2623,-83.6989,218,84,polygon,FALSE,TRUE,America/Detroit,3
23350,Olsburg,Olsburg,KS,Kansas,20149,Pottawatomie,39.4319,-96.6148,218,454,polygon,FALSE,TRUE,America/Chicago,3
23351,Rollins,Rollins,MT,Montana,30047,Lake,47.9106,-114.1948,218,29,polygon,FALSE,FALSE,America/Denver,3
23352,Furman,Furman,SC,South Carolina,45049,Hampton,32.6812,-81.1877,218,26,polygon,FALSE,TRUE,America/New_York,3
23353,Oakland,Oakland,KY,Kentucky,21227,Warren,37.0467,-86.2506,218,60,polygon,FALSE,TRUE,America/Chicago,3
23354,Cusick,Cusick,WA,Washington,53051,Pend Oreille,48.3333,-117.2944,217,162,polygon,FALSE,TRUE,America/Los_Angeles,3
23355,Caroline,Caroline,WI,Wisconsin,55115,Shawano,44.722,-88.8948,217,70,polygon,FALSE,FALSE,America/Chicago,3
23356,Pointe a la Hache,Pointe a la Hache,LA,Louisiana,22075,Plaquemines,29.5737,-89.7808,217,47,polygon,FALSE,FALSE,America/Chicago,3
23357,Zap,Zap,ND,North Dakota,38057,Mercer,47.2847,-101.9233,217,82,polygon,FALSE,TRUE,America/North_Dakota/Beulah,3
23358,Russell,Russell,AR,Arkansas,5145,White,35.3621,-91.5101,217,403,polygon,FALSE,TRUE,America/Chicago,3
23359,Cushing,Cushing,IA,Iowa,19193,Woodbury,42.465,-95.6757,217,260,polygon,FALSE,TRUE,America/Chicago,3
23360,Kenefic,Kenefic,OK,Oklahoma,40013,Bryan,34.1501,-96.3642,217,85,polygon,FALSE,TRUE,America/Chicago,3
23361,Jet,Jet,OK,Oklahoma,40003,Alfalfa,36.6664,-98.1814,217,268,polygon,FALSE,TRUE,America/Chicago,3
23362,Lakeline,Lakeline,OH,Ohio,39085,Lake,41.6596,-81.4543,217,955,polygon,FALSE,TRUE,America/New_York,3
23363,Stotts City,Stotts City,MO,Missouri,29109,Lawrence,37.1018,-93.9483,217,163,polygon,FALSE,TRUE,America/Chicago,3
23364,Mendota,Mendota,MN,Minnesota,27037,Dakota,44.8877,-93.1607,217,327,polygon,FALSE,TRUE,America/Chicago,3
23365,Tustin,Tustin,MI,Michigan,26133,Osceola,44.1009,-85.4589,217,216,polygon,FALSE,TRUE,America/Detroit,3
23366,Munjor,Munjor,KS,Kansas,20051,Ellis,38.8089,-99.2674,217,36,polygon,FALSE,FALSE,America/Chicago,3
23367,West Havre,West Havre,MT,Montana,30041,Hill,48.5471,-109.7309,217,44,polygon,FALSE,FALSE,America/Denver,3
23368,Water Valley,Water Valley,KY,Kentucky,21083,Graves,36.5687,-88.8101,217,156,polygon,FALSE,FALSE,America/Chicago,3
23369,Black Butte Ranch,Black Butte Ranch,OR,Oregon,41017,Deschutes,44.3577,-121.6588,217,10,polygon,FALSE,FALSE,America/Los_Angeles,3
23370,Delmont,Delmont,SD,South Dakota,46043,Douglas,43.2666,-98.1592,217,109,polygon,FALSE,TRUE,America/Chicago,3
23371,Ardencroft,Ardencroft,DE,Delaware,10003,New Castle,39.8056,-75.4862,216,952,polygon,FALSE,TRUE,America/New_York,3
23372,Rockdale,Rockdale,WI,Wisconsin,55025,Dane,42.9717,-89.0318,216,296,polygon,FALSE,TRUE,America/Chicago,3
23373,Cable,Cable,WI,Wisconsin,55007,Bayfield,46.2013,-91.2933,216,79,polygon,FALSE,FALSE,America/Chicago,3
23374,Mount Hope,Mount Hope,WI,Wisconsin,55043,Grant,42.9697,-90.8596,216,301,polygon,FALSE,TRUE,America/Chicago,3
23375,Union,Union,NH,New Hampshire,33003,Carroll,43.4912,-71.0231,216,268,polygon,FALSE,FALSE,America/New_York,3
23376,Seven Devils,Seven Devils,NC,North Carolina,37011,Avery,36.1493,-81.8114,216,36,polygon,FALSE,TRUE,America/New_York,3
23377,Calpine,Calpine,CA,California,6091,Sierra,39.6633,-120.4436,216,117,polygon,FALSE,FALSE,America/Los_Angeles,3
23378,Volta,Volta,CA,California,6047,Merced,37.0875,-120.9235,216,19,polygon,FALSE,FALSE,America/Los_Angeles,3
23379,Wellington,Wellington,IL,Illinois,17075,Iroquois,40.5411,-87.6799,216,351,polygon,FALSE,TRUE,America/Chicago,3
23380,Riley,Riley,IN,Indiana,18167,Vigo,39.3897,-87.3002,216,930,polygon,FALSE,TRUE,America/Indiana/Indianapolis,3
23381,Shamrock Lakes,Shamrock Lakes,IN,Indiana,18009,Blackford,40.4117,-85.4261,216,316,polygon,FALSE,TRUE,America/Indiana/Indianapolis,3
23382,Cleghorn,Cleghorn,IA,Iowa,19035,Cherokee,42.8125,-95.7127,216,370,polygon,FALSE,TRUE,America/Chicago,3
23383,So-Hi,So-Hi,AZ,Arizona,4015,Mohave,35.2527,-114.1416,216,95,polygon,FALSE,TRUE,America/Phoenix,3
23384,Harrison,Harrison,ID,Idaho,16055,Kootenai,47.4674,-116.8033,216,23,polygon,FALSE,TRUE,America/Los_Angeles,3
23385,Mashantucket,Mashantucket,CT,Connecticut,9011,New London,41.4645,-71.9746,216,32,polygon,FALSE,TRUE,America/New_York,3
23386,Bloomington,Bloomington,MD,Maryland,24023,Garrett,39.4794,-79.0769,216,134,polygon,FALSE,FALSE,America/New_York,3
23387,Jesterville,Jesterville,MD,Maryland,24045,Wicomico,38.2897,-75.8928,216,52,polygon,FALSE,FALSE,America/New_York,3
23388,Ludlow Falls,Ludlow Falls,OH,Ohio,39109,Miami,39.9981,-84.3392,216,467,polygon,FALSE,TRUE,America/New_York,3
23389,Trinway,Trinway,OH,Ohio,39119,Muskingum,40.1376,-82.0119,216,297,polygon,FALSE,FALSE,America/New_York,3
23390,Hollansburg,Hollansburg,OH,Ohio,39037,Darke,39.9986,-84.7927,216,689,polygon,FALSE,TRUE,America/New_York,3
23391,Scotsdale,Scotsdale,MO,Missouri,29099,Jefferson,38.3917,-90.5907,216,143,polygon,FALSE,TRUE,America/Chicago,3
23392,Currie,Currie,MN,Minnesota,27101,Murray,44.0704,-95.6668,216,151,polygon,FALSE,TRUE,America/Chicago,3
23393,Ford,Ford,KS,Kansas,20057,Ford,37.6366,-99.7538,216,197,polygon,FALSE,TRUE,America/Chicago,3
23394,Virginia City,Virginia City,MT,Montana,30057,Madison,45.2962,-111.9369,216,87,polygon,FALSE,TRUE,America/Denver,3
23395,Hecla,Hecla,SD,South Dakota,46013,Brown,45.8822,-98.152,216,242,polygon,FALSE,TRUE,America/Chicago,3
23396,Wilson Creek,Wilson Creek,WA,Washington,53025,Grant,47.4231,-119.1176,215,85,polygon,FALSE,TRUE,America/Los_Angeles,3
23397,Weyerhaeuser,Weyerhaeuser,WI,Wisconsin,55107,Rusk,45.4251,-91.4145,215,88,polygon,FALSE,TRUE,America/Chicago,3
23398,Melvin Village,Melvin Village,NH,New Hampshire,33003,Carroll,43.6894,-71.3033,215,92,polygon,FALSE,FALSE,America/New_York,3
23399,Hebron,Hebron,TX,Texas,48121,Denton,33.0437,-96.8794,215,134,polygon,FALSE,TRUE,America/Chicago,3
23400,Old Harbor,Old Harbor,AK,Alaska,2150,Kodiak Island,57.2169,-153.3252,215,5,polygon,FALSE,TRUE,America/Anchorage,3
23401,Three Mile Bay,Three Mile Bay,NY,New York,36045,Jefferson,44.0829,-76.1983,215,336,polygon,FALSE,FALSE,America/New_York,3
23402,Yorktown,Yorktown,VA,Virginia,51199,York,37.2352,-76.5146,215,131,polygon,FALSE,FALSE,America/New_York,3
23403,Waukena,Waukena,CA,California,6107,Tulare,36.1361,-119.511,215,88,polygon,FALSE,FALSE,America/Los_Angeles,3
23404,Hornbrook,Hornbrook,CA,California,6093,Siskiyou,41.9079,-122.5596,215,71,polygon,FALSE,FALSE,America/Los_Angeles,3
23405,McIntosh,McIntosh,AL,Alabama,1129,Washington,31.2649,-88.0284,215,83,polygon,FALSE,TRUE,America/Chicago,3
23406,Gantt,Gantt,AL,Alabama,1039,Covington,31.4092,-86.4842,215,127,polygon,FALSE,TRUE,America/Chicago,3
23407,Oden,Oden,AR,Arkansas,5097,Montgomery,34.6215,-93.7862,215,101,polygon,FALSE,TRUE,America/Chicago,3
23408,Williamson,Williamson,IL,Illinois,17119,Madison,38.9873,-89.7644,215,54,polygon,FALSE,TRUE,America/Chicago,3
23409,Avalon,Avalon,GA,Georgia,13257,Stephens,34.5027,-83.1967,215,46,polygon,FALSE,TRUE,America/New_York,3
23410,Grand River,Grand River,IA,Iowa,19053,Decatur,40.819,-93.9634,215,399,polygon,FALSE,TRUE,America/Chicago,3
23411,Rockford,Rockford,ID,Idaho,16011,Bingham,43.1892,-112.5306,215,74,polygon,FALSE,FALSE,America/Boise,3
23412,Jenera,Jenera,OH,Ohio,39063,Hancock,40.8995,-83.7271,215,307,polygon,FALSE,TRUE,America/New_York,3
23413,Roswell,Roswell,OH,Ohio,39157,Tuscarawas,40.4759,-81.348,215,316,polygon,FALSE,TRUE,America/New_York,3
23414,Asbury,Asbury,MO,Missouri,29097,Jasper,37.2729,-94.6052,215,227,polygon,FALSE,TRUE,America/Chicago,3
23415,Gasconade,Gasconade,MO,Missouri,29073,Gasconade,38.6702,-91.5599,215,409,polygon,FALSE,TRUE,America/Chicago,3
23416,Paxico,Paxico,KS,Kansas,20197,Wabaunsee,39.0689,-96.167,215,573,polygon,FALSE,TRUE,America/Chicago,3
23417,Livingston,Livingston,KY,Kentucky,21203,Rockcastle,37.298,-84.2157,215,265,polygon,FALSE,TRUE,America/New_York,3
23418,South Shore,South Shore,SD,South Dakota,46029,Codington,45.1016,-96.93,215,59,polygon,FALSE,TRUE,America/Chicago,3
23419,Elderon,Elderon,WI,Wisconsin,55073,Marathon,44.7843,-89.248,214,73,polygon,FALSE,TRUE,America/Chicago,3
23420,Sheldon,Sheldon,WI,Wisconsin,55107,Rusk,45.3119,-90.9567,214,124,polygon,FALSE,TRUE,America/Chicago,3
23421,Hambleton,Hambleton,WV,West Virginia,54093,Tucker,39.0813,-79.6453,214,600,polygon,FALSE,TRUE,America/New_York,3
23422,Young Place,Young Place,NM,New Mexico,35045,San Juan,36.9934,-107.4931,214,48,polygon,FALSE,FALSE,America/Denver,3
23423,Bonanza Mountain Estates,Bonanza Mountain Estates,CO,Colorado,8013,Boulder,39.9768,-105.4797,214,490,polygon,FALSE,FALSE,America/Denver,3
23424,Beckwourth,Beckwourth,CA,California,6063,Plumas,39.8485,-120.4111,214,7,polygon,FALSE,FALSE,America/Los_Angeles,3
23425,Coffee Springs,Coffee Springs,AL,Alabama,1061,Geneva,31.1664,-85.9102,214,105,polygon,FALSE,TRUE,America/Chicago,3
23426,Long Point,Long Point,IL,Illinois,17105,Livingston,41.0054,-88.893,214,446,polygon,FALSE,TRUE,America/Chicago,3
23427,New Burnside,New Burnside,IL,Illinois,17087,Johnson,37.5786,-88.7726,214,79,polygon,FALSE,TRUE,America/Chicago,3
23428,Meansville,Meansville,GA,Georgia,13231,Pike,33.0508,-84.3083,214,164,polygon,FALSE,TRUE,America/New_York,3
23429,Thurman,Thurman,IA,Iowa,19071,Fremont,40.8202,-95.7488,214,148,polygon,FALSE,TRUE,America/Chicago,3
23430,Florida,Florida,OH,Ohio,39069,Henry,41.3237,-84.2004,214,367,polygon,FALSE,TRUE,America/New_York,3
23431,Dennison,Dennison,MN,Minnesota,27049,Goodhue,44.4088,-93.0303,214,65,polygon,FALSE,TRUE,America/Chicago,3
23432,Finland,Finland,MN,Minnesota,27075,Lake,47.435,-91.2683,214,15,polygon,FALSE,FALSE,America/Chicago,3
23433,Bluffton,Bluffton,MN,Minnesota,27111,Otter Tail,46.4696,-95.2337,214,30,polygon,FALSE,TRUE,America/Chicago,3
23434,Maxville,Maxville,MT,Montana,30039,Granite,46.476,-113.2355,214,11,polygon,FALSE,FALSE,America/Denver,3
23435,Mantee,Mantee,MS,Mississippi,28155,Webster,33.7226,-89.0597,214,18,polygon,FALSE,TRUE,America/Chicago,3
23436,Mellette,Mellette,SD,South Dakota,46115,Spink,45.1544,-98.4983,214,322,polygon,FALSE,TRUE,America/Chicago,3
23437,Deer Park,Deer Park,WI,Wisconsin,55109,St. Croix,45.1885,-92.3878,213,89,polygon,FALSE,TRUE,America/Chicago,3
23438,Frontier,Frontier,ND,North Dakota,38017,Cass,46.8002,-96.8332,213,437,polygon,FALSE,TRUE,America/Chicago,3
23439,Carroll,Carroll,NE,Nebraska,31179,Wayne,42.2758,-97.1908,213,539,polygon,FALSE,TRUE,America/Chicago,3
23440,Garland,Garland,NE,Nebraska,31159,Seward,40.9446,-96.9855,213,490,polygon,FALSE,TRUE,America/Chicago,3
23441,McDermitt,McDermitt,NV,Nevada,32013,Humboldt,41.9909,-117.7044,213,25,polygon,FALSE,FALSE,America/Los_Angeles,3
23442,Phenix,Phenix,VA,Virginia,51037,Charlotte,37.0811,-78.7485,213,71,polygon,FALSE,TRUE,America/New_York,3
23443,Seibert,Seibert,CO,Colorado,8063,Kit Carson,39.298,-102.8695,213,239,polygon,FALSE,TRUE,America/Denver,3
23444,Olancha,Olancha,CA,California,6027,Inyo,36.2704,-118.0015,213,10,polygon,FALSE,FALSE,America/Los_Angeles,3
23445,Fisher,Fisher,AR,Arkansas,5111,Poinsett,35.4915,-90.9725,213,271,polygon,FALSE,TRUE,America/Chicago,3
23446,Bryant,Bryant,IL,Illinois,17057,Fulton,40.4655,-90.0948,213,332,polygon,FALSE,TRUE,America/Chicago,3
23447,Straughn,Straughn,IN,Indiana,18065,Henry,39.8083,-85.2909,213,584,polygon,FALSE,TRUE,America/Indiana/Indianapolis,3
23448,Drowning Creek,Drowning Creek,OK,Oklahoma,40041,Delaware,36.4778,-94.8942,213,92,polygon,FALSE,TRUE,America/Chicago,3
23449,Tiawah,Tiawah,OK,Oklahoma,40131,Rogers,36.2483,-95.5362,213,20,polygon,FALSE,FALSE,America/Chicago,3
23450,East Rochester,East Rochester,OH,Ohio,39029,Columbiana,40.7495,-81.04,213,192,polygon,FALSE,FALSE,America/New_York,3
23451,Napoleon,Napoleon,MO,Missouri,29107,Lafayette,39.1293,-94.0857,213,47,polygon,FALSE,TRUE,America/Chicago,3
23452,Northrop,Northrop,MN,Minnesota,27091,Martin,43.7359,-94.4367,213,629,polygon,FALSE,TRUE,America/Chicago,3
23453,Homer,Homer,MN,Minnesota,27169,Winona,44.0084,-91.5601,213,69,polygon,FALSE,FALSE,America/Chicago,3
23454,Bay Center,Bay Center,WA,Washington,53049,Pacific,46.6211,-123.9533,212,86,polygon,FALSE,FALSE,America/Los_Angeles,3
23455,Curtiss,Curtiss,WI,Wisconsin,55019,Clark,44.9521,-90.435,212,119,polygon,FALSE,TRUE,America/Chicago,3
23456,Houlton,Houlton,WI,Wisconsin,55109,St. Croix,45.0607,-92.7903,212,57,polygon,FALSE,FALSE,America/Chicago,3
23457,Elk Garden,Elk Garden,WV,West Virginia,54057,Mineral,39.3862,-79.1556,212,317,polygon,FALSE,TRUE,America/New_York,3
23458,Maxwell,Maxwell,NM,New Mexico,35007,Colfax,36.5411,-104.5431,212,172,polygon,FALSE,TRUE,America/Denver,3
23459,Nanwalek,Nanwalek,AK,Alaska,2122,Kenai Peninsula,59.3302,-151.911,212,9,polygon,FALSE,FALSE,America/Anchorage,3
23460,Roxobel,Roxobel,NC,North Carolina,37015,Bertie,36.2015,-77.2398,212,78,polygon,FALSE,TRUE,America/New_York,3
23461,Nehawka,Nehawka,NE,Nebraska,31025,Cass,40.8295,-95.9901,212,361,polygon,FALSE,TRUE,America/Chicago,3
23462,Gresham,Gresham,NE,Nebraska,31185,York,41.0284,-97.4011,212,303,polygon,FALSE,TRUE,America/Chicago,3
23463,New Suffolk,New Suffolk,NY,New York,36103,Suffolk,40.9961,-72.4767,212,147,polygon,FALSE,FALSE,America/New_York,3
23464,Iola,Iola,PA,Pennsylvania,42037,Columbia,41.1319,-76.5305,212,301,polygon,FALSE,FALSE,America/New_York,3
23465,Shanksville,Shanksville,PA,Pennsylvania,42111,Somerset,40.0173,-78.9069,212,414,polygon,FALSE,TRUE,America/New_York,3
23466,Larkspur,Larkspur,CO,Colorado,8035,Douglas,39.2318,-104.892,212,51,polygon,FALSE,TRUE,America/Denver,3
23467,Tillar,Tillar,AR,Arkansas,5043,Drew,33.7109,-91.4517,212,104,polygon,FALSE,TRUE,America/Chicago,3
23468,St. Charles,St. Charles,AR,Arkansas,5001,Arkansas,34.3732,-91.1373,212,91,polygon,FALSE,TRUE,America/Chicago,3
23469,Danville,Danville,GA,Georgia,13289,Twiggs,32.606,-83.246,212,103,polygon,FALSE,TRUE,America/New_York,3
23470,Montrose,Montrose,GA,Georgia,13175,Laurens,32.5595,-83.1535,212,50,polygon,FALSE,TRUE,America/New_York,3
23471,Stout,Stout,IA,Iowa,19075,Grundy,42.527,-92.7116,212,280,polygon,FALSE,TRUE,America/Chicago,3
23472,Aline,Aline,OK,Oklahoma,40003,Alfalfa,36.5096,-98.4486,212,311,polygon,FALSE,TRUE,America/Chicago,3
23473,Parral,Parral,OH,Ohio,39157,Tuscarawas,40.5609,-81.495,212,454,polygon,FALSE,TRUE,America/New_York,3
23474,Woodruff,Woodruff,UT,Utah,49033,Rich,41.5212,-111.1639,212,113,polygon,FALSE,TRUE,America/Denver,3
23475,Mayview,Mayview,MO,Missouri,29107,Lafayette,39.0527,-93.8327,212,523,polygon,FALSE,TRUE,America/Chicago,3
23476,Beardsley,Beardsley,MN,Minnesota,27011,Big Stone,45.5577,-96.7139,212,174,polygon,FALSE,TRUE,America/Chicago,3
23477,Stanwood,Stanwood,MI,Michigan,26107,Mecosta,43.5805,-85.4481,212,337,polygon,FALSE,TRUE,America/Detroit,3
23478,Bassfield,Bassfield,MS,Mississippi,28065,Jefferson Davis,31.4959,-89.7449,212,81,polygon,FALSE,TRUE,America/Chicago,3
23479,Reliance,Reliance,SD,South Dakota,46085,Lyman,43.88,-99.6018,212,75,polygon,FALSE,TRUE,America/Chicago,3
23480,Index,Index,WA,Washington,53061,Snohomish,47.8212,-121.5562,211,354,polygon,FALSE,TRUE,America/Los_Angeles,3
23481,Dixie,Dixie,WA,Washington,53071,Walla Walla,46.1392,-118.148,211,150,polygon,FALSE,FALSE,America/Los_Angeles,3
23482,Diamond Beach,Diamond Beach,NJ,New Jersey,34009,Cape May,38.9587,-74.852,211,488,polygon,FALSE,FALSE,America/New_York,3
23483,Roy,Roy,NM,New Mexico,35021,Harding,35.9451,-104.1963,211,39,polygon,FALSE,TRUE,America/Denver,3
23484,Hanover,Hanover,NM,New Mexico,35017,Grant,32.8149,-108.0897,211,58,polygon,FALSE,FALSE,America/Denver,3
23485,Hazelton,Hazelton,ND,North Dakota,38029,Emmons,46.4858,-100.2811,211,212,polygon,FALSE,TRUE,America/Chicago,3
23486,Kansas,Kansas,AL,Alabama,1127,Walker,33.9029,-87.5568,211,80,polygon,FALSE,TRUE,America/Chicago,3
23487,Magness,Magness,AR,Arkansas,5063,Independence,35.703,-91.4821,211,132,polygon,FALSE,TRUE,America/Chicago,3
23488,Radom,Radom,IL,Illinois,17189,Washington,38.2798,-89.1921,211,77,polygon,FALSE,TRUE,America/Chicago,3
23489,Harvel,Harvel,IL,Illinois,17135,Montgomery,39.3577,-89.5323,211,112,polygon,FALSE,TRUE,America/Chicago,3
23490,Wyaconda,Wyaconda,MO,Missouri,29045,Clark,40.3921,-91.9261,211,126,polygon,FALSE,TRUE,America/Chicago,3
23491,Cross Timbers,Cross Timbers,MO,Missouri,29085,Hickory,38.0242,-93.2294,211,182,polygon,FALSE,TRUE,America/Chicago,3
23492,Grygla,Grygla,MN,Minnesota,27089,Marshall,48.2996,-95.624,211,140,polygon,FALSE,TRUE,America/Chicago,3
23493,Hitterdal,Hitterdal,MN,Minnesota,27027,Clay,46.9778,-96.2584,211,95,polygon,FALSE,TRUE,America/Chicago,3
23494,Garden,Garden,MI,Michigan,26041,Delta,45.773,-86.5529,211,98,polygon,FALSE,TRUE,America/Detroit,3
23495,Selden,Selden,KS,Kansas,20179,Sheridan,39.5417,-100.5669,211,268,polygon,FALSE,TRUE,America/Chicago,3
23496,Shiloh,Shiloh,SC,South Carolina,45085,Sumter,33.9461,-80.0208,211,8,polygon,FALSE,FALSE,America/New_York,3
23497,Tulare,Tulare,SD,South Dakota,46115,Spink,44.7382,-98.5089,211,318,polygon,FALSE,TRUE,America/Chicago,3
23498,Pentress,Pentress,WV,West Virginia,54061,Monongalia,39.7101,-80.1685,210,133,polygon,FALSE,FALSE,America/New_York,3
23499,Huttonsville,Huttonsville,WV,West Virginia,54083,Randolph,38.7138,-79.9766,210,267,polygon,FALSE,TRUE,America/New_York,3
23500,E. Lopez,E. Lopez,TX,Texas,48427,Starr,26.3087,-98.6378,210,3922,polygon,FALSE,TRUE,America/Chicago,2
23501,Mobile City,Mobile City,TX,Texas,48397,Rockwall,32.9228,-96.4111,210,5377,polygon,FALSE,TRUE,America/Chicago,2
23502,McNary,McNary,LA,Louisiana,22079,Rapides,30.9895,-92.5794,210,44,polygon,FALSE,TRUE,America/Chicago,3
23503,Mesic,Mesic,NC,North Carolina,37137,Pamlico,35.2034,-76.645,210,78,polygon,FALSE,TRUE,America/New_York,3
23504,Aneta,Aneta,ND,North Dakota,38063,Nelson,47.6795,-97.9897,210,81,polygon,FALSE,TRUE,America/Chicago,3
23505,Sylvania,Sylvania,PA,Pennsylvania,42015,Bradford,41.8029,-76.8607,210,72,polygon,FALSE,TRUE,America/New_York,3
23506,Ehrenfeld,Ehrenfeld,PA,Pennsylvania,42021,Cambria,40.3743,-78.7761,210,187,polygon,FALSE,TRUE,America/New_York,3
23507,Ashville,Ashville,PA,Pennsylvania,42021,Cambria,40.5601,-78.5472,210,453,polygon,FALSE,TRUE,America/New_York,3
23508,Three Rocks,Three Rocks,CA,California,6019,Fresno,36.5051,-120.3936,210,108,polygon,FALSE,FALSE,America/Los_Angeles,3
23509,Vina,Vina,CA,California,6103,Tehama,39.9343,-122.0518,210,59,polygon,FALSE,FALSE,America/Los_Angeles,3
23510,Winterhaven,Winterhaven,CA,California,6025,Imperial,32.7372,-114.6378,210,332,polygon,FALSE,FALSE,America/Phoenix,3
23511,Daviston,Daviston,AL,Alabama,1123,Tallapoosa,33.0556,-85.6371,210,8,polygon,FALSE,TRUE,America/Chicago,3
23512,Alsey,Alsey,IL,Illinois,17171,Scott,39.5593,-90.4329,210,147,polygon,FALSE,TRUE,America/Chicago,3
23513,Colp,Colp,IL,Illinois,17199,Williamson,37.8073,-89.0786,210,604,polygon,FALSE,TRUE,America/Chicago,3
23514,Ollie,Ollie,IA,Iowa,19107,Keokuk,41.1991,-92.0923,210,81,polygon,FALSE,TRUE,America/Chicago,3
23515,Joice,Joice,IA,Iowa,19195,Worth,43.3648,-93.4581,210,81,polygon,FALSE,TRUE,America/Chicago,3
23516,Dripping Springs,Dripping Springs,AZ,Arizona,4007,Gila,33.105,-110.7551,210,12,polygon,FALSE,TRUE,America/Phoenix,3
23517,Hardesty,Hardesty,OK,Oklahoma,40139,Texas,36.6147,-101.1936,210,363,polygon,FALSE,TRUE,America/Chicago,3
23518,Vinton,Vinton,OH,Ohio,39053,Gallia,38.9776,-82.3374,210,68,polygon,FALSE,TRUE,America/New_York,3
23519,Twin Lakes,Twin Lakes,MN,Minnesota,27087,Mahnomen,47.2261,-95.6555,210,30,polygon,FALSE,TRUE,America/Chicago,3
23520,Herron,Herron,MT,Montana,30041,Hill,48.5341,-109.7718,210,17,polygon,FALSE,FALSE,America/Denver,3
23521,La Carla,La Carla,TX,Texas,48427,Starr,26.4354,-98.7406,209,1126,polygon,FALSE,TRUE,America/Chicago,3
23522,Coyanosa,Coyanosa,TX,Texas,48371,Pecos,31.2409,-103.065,209,374,polygon,FALSE,FALSE,America/Chicago,3
23523,Cameron,Cameron,LA,Louisiana,22023,Cameron,29.787,-93.2925,209,7,polygon,FALSE,FALSE,America/Chicago,3
23524,Atmautluak,Atmautluak,AK,Alaska,2050,Bethel,60.8622,-162.2858,209,133,polygon,FALSE,FALSE,America/Nome,3
23525,Harding-Birch Lakes,Harding-Birch Lakes,AK,Alaska,2090,Fairbanks North Star,64.3711,-146.5999,209,0,polygon,FALSE,TRUE,America/Anchorage,3
23526,Mount Gretna,Mount Gretna,PA,Pennsylvania,42075,Lebanon,40.2456,-76.4717,209,559,polygon,FALSE,TRUE,America/New_York,3
23527,Alfarata,Alfarata,PA,Pennsylvania,42087,Mifflin,40.6619,-77.4559,209,144,polygon,FALSE,FALSE,America/New_York,3
23528,Glenbrook,Glenbrook,NV,Nevada,32005,Douglas,39.0986,-119.9341,209,21,polygon,FALSE,FALSE,America/Los_Angeles,3
23529,Augusta Springs,Augusta Springs,VA,Virginia,51015,Augusta,38.1079,-79.3352,209,21,polygon,FALSE,FALSE,America/New_York,3
23530,Union,Union,AL,Alabama,1063,Greene,32.9938,-87.9071,209,98,polygon,FALSE,TRUE,America/Chicago,3
23531,Caulksville,Caulksville,AR,Arkansas,5083,Logan,35.3017,-93.868,209,59,polygon,FALSE,TRUE,America/Chicago,3
23532,Jalapa,Jalapa,IN,Indiana,18053,Grant,40.6263,-85.7464,209,25,polygon,FALSE,FALSE,America/Indiana/Indianapolis,3
23533,Patriot,Patriot,IN,Indiana,18155,Switzerland,38.8366,-84.8293,209,368,polygon,FALSE,TRUE,America/Indiana/Vevay,3
23534,Lucas,Lucas,IA,Iowa,19117,Lucas,41.0322,-93.4611,209,83,polygon,FALSE,TRUE,America/Chicago,3
23535,Rake,Rake,IA,Iowa,19189,Winnebago,43.4806,-93.9202,209,99,polygon,FALSE,TRUE,America/Chicago,3
23536,Bloomington,Bloomington,ID,Idaho,16007,Bear Lake,42.1908,-111.4042,209,84,polygon,FALSE,TRUE,America/Boise,3
23537,Gotebo,Gotebo,OK,Oklahoma,40075,Kiowa,35.0711,-98.8744,209,105,polygon,FALSE,TRUE,America/Chicago,3
23538,Helena,Helena,OH,Ohio,39143,Sandusky,41.3403,-83.2921,209,277,polygon,FALSE,TRUE,America/New_York,3
23539,Hanging Rock,Hanging Rock,OH,Ohio,39087,Lawrence,38.5599,-82.7274,209,145,polygon,FALSE,TRUE,America/New_York,3
23540,Magnolia,Magnolia,MN,Minnesota,27133,Rock,43.6441,-96.0752,209,101,polygon,FALSE,TRUE,America/Chicago,3
23541,Burns,Burns,KS,Kansas,20115,Marion,38.0897,-96.8877,209,234,polygon,FALSE,TRUE,America/Chicago,3
23542,Buffalo,Buffalo,KS,Kansas,20205,Wilson,37.7091,-95.6969,209,254,polygon,FALSE,TRUE,America/Chicago,3
23543,Fountain Run,Fountain Run,KY,Kentucky,21171,Monroe,36.7238,-85.9561,209,61,polygon,FALSE,TRUE,America/Chicago,3
23544,Toronto,Toronto,SD,South Dakota,46039,Deuel,44.5723,-96.6414,209,262,polygon,FALSE,TRUE,America/Chicago,3
23545,Conconully,Conconully,WA,Washington,53047,Okanogan,48.5585,-119.7522,208,380,polygon,FALSE,TRUE,America/Los_Angeles,3
23546,Washtucna,Washtucna,WA,Washington,53001,Adams,46.7539,-118.3106,208,121,polygon,FALSE,TRUE,America/Los_Angeles,3
23547,Woodloch,Woodloch,TX,Texas,48339,Montgomery,30.2173,-95.4132,208,951,polygon,FALSE,TRUE,America/Chicago,3
23548,Ida,Ida,LA,Louisiana,22017,Caddo,33.0001,-93.8949,208,57,polygon,FALSE,TRUE,America/Chicago,3
23549,Glacier View,Glacier View,AK,Alaska,2170,Matanuska-Susitna,61.8511,-147.7764,208,0,polygon,FALSE,TRUE,America/Anchorage,3
23550,Walstonburg,Walstonburg,NC,North Carolina,37079,Greene,35.596,-77.6981,208,197,polygon,FALSE,TRUE,America/New_York,3
23551,Pleasant Dale,Pleasant Dale,NE,Nebraska,31159,Seward,40.7913,-96.933,208,713,polygon,FALSE,TRUE,America/Chicago,3
23552,Ursina,Ursina,PA,Pennsylvania,42111,Somerset,39.8153,-79.3325,208,89,polygon,FALSE,TRUE,America/New_York,3
23553,St. Johns,St. Johns,IL,Illinois,17145,Perry,38.0333,-89.24,208,110,polygon,FALSE,TRUE,America/Chicago,3
23554,Kinderhook,Kinderhook,IL,Illinois,17149,Pike,39.7037,-91.1526,208,99,polygon,FALSE,TRUE,America/Chicago,3
23555,Argyle,Argyle,GA,Georgia,13065,Clinch,31.0732,-82.6489,208,46,polygon,FALSE,TRUE,America/New_York,3
23556,Panama,Panama,IA,Iowa,19165,Shelby,41.7263,-95.4754,208,280,polygon,FALSE,TRUE,America/Chicago,3
23557,Linden,Linden,IA,Iowa,19049,Dallas,41.6427,-94.27,208,102,polygon,FALSE,TRUE,America/Chicago,3
23558,Pocasset,Pocasset,OK,Oklahoma,40051,Grady,35.178,-97.9592,208,29,polygon,FALSE,TRUE,America/Chicago,3
23559,Monroe,Monroe,OK,Oklahoma,40079,Le Flore,34.9937,-94.5155,208,57,polygon,FALSE,FALSE,America/Chicago,3
23560,Gordon,Gordon,OH,Ohio,39037,Darke,39.9303,-84.5091,208,487,polygon,FALSE,TRUE,America/New_York,3
23561,Anniston,Anniston,MO,Missouri,29133,Mississippi,36.8243,-89.3267,208,205,polygon,FALSE,TRUE,America/Chicago,3
23562,Big Falls,Big Falls,MN,Minnesota,27071,Koochiching,48.1794,-93.8092,208,13,polygon,FALSE,TRUE,America/Chicago,3
23563,Kossuth,Kossuth,MS,Mississippi,28003,Alcorn,34.8726,-88.6428,208,83,polygon,FALSE,TRUE,America/Chicago,3
23564,Ukiah,Ukiah,OR,Oregon,41059,Umatilla,45.1344,-118.933,208,329,polygon,FALSE,TRUE,America/Los_Angeles,3
23565,Baileys Harbor,Baileys Harbor,WI,Wisconsin,55029,Door,45.0659,-87.133,207,47,polygon,FALSE,FALSE,America/Chicago,3
23566,Brenton,Brenton,WV,West Virginia,54109,Wyoming,37.6004,-81.635,207,127,polygon,FALSE,FALSE,America/New_York,3
23567,Bynum,Bynum,TX,Texas,48217,Hill,31.9689,-97.003,207,596,polygon,FALSE,TRUE,America/Chicago,3
23568,Penelope,Penelope,TX,Texas,48217,Hill,31.8585,-96.9281,207,80,polygon,FALSE,TRUE,America/Chicago,3
23569,Ranchette Estates,Ranchette Estates,TX,Texas,48489,Willacy,26.4844,-97.822,207,133,polygon,FALSE,FALSE,America/Chicago,3
23570,Branch,Branch,LA,Louisiana,22001,Acadia,30.348,-92.2771,207,10,polygon,FALSE,FALSE,America/Chicago,3
23571,Nunam Iqua,Nunam Iqua,AK,Alaska,2158,Kusilvak,62.511,-164.8998,207,6,polygon,FALSE,TRUE,America/Nome,3
23572,Plaza,Plaza,ND,North Dakota,38061,Mountrail,48.026,-101.9594,207,73,polygon,FALSE,TRUE,America/Chicago,3
23573,Oakdale,Oakdale,TN,Tennessee,47129,Morgan,35.9896,-84.5573,207,91,polygon,FALSE,TRUE,America/New_York,3
23574,Jackson Center,Jackson Center,PA,Pennsylvania,42085,Mercer,41.2731,-80.1397,207,70,polygon,FALSE,TRUE,America/New_York,3
23575,Eastvale,Eastvale,PA,Pennsylvania,42007,Beaver,40.7669,-80.3148,207,883,polygon,FALSE,TRUE,America/New_York,3
23576,Arriba,Arriba,CO,Colorado,8073,Lincoln,39.2843,-103.274,207,160,polygon,FALSE,TRUE,America/Denver,3
23577,Rio,Rio,IL,Illinois,17095,Knox,41.1093,-90.3987,207,255,polygon,FALSE,TRUE,America/Chicago,3
23578,Kell,Kell,IL,Illinois,17121,Marion,38.4912,-88.9032,207,79,polygon,FALSE,TRUE,America/Chicago,3
23579,Curran,Curran,IL,Illinois,17167,Sangamon,39.7421,-89.7783,207,40,polygon,FALSE,TRUE,America/Chicago,3
23580,Cantril,Cantril,IA,Iowa,19177,Van Buren,40.6428,-92.0686,207,157,polygon,FALSE,TRUE,America/Chicago,3
23581,South English,South English,IA,Iowa,19107,Keokuk,41.4521,-92.0905,207,266,polygon,FALSE,TRUE,America/Chicago,3
23582,St. Clement,St. Clement,MO,Missouri,29163,Pike,39.2829,-91.2098,207,289,polygon,FALSE,FALSE,America/Chicago,3
23583,Garrison,Garrison,MN,Minnesota,27035,Crow Wing,46.2992,-93.8262,207,76,polygon,FALSE,TRUE,America/Chicago,3
23584,Eastport,Eastport,MI,Michigan,26009,Antrim,45.1112,-85.3518,207,40,polygon,FALSE,FALSE,America/Detroit,3
23585,El Combate,El Combate,PR,Puerto Rico,72023,Cabo Rojo,17.9818,-67.2086,207,139,polygon,FALSE,FALSE,America/Puerto_Rico,3
23586,Summer Shade,Summer Shade,KY,Kentucky,21169,Metcalfe,36.8836,-85.7098,207,39,polygon,FALSE,FALSE,America/Chicago,3
23587,Allensville,Allensville,KY,Kentucky,21219,Todd,36.7163,-87.0683,207,69,polygon,FALSE,FALSE,America/Chicago,3
23588,Geddes,Geddes,SD,South Dakota,46023,Charles Mix,43.254,-98.6974,207,109,polygon,FALSE,TRUE,America/Chicago,3
23589,Malden,Malden,WA,Washington,53075,Whitman,47.2296,-117.4731,206,120,polygon,FALSE,TRUE,America/Los_Angeles,3
23590,Van,Van,WV,West Virginia,54005,Boone,37.9713,-81.7138,206,133,polygon,FALSE,FALSE,America/New_York,3
23591,Albin,Albin,WY,Wyoming,56021,Laramie,41.4174,-104.1019,206,542,polygon,FALSE,TRUE,America/Denver,3
23592,Chugcreek,Chugcreek,WY,Wyoming,56031,Platte,42.0535,-104.9079,206,41,polygon,FALSE,FALSE,America/Denver,3
23593,Tradewinds,Tradewinds,TX,Texas,48409,San Patricio,27.995,-97.2601,206,73,polygon,FALSE,FALSE,America/Chicago,3
23594,Browndell,Browndell,TX,Texas,48241,Jasper,31.1254,-93.9802,206,32,polygon,FALSE,TRUE,America/Chicago,3
23595,New Leipzig,New Leipzig,ND,North Dakota,38037,Grant,46.3758,-101.9516,206,89,polygon,FALSE,TRUE,America/Denver,3
23596,Denton,Denton,NE,Nebraska,31109,Lancaster,40.7392,-96.846,206,650,polygon,FALSE,TRUE,America/Chicago,3
23597,Graball,Graball,TN,Tennessee,47165,Sumner,36.4837,-86.4396,206,39,polygon,FALSE,FALSE,America/Chicago,3
23598,Gilgo,Gilgo,NY,New York,36103,Suffolk,40.6377,-73.3788,206,15,polygon,FALSE,TRUE,America/New_York,3
23599,Chapman,Chapman,PA,Pennsylvania,42095,Northampton,40.7585,-75.4013,206,241,polygon,FALSE,TRUE,America/New_York,3
23600,Port Royal,Port Royal,VA,Virginia,51033,Caroline,38.1657,-77.1989,206,122,polygon,FALSE,TRUE,America/New_York,3
23601,Chinese Camp,Chinese Camp,CA,California,6109,Tuolumne,37.8703,-120.4443,206,88,polygon,FALSE,FALSE,America/Los_Angeles,3
23602,Adona,Adona,AR,Arkansas,5105,Perry,35.0399,-92.8991,206,83,polygon,FALSE,TRUE,America/Chicago,3
23603,Jacksonville,Jacksonville,VT,Vermont,50025,Windham,42.7976,-72.8192,206,69,polygon,FALSE,TRUE,America/New_York,3
23604,Verona,Verona,IL,Illinois,17063,Grundy,41.2156,-88.5047,206,480,polygon,FALSE,TRUE,America/Chicago,3
23605,New Minden,New Minden,IL,Illinois,17189,Washington,38.438,-89.3705,206,287,polygon,FALSE,TRUE,America/Chicago,3
23606,Kempton,Kempton,IL,Illinois,17053,Ford,40.9355,-88.2362,206,482,polygon,FALSE,TRUE,America/Chicago,3
23607,Elizabeth,Elizabeth,IN,Indiana,18061,Harrison,38.124,-85.9736,206,304,polygon,FALSE,TRUE,America/Kentucky/Louisville,3
23608,Woden,Woden,IA,Iowa,19081,Hancock,43.2308,-93.9114,206,188,polygon,FALSE,TRUE,America/Chicago,3
23609,Lower Santan Village,Lower Santan Village,AZ,Arizona,4021,Pinal,33.1427,-111.7853,206,19,polygon,FALSE,TRUE,America/Phoenix,3
23610,Reydon,Reydon,OK,Oklahoma,40129,Roger Mills,35.6503,-99.9237,206,176,polygon,FALSE,TRUE,America/Chicago,3
23611,Glenwood,Glenwood,MO,Missouri,29197,Schuyler,40.5243,-92.5765,206,107,polygon,FALSE,TRUE,America/Chicago,3
23612,Knox City,Knox City,MO,Missouri,29103,Knox,40.1441,-92.0103,206,377,polygon,FALSE,TRUE,America/Chicago,3
23613,Sumpter,Sumpter,OR,Oregon,41001,Baker,44.7435,-118.1975,206,36,polygon,FALSE,TRUE,America/Los_Angeles,3
23614,Ramona,Ramona,SD,South Dakota,46079,Lake,44.1199,-97.2154,206,289,polygon,FALSE,TRUE,America/Chicago,3
23615,Leipsic,Leipsic,DE,Delaware,10001,Kent,39.243,-75.5155,205,266,polygon,FALSE,TRUE,America/New_York,3
23616,Noma,Noma,FL,Florida,12059,Holmes,30.9802,-85.6223,205,74,polygon,FALSE,TRUE,America/Chicago,3
23617,Bluewater Acres,Bluewater Acres,NM,New Mexico,35006,Cibola,35.2667,-108.1351,205,25,polygon,FALSE,TRUE,America/Denver,3
23618,Tecolote,Tecolote,NM,New Mexico,35047,San Miguel,35.4605,-105.2842,205,14,polygon,FALSE,FALSE,America/Denver,3
23619,Rio en Medio,Rio en Medio,NM,New Mexico,35049,Santa Fe,35.8221,-105.901,205,119,polygon,FALSE,FALSE,America/Denver,3
23620,Windom,Windom,TX,Texas,48147,Fannin,33.5647,-95.9985,205,143,polygon,FALSE,TRUE,America/Chicago,3
23621,Mekoryuk,Mekoryuk,AK,Alaska,2050,Bethel,60.3704,-166.267,205,11,polygon,FALSE,TRUE,America/Nome,3
23622,Mentasta Lake,Mentasta Lake,AK,Alaska,2261,Valdez-Cordova,62.9867,-143.5191,205,0,polygon,FALSE,FALSE,America/Anchorage,3
23623,Whittier,Whittier,AK,Alaska,2261,Valdez-Cordova,60.7852,-148.6455,205,6,polygon,FALSE,TRUE,America/Anchorage,3
23624,Flasher,Flasher,ND,North Dakota,38059,Morton,46.4521,-101.2324,205,124,polygon,FALSE,TRUE,America/North_Dakota/New_Salem,3
23625,Slayden,Slayden,TN,Tennessee,47043,Dickson,36.2913,-87.4656,205,51,polygon,FALSE,TRUE,America/Chicago,3
23626,Hendersonville,Hendersonville,PA,Pennsylvania,42125,Washington,40.3007,-80.1582,205,198,polygon,FALSE,FALSE,America/New_York,3
23627,East Salem,East Salem,PA,Pennsylvania,42067,Juniata,40.6086,-77.2371,205,295,polygon,FALSE,FALSE,America/New_York,3
23628,Wilmore,Wilmore,PA,Pennsylvania,42021,Cambria,40.3877,-78.717,205,238,polygon,FALSE,TRUE,America/New_York,3
23629,Stillwater,Stillwater,PA,Pennsylvania,42037,Columbia,41.1506,-76.3693,205,25,polygon,FALSE,TRUE,America/New_York,3
23630,Elgin,Elgin,PA,Pennsylvania,42049,Erie,41.907,-79.7465,205,53,polygon,FALSE,TRUE,America/New_York,3
23631,Templeton,Templeton,VA,Virginia,51149,Prince George,37.0811,-77.3563,205,38,polygon,FALSE,FALSE,America/New_York,3
23632,Dorrington,Dorrington,CA,California,6009,Calaveras,38.2949,-120.2706,205,21,polygon,FALSE,FALSE,America/Los_Angeles,3
23633,Palmer,Palmer,IL,Illinois,17021,Christian,39.4586,-89.4079,205,79,polygon,FALSE,TRUE,America/Chicago,3
23634,Malta,Malta,ID,Idaho,16031,Cassia,42.3075,-113.3693,205,57,polygon,FALSE,TRUE,America/Boise,3
23635,Birmingham,Birmingham,MO,Missouri,29047,Clay,39.1674,-94.4502,205,140,polygon,FALSE,TRUE,America/Chicago,3
23636,Chula,Chula,MO,Missouri,29117,Livingston,39.9219,-93.4774,205,444,polygon,FALSE,TRUE,America/Chicago,3
23637,Lake Bronson,Lake Bronson,MN,Minnesota,27069,Kittson,48.7322,-96.664,205,149,polygon,FALSE,TRUE,America/Chicago,3
23638,McBride,McBride,MI,Michigan,26117,Montcalm,43.3521,-85.0441,205,204,polygon,FALSE,TRUE,America/Detroit,3
23639,Conway,Conway,MI,Michigan,26047,Emmet,45.4188,-84.8634,205,187,polygon,FALSE,FALSE,America/Detroit,3
23640,Chatham,Chatham,MI,Michigan,26003,Alger,46.3441,-86.9313,205,32,polygon,FALSE,TRUE,America/Detroit,3
23641,Schoenchen,Schoenchen,KS,Kansas,20051,Ellis,38.713,-99.3324,205,636,polygon,FALSE,TRUE,America/Chicago,3
23642,Sylvia,Sylvia,KS,Kansas,20155,Reno,37.9589,-98.4085,205,273,polygon,FALSE,TRUE,America/Chicago,3
23643,Slaughters,Slaughters,KY,Kentucky,21233,Webster,37.4901,-87.5021,205,344,polygon,FALSE,TRUE,America/Chicago,3
23644,Bruce,Bruce,SD,South Dakota,46011,Brookings,44.4378,-96.8906,205,213,polygon,FALSE,TRUE,America/Chicago,3
23645,Sayner,Sayner,WI,Wisconsin,55125,Vilas,45.991,-89.5332,204,43,polygon,FALSE,FALSE,America/Chicago,3
23646,Edgerton,Edgerton,WY,Wyoming,56025,Natrona,43.4142,-106.2477,204,311,polygon,FALSE,TRUE,America/Denver,3
23647,San Luis,San Luis,NM,New Mexico,35043,Sandoval,35.7009,-107.0431,204,9,polygon,FALSE,FALSE,America/Denver,3
23648,Miguel Barrera,Miguel Barrera,TX,Texas,48427,Starr,26.412,-98.9216,204,4560,polygon,FALSE,TRUE,America/Chicago,2
23649,Halifax,Halifax,NC,North Carolina,37083,Halifax,36.3255,-77.5901,204,172,polygon,FALSE,TRUE,America/New_York,3
23650,Halliday,Halliday,ND,North Dakota,38025,Dunn,47.3522,-102.3388,204,173,polygon,FALSE,TRUE,America/Denver,3
23651,Pierrepont Manor,Pierrepont Manor,NY,New York,36045,Jefferson,43.7374,-76.0595,204,117,polygon,FALSE,FALSE,America/New_York,3
23652,Karns City,Karns City,PA,Pennsylvania,42019,Butler,40.997,-79.7263,204,217,polygon,FALSE,TRUE,America/New_York,3
23653,Rehrersburg,Rehrersburg,PA,Pennsylvania,42011,Berks,40.4575,-76.2462,204,147,polygon,FALSE,FALSE,America/New_York,3
23654,Skyland,Skyland,NV,Nevada,32005,Douglas,39.0265,-119.9221,204,18,polygon,FALSE,FALSE,America/Los_Angeles,3
23655,Pennington,Pennington,AL,Alabama,1023,Choctaw,32.1994,-88.0494,204,40,polygon,FALSE,TRUE,America/Chicago,3
23656,Belk,Belk,AL,Alabama,1057,Fayette,33.6516,-87.9286,204,56,polygon,FALSE,TRUE,America/Chicago,3
23657,Beecher Falls,Beecher Falls,VT,Vermont,50009,Essex,45.009,-71.4935,204,62,polygon,FALSE,FALSE,America/New_York,3
23658,Spurgeon,Spurgeon,IN,Indiana,18125,Pike,38.2554,-87.2587,204,449,polygon,FALSE,TRUE,America/Indiana/Petersburg,3
23659,Moorhead,Moorhead,IA,Iowa,19133,Monona,41.9244,-95.8507,204,243,polygon,FALSE,TRUE,America/Chicago,3
23660,Van Wert,Van Wert,IA,Iowa,19053,Decatur,40.871,-93.7918,204,238,polygon,FALSE,TRUE,America/Chicago,3
23661,Clutier,Clutier,IA,Iowa,19171,Tama,42.0793,-92.4036,204,103,polygon,FALSE,TRUE,America/Chicago,3
23662,Valle,Valle,AZ,Arizona,4005,Coconino,35.6245,-112.135,204,0,polygon,FALSE,FALSE,America/Phoenix,3
23663,Blodgett,Blodgett,MO,Missouri,29201,Scott,37.0049,-89.5264,204,599,polygon,FALSE,TRUE,America/Chicago,3
23664,Storden,Storden,MN,Minnesota,27033,Cottonwood,44.0396,-95.3193,204,355,polygon,FALSE,TRUE,America/Chicago,3
23665,Smolan,Smolan,KS,Kansas,20169,Saline,38.7383,-97.6845,204,711,polygon,FALSE,TRUE,America/Chicago,3
23666,Darling,Darling,MS,Mississippi,28119,Quitman,34.3591,-90.2754,204,29,polygon,FALSE,FALSE,America/Chicago,3
23667,Reevesville,Reevesville,SC,South Carolina,45035,Dorchester,33.2021,-80.6456,204,48,polygon,FALSE,TRUE,America/New_York,3
23668,Mount Carmel,Mount Carmel,FL,Florida,12113,Santa Rosa,30.9868,-87.121,203,14,polygon,FALSE,FALSE,America/Chicago,3
23669,Encinal,Encinal,NM,New Mexico,35006,Cibola,35.1308,-107.4368,203,5,polygon,FALSE,FALSE,America/Denver,3
23670,Sunshine,Sunshine,NM,New Mexico,35029,Luna,32.1344,-107.7838,203,4,polygon,FALSE,FALSE,America/Denver,3
23671,Goree,Goree,TX,Texas,48275,Knox,33.468,-99.5236,203,54,polygon,FALSE,TRUE,America/Chicago,3
23672,Wellman,Wellman,TX,Texas,48445,Terry,33.047,-102.4274,203,230,polygon,FALSE,TRUE,America/Chicago,3
23673,Creston,Creston,NE,Nebraska,31141,Platte,41.7081,-97.3625,203,378,polygon,FALSE,TRUE,America/Chicago,3
23674,Jackson,Jackson,NE,Nebraska,31043,Dakota,42.4507,-96.579,203,174,polygon,FALSE,TRUE,America/Chicago,3
23675,Hayes Center,Hayes Center,NE,Nebraska,31085,Hayes,40.511,-101.0204,203,290,polygon,FALSE,TRUE,America/Chicago,3
23676,Rupert,Rupert,PA,Pennsylvania,42037,Columbia,40.976,-76.4797,203,86,polygon,FALSE,FALSE,America/New_York,3
23677,Humboldt River Ranch,Humboldt River Ranch,NV,Nevada,32027,Pershing,40.4556,-118.2676,203,6,polygon,FALSE,TRUE,America/Los_Angeles,3
23678,New Church,New Church,VA,Virginia,51001,Accomack,37.9826,-75.5291,203,41,polygon,FALSE,FALSE,America/New_York,3
23679,Bear Valley,Bear Valley,CA,California,6043,Mariposa,37.5671,-120.1229,203,10,polygon,FALSE,FALSE,America/Los_Angeles,3
23680,Black,Black,AL,Alabama,1061,Geneva,31.0102,-85.7428,203,25,polygon,FALSE,TRUE,America/Chicago,3
23681,Pollard,Pollard,AR,Arkansas,5021,Clay,36.4296,-90.267,203,264,polygon,FALSE,TRUE,America/Chicago,3
23682,Standard,Standard,IL,Illinois,17155,Putnam,41.2558,-89.1818,203,110,polygon,FALSE,TRUE,America/Chicago,3
23683,Buncombe,Buncombe,IL,Illinois,17087,Johnson,37.4715,-88.9746,203,66,polygon,FALSE,TRUE,America/Chicago,3
23684,The Rock,The Rock,GA,Georgia,13293,Upson,32.9635,-84.2378,203,18,polygon,FALSE,FALSE,America/New_York,3
23685,Frederika,Frederika,IA,Iowa,19017,Bremer,42.8835,-92.3054,203,220,polygon,FALSE,TRUE,America/Chicago,3
23686,College Springs,College Springs,IA,Iowa,19145,Page,40.6213,-95.1212,203,71,polygon,FALSE,TRUE,America/Chicago,3
23687,Canadian,Canadian,OK,Oklahoma,40121,Pittsburg,35.1741,-95.6496,203,106,polygon,FALSE,TRUE,America/Chicago,3
23688,Whitesboro,Whitesboro,OK,Oklahoma,40079,Le Flore,34.6965,-94.879,203,23,polygon,FALSE,FALSE,America/Chicago,3
23689,Vaughnsville,Vaughnsville,OH,Ohio,39137,Putnam,40.8814,-84.1458,203,458,polygon,FALSE,FALSE,America/New_York,3
23690,Tuscumbia,Tuscumbia,MO,Missouri,29131,Miller,38.2369,-92.4601,203,227,polygon,FALSE,TRUE,America/Chicago,3
23691,Healy,Healy,KS,Kansas,20101,Lane,38.603,-100.6176,203,22,polygon,FALSE,FALSE,America/Chicago,3
23692,Froid,Froid,MT,Montana,30085,Roosevelt,48.338,-104.4908,203,125,polygon,FALSE,TRUE,America/Denver,3
23693,Baring,Baring,WA,Washington,53033,King,47.7661,-121.4803,202,74,polygon,FALSE,FALSE,America/Los_Angeles,3
23694,Egg Harbor,Egg Harbor,WI,Wisconsin,55029,Door,45.0528,-87.2826,202,31,polygon,FALSE,TRUE,America/Chicago,3
23695,Falling Spring,Falling Spring,WV,West Virginia,54025,Greenbrier,37.9926,-80.3576,202,151,polygon,FALSE,TRUE,America/New_York,3
23696,Matoaka,Matoaka,WV,West Virginia,54055,Mercer,37.4182,-81.2417,202,295,polygon,FALSE,TRUE,America/New_York,3
23697,San Jon,San Jon,NM,New Mexico,35037,Quay,35.1113,-103.3363,202,26,polygon,FALSE,TRUE,America/Denver,3
23698,Cottonwood,Cottonwood,TX,Texas,48257,Kaufman,32.4622,-96.3954,202,50,polygon,FALSE,TRUE,America/Chicago,3
23699,Fort Yates,Fort Yates,ND,North Dakota,38085,Sioux,46.0866,-100.63,202,1293,polygon,FALSE,TRUE,America/Chicago,3
23700,Tappen,Tappen,ND,North Dakota,38043,Kidder,46.8715,-99.6269,202,74,polygon,FALSE,TRUE,America/Chicago,3
23701,Guide Rock,Guide Rock,NE,Nebraska,31181,Webster,40.0738,-98.3288,202,157,polygon,FALSE,TRUE,America/Chicago,3
23702,Ebony,Ebony,VA,Virginia,51025,Brunswick,36.5759,-77.984,202,17,polygon,FALSE,FALSE,America/New_York,3
23703,Industry,Industry,CA,California,6037,Los Angeles,34.0175,-117.9267,202,6,polygon,FALSE,TRUE,America/Los_Angeles,3
23704,Jacumba,Jacumba,CA,California,6073,San Diego,32.6278,-116.1826,202,12,polygon,FALSE,FALSE,America/Los_Angeles,3
23705,Valley Home,Valley Home,CA,California,6099,Stanislaus,37.8272,-120.9144,202,67,polygon,FALSE,FALSE,America/Los_Angeles,3
23706,Nauvoo,Nauvoo,AL,Alabama,1127,Walker,33.9873,-87.4876,202,78,polygon,FALSE,TRUE,America/Chicago,3
23707,Yellow Bluff,Yellow Bluff,AL,Alabama,1131,Wilcox,31.9622,-87.4808,202,168,polygon,FALSE,TRUE,America/Chicago,3
23708,Vermilion,Vermilion,IL,Illinois,17045,Edgar,39.5802,-87.5879,202,142,polygon,FALSE,TRUE,America/Chicago,3
23709,Beason,Beason,IL,Illinois,17107,Logan,40.1423,-89.1951,202,124,polygon,FALSE,FALSE,America/Chicago,3
23710,Seaton,Seaton,IL,Illinois,17131,Mercer,41.1023,-90.7991,202,49,polygon,FALSE,TRUE,America/Chicago,3
23711,Brinson,Brinson,GA,Georgia,13087,Decatur,30.9784,-84.7379,202,38,polygon,FALSE,TRUE,America/New_York,3
23712,Surrency,Surrency,GA,Georgia,13001,Appling,31.7215,-82.1988,202,100,polygon,FALSE,TRUE,America/New_York,3
23713,Pine Village,Pine Village,IN,Indiana,18171,Warren,40.4495,-87.2534,202,647,polygon,FALSE,TRUE,America/Indiana/Indianapolis,3
23714,Braman,Braman,OK,Oklahoma,40071,Kay,36.9237,-97.3351,202,450,polygon,FALSE,TRUE,America/Chicago,3
23715,Haywood City,Haywood City,MO,Missouri,29201,Scott,37.0117,-89.6003,202,182,polygon,FALSE,TRUE,America/Chicago,3
23716,Gary,Gary,MN,Minnesota,27107,Norman,47.3725,-96.2656,202,242,polygon,FALSE,TRUE,America/Chicago,3
23717,Dixon,Dixon,MT,Montana,30089,Sanders,47.3172,-114.3569,202,11,polygon,FALSE,FALSE,America/Denver,3
23718,Modoc,Modoc,SC,South Carolina,45065,McCormick,33.7192,-82.2173,202,19,polygon,FALSE,FALSE,America/New_York,3
23719,Coldiron,Coldiron,KY,Kentucky,21095,Harlan,36.8279,-83.4529,202,405,polygon,FALSE,FALSE,America/New_York,3
23720,Riverside,Riverside,OR,Oregon,41059,Umatilla,45.6768,-118.7368,202,127,polygon,FALSE,FALSE,America/Los_Angeles,3
23721,Bethel,Bethel,DE,Delaware,10005,Sussex,38.571,-75.6196,201,176,polygon,FALSE,TRUE,America/New_York,3
23722,Lake Tomahawk,Lake Tomahawk,WI,Wisconsin,55085,Oneida,45.811,-89.5873,201,50,polygon,FALSE,FALSE,America/Chicago,3
23723,Van Dyne,Van Dyne,WI,Wisconsin,55039,Fond du Lac,43.8862,-88.5012,201,98,polygon,FALSE,FALSE,America/Chicago,3
23724,Chugwater,Chugwater,WY,Wyoming,56031,Platte,41.7558,-104.8229,201,25,polygon,FALSE,TRUE,America/Denver,3
23725,Teton Village,Teton Village,WY,Wyoming,56039,Teton,43.5931,-110.8441,201,15,polygon,FALSE,FALSE,America/Denver,3
23726,Fort Bridger,Fort Bridger,WY,Wyoming,56041,Uinta,41.3183,-110.3894,201,38,polygon,FALSE,FALSE,America/Denver,3
23727,Glendo,Glendo,WY,Wyoming,56031,Platte,42.5048,-105.0249,201,131,polygon,FALSE,TRUE,America/Denver,3
23728,Madrid,Madrid,NM,New Mexico,35049,Santa Fe,35.4032,-106.1538,201,55,polygon,FALSE,FALSE,America/Denver,3
23729,White Mountain,White Mountain,AK,Alaska,2180,Nome,64.6812,-163.4228,201,42,polygon,FALSE,TRUE,America/Nome,3
23730,Des Lacs,Des Lacs,ND,North Dakota,38101,Ward,48.2564,-101.5636,201,144,polygon,FALSE,TRUE,America/Chicago,3
23731,Samburg,Samburg,TN,Tennessee,47131,Obion,36.3823,-89.3533,201,164,polygon,FALSE,TRUE,America/Chicago,3
23732,Glenfield,Glenfield,PA,Pennsylvania,42003,Allegheny,40.5207,-80.1333,201,94,polygon,FALSE,TRUE,America/New_York,3
23733,Adin,Adin,CA,California,6049,Modoc,41.1964,-120.9494,201,22,polygon,FALSE,FALSE,America/Los_Angeles,3
23734,Philo,Philo,CA,California,6045,Mendocino,39.0657,-123.4452,201,37,polygon,FALSE,FALSE,America/Los_Angeles,3
23735,Bulpitt,Bulpitt,IL,Illinois,17021,Christian,39.5919,-89.4258,201,1128,polygon,FALSE,TRUE,America/Chicago,3
23736,Keensburg,Keensburg,IL,Illinois,17185,Wabash,38.3517,-87.8683,201,298,polygon,FALSE,TRUE,America/Chicago,3
23737,Adair,Adair,IL,Illinois,17109,McDonough,40.4183,-90.4974,201,180,polygon,FALSE,FALSE,America/Chicago,3
23738,Hull,Hull,GA,Georgia,13195,Madison,34.0155,-83.2939,201,243,polygon,FALSE,TRUE,America/New_York,3
23739,Garfield,Garfield,GA,Georgia,13107,Emanuel,32.6495,-82.0962,201,98,polygon,FALSE,TRUE,America/New_York,3
23740,Monterey,Monterey,IN,Indiana,18131,Pulaski,41.1561,-86.4822,201,424,polygon,FALSE,TRUE,America/Indiana/Winamac,3
23741,Alvord,Alvord,IA,Iowa,19119,Lyon,43.3418,-96.3026,201,282,polygon,FALSE,TRUE,America/Chicago,3
23742,Oldtown,Oldtown,ID,Idaho,16017,Bonner,48.1839,-117.0207,201,94,polygon,FALSE,TRUE,America/Los_Angeles,3
23743,Franklin,Franklin,MD,Maryland,24001,Allegany,39.4991,-79.0513,201,293,polygon,FALSE,FALSE,America/New_York,3
23744,Choptank,Choptank,MD,Maryland,24011,Caroline,38.6823,-75.9494,201,326,polygon,FALSE,FALSE,America/New_York,3
23745,Hessville,Hessville,OH,Ohio,39143,Sandusky,41.403,-83.243,201,111,polygon,FALSE,FALSE,America/New_York,3
23746,Pottery Addition,Pottery Addition,OH,Ohio,39081,Jefferson,40.4031,-80.6241,201,91,polygon,FALSE,FALSE,America/New_York,3
23747,Haviland,Haviland,OH,Ohio,39125,Paulding,41.0178,-84.5853,201,197,polygon,FALSE,TRUE,America/New_York,3
23748,South Salem,South Salem,OH,Ohio,39141,Ross,39.3373,-83.3066,201,376,polygon,FALSE,TRUE,America/New_York,3
23749,Stoutland,Stoutland,MO,Missouri,29029,Camden,37.8136,-92.5143,201,128,polygon,FALSE,TRUE,America/Chicago,3
23750,Altamont,Altamont,MO,Missouri,29061,Daviess,39.8885,-94.0867,201,303,polygon,FALSE,TRUE,America/Chicago,3
23751,Barnett,Barnett,MO,Missouri,29141,Morgan,38.3775,-92.6746,201,284,polygon,FALSE,TRUE,America/Chicago,3
23752,Sobieski,Sobieski,MN,Minnesota,27097,Morrison,45.923,-94.482,201,19,polygon,FALSE,TRUE,America/Chicago,3
23753,Hanston,Hanston,KS,Kansas,20083,Hodgeman,38.1231,-99.7127,201,287,polygon,FALSE,TRUE,America/Chicago,3
23754,Tygh Valley,Tygh Valley,OR,Oregon,41065,Wasco,45.2417,-121.1693,201,20,polygon,FALSE,FALSE,America/Los_Angeles,3
23755,Amberg,Amberg,WI,Wisconsin,55075,Marinette,45.5062,-87.9874,200,47,polygon,FALSE,FALSE,America/Chicago,3
23756,Windsor,Windsor,FL,Florida,12061,Indian River,27.7869,-80.4141,200,88,polygon,FALSE,TRUE,America/New_York,3
23757,Organ,Organ,NM,New Mexico,35013,Doña Ana,32.4251,-106.6024,200,89,polygon,FALSE,FALSE,America/Denver,3
23758,Twin Forks,Twin Forks,NM,New Mexico,35035,Otero,32.9463,-105.6374,200,18,polygon,FALSE,TRUE,America/Denver,3
23759,Taylor,Taylor,NE,Nebraska,31115,Loup,41.7696,-99.3814,200,295,polygon,FALSE,TRUE,America/Chicago,3
23760,Barkeyville,Barkeyville,PA,Pennsylvania,42121,Venango,41.1965,-79.9826,200,23,polygon,FALSE,TRUE,America/New_York,3
23761,Hallwood,Hallwood,VA,Virginia,51001,Accomack,37.8774,-75.5898,200,326,polygon,FALSE,TRUE,America/New_York,3
23762,Oakdale,Oakdale,IL,Illinois,17189,Washington,38.2648,-89.5035,200,48,polygon,FALSE,TRUE,America/Chicago,3
23763,La Fayette,La Fayette,IL,Illinois,17175,Stark,41.1097,-89.9736,200,408,polygon,FALSE,TRUE,America/Chicago,3
23764,Norris,Norris,IL,Illinois,17057,Fulton,40.6258,-90.0321,200,272,polygon,FALSE,TRUE,America/Chicago,3
23765,Parkersburg,Parkersburg,IL,Illinois,17159,Richland,38.5891,-88.0568,200,93,polygon,FALSE,TRUE,America/Chicago,3
23766,Hilltop,Hilltop,GA,Georgia,13231,Pike,33.1063,-84.4383,200,79,polygon,FALSE,FALSE,America/New_York,3
23767,Blairsburg,Blairsburg,IA,Iowa,19079,Hamilton,42.4784,-93.6428,200,119,polygon,FALSE,TRUE,America/Chicago,3
23768,Koshkonong,Koshkonong,MO,Missouri,29149,Oregon,36.5978,-91.646,200,441,polygon,FALSE,TRUE,America/Chicago,3
23769,Mosby,Mosby,MO,Missouri,29047,Clay,39.3165,-94.3094,200,42,polygon,FALSE,TRUE,America/Chicago,3
23770,Tenstrike,Tenstrike,MN,Minnesota,27007,Beltrami,47.6603,-94.6843,200,23,polygon,FALSE,TRUE,America/Chicago,3
23771,Belvue,Belvue,KS,Kansas,20149,Pottawatomie,39.2165,-96.179,200,628,polygon,FALSE,TRUE,America/Chicago,3
23772,Sellers,Sellers,SC,South Carolina,45067,Marion,34.2823,-79.4723,200,111,polygon,FALSE,TRUE,America/New_York,3
23773,Westport,Westport,OR,Oregon,41007,Clatsop,46.1303,-123.3715,200,116,polygon,FALSE,FALSE,America/Los_Angeles,3
23774,Keller,Keller,WA,Washington,53019,Ferry,48.0852,-118.7164,199,8,polygon,FALSE,FALSE,America/Los_Angeles,3
23775,Hatfield,Hatfield,WI,Wisconsin,55053,Jackson,44.4164,-90.7409,199,57,polygon,FALSE,FALSE,America/Chicago,3
23776,Eden,Eden,WY,Wyoming,56037,Sweetwater,42.0601,-109.4391,199,5,polygon,FALSE,FALSE,America/Denver,3
23777,Autryville,Autryville,NC,North Carolina,37163,Sampson,34.9965,-78.6412,199,147,polygon,FALSE,TRUE,America/New_York,3
23778,Lewellen,Lewellen,NE,Nebraska,31069,Garden,41.3306,-102.1437,199,207,polygon,FALSE,TRUE,America/Denver,3
23779,Cashtown,Cashtown,PA,Pennsylvania,42001,Adams,39.8837,-77.3533,199,51,polygon,FALSE,FALSE,America/New_York,3
23780,Wind Ridge,Wind Ridge,PA,Pennsylvania,42059,Greene,39.9113,-80.4319,199,24,polygon,FALSE,FALSE,America/New_York,3
23781,Greenbush,Greenbush,VA,Virginia,51001,Accomack,37.7397,-75.6796,199,77,polygon,FALSE,FALSE,America/New_York,3
23782,Manchester,Manchester,CA,California,6045,Mendocino,38.9744,-123.6909,199,29,polygon,FALSE,FALSE,America/Los_Angeles,3
23783,Jacksonport,Jacksonport,AR,Arkansas,5067,Jackson,35.6422,-91.3079,199,204,polygon,FALSE,TRUE,America/Chicago,3
23784,North Westminster,North Westminster,VT,Vermont,50025,Windham,43.1219,-72.4555,199,161,polygon,FALSE,FALSE,America/New_York,3
23785,Macy,Macy,IN,Indiana,18103,Miami,40.9582,-86.1288,199,670,polygon,FALSE,TRUE,America/Indiana/Indianapolis,3
23786,Woodruff,Woodruff,AZ,Arizona,4017,Navajo,34.7843,-110.0366,199,13,polygon,FALSE,FALSE,America/Phoenix,3
23787,New Woodville,New Woodville,OK,Oklahoma,40095,Marshall,33.9687,-96.655,199,693,polygon,FALSE,TRUE,America/Chicago,3
23788,Phillipsburg,Phillipsburg,MO,Missouri,29105,Laclede,37.5525,-92.7871,199,96,polygon,FALSE,TRUE,America/Chicago,3
23789,Elkton,Elkton,OR,Oregon,41019,Douglas,43.6378,-123.5687,199,334,polygon,FALSE,TRUE,America/Los_Angeles,3
23790,Holcombe,Holcombe,WI,Wisconsin,55017,Chippewa,45.2261,-91.1217,198,79,polygon,FALSE,FALSE,America/Chicago,3
23791,Mount Sterling,Mount Sterling,WI,Wisconsin,55023,Crawford,43.3162,-90.9292,198,53,polygon,FALSE,TRUE,America/Chicago,3
23792,Kalihiwai,Kalihiwai,HI,Hawaii,15007,Kauai,22.2165,-159.4405,198,28,polygon,FALSE,FALSE,Pacific/Honolulu,3
23793,Alcalde,Alcalde,NM,New Mexico,35039,Rio Arriba,36.0854,-106.0575,198,148,polygon,FALSE,FALSE,America/Denver,3
23794,Goodlow,Goodlow,TX,Texas,48349,Navarro,32.1091,-96.2152,198,74,polygon,FALSE,FALSE,America/Chicago,3
23795,Thompsonville,Thompsonville,TX,Texas,48247,Jim Hogg,27.26,-98.7847,198,19,polygon,FALSE,FALSE,America/Chicago,3
23796,Bienville,Bienville,LA,Louisiana,22013,Bienville,32.3618,-92.9788,198,6,polygon,FALSE,TRUE,America/Chicago,3
23797,Grayling,Grayling,AK,Alaska,2290,Yukon-Koyukuk,62.8998,-160.1078,198,6,polygon,FALSE,TRUE,America/Anchorage,3
23798,Englevale,Englevale,ND,North Dakota,38073,Ransom,46.3912,-97.9038,198,51,polygon,FALSE,FALSE,America/Chicago,3
23799,Fordville,Fordville,ND,North Dakota,38099,Walsh,48.2166,-97.7954,198,75,polygon,FALSE,TRUE,America/Chicago,3
23800,Petrolia,Petrolia,PA,Pennsylvania,42019,Butler,41.0216,-79.7168,198,192,polygon,FALSE,TRUE,America/New_York,3
23801,Hartstown,Hartstown,PA,Pennsylvania,42039,Crawford,41.5511,-80.3825,198,94,polygon,FALSE,FALSE,America/New_York,3
23802,Topaz Lake,Topaz Lake,NV,Nevada,32005,Douglas,38.6976,-119.5427,198,64,polygon,FALSE,FALSE,America/Los_Angeles,3
23803,Kellyton,Kellyton,AL,Alabama,1037,Coosa,32.9791,-86.0358,198,79,polygon,FALSE,TRUE,America/Chicago,3
23804,Loachapoka,Loachapoka,AL,Alabama,1081,Lee,32.6049,-85.5948,198,67,polygon,FALSE,TRUE,America/Chicago,3
23805,Broomtown,Broomtown,AL,Alabama,1019,Cherokee,34.3657,-85.5322,198,16,polygon,FALSE,FALSE,America/Chicago,3
23806,Batchtown,Batchtown,IL,Illinois,17013,Calhoun,39.0332,-90.6533,198,41,polygon,FALSE,TRUE,America/Chicago,3
23807,Ellsworth,Ellsworth,IL,Illinois,17113,McLean,40.4496,-88.7161,198,352,polygon,FALSE,TRUE,America/Chicago,3
23808,Emison,Emison,IN,Indiana,18083,Knox,38.7991,-87.4604,198,48,polygon,FALSE,FALSE,America/Indiana/Vincennes,3
23809,Melvin,Melvin,IA,Iowa,19143,Osceola,43.2864,-95.6086,198,430,polygon,FALSE,TRUE,America/Chicago,3
23810,Westgate,Westgate,IA,Iowa,19065,Fayette,42.7682,-91.9956,198,215,polygon,FALSE,TRUE,America/Chicago,3
23811,Sunizona,Sunizona,AZ,Arizona,4003,Cochise,31.8841,-109.6328,198,9,polygon,FALSE,FALSE,America/Phoenix,3
23812,Fort Apache,Fort Apache,AZ,Arizona,4017,Navajo,33.7907,-109.9873,198,67,polygon,FALSE,FALSE,America/Phoenix,3
23813,Deer Creek,Deer Creek,AZ,Arizona,4007,Gila,34.0644,-111.3505,198,43,polygon,FALSE,TRUE,America/Phoenix,3
23814,Caney,Caney,OK,Oklahoma,40005,Atoka,34.2356,-96.217,198,94,polygon,FALSE,TRUE,America/Chicago,3
23815,Platter,Platter,OK,Oklahoma,40013,Bryan,33.9066,-96.5337,198,45,polygon,FALSE,FALSE,America/Chicago,3
23816,Burbank,Burbank,OH,Ohio,39169,Wayne,40.9862,-81.9949,198,214,polygon,FALSE,TRUE,America/New_York,3
23817,North Robinson,North Robinson,OH,Ohio,39033,Crawford,40.7924,-82.8568,198,718,polygon,FALSE,TRUE,America/New_York,3
23818,Independence,Independence,UT,Utah,49051,Wasatch,40.4108,-111.2958,198,2,polygon,FALSE,TRUE,America/Denver,3
23819,Oakwood,Oakwood,MO,Missouri,29047,Clay,39.2005,-94.5704,198,387,polygon,FALSE,TRUE,America/Chicago,3
23820,Barnard,Barnard,MO,Missouri,29147,Nodaway,40.1755,-94.8233,198,505,polygon,FALSE,TRUE,America/Chicago,3
23821,Peterson,Peterson,MN,Minnesota,27045,Fillmore,43.7868,-91.8333,198,160,polygon,FALSE,TRUE,America/Chicago,3
23822,Fountain,Fountain,MI,Michigan,26105,Mason,44.0484,-86.181,198,74,polygon,FALSE,TRUE,America/Detroit,3
23823,Lebanon,Lebanon,KS,Kansas,20183,Smith,39.8102,-98.5573,198,237,polygon,FALSE,TRUE,America/Chicago,3
23824,Silver Creek,Silver Creek,MS,Mississippi,28077,Lawrence,31.6049,-90.0022,198,51,polygon,FALSE,TRUE,America/Chicago,3
23825,Trenton,Trenton,SC,South Carolina,45037,Edgefield,33.7401,-81.8404,198,60,polygon,FALSE,TRUE,America/New_York,3
23826,Boykin,Boykin,SC,South Carolina,45055,Kershaw,34.1198,-80.5886,198,11,polygon,FALSE,FALSE,America/New_York,3
23827,Long Hollow,Long Hollow,SD,South Dakota,46109,Roberts,45.6823,-97.1611,198,5,polygon,FALSE,TRUE,America/Chicago,3
23828,La Plant,La Plant,SD,South Dakota,46041,Dewey,45.1352,-100.6648,198,8,polygon,FALSE,FALSE,America/Denver,3
23829,Port Wing,Port Wing,WI,Wisconsin,55007,Bayfield,46.7757,-91.3806,197,66,polygon,FALSE,FALSE,America/Chicago,3
23830,Eland,Eland,WI,Wisconsin,55115,Shawano,44.867,-89.209,197,34,polygon,FALSE,TRUE,America/Chicago,3
23831,Broaddus,Broaddus,TX,Texas,48405,San Augustine,31.3051,-94.2699,197,203,polygon,FALSE,TRUE,America/Chicago,3
23832,Pecan Gap,Pecan Gap,TX,Texas,48119,Delta,33.4382,-95.8519,197,121,polygon,FALSE,TRUE,America/Chicago,3
23833,Clam Gulch,Clam Gulch,AK,Alaska,2122,Kenai Peninsula,60.2001,-151.3939,197,5,polygon,FALSE,FALSE,America/Anchorage,3
23834,Fairfield,Fairfield,NC,North Carolina,37095,Hyde,35.5471,-76.2261,197,10,polygon,FALSE,FALSE,America/New_York,3
23835,Sugar Mountain,Sugar Mountain,NC,North Carolina,37011,Avery,36.127,-81.8649,197,31,polygon,FALSE,TRUE,America/New_York,3
23836,Harrells,Harrells,NC,North Carolina,37163,Sampson,34.7279,-78.2015,197,24,polygon,FALSE,TRUE,America/New_York,3
23837,Darden,Darden,TN,Tennessee,47077,Henderson,35.6384,-88.2261,197,9,polygon,FALSE,FALSE,America/Chicago,3
23838,Monument,Monument,PA,Pennsylvania,42027,Centre,41.1112,-77.7042,197,873,polygon,FALSE,FALSE,America/New_York,3
23839,Newton Hamilton,Newton Hamilton,PA,Pennsylvania,42087,Mifflin,40.3926,-77.8354,197,490,polygon,FALSE,TRUE,America/New_York,3
23840,Macedonia,Macedonia,AL,Alabama,1107,Pickens,33.4031,-88.2392,197,19,polygon,FALSE,FALSE,America/Chicago,3
23841,Paint Rock,Paint Rock,AL,Alabama,1071,Jackson,34.6602,-86.3307,197,175,polygon,FALSE,TRUE,America/Chicago,3
23842,Providence,Providence,AL,Alabama,1091,Marengo,32.3424,-87.7762,197,43,polygon,FALSE,TRUE,America/Chicago,3
23843,Waterloo,Waterloo,AL,Alabama,1077,Lauderdale,34.9173,-88.0654,197,101,polygon,FALSE,TRUE,America/Chicago,3
23844,O'Kean,O'Kean,AR,Arkansas,5121,Randolph,36.1715,-90.8183,197,74,polygon,FALSE,TRUE,America/Chicago,3
23845,Mill Shoals,Mill Shoals,IL,Illinois,17193,White,38.2496,-88.3457,197,99,polygon,FALSE,TRUE,America/Chicago,3
23846,Lilly,Lilly,GA,Georgia,13093,Dooly,32.1465,-83.8775,197,126,polygon,FALSE,TRUE,America/New_York,3
23847,Altona,Altona,IN,Indiana,18033,DeKalb,41.3522,-85.1526,197,375,polygon,FALSE,TRUE,America/Indiana/Indianapolis,3
23848,Garden Grove,Garden Grove,IA,Iowa,19053,Decatur,40.8264,-93.6073,197,109,polygon,FALSE,TRUE,America/Chicago,3
23849,Blencoe,Blencoe,IA,Iowa,19133,Monona,41.9303,-96.0822,197,100,polygon,FALSE,TRUE,America/Chicago,3
23850,Oxbow Estates,Oxbow Estates,AZ,Arizona,4007,Gila,34.1824,-111.343,197,154,polygon,FALSE,FALSE,America/Phoenix,3
23851,Oljato-Monument Valley,Oljato-Monument Valley,AZ,Arizona,4017,Navajo,36.9867,-110.191,197,6,polygon,FALSE,TRUE,America/Denver,3
23852,Pittsburg,Pittsburg,OK,Oklahoma,40121,Pittsburg,34.7116,-95.8502,197,161,polygon,FALSE,TRUE,America/Chicago,3
23853,Oakwood Park,Oakwood Park,MO,Missouri,29047,Clay,39.2047,-94.5738,197,1133,polygon,FALSE,TRUE,America/Chicago,3
23854,Marquand,Marquand,MO,Missouri,29123,Madison,37.4287,-90.167,197,319,polygon,FALSE,TRUE,America/Chicago,3
23855,Holland,Holland,MO,Missouri,29155,Pemiscot,36.057,-89.8706,197,456,polygon,FALSE,TRUE,America/Chicago,3
23856,Meire Grove,Meire Grove,MN,Minnesota,27145,Stearns,45.6264,-94.8694,197,195,polygon,FALSE,TRUE,America/Chicago,3
23857,Tyro,Tyro,KS,Kansas,20125,Montgomery,37.0375,-95.8212,197,146,polygon,FALSE,TRUE,America/Chicago,3
23858,Highwood,Highwood,MT,Montana,30015,Chouteau,47.5991,-110.7677,197,16,polygon,FALSE,FALSE,America/Denver,3
23859,Henderson Point,Henderson Point,MS,Mississippi,28047,Harrison,30.3153,-89.2864,197,71,polygon,FALSE,FALSE,America/Chicago,3
23860,Russellville,Russellville,SC,South Carolina,45015,Berkeley,33.397,-79.9637,197,20,polygon,FALSE,FALSE,America/New_York,3
23861,Scotia,Scotia,SC,South Carolina,45049,Hampton,32.6805,-81.2433,197,24,polygon,FALSE,TRUE,America/New_York,3
23862,Arkansaw,Arkansaw,WI,Wisconsin,55091,Pepin,44.6334,-92.0222,196,106,polygon,FALSE,FALSE,America/Chicago,3
23863,Study Butte,Study Butte,TX,Texas,48043,Brewster,29.3351,-103.5421,196,15,polygon,FALSE,FALSE,America/Chicago,3
23864,Eureka,Eureka,NC,North Carolina,37191,Wayne,35.5413,-77.8762,196,221,polygon,FALSE,TRUE,America/New_York,3
23865,Trumbull,Trumbull,NE,Nebraska,31035,Clay,40.6801,-98.2734,196,175,polygon,FALSE,TRUE,America/Chicago,3
23866,Mitchellville,Mitchellville,TN,Tennessee,47165,Sumner,36.6344,-86.54,196,140,polygon,FALSE,TRUE,America/Chicago,3
23867,Brave,Brave,PA,Pennsylvania,42059,Greene,39.7264,-80.2593,196,85,polygon,FALSE,FALSE,America/New_York,3
23868,Marklesburg,Marklesburg,PA,Pennsylvania,42061,Huntingdon,40.3821,-78.1697,196,73,polygon,FALSE,TRUE,America/New_York,3
23869,Sutcliffe,Sutcliffe,NV,Nevada,32031,Washoe,39.9461,-119.6305,196,7,polygon,FALSE,FALSE,America/Los_Angeles,3
23870,Wawona,Wawona,CA,California,6043,Mariposa,37.5482,-119.6395,196,11,polygon,FALSE,FALSE,America/Los_Angeles,3
23871,Dutch Flat,Dutch Flat,CA,California,6061,Placer,39.208,-120.8345,196,127,polygon,FALSE,FALSE,America/Los_Angeles,3
23872,Edwardsville,Edwardsville,AL,Alabama,1029,Cleburne,33.8411,-85.4523,196,4,polygon,FALSE,TRUE,America/Chicago,3
23873,Baylis,Baylis,IL,Illinois,17149,Pike,39.7294,-90.9094,196,160,polygon,FALSE,TRUE,America/Chicago,3
23874,Spillertown,Spillertown,IL,Illinois,17199,Williamson,37.7641,-88.9195,196,218,polygon,FALSE,TRUE,America/Chicago,3
23875,Hancock,Hancock,IA,Iowa,19155,Pottawattamie,41.3924,-95.3636,196,107,polygon,FALSE,TRUE,America/Chicago,3
23876,Volga,Volga,IA,Iowa,19043,Clayton,42.8027,-91.5423,196,96,polygon,FALSE,TRUE,America/Chicago,3
23877,Peck,Peck,ID,Idaho,16069,Nez Perce,46.4747,-116.4262,196,299,polygon,FALSE,TRUE,America/Los_Angeles,3
23878,Taylors Island,Taylors Island,MD,Maryland,24019,Dorchester,38.473,-76.3126,196,18,polygon,FALSE,FALSE,America/New_York,3
23879,Zanesfield,Zanesfield,OH,Ohio,39091,Logan,40.3387,-83.6779,196,713,polygon,FALSE,TRUE,America/New_York,3
23880,Mount Cory,Mount Cory,OH,Ohio,39063,Hancock,40.9348,-83.8235,196,197,polygon,FALSE,TRUE,America/New_York,3
23881,Glenview Manor,Glenview Manor,KY,Kentucky,21111,Jefferson,38.2907,-85.6333,196,882,polygon,FALSE,TRUE,America/New_York,3
23882,Deer Island,Deer Island,OR,Oregon,41009,Columbia,45.9332,-122.8501,196,155,polygon,FALSE,FALSE,America/Los_Angeles,3
23883,Frederick,Frederick,SD,South Dakota,46013,Brown,45.832,-98.5069,196,194,polygon,FALSE,TRUE,America/Chicago,3
23884,Glen Ferris,Glen Ferris,WV,West Virginia,54019,Fayette,38.1518,-81.2185,195,54,polygon,FALSE,FALSE,America/New_York,3
23885,Belle Mead,Belle Mead,NJ,New Jersey,34035,Somerset,40.4645,-74.6725,195,105,polygon,FALSE,FALSE,America/New_York,3
23886,Romeville,Romeville,LA,Louisiana,22093,St. James,30.0676,-90.8341,195,23,polygon,FALSE,FALSE,America/Chicago,3
23887,Cerro Gordo,Cerro Gordo,NC,North Carolina,37047,Columbus,34.3226,-78.9286,195,95,polygon,FALSE,TRUE,America/New_York,3
23888,Munich,Munich,ND,North Dakota,38019,Cavalier,48.6729,-98.8385,195,52,polygon,FALSE,TRUE,America/Chicago,3
23889,Crown,Crown,PA,Pennsylvania,42031,Clarion,41.3917,-79.2633,195,29,polygon,FALSE,FALSE,America/New_York,3
23890,Union Level,Union Level,VA,Virginia,51117,Mecklenburg,36.7071,-78.2319,195,20,polygon,FALSE,FALSE,America/New_York,3
23891,Amherst,Amherst,CO,Colorado,8095,Phillips,40.6831,-102.1727,195,166,polygon,FALSE,FALSE,America/Denver,3
23892,Fulton,Fulton,AR,Arkansas,5057,Hempstead,33.6126,-93.8137,195,431,polygon,FALSE,TRUE,America/Chicago,3
23893,Donnellson,Donnellson,IL,Illinois,17135,Montgomery,39.0307,-89.4745,195,230,polygon,FALSE,TRUE,America/Chicago,3
23894,Shumway,Shumway,IL,Illinois,17049,Effingham,39.1834,-88.6532,195,226,polygon,FALSE,TRUE,America/Chicago,3
23895,Montrose,Montrose,IL,Illinois,17049,Effingham,39.1659,-88.3776,195,109,polygon,FALSE,TRUE,America/Chicago,3
23896,Burket,Burket,IN,Indiana,18085,Kosciusko,41.155,-85.9687,195,1055,polygon,FALSE,TRUE,America/Indiana/Indianapolis,3
23897,Edesville,Edesville,MD,Maryland,24029,Kent,39.154,-76.2097,195,188,polygon,FALSE,FALSE,America/New_York,3
23898,Madison,Madison,MD,Maryland,24019,Dorchester,38.5149,-76.2155,195,23,polygon,FALSE,FALSE,America/New_York,3
23899,Neck City,Neck City,MO,Missouri,29097,Jasper,37.2549,-94.4449,195,191,polygon,FALSE,TRUE,America/Chicago,3
23900,Edgar Springs,Edgar Springs,MO,Missouri,29161,Phelps,37.7026,-91.8661,195,160,polygon,FALSE,TRUE,America/Chicago,3
23901,Newtonia,Newtonia,MO,Missouri,29145,Newton,36.8792,-94.1836,195,230,polygon,FALSE,TRUE,America/Chicago,3
23902,Okabena,Okabena,MN,Minnesota,27063,Jackson,43.7391,-95.3165,195,337,polygon,FALSE,TRUE,America/Chicago,3
23903,Winifred,Winifred,MT,Montana,30027,Fergus,47.5621,-109.3773,195,143,polygon,FALSE,TRUE,America/Denver,3
23904,Rader Creek,Rader Creek,MT,Montana,30043,Jefferson,45.8456,-112.3161,195,3,polygon,FALSE,TRUE,America/Denver,3
23905,Hiseville,Hiseville,KY,Kentucky,21009,Barren,37.1008,-85.8149,195,103,polygon,FALSE,FALSE,America/Chicago,3
23906,Istachatta,Istachatta,FL,Florida,12053,Hernando,28.6634,-82.2726,194,244,polygon,FALSE,FALSE,America/New_York,3
23907,Brainards,Brainards,NJ,New Jersey,34041,Warren,40.7718,-75.1699,194,407,polygon,FALSE,FALSE,America/New_York,3
23908,Alto Bonito Heights,Alto Bonito Heights,TX,Texas,48427,Starr,26.3158,-98.6413,194,1455,polygon,FALSE,TRUE,America/Chicago,3
23909,Opdyke West,Opdyke West,TX,Texas,48219,Hockley,33.5927,-102.3006,194,333,polygon,FALSE,TRUE,America/Chicago,3
23910,Holbrook,Holbrook,NE,Nebraska,31065,Furnas,40.3047,-100.0099,194,464,polygon,FALSE,TRUE,America/Chicago,3
23911,St. Libory,St. Libory,NE,Nebraska,31093,Howard,41.0822,-98.359,194,225,polygon,FALSE,FALSE,America/Chicago,3
23912,Bowles,Bowles,CA,California,6019,Fresno,36.6089,-119.7526,194,196,polygon,FALSE,FALSE,America/Los_Angeles,3
23913,Reader,Reader,AR,Arkansas,5103,Ouachita,33.7518,-93.1009,194,32,polygon,FALSE,FALSE,America/Chicago,3
23914,Matthews,Matthews,GA,Georgia,13163,Jefferson,33.2176,-82.3079,194,21,polygon,FALSE,FALSE,America/New_York,3
23915,Jonesville,Jonesville,IN,Indiana,18005,Bartholomew,39.0598,-85.8878,194,528,polygon,FALSE,TRUE,America/Indiana/Indianapolis,3
23916,Woodburn,Woodburn,IA,Iowa,19039,Clarke,41.0109,-93.5963,194,117,polygon,FALSE,TRUE,America/Chicago,3
23917,Rembrandt,Rembrandt,IA,Iowa,19021,Buena Vista,42.8257,-95.1656,194,318,polygon,FALSE,TRUE,America/Chicago,3
23918,Arthur,Arthur,IA,Iowa,19093,Ida,42.3353,-95.3469,194,492,polygon,FALSE,TRUE,America/Chicago,3
23919,Nash,Nash,OK,Oklahoma,40053,Grant,36.6648,-98.0521,194,229,polygon,FALSE,TRUE,America/Chicago,3
23920,Nelson,Nelson,MN,Minnesota,27041,Douglas,45.8865,-95.2648,194,113,polygon,FALSE,TRUE,America/Chicago,3
23921,Millersburg,Millersburg,MI,Michigan,26141,Presque Isle,45.3344,-84.0601,194,75,polygon,FALSE,TRUE,America/Detroit,3
23922,Wyola,Wyola,MT,Montana,30003,Big Horn,45.1154,-107.3738,194,11,polygon,FALSE,FALSE,America/Denver,3
23923,Wentworth,Wentworth,SD,South Dakota,46079,Lake,43.997,-96.9646,194,294,polygon,FALSE,TRUE,America/Chicago,3
23924,Kahlotus,Kahlotus,WA,Washington,53021,Franklin,46.6433,-118.556,193,196,polygon,FALSE,TRUE,America/Los_Angeles,3
23925,Woodside,Woodside,DE,Delaware,10001,Kent,39.0712,-75.5667,193,527,polygon,FALSE,TRUE,America/New_York,3
23926,Middle Village,Middle Village,WI,Wisconsin,55078,Menominee,44.9347,-88.7334,193,12,polygon,FALSE,FALSE,America/Chicago,3
23927,Pleasanton,Pleasanton,NM,New Mexico,35003,Catron,33.2759,-108.8792,193,48,polygon,FALSE,FALSE,America/Denver,3
23928,El Quiote,El Quiote,TX,Texas,48427,Starr,26.3845,-98.9084,193,1467,polygon,FALSE,TRUE,America/Chicago,3
23929,Dunbar,Dunbar,NE,Nebraska,31131,Otoe,40.6687,-96.0309,193,323,polygon,FALSE,TRUE,America/Chicago,3
23930,Elbert,Elbert,CO,Colorado,8039,Elbert,39.2189,-104.5403,193,157,polygon,FALSE,FALSE,America/Denver,3
23931,Gilbertown,Gilbertown,AL,Alabama,1023,Choctaw,31.8758,-88.3195,193,95,polygon,FALSE,TRUE,America/Chicago,3
23932,Caledonia,Caledonia,IL,Illinois,17007,Boone,42.3686,-88.8939,193,72,polygon,FALSE,TRUE,America/Chicago,3
23933,Poneto,Poneto,IN,Indiana,18179,Wells,40.6568,-85.2225,193,649,polygon,FALSE,TRUE,America/Indiana/Indianapolis,3
23934,Mellott,Mellott,IN,Indiana,18045,Fountain,40.1641,-87.1488,193,217,polygon,FALSE,TRUE,America/Indiana/Indianapolis,3
23935,Onslow,Onslow,IA,Iowa,19105,Jones,42.1073,-91.0153,193,330,polygon,FALSE,TRUE,America/Chicago,3
23936,Smith Island,Smith Island,MD,Maryland,24039,Somerset,37.9748,-76.0251,193,17,polygon,FALSE,FALSE,America/New_York,3
23937,South Haven,South Haven,MN,Minnesota,27171,Wright,45.2927,-94.2174,193,117,polygon,FALSE,TRUE,America/Chicago,3
23938,Copemish,Copemish,MI,Michigan,26101,Manistee,44.4804,-85.9242,193,79,polygon,FALSE,TRUE,America/Detroit,3
23939,Lincolnville,Lincolnville,KS,Kansas,20115,Marion,38.4943,-96.9614,193,331,polygon,FALSE,TRUE,America/Chicago,3
23940,Mission Woods,Mission Woods,KS,Kansas,20091,Johnson,39.0342,-94.6107,193,838,polygon,FALSE,TRUE,America/Chicago,3
23941,Tipton,Tipton,KS,Kansas,20123,Mitchell,39.3395,-98.4709,193,295,polygon,FALSE,TRUE,America/Chicago,3
23942,Bear Dance,Bear Dance,MT,Montana,30047,Lake,47.902,-114.0273,193,26,polygon,FALSE,FALSE,America/Denver,3
23943,Lowrys,Lowrys,SC,South Carolina,45023,Chester,34.804,-81.2372,193,23,polygon,FALSE,TRUE,America/New_York,3
23944,Jeff,Jeff,KY,Kentucky,21193,Perry,37.2093,-83.1395,193,98,polygon,FALSE,FALSE,America/New_York,3
23945,Patch Grove,Patch Grove,WI,Wisconsin,55043,Grant,42.9406,-90.9724,192,195,polygon,FALSE,TRUE,America/Chicago,3
23946,Union Center,Union Center,WI,Wisconsin,55057,Juneau,43.6826,-90.2634,192,89,polygon,FALSE,TRUE,America/Chicago,3
23947,Alamillo,Alamillo,NM,New Mexico,35053,Socorro,34.2519,-106.9158,192,61,polygon,FALSE,FALSE,America/Denver,3
23948,North Acomita Village,North Acomita Village,NM,New Mexico,35006,Cibola,35.0659,-107.5676,192,25,polygon,FALSE,FALSE,America/Denver,3
23949,Edgefield,Edgefield,LA,Louisiana,22081,Red River,32.0501,-93.336,192,298,polygon,FALSE,TRUE,America/Chicago,3
23950,Port Graham,Port Graham,AK,Alaska,2122,Kenai Peninsula,59.34,-151.8464,192,11,polygon,FALSE,FALSE,America/Anchorage,3
23951,Enville,Enville,TN,Tennessee,47023,Chester,35.3911,-88.4303,192,51,polygon,FALSE,TRUE,America/Chicago,3
23952,Lincolnville,Lincolnville,PA,Pennsylvania,42039,Crawford,41.7902,-79.8381,192,276,polygon,FALSE,FALSE,America/New_York,3
23953,Callensburg,Callensburg,PA,Pennsylvania,42031,Clarion,41.1258,-79.5577,192,512,polygon,FALSE,TRUE,America/New_York,3
23954,Haralson,Haralson,GA,Georgia,13077,Coweta,33.2285,-84.569,192,95,polygon,FALSE,TRUE,America/New_York,3
23955,East Enterprise,East Enterprise,IN,Indiana,18155,Switzerland,38.8702,-84.9889,192,142,polygon,FALSE,FALSE,America/Indiana/Vevay,3
23956,Detmold,Detmold,MD,Maryland,24001,Allegany,39.5572,-78.991,192,473,polygon,FALSE,FALSE,America/New_York,3
23957,Quantico,Quantico,MD,Maryland,24045,Wicomico,38.3767,-75.7526,192,39,polygon,FALSE,FALSE,America/New_York,3
23958,Harpster,Harpster,OH,Ohio,39175,Wyandot,40.7384,-83.2502,192,37,polygon,FALSE,TRUE,America/New_York,3
23959,Rosewood,Rosewood,OH,Ohio,39021,Champaign,40.2174,-83.9635,192,54,polygon,FALSE,FALSE,America/New_York,3
23960,Yoder,Yoder,KS,Kansas,20155,Reno,37.9454,-97.8681,192,27,polygon,FALSE,FALSE,America/Chicago,3
23961,Pittsboro,Pittsboro,MS,Mississippi,28013,Calhoun,33.94,-89.3373,192,75,polygon,FALSE,TRUE,America/Chicago,3
23962,Mehama,Mehama,OR,Oregon,41047,Marion,44.7914,-122.6305,192,161,polygon,FALSE,FALSE,America/Los_Angeles,3
23963,Cascadia,Cascadia,OR,Oregon,41043,Linn,44.3931,-122.5027,192,14,polygon,FALSE,FALSE,America/Los_Angeles,3
23964,Daniel,Daniel,WY,Wyoming,56035,Sublette,42.8658,-110.0767,191,14,polygon,FALSE,FALSE,America/Denver,3
23965,Luis Lopez,Luis Lopez,NM,New Mexico,35053,Socorro,33.9904,-106.8878,191,136,polygon,FALSE,FALSE,America/Denver,3
23966,Dunn Center,Dunn Center,ND,North Dakota,38025,Dunn,47.3527,-102.6233,191,188,polygon,FALSE,TRUE,America/Denver,3
23967,Sheyenne,Sheyenne,ND,North Dakota,38027,Eddy,47.8274,-99.1168,191,492,polygon,FALSE,TRUE,America/Chicago,3
23968,Wimbledon,Wimbledon,ND,North Dakota,38003,Barnes,47.1691,-98.4586,191,118,polygon,FALSE,TRUE,America/Chicago,3
23969,Dwight,Dwight,NE,Nebraska,31023,Butler,41.0827,-97.0191,191,300,polygon,FALSE,TRUE,America/Chicago,3
23970,Pickrell,Pickrell,NE,Nebraska,31067,Gage,40.3782,-96.7294,191,686,polygon,FALSE,TRUE,America/Chicago,3
23971,Summit Station,Summit Station,PA,Pennsylvania,42107,Schuylkill,40.5615,-76.1996,191,67,polygon,FALSE,FALSE,America/New_York,3
23972,Idaville,Idaville,PA,Pennsylvania,42001,Adams,40.0199,-77.2034,191,106,polygon,FALSE,FALSE,America/New_York,3
23973,Churchville,Churchville,VA,Virginia,51015,Augusta,38.2247,-79.1619,191,193,polygon,FALSE,FALSE,America/New_York,3
23974,Big Island,Big Island,VA,Virginia,51019,Bedford,37.5351,-79.3615,191,89,polygon,FALSE,FALSE,America/New_York,3
23975,Cherokee Strip,Cherokee Strip,CA,California,6029,Kern,35.4698,-119.2617,191,813,polygon,FALSE,FALSE,America/Los_Angeles,3
23976,Elk Creek,Elk Creek,CA,California,6021,Glenn,39.6002,-122.5376,191,50,polygon,FALSE,FALSE,America/Los_Angeles,3
23977,Franklin,Franklin,AR,Arkansas,5065,Izard,36.1727,-91.7697,191,34,polygon,FALSE,TRUE,America/Chicago,3
23978,Hooppole,Hooppole,IL,Illinois,17073,Henry,41.5218,-89.914,191,198,polygon,FALSE,TRUE,America/Chicago,3
23979,Stockton,Stockton,IA,Iowa,19139,Muscatine,41.5909,-90.8566,191,679,polygon,FALSE,TRUE,America/Chicago,3
23980,Moscow,Moscow,OH,Ohio,39025,Clermont,38.86,-84.2281,191,201,polygon,FALSE,TRUE,America/New_York,3
23981,Breedsville,Breedsville,MI,Michigan,26159,Van Buren,42.3489,-86.0718,191,113,polygon,FALSE,TRUE,America/Detroit,3
23982,Exeland,Exeland,WI,Wisconsin,55113,Sawyer,45.667,-91.2426,190,61,polygon,FALSE,TRUE,America/Chicago,3
23983,Fort Green,Fort Green,FL,Florida,12049,Hardee,27.6255,-81.9397,190,18,polygon,FALSE,FALSE,America/New_York,3
23984,Crabtree,Crabtree,PA,Pennsylvania,42129,Westmoreland,40.3639,-79.4694,190,786,polygon,FALSE,FALSE,America/New_York,3
23985,Amador City,Amador City,CA,California,6005,Amador,38.419,-120.8232,190,236,polygon,FALSE,TRUE,America/Los_Angeles,3
23986,Sunset,Sunset,AR,Arkansas,5035,Crittenden,35.224,-90.2057,190,280,polygon,FALSE,TRUE,America/Chicago,3
23987,Friendship,Friendship,AR,Arkansas,5059,Hot Spring,34.2243,-93.0037,190,103,polygon,FALSE,TRUE,America/Chicago,3
23988,Little York,Little York,IN,Indiana,18175,Washington,38.6993,-85.9045,190,74,polygon,FALSE,TRUE,America/Indiana/Indianapolis,3
23989,Kamrar,Kamrar,IA,Iowa,19079,Hamilton,42.3898,-93.728,190,85,polygon,FALSE,TRUE,America/Chicago,3
23990,Drakesville,Drakesville,IA,Iowa,19051,Davis,40.7984,-92.4814,190,298,polygon,FALSE,TRUE,America/Chicago,3
23991,West Leipsic,West Leipsic,OH,Ohio,39137,Putnam,41.1053,-84.0011,190,294,polygon,FALSE,TRUE,America/New_York,3
23992,Gilliam,Gilliam,MO,Missouri,29195,Saline,39.2327,-93.0041,190,295,polygon,FALSE,TRUE,America/Chicago,3
23993,Laredo,Laredo,MO,Missouri,29079,Grundy,40.0261,-93.4479,190,266,polygon,FALSE,TRUE,America/Chicago,3
23994,Forada,Forada,MN,Minnesota,27041,Douglas,45.7884,-95.3567,190,145,polygon,FALSE,TRUE,America/Chicago,3
23995,Allen,Allen,MI,Michigan,26059,Hillsdale,41.9584,-84.7673,190,422,polygon,FALSE,TRUE,America/Detroit,3
23996,Morganville,Morganville,KS,Kansas,20027,Clay,39.4666,-97.2038,190,216,polygon,FALSE,TRUE,America/Chicago,3
23997,Starr,Starr,SC,South Carolina,45007,Anderson,34.3774,-82.6954,190,48,polygon,FALSE,TRUE,America/New_York,3
23998,Bremen,Bremen,KY,Kentucky,21177,Muhlenberg,37.3623,-87.2201,190,354,polygon,FALSE,TRUE,America/Chicago,3
23999,Long Creek,Long Creek,OR,Oregon,41023,Grant,44.7142,-119.1043,190,71,polygon,FALSE,TRUE,America/Los_Angeles,3
24000,Anton Chico,Anton Chico,NM,New Mexico,35019,Guadalupe,35.1948,-105.1439,189,40,polygon,FALSE,FALSE,America/Denver,3
24001,San Isidro,San Isidro,TX,Texas,48427,Starr,26.7136,-98.4479,189,23,polygon,FALSE,FALSE,America/Chicago,3
24002,Mooreton,Mooreton,ND,North Dakota,38077,Richland,46.269,-96.8758,189,273,polygon,FALSE,TRUE,America/Chicago,3
24003,Kysorville,Kysorville,NY,New York,36051,Livingston,42.6528,-77.7948,189,89,polygon,FALSE,FALSE,America/New_York,3
24004,Force,Force,PA,Pennsylvania,42047,Elk,41.2581,-78.5035,189,342,polygon,FALSE,FALSE,America/New_York,3
24005,Shippingport,Shippingport,PA,Pennsylvania,42007,Beaver,40.625,-80.422,189,21,polygon,FALSE,TRUE,America/New_York,3
24006,Rackerby,Rackerby,CA,California,6007,Butte,39.4261,-121.3542,189,24,polygon,FALSE,TRUE,America/Los_Angeles,3
24007,Little River,Little River,CA,California,6045,Mendocino,39.2703,-123.7817,189,43,polygon,FALSE,FALSE,America/Los_Angeles,3
24008,Sidney,Sidney,AR,Arkansas,5135,Sharp,36.0044,-91.6583,189,34,polygon,FALSE,TRUE,America/Chicago,3
24009,Greenway,Greenway,AR,Arkansas,5021,Clay,36.3406,-90.2223,189,280,polygon,FALSE,TRUE,America/Chicago,3
24010,Du Bois,Du Bois,IL,Illinois,17189,Washington,38.2214,-89.2127,189,69,polygon,FALSE,TRUE,America/Chicago,3
24011,Mitchell,Mitchell,GA,Georgia,13125,Glascock,33.2199,-82.7031,189,49,polygon,FALSE,TRUE,America/New_York,3
24012,Register,Register,GA,Georgia,13031,Bulloch,32.3657,-81.8845,189,93,polygon,FALSE,TRUE,America/New_York,3
24013,Twin Lakes,Twin Lakes,IA,Iowa,19025,Calhoun,42.4775,-94.6354,189,53,polygon,FALSE,FALSE,America/Chicago,3
24014,Old Fort,Old Fort,OH,Ohio,39147,Seneca,41.2419,-83.1515,189,126,polygon,FALSE,FALSE,America/New_York,3
24015,Bolckow,Bolckow,MO,Missouri,29003,Andrew,40.1153,-94.8211,189,224,polygon,FALSE,TRUE,America/Chicago,3
24016,Hughesville,Hughesville,MO,Missouri,29159,Pettis,38.8369,-93.2952,189,630,polygon,FALSE,TRUE,America/Chicago,3
24017,Watson,Watson,MN,Minnesota,27023,Chippewa,45.0099,-95.8,189,423,polygon,FALSE,TRUE,America/Chicago,3
24018,Beattie,Beattie,KS,Kansas,20117,Marshall,39.8624,-96.4178,189,318,polygon,FALSE,TRUE,America/Chicago,3
24019,Paradise,Paradise,MT,Montana,30089,Sanders,47.3858,-114.799,189,295,polygon,FALSE,FALSE,America/Denver,3
24020,Hustler,Hustler,WI,Wisconsin,55057,Juneau,43.8773,-90.2658,188,104,polygon,FALSE,TRUE,America/Chicago,3
24021,Cuyamungue Grant,Cuyamungue Grant,NM,New Mexico,35049,Santa Fe,35.8464,-105.9948,188,28,polygon,FALSE,TRUE,America/Denver,3
24022,Alice Acres,Alice Acres,TX,Texas,48249,Jim Wells,27.7119,-98.108,188,12,polygon,FALSE,FALSE,America/Chicago,3
24023,Megargel,Megargel,TX,Texas,48009,Archer,33.4535,-98.9298,188,118,polygon,FALSE,TRUE,America/Chicago,3
24024,Oakville,Oakville,CA,California,6055,Napa,38.4384,-122.4067,188,53,polygon,FALSE,FALSE,America/Los_Angeles,3
24025,Big Creek,Big Creek,CA,California,6019,Fresno,37.2036,-119.2486,188,157,polygon,FALSE,FALSE,America/Los_Angeles,3
24026,Prairieburg,Prairieburg,IA,Iowa,19113,Linn,42.2378,-91.4259,188,157,polygon,FALSE,TRUE,America/Chicago,3
24027,Elberon,Elberon,IA,Iowa,19171,Tama,42.0055,-92.3161,188,111,polygon,FALSE,TRUE,America/Chicago,3
24028,Onaway,Onaway,ID,Idaho,16057,Latah,46.9282,-116.8896,188,484,polygon,FALSE,TRUE,America/Los_Angeles,3
24029,Bloomingdale,Bloomingdale,OH,Ohio,39081,Jefferson,40.3422,-80.818,188,821,polygon,FALSE,TRUE,America/New_York,3
24030,West Elkton,West Elkton,OH,Ohio,39135,Preble,39.5882,-84.5596,188,124,polygon,FALSE,TRUE,America/New_York,3
24031,Camden,Camden,MO,Missouri,29177,Ray,39.2001,-94.0196,188,96,polygon,FALSE,TRUE,America/Chicago,3
24032,Fillmore,Fillmore,MO,Missouri,29003,Andrew,40.0253,-94.973,188,521,polygon,FALSE,TRUE,America/Chicago,3
24033,Northome,Northome,MN,Minnesota,27071,Koochiching,47.8748,-94.2675,188,49,polygon,FALSE,TRUE,America/Chicago,3
24034,Grenola,Grenola,KS,Kansas,20049,Elk,37.3505,-96.4494,188,156,polygon,FALSE,TRUE,America/Chicago,3
24035,Golden,Golden,MS,Mississippi,28141,Tishomingo,34.4866,-88.1863,188,125,polygon,FALSE,TRUE,America/Chicago,3
24036,Latah,Latah,WA,Washington,53063,Spokane,47.2822,-117.1557,187,225,polygon,FALSE,TRUE,America/Los_Angeles,3
24037,Iron Belt,Iron Belt,WI,Wisconsin,55051,Iron,46.4031,-90.3193,187,29,polygon,FALSE,FALSE,America/Chicago,3
24038,Limestone,Limestone,FL,Florida,12049,Hardee,27.3672,-81.9048,187,3,polygon,FALSE,FALSE,America/New_York,3
24039,Cool,Cool,TX,Texas,48367,Parker,32.8001,-98.0113,187,43,polygon,FALSE,TRUE,America/Chicago,3
24040,Newhalen,Newhalen,AK,Alaska,2164,Lake and Peninsula,59.727,-154.897,187,11,polygon,FALSE,TRUE,America/Anchorage,3
24041,Gurley,Gurley,NE,Nebraska,31033,Cheyenne,41.3214,-102.9745,187,386,polygon,FALSE,TRUE,America/Denver,3
24042,Howard City,Howard City,NE,Nebraska,31093,Howard,41.0753,-98.7154,187,101,polygon,FALSE,TRUE,America/Chicago,3
24043,Craig,Craig,NE,Nebraska,31021,Burt,41.7852,-96.3624,187,253,polygon,FALSE,TRUE,America/Chicago,3
24044,Lunenburg,Lunenburg,VA,Virginia,51111,Lunenburg,36.9584,-78.2682,187,33,polygon,FALSE,FALSE,America/New_York,3
24045,Verdi,Verdi,CA,California,6091,Sierra,39.5237,-120.0164,187,17,polygon,FALSE,FALSE,America/Los_Angeles,3
24046,Beaverton,Beaverton,AL,Alabama,1075,Lamar,33.9354,-88.0218,187,15,polygon,FALSE,TRUE,America/Chicago,3
24047,Dell,Dell,AR,Arkansas,5093,Mississippi,35.8592,-90.026,187,48,polygon,FALSE,TRUE,America/Chicago,3
24048,Box,Box,OK,Oklahoma,40135,Sequoyah,35.5784,-94.9718,187,21,polygon,FALSE,FALSE,America/Chicago,3
24049,Nashville,Nashville,OH,Ohio,39075,Holmes,40.5958,-82.1131,187,1053,polygon,FALSE,TRUE,America/New_York,3
24050,Wren,Wren,OH,Ohio,39161,Van Wert,40.8006,-84.7746,187,233,polygon,FALSE,TRUE,America/New_York,3
24051,New Cambria,New Cambria,MO,Missouri,29121,Macon,39.7765,-92.7515,187,107,polygon,FALSE,TRUE,America/Chicago,3
24052,Minnesota City,Minnesota City,MN,Minnesota,27169,Winona,44.0923,-91.75,187,290,polygon,FALSE,TRUE,America/Chicago,3
24053,Saco,Saco,MT,Montana,30071,Phillips,48.4571,-107.3414,187,237,polygon,FALSE,TRUE,America/Denver,3
24054,Alligator,Alligator,MS,Mississippi,28011,Bolivar,34.0899,-90.7205,187,73,polygon,FALSE,TRUE,America/Chicago,3
24055,Thornhill,Thornhill,KY,Kentucky,21111,Jefferson,38.2884,-85.6256,187,1589,polygon,FALSE,TRUE,America/New_York,3
24056,Neskowin,Neskowin,OR,Oregon,41057,Tillamook,45.1208,-123.9766,187,51,polygon,FALSE,FALSE,America/Los_Angeles,3
24057,Brant Lake South,Brant Lake South,SD,South Dakota,46079,Lake,43.9139,-96.9379,187,137,polygon,FALSE,TRUE,America/Chicago,3
24058,Gotham,Gotham,WI,Wisconsin,55103,Richland,43.2225,-90.297,186,180,polygon,FALSE,FALSE,America/Chicago,3
24059,Lumberton,Lumberton,NM,New Mexico,35039,Rio Arriba,36.9328,-106.9352,186,150,polygon,FALSE,FALSE,America/Denver,3
24060,Wing,Wing,ND,North Dakota,38015,Burleigh,47.1422,-100.2824,186,112,polygon,FALSE,TRUE,America/Chicago,3
24061,Benson,Benson,PA,Pennsylvania,42111,Somerset,40.2027,-78.9293,186,203,polygon,FALSE,TRUE,America/New_York,3
24062,Edna,Edna,CA,California,6079,San Luis Obispo,35.2108,-120.606,186,58,polygon,FALSE,FALSE,America/Los_Angeles,3
24063,Coffee Creek,Coffee Creek,CA,California,6105,Trinity,41.0802,-122.7136,186,6,polygon,FALSE,FALSE,America/Los_Angeles,3
24064,Tupman,Tupman,CA,California,6029,Kern,35.2987,-119.3575,186,136,polygon,FALSE,FALSE,America/Los_Angeles,3
24065,Port Costa,Port Costa,CA,California,6013,Contra Costa,38.0446,-122.185,186,453,polygon,FALSE,FALSE,America/Los_Angeles,3
24066,Onycha,Onycha,AL,Alabama,1039,Covington,31.2246,-86.2785,186,90,polygon,FALSE,TRUE,America/Chicago,3
24067,Woodlawn,Woodlawn,AR,Arkansas,5025,Cleveland,33.9668,-92.0452,186,30,polygon,FALSE,TRUE,America/Chicago,3
24068,Eldred,Eldred,IL,Illinois,17061,Greene,39.2863,-90.5538,186,536,polygon,FALSE,TRUE,America/Chicago,3
24069,Broughton,Broughton,IL,Illinois,17065,Hamilton,37.9345,-88.4624,186,38,polygon,FALSE,TRUE,America/Chicago,3
24070,Culloden,Culloden,GA,Georgia,13207,Monroe,32.8632,-84.094,186,92,polygon,FALSE,TRUE,America/New_York,3
24071,Boxholm,Boxholm,IA,Iowa,19015,Boone,42.1736,-94.1061,186,71,polygon,FALSE,TRUE,America/Chicago,3
24072,Clawson,Clawson,UT,Utah,49015,Emery,39.139,-111.0933,186,70,polygon,FALSE,TRUE,America/Denver,3
24073,Dent,Dent,MN,Minnesota,27111,Otter Tail,46.553,-95.719,186,193,polygon,FALSE,TRUE,America/Chicago,3
24074,Bendon,Bendon,MI,Michigan,26019,Benzie,44.637,-85.8378,186,35,polygon,FALSE,FALSE,America/Detroit,3
24075,Rantoul,Rantoul,KS,Kansas,20059,Franklin,38.5483,-95.1012,186,488,polygon,FALSE,TRUE,America/Chicago,3
24076,Grantville,Grantville,KS,Kansas,20087,Jefferson,39.0807,-95.5569,186,36,polygon,FALSE,FALSE,America/Chicago,3
24077,Emmett,Emmett,KS,Kansas,20149,Pottawatomie,39.3073,-96.0576,186,367,polygon,FALSE,TRUE,America/Chicago,3
24078,Power,Power,MT,Montana,30099,Teton,47.7203,-111.6944,186,47,polygon,FALSE,FALSE,America/Denver,3
24079,Worthville,Worthville,KY,Kentucky,21041,Carroll,38.6098,-85.0681,186,281,polygon,FALSE,TRUE,America/New_York,3
24080,Poole,Poole,KY,Kentucky,21233,Webster,37.6392,-87.6446,186,74,polygon,FALSE,FALSE,America/Chicago,3
24081,Hosmer,Hosmer,SD,South Dakota,46045,Edmunds,45.5788,-99.4736,186,72,polygon,FALSE,TRUE,America/Chicago,3
24082,Wilson,Wilson,WI,Wisconsin,55109,St. Croix,44.9586,-92.1705,185,41,polygon,FALSE,TRUE,America/Chicago,3
24083,Aurora,Aurora,WV,West Virginia,54077,Preston,39.3254,-79.5546,185,33,polygon,FALSE,FALSE,America/New_York,3
24084,Elk Mountain,Elk Mountain,WY,Wyoming,56007,Carbon,41.6883,-106.4135,185,258,polygon,FALSE,TRUE,America/Denver,3
24085,Blawenburg,Blawenburg,NJ,New Jersey,34035,Somerset,40.4058,-74.6973,185,117,polygon,FALSE,FALSE,America/New_York,3
24086,Cliffside,Cliffside,NC,North Carolina,37161,Rutherford,35.248,-81.7653,185,30,polygon,FALSE,FALSE,America/New_York,3
24087,Raymond,Raymond,NE,Nebraska,31109,Lancaster,40.9567,-96.7816,185,543,polygon,FALSE,TRUE,America/Chicago,3
24088,Ashton,Ashton,NE,Nebraska,31163,Sherman,41.2477,-98.795,185,120,polygon,FALSE,TRUE,America/Chicago,3
24089,Spring Garden,Spring Garden,AL,Alabama,1019,Cherokee,33.973,-85.5558,185,31,polygon,FALSE,FALSE,America/Chicago,3
24090,Royal Lakes,Royal Lakes,IL,Illinois,17117,Macoupin,39.1117,-89.9607,185,153,polygon,FALSE,TRUE,America/Chicago,3
24091,Rayle,Rayle,GA,Georgia,13317,Wilkes,33.7902,-82.9031,185,69,polygon,FALSE,TRUE,America/New_York,3
24092,Newberry,Newberry,IN,Indiana,18055,Greene,38.9238,-87.0193,185,149,polygon,FALSE,TRUE,America/Indiana/Indianapolis,3
24093,Henderson,Henderson,IA,Iowa,19129,Mills,41.14,-95.4309,185,333,polygon,FALSE,TRUE,America/Chicago,3
24094,Blockton,Blockton,IA,Iowa,19173,Taylor,40.6168,-94.4779,185,110,polygon,FALSE,TRUE,America/Chicago,3
24095,Maysville,Maysville,IA,Iowa,19163,Scott,41.6498,-90.7183,185,261,polygon,FALSE,TRUE,America/Chicago,3
24096,Padre Ranchitos,Padre Ranchitos,AZ,Arizona,4027,Yuma,32.6497,-114.6416,185,246,polygon,FALSE,TRUE,America/Phoenix,3
24097,Rossburg,Rossburg,OH,Ohio,39037,Darke,40.2803,-84.6385,185,509,polygon,FALSE,TRUE,America/New_York,3
24098,Blythedale,Blythedale,MO,Missouri,29081,Harrison,40.4752,-93.928,185,232,polygon,FALSE,TRUE,America/Chicago,3
24099,Homestead,Homestead,MO,Missouri,29177,Ray,39.3632,-94.2006,185,450,polygon,FALSE,TRUE,America/Chicago,3
24100,Ogema,Ogema,MN,Minnesota,27005,Becker,47.1016,-95.9225,185,58,polygon,FALSE,TRUE,America/Chicago,3
24101,Winnett,Winnett,MT,Montana,30069,Petroleum,47.0043,-108.3466,185,70,polygon,FALSE,TRUE,America/Denver,3
24102,Mount Croghan,Mount Croghan,SC,South Carolina,45025,Chesterfield,34.7697,-80.2264,185,94,polygon,FALSE,TRUE,America/New_York,3
24103,St. Lawrence,St. Lawrence,SD,South Dakota,46059,Hand,44.5166,-98.9379,185,208,polygon,FALSE,TRUE,America/Chicago,3
24104,Smoot,Smoot,WY,Wyoming,56023,Lincoln,42.6191,-110.9197,184,40,polygon,FALSE,FALSE,America/Denver,3
24105,Cliff,Cliff,NM,New Mexico,35017,Grant,32.966,-108.6176,184,6,polygon,FALSE,FALSE,America/Denver,3
24106,Loma Linda West,Loma Linda West,TX,Texas,48427,Starr,26.4205,-98.9304,184,581,polygon,FALSE,TRUE,America/Chicago,3
24107,Lopeño,Lopeno,TX,Texas,48505,Zapata,26.712,-99.1008,184,86,polygon,FALSE,FALSE,America/Chicago,3
24108,Port Lions,Port Lions,AK,Alaska,2150,Kodiak Island,57.8754,-152.8745,184,14,polygon,FALSE,TRUE,America/Anchorage,3
24109,Buffalo,Buffalo,ND,North Dakota,38017,Cass,46.9193,-97.5507,184,147,polygon,FALSE,TRUE,America/Chicago,3
24110,Hyannis,Hyannis,NE,Nebraska,31075,Grant,42.0005,-101.7622,184,136,polygon,FALSE,TRUE,America/Denver,3
24111,Bee,Bee,NE,Nebraska,31159,Seward,41.0064,-97.0583,184,284,polygon,FALSE,TRUE,America/Chicago,3
24112,Walton,Walton,NE,Nebraska,31109,Lancaster,40.796,-96.5657,184,19,polygon,FALSE,FALSE,America/Chicago,3
24113,Roseville,Roseville,PA,Pennsylvania,42117,Tioga,41.8637,-76.958,184,149,polygon,FALSE,TRUE,America/New_York,3
24114,Wilburton Number One,Wilburton Number One,PA,Pennsylvania,42037,Columbia,40.8129,-76.3924,184,668,polygon,FALSE,FALSE,America/New_York,3
24115,Fairview,Fairview,PA,Pennsylvania,42019,Butler,41.0155,-79.7432,184,629,polygon,FALSE,TRUE,America/New_York,3
24116,East Pleasant View,East Pleasant View,CO,Colorado,8059,Jefferson,39.7279,-105.1572,184,640,polygon,FALSE,TRUE,America/Denver,3
24117,Ophir,Ophir,CO,Colorado,8113,San Miguel,37.8568,-107.8312,184,302,polygon,FALSE,TRUE,America/Denver,3
24118,Decatur City,Decatur City,IA,Iowa,19053,Decatur,40.7424,-93.8327,184,178,polygon,FALSE,TRUE,America/Chicago,3
24119,Davis City,Davis City,IA,Iowa,19053,Decatur,40.6401,-93.8126,184,120,polygon,FALSE,TRUE,America/Chicago,3
24120,Popponesset,Popponesset,MA,Massachusetts,25001,Barnstable,41.5737,-70.4636,184,232,polygon,FALSE,FALSE,America/New_York,3
24121,Notchietown,Notchietown,OK,Oklahoma,40135,Sequoyah,35.5857,-95.0901,184,9,polygon,FALSE,FALSE,America/Chicago,3
24122,Lequire,Lequire,OK,Oklahoma,40061,Haskell,35.1098,-95.1065,184,22,polygon,FALSE,FALSE,America/Chicago,3
24123,Custar,Custar,OH,Ohio,39173,Wood,41.2846,-83.8438,184,283,polygon,FALSE,TRUE,America/New_York,3
24124,Palestine,Palestine,OH,Ohio,39037,Darke,40.0501,-84.7444,184,486,polygon,FALSE,TRUE,America/New_York,3
24125,Easton,Easton,MN,Minnesota,27043,Faribault,43.7661,-93.9,184,74,polygon,FALSE,TRUE,America/Chicago,3
24126,Minden City,Minden City,MI,Michigan,26151,Sanilac,43.6715,-82.7757,184,72,polygon,FALSE,TRUE,America/Detroit,3
24127,Luray,Luray,KS,Kansas,20167,Russell,39.1151,-98.6922,184,213,polygon,FALSE,TRUE,America/Chicago,3
24128,Amsterdam,Amsterdam,MT,Montana,30031,Gallatin,45.7462,-111.3301,184,26,polygon,FALSE,FALSE,America/Denver,3
24129,Maryhill Estates,Maryhill Estates,KY,Kentucky,21111,Jefferson,38.2663,-85.6532,184,1795,polygon,FALSE,TRUE,America/New_York,3
24130,Helix,Helix,OR,Oregon,41059,Umatilla,45.8506,-118.659,184,551,polygon,FALSE,TRUE,America/Los_Angeles,3
24131,Peoria,Peoria,OR,Oregon,41043,Linn,44.4507,-123.2043,184,149,polygon,FALSE,FALSE,America/Los_Angeles,3
24132,Metaline,Metaline,WA,Washington,53051,Pend Oreille,48.8533,-117.3892,183,231,polygon,FALSE,TRUE,America/Los_Angeles,3
24133,Bessemer Bend,Bessemer Bend,WY,Wyoming,56025,Natrona,42.7576,-106.5237,183,44,polygon,FALSE,FALSE,America/Denver,3
24134,Mosquito Lake,Mosquito Lake,AK,Alaska,2100,Haines,59.471,-136.1458,183,0,polygon,FALSE,FALSE,America/Juneau,3
24135,Cantwell,Cantwell,AK,Alaska,2068,Denali,63.379,-148.8158,183,0,polygon,FALSE,FALSE,America/Anchorage,3
24136,Danbury,Danbury,NC,North Carolina,37169,Stokes,36.4113,-80.2122,183,88,polygon,FALSE,TRUE,America/New_York,3
24137,Funk,Funk,NE,Nebraska,31137,Phelps,40.463,-99.2508,183,268,polygon,FALSE,TRUE,America/Chicago,3
24138,Wynot,Wynot,NE,Nebraska,31027,Cedar,42.7398,-97.1697,183,385,polygon,FALSE,TRUE,America/Chicago,3
24139,Medon,Medon,TN,Tennessee,47113,Madison,35.4556,-88.8636,183,71,polygon,FALSE,TRUE,America/Chicago,3
24140,Fishers Island,Fishers Island,NY,New York,36103,Suffolk,41.2702,-71.9878,183,17,polygon,FALSE,FALSE,America/New_York,3
24141,Hannasville,Hannasville,PA,Pennsylvania,42121,Venango,41.4716,-79.9311,183,46,polygon,FALSE,FALSE,America/New_York,3
24142,Vallecito,Vallecito,CA,California,6009,Calaveras,38.074,-120.4564,183,8,polygon,FALSE,FALSE,America/Los_Angeles,3
24143,Glenwood,Glenwood,AL,Alabama,1041,Crenshaw,31.6675,-86.173,183,96,polygon,FALSE,TRUE,America/Chicago,3
24144,Gainesville,Gainesville,AL,Alabama,1119,Sumter,32.8149,-88.1608,183,41,polygon,FALSE,TRUE,America/Chicago,3
24145,Ratcliff,Ratcliff,AR,Arkansas,5083,Logan,35.3066,-93.8887,183,38,polygon,FALSE,TRUE,America/Chicago,3
24146,Buckhead,Buckhead,GA,Georgia,13211,Morgan,33.5685,-83.3623,183,88,polygon,FALSE,TRUE,America/New_York,3
24147,Beaman,Beaman,IA,Iowa,19075,Grundy,42.2202,-92.8221,183,378,polygon,FALSE,TRUE,America/Chicago,3
24148,Crouch,Crouch,ID,Idaho,16015,Boise,44.116,-115.9728,183,196,polygon,FALSE,TRUE,America/Boise,3
24149,Hutton,Hutton,MD,Maryland,24023,Garrett,39.4145,-79.4801,183,431,polygon,FALSE,FALSE,America/New_York,3
24150,Latty,Latty,OH,Ohio,39125,Paulding,41.0879,-84.5832,183,262,polygon,FALSE,TRUE,America/New_York,3
24151,Sugar Bush Knolls,Sugar Bush Knolls,OH,Ohio,39133,Portage,41.2037,-81.3471,183,319,polygon,FALSE,TRUE,America/New_York,3
24152,Nelson,Nelson,MO,Missouri,29195,Saline,38.9946,-93.0308,183,214,polygon,FALSE,TRUE,America/Chicago,3
24153,Hardwick,Hardwick,MN,Minnesota,27133,Rock,43.7742,-96.1975,183,40,polygon,FALSE,TRUE,America/Chicago,3
24154,Big Bay,Big Bay,MI,Michigan,26103,Marquette,46.8148,-87.6995,183,18,polygon,FALSE,FALSE,America/Detroit,3
24155,Whiting,Whiting,KS,Kansas,20085,Jackson,39.5879,-95.6112,183,70,polygon,FALSE,TRUE,America/Chicago,3
24156,Ensign,Ensign,KS,Kansas,20069,Gray,37.6531,-100.2329,183,242,polygon,FALSE,TRUE,America/Chicago,3
24157,Offerle,Offerle,KS,Kansas,20047,Edwards,37.8907,-99.5604,183,257,polygon,FALSE,TRUE,America/Chicago,3
24158,Broadview,Broadview,MT,Montana,30111,Yellowstone,46.0988,-108.8789,183,269,polygon,FALSE,TRUE,America/Denver,3
24159,Willapa,Willapa,WA,Washington,53049,Pacific,46.6755,-123.6648,182,252,polygon,FALSE,FALSE,America/Los_Angeles,3
24160,Layton,Layton,FL,Florida,12087,Monroe,24.8246,-80.8128,182,432,polygon,FALSE,TRUE,America/New_York,3
24161,Cruzville,Cruzville,NM,New Mexico,35003,Catron,33.81,-108.6684,182,27,polygon,FALSE,FALSE,America/Denver,3
24162,Bald Head Island,Bald Head Island,NC,North Carolina,37019,Brunswick,33.866,-77.9864,182,18,polygon,FALSE,TRUE,America/New_York,3
24163,Raemon,Raemon,NC,North Carolina,37155,Robeson,34.6229,-79.3491,182,16,polygon,FALSE,FALSE,America/New_York,3
24164,Van Voorhis,Van Voorhis,PA,Pennsylvania,42125,Washington,40.1598,-79.9731,182,185,polygon,FALSE,FALSE,America/New_York,3
24165,Woody Creek,Woody Creek,CO,Colorado,8097,Pitkin,39.2708,-106.8883,182,114,polygon,FALSE,FALSE,America/Denver,3
24166,Westside,Westside,CA,California,6019,Fresno,36.4042,-120.1341,182,31,polygon,FALSE,FALSE,America/Los_Angeles,3
24167,Woodland,Woodland,AL,Alabama,1111,Randolph,33.3756,-85.3975,182,45,polygon,FALSE,TRUE,America/Chicago,3
24168,New Grand Chain,New Grand Chain,IL,Illinois,17153,Pulaski,37.2552,-89.0165,182,67,polygon,FALSE,TRUE,America/Chicago,3
24169,Banner,Banner,IL,Illinois,17057,Fulton,40.5126,-89.9156,182,54,polygon,FALSE,TRUE,America/Chicago,3
24170,Cleveland,Cleveland,IL,Illinois,17073,Henry,41.5033,-90.3181,182,193,polygon,FALSE,TRUE,America/Chicago,3
24171,Epworth,Epworth,GA,Georgia,13111,Fannin,34.951,-84.3809,182,68,polygon,FALSE,FALSE,America/New_York,3
24172,Dune Acres,Dune Acres,IN,Indiana,18127,Porter,41.6448,-87.096,182,33,polygon,FALSE,TRUE,America/Chicago,3
24173,Sacate Village,Sacate Village,AZ,Arizona,4021,Pinal,33.1416,-111.9811,182,20,polygon,FALSE,TRUE,America/Phoenix,3
24174,Morristown,Morristown,AZ,Arizona,4013,Maricopa,33.8548,-112.6135,182,87,polygon,FALSE,FALSE,America/Phoenix,3
24175,Slick,Slick,OK,Oklahoma,40037,Creek,35.7775,-96.2667,182,10,polygon,FALSE,TRUE,America/Chicago,3
24176,Macksburg,Macksburg,OH,Ohio,39167,Washington,39.6314,-81.4562,182,325,polygon,FALSE,TRUE,America/New_York,3
24177,Plainville,Plainville,OH,Ohio,39061,Hamilton,39.1439,-84.3593,182,770,polygon,FALSE,FALSE,America/New_York,3
24178,Fountain N' Lakes,Fountain N' Lakes,MO,Missouri,29113,Lincoln,38.9689,-90.8493,182,492,polygon,FALSE,TRUE,America/Chicago,3
24179,Conception Junction,Conception Junction,MO,Missouri,29147,Nodaway,40.2684,-94.6914,182,222,polygon,FALSE,TRUE,America/Chicago,3
24180,Cowgill,Cowgill,MO,Missouri,29025,Caldwell,39.5603,-93.9257,182,293,polygon,FALSE,TRUE,America/Chicago,3
24181,Warba,Warba,MN,Minnesota,27061,Itasca,47.1366,-93.2657,182,21,polygon,FALSE,TRUE,America/Chicago,3
24182,Frost,Frost,MN,Minnesota,27043,Faribault,43.5846,-93.9248,182,163,polygon,FALSE,TRUE,America/Chicago,3
24183,Carney,Carney,MI,Michigan,26109,Menominee,45.5935,-87.5547,182,51,polygon,FALSE,TRUE,America/Menominee,3
24184,Copper City,Copper City,MI,Michigan,26061,Houghton,47.2842,-88.3875,182,833,polygon,FALSE,TRUE,America/Detroit,3
24185,Stronach,Stronach,MI,Michigan,26101,Manistee,44.2131,-86.2731,182,201,polygon,FALSE,FALSE,America/Detroit,3
24186,Two Strike,Two Strike,SD,South Dakota,46121,Todd,43.2141,-100.8988,182,3,polygon,FALSE,FALSE,America/Chicago,3
24187,Deaver,Deaver,WY,Wyoming,56003,Big Horn,44.889,-108.596,181,69,polygon,FALSE,TRUE,America/Denver,3
24188,Welch,Welch,TX,Texas,48115,Dawson,32.9306,-102.1256,181,47,polygon,FALSE,FALSE,America/Chicago,3
24189,Edinburg,Edinburg,ND,North Dakota,38099,Walsh,48.4955,-97.863,181,220,polygon,FALSE,TRUE,America/Chicago,3
24190,West Sunbury,West Sunbury,PA,Pennsylvania,42019,Butler,41.0061,-79.8965,181,634,polygon,FALSE,TRUE,America/New_York,3
24191,Milford,Milford,CA,California,6035,Lassen,40.1634,-120.3686,181,13,polygon,FALSE,FALSE,America/Los_Angeles,3
24192,Fort Bidwell,Fort Bidwell,CA,California,6049,Modoc,41.8629,-120.1589,181,21,polygon,FALSE,FALSE,America/Los_Angeles,3
24193,Riverview,Riverview,AL,Alabama,1053,Escambia,31.0587,-87.0709,181,48,polygon,FALSE,TRUE,America/Chicago,3
24194,Rye,Rye,AR,Arkansas,5025,Cleveland,33.7505,-91.9985,181,16,polygon,FALSE,FALSE,America/Chicago,3
24195,Mulkeytown,Mulkeytown,IL,Illinois,17055,Franklin,37.9721,-89.1112,181,253,polygon,FALSE,FALSE,America/Chicago,3
24196,Arlington,Arlington,IL,Illinois,17011,Bureau,41.4718,-89.2481,181,174,polygon,FALSE,TRUE,America/Chicago,3
24197,Modoc,Modoc,IN,Indiana,18135,Randolph,40.0456,-85.1262,181,676,polygon,FALSE,TRUE,America/Indiana/Indianapolis,3
24198,Point Isabel,Point Isabel,IN,Indiana,18053,Grant,40.4206,-85.8219,181,20,polygon,FALSE,FALSE,America/Indiana/Indianapolis,3
24199,Barnum,Barnum,IA,Iowa,19187,Webster,42.5062,-94.3657,181,190,polygon,FALSE,TRUE,America/Chicago,3
24200,Thor,Thor,IA,Iowa,19091,Humboldt,42.6881,-94.0496,181,70,polygon,FALSE,TRUE,America/Chicago,3
24201,Gravity,Gravity,IA,Iowa,19173,Taylor,40.7601,-94.7435,181,234,polygon,FALSE,TRUE,America/Chicago,3
24202,Blanchard,Blanchard,ID,Idaho,16017,Bonner,48.0152,-116.9928,181,47,polygon,FALSE,FALSE,America/Los_Angeles,3
24203,Camargo,Camargo,OK,Oklahoma,40043,Dewey,36.0179,-99.2883,181,271,polygon,FALSE,TRUE,America/Chicago,3
24204,Friendship,Friendship,OH,Ohio,39145,Scioto,38.698,-83.1004,181,59,polygon,FALSE,FALSE,America/New_York,3
24205,Woodland,Woodland,UT,Utah,49043,Summit,40.5838,-111.2356,181,33,polygon,FALSE,FALSE,America/Denver,3
24206,Bellerive Acres,Bellerive Acres,MO,Missouri,29189,St. Louis,38.7123,-90.3121,181,205,polygon,FALSE,TRUE,America/Chicago,3
24207,Mokane,Mokane,MO,Missouri,29027,Callaway,38.6744,-91.8723,181,238,polygon,FALSE,TRUE,America/Chicago,3
24208,Centerville,Centerville,MO,Missouri,29179,Reynolds,37.4368,-90.9601,181,219,polygon,FALSE,TRUE,America/Chicago,3
24209,Levering,Levering,MI,Michigan,26047,Emmet,45.6349,-84.7837,181,160,polygon,FALSE,FALSE,America/Detroit,3
24210,Michiana,Michiana,MI,Michigan,26021,Berrien,41.7637,-86.8113,181,191,polygon,FALSE,TRUE,America/Detroit,3
24211,Atlanta,Atlanta,KS,Kansas,20035,Cowley,37.4358,-96.767,181,146,polygon,FALSE,TRUE,America/Chicago,3
24212,Kline,Kline,SC,South Carolina,45011,Barnwell,33.1252,-81.3426,181,22,polygon,FALSE,TRUE,America/New_York,3
24213,Doland,Doland,SD,South Dakota,46115,Spink,44.8944,-98.0997,181,118,polygon,FALSE,TRUE,America/Chicago,3
24214,Acme,Acme,WA,Washington,53073,Whatcom,48.7145,-122.2293,180,11,polygon,FALSE,FALSE,America/Los_Angeles,3
24215,Lake Cavanaugh,Lake Cavanaugh,WA,Washington,53057,Skagit,48.3225,-122.0122,180,90,polygon,FALSE,FALSE,America/Los_Angeles,3
24216,Chili,Chili,WI,Wisconsin,55019,Clark,44.6296,-90.3583,180,53,polygon,FALSE,FALSE,America/Chicago,3
24217,Blacksville,Blacksville,WV,West Virginia,54061,Monongalia,39.7175,-80.2146,180,232,polygon,FALSE,TRUE,America/New_York,3
24218,Loch Arbour,Loch Arbour,NJ,New Jersey,34025,Monmouth,40.2323,-74.0014,180,800,polygon,FALSE,TRUE,America/New_York,3
24219,Lamy,Lamy,NM,New Mexico,35049,Santa Fe,35.4854,-105.8863,180,26,polygon,FALSE,FALSE,America/Denver,3
24220,Falconaire,Falconaire,TX,Texas,48427,Starr,26.5511,-99.1169,180,355,polygon,FALSE,TRUE,America/Chicago,3
24221,Leona,Leona,TX,Texas,48289,Leon,31.1537,-95.976,180,31,polygon,FALSE,TRUE,America/Chicago,3
24222,Dudley,Dudley,PA,Pennsylvania,42061,Huntingdon,40.2055,-78.179,180,211,polygon,FALSE,TRUE,America/New_York,3
24223,Winthrop,Winthrop,AR,Arkansas,5081,Little River,33.8308,-94.3542,180,66,polygon,FALSE,TRUE,America/Chicago,3
24224,Watson,Watson,AR,Arkansas,5041,Desha,33.8939,-91.2572,180,373,polygon,FALSE,TRUE,America/Chicago,3
24225,Dry Creek,Dry Creek,OK,Oklahoma,40021,Cherokee,35.7275,-94.8704,180,7,polygon,FALSE,FALSE,America/Chicago,3
24226,Gilboa,Gilboa,OH,Ohio,39137,Putnam,41.0186,-83.9214,180,529,polygon,FALSE,TRUE,America/New_York,3
24227,Bentonville,Bentonville,OH,Ohio,39001,Adams,38.7455,-83.6103,180,40,polygon,FALSE,FALSE,America/New_York,3
24228,Amoret,Amoret,MO,Missouri,29013,Bates,38.2549,-94.5873,180,325,polygon,FALSE,TRUE,America/Chicago,3
24229,Kennedy,Kennedy,MN,Minnesota,27069,Kittson,48.6429,-96.9106,180,172,polygon,FALSE,TRUE,America/Chicago,3
24230,South Carrollton,South Carrollton,KY,Kentucky,21177,Muhlenberg,37.3358,-87.1401,180,274,polygon,FALSE,TRUE,America/Chicago,3
24231,Cambridge,Cambridge,KY,Kentucky,21111,Jefferson,38.2217,-85.6172,180,1255,polygon,FALSE,TRUE,America/New_York,3
24232,Alpine,Alpine,OR,Oregon,41003,Benton,44.3307,-123.3625,180,86,polygon,FALSE,FALSE,America/Los_Angeles,3
24233,Anawalt,Anawalt,WV,West Virginia,54047,McDowell,37.3364,-81.4406,179,120,polygon,FALSE,TRUE,America/New_York,3
24234,Waukeenah,Waukeenah,FL,Florida,12065,Jefferson,30.402,-83.96,179,21,polygon,FALSE,FALSE,America/New_York,3
24235,Douglas,Douglas,NE,Nebraska,31131,Otoe,40.5932,-96.3882,179,314,polygon,FALSE,TRUE,America/Chicago,3
24236,Riverdale,Riverdale,NE,Nebraska,31019,Buffalo,40.7839,-99.1605,179,261,polygon,FALSE,TRUE,America/Chicago,3
24237,Tall Timber,Tall Timber,CO,Colorado,8013,Boulder,40.0151,-105.3498,179,120,polygon,FALSE,FALSE,America/Denver,3
24238,Westcreek,Westcreek,CO,Colorado,8035,Douglas,39.1498,-105.1626,179,56,polygon,FALSE,FALSE,America/Denver,3
24239,Cooksville,Cooksville,IL,Illinois,17113,McLean,40.5428,-88.7146,179,318,polygon,FALSE,TRUE,America/Chicago,3
24240,Crane,Crane,IN,Indiana,18101,Martin,38.8943,-86.9012,179,574,polygon,FALSE,TRUE,America/Indiana/Vincennes,3
24241,Shambaugh,Shambaugh,IA,Iowa,19145,Page,40.6574,-95.0353,179,189,polygon,FALSE,TRUE,America/Chicago,3
24242,Barnesville,Barnesville,MD,Maryland,24031,Montgomery,39.2211,-77.3799,179,141,polygon,FALSE,TRUE,America/New_York,3
24243,Sheridan,Sheridan,MO,Missouri,29227,Worth,40.517,-94.6144,179,355,polygon,FALSE,TRUE,America/Chicago,3
24244,Shelly,Shelly,MN,Minnesota,27107,Norman,47.4582,-96.8197,179,327,polygon,FALSE,TRUE,America/Chicago,3
24245,Dorrance,Dorrance,KS,Kansas,20167,Russell,38.8469,-98.59,179,203,polygon,FALSE,TRUE,America/Chicago,3
24246,Crane,Crane,MT,Montana,30083,Richland,47.5772,-104.2508,179,27,polygon,FALSE,FALSE,America/Denver,3
24247,Braxton,Braxton,MS,Mississippi,28127,Simpson,32.0264,-89.9715,179,117,polygon,FALSE,TRUE,America/Chicago,3
24248,Paxville,Paxville,SC,South Carolina,45027,Clarendon,33.739,-80.3586,179,65,polygon,FALSE,TRUE,America/New_York,3
24249,Elko,Elko,SC,South Carolina,45011,Barnwell,33.3808,-81.3805,179,65,polygon,FALSE,TRUE,America/New_York,3
24250,Stone Lake,Stone Lake,WI,Wisconsin,55129,Washburn,45.8444,-91.5501,178,73,polygon,FALSE,FALSE,America/Chicago,3
24251,Falls View,Falls View,WV,West Virginia,54019,Fayette,38.1297,-81.2539,178,207,polygon,FALSE,FALSE,America/New_York,3
24252,Captiva,Captiva,FL,Florida,12071,Lee,26.5205,-82.191,178,58,polygon,FALSE,FALSE,America/New_York,3
24253,Bishop Hills,Bishop Hills,TX,Texas,48375,Potter,35.2614,-101.9519,178,219,polygon,FALSE,TRUE,America/Chicago,3
24254,Los Barreras,Los Barreras,TX,Texas,48427,Starr,26.3911,-98.9184,178,300,polygon,FALSE,FALSE,America/Chicago,3
24255,Colerain,Colerain,NC,North Carolina,37015,Bertie,36.2015,-76.7664,178,261,polygon,FALSE,TRUE,America/New_York,3
24256,Otoe,Otoe,NE,Nebraska,31131,Otoe,40.7242,-96.1206,178,431,polygon,FALSE,TRUE,America/Chicago,3
24257,Robbins,Robbins,TN,Tennessee,47151,Scott,36.3536,-84.5839,178,39,polygon,FALSE,FALSE,America/New_York,3
24258,Stony Creek,Stony Creek,VA,Virginia,51183,Sussex,36.948,-77.4,178,119,polygon,FALSE,TRUE,America/New_York,3
24259,Litchfield,Litchfield,CA,California,6035,Lassen,40.3877,-120.3809,178,17,polygon,FALSE,FALSE,America/Los_Angeles,3
24260,Bieber,Bieber,CA,California,6035,Lassen,41.1251,-121.1336,178,41,polygon,FALSE,FALSE,America/Los_Angeles,3
24261,Whatley,Whatley,AL,Alabama,1025,Clarke,31.6463,-87.7108,178,53,polygon,FALSE,FALSE,America/Chicago,3
24262,Moro,Moro,AR,Arkansas,5077,Lee,34.7919,-90.988,178,71,polygon,FALSE,TRUE,America/Chicago,3
24263,West Point,West Point,AR,Arkansas,5145,White,35.2034,-91.6099,178,159,polygon,FALSE,TRUE,America/Chicago,3
24264,Modesto,Modesto,IL,Illinois,17117,Macoupin,39.4789,-89.9803,178,122,polygon,FALSE,TRUE,America/Chicago,3
24265,Sautee-Nacoochee,Sautee-Nacoochee,GA,Georgia,13311,White,34.6895,-83.686,178,19,polygon,FALSE,FALSE,America/New_York,3
24266,Toad Hop,Toad Hop,IN,Indiana,18167,Vigo,39.4568,-87.4639,178,311,polygon,FALSE,FALSE,America/Indiana/Indianapolis,3
24267,Portsmouth,Portsmouth,IA,Iowa,19165,Shelby,41.6504,-95.5193,178,249,polygon,FALSE,TRUE,America/Chicago,3
24268,Sherrill,Sherrill,IA,Iowa,19061,Dubuque,42.6046,-90.7841,178,523,polygon,FALSE,TRUE,America/Chicago,3
24269,Pump Back,Pump Back,OK,Oklahoma,40097,Mayes,36.2707,-95.1178,178,33,polygon,FALSE,TRUE,America/Chicago,3
24270,Iron Post,Iron Post,OK,Oklahoma,40097,Mayes,36.1558,-95.1353,178,25,polygon,FALSE,FALSE,America/Chicago,3
24271,Chatfield,Chatfield,OH,Ohio,39033,Crawford,40.9511,-82.942,178,233,polygon,FALSE,TRUE,America/New_York,3
24272,Zoar,Zoar,OH,Ohio,39157,Tuscarawas,40.6134,-81.4233,178,117,polygon,FALSE,TRUE,America/New_York,3
24273,Cecil,Cecil,OH,Ohio,39125,Paulding,41.219,-84.6018,178,47,polygon,FALSE,TRUE,America/New_York,3
24274,Millville,Millville,MN,Minnesota,27157,Wabasha,44.2447,-92.296,178,459,polygon,FALSE,TRUE,America/Chicago,3
24275,Calzada,Calzada,PR,Puerto Rico,72113,Ponce,18.0075,-66.567,178,2835,polygon,FALSE,FALSE,America/Puerto_Rico,2
24276,Whitehorse,Whitehorse,SD,South Dakota,46041,Dewey,45.2746,-100.9012,178,25,polygon,FALSE,FALSE,America/Denver,3
24277,Steptoe,Steptoe,WA,Washington,53075,Whitman,47.0075,-117.3502,177,30,polygon,FALSE,FALSE,America/Los_Angeles,3
24278,Abeytas,Abeytas,NM,New Mexico,35053,Socorro,34.4652,-106.8137,177,55,polygon,FALSE,FALSE,America/Denver,3
24279,Alcan Border,Alcan Border,AK,Alaska,2240,Southeast Fairbanks,62.6727,-141.1321,177,0,polygon,FALSE,TRUE,America/Anchorage,3
24280,Pine Glen,Pine Glen,PA,Pennsylvania,42027,Centre,41.0888,-78.0579,177,382,polygon,FALSE,FALSE,America/New_York,3
24281,Silver Plume,Silver Plume,CO,Colorado,8019,Clear Creek,39.6958,-105.7266,177,264,polygon,FALSE,TRUE,America/Denver,3
24282,Hillview,Hillview,IL,Illinois,17061,Greene,39.4495,-90.5386,177,83,polygon,FALSE,TRUE,America/Chicago,3
24283,Chesterfield,Chesterfield,IL,Illinois,17117,Macoupin,39.2566,-90.0668,177,126,polygon,FALSE,TRUE,America/Chicago,3
24284,Metamora,Metamora,IN,Indiana,18047,Franklin,39.4481,-85.1378,177,203,polygon,FALSE,FALSE,America/Indiana/Indianapolis,3
24285,Shepardsville,Shepardsville,IN,Indiana,18167,Vigo,39.6017,-87.4264,177,74,polygon,FALSE,FALSE,America/Indiana/Indianapolis,3
24286,Hillsboro,Hillsboro,IA,Iowa,19087,Henry,40.8374,-91.7113,177,114,polygon,FALSE,TRUE,America/Chicago,3
24287,Congress,Congress,OH,Ohio,39169,Wayne,40.9255,-82.0557,177,427,polygon,FALSE,TRUE,America/New_York,3
24288,Hurley,Hurley,MO,Missouri,29209,Stone,36.9306,-93.4996,177,153,polygon,FALSE,TRUE,America/Chicago,3
24289,Halfway,Halfway,MO,Missouri,29167,Polk,37.6189,-93.2387,177,31,polygon,FALSE,TRUE,America/Chicago,3
24290,High Hill,High Hill,MO,Missouri,29139,Montgomery,38.8753,-91.3776,177,148,polygon,FALSE,TRUE,America/Chicago,3
24291,Purdin,Purdin,MO,Missouri,29115,Linn,39.951,-93.1664,177,222,polygon,FALSE,TRUE,America/Chicago,3
24292,Ramona,Ramona,KS,Kansas,20115,Marion,38.5979,-97.0638,177,234,polygon,FALSE,TRUE,America/Chicago,3
24293,Denison,Denison,KS,Kansas,20085,Jackson,39.3938,-95.6285,177,608,polygon,FALSE,TRUE,America/Chicago,3
24294,Camp Three,Camp Three,MT,Montana,30065,Musselshell,46.4534,-108.5741,177,15,polygon,FALSE,FALSE,America/Denver,3
24295,Elmo,Elmo,MT,Montana,30047,Lake,47.829,-114.3484,177,215,polygon,FALSE,FALSE,America/Denver,3
24296,Moore,Moore,MT,Montana,30027,Fergus,46.975,-109.6949,177,233,polygon,FALSE,TRUE,America/Denver,3
24297,Pomaria,Pomaria,SC,South Carolina,45071,Newberry,34.2677,-81.4192,177,65,polygon,FALSE,TRUE,America/New_York,3
24298,Richland,Richland,OR,Oregon,41001,Baker,44.7683,-117.1664,177,636,polygon,FALSE,TRUE,America/Los_Angeles,3
24299,Jordan Valley,Jordan Valley,OR,Oregon,41045,Malheur,42.9793,-117.0574,177,32,polygon,FALSE,TRUE,America/Boise,3
24300,Wessington,Wessington,SD,South Dakota,46005,Beadle,44.4552,-98.6967,177,180,polygon,FALSE,TRUE,America/Chicago,3
24301,Ferryville,Ferryville,WI,Wisconsin,55023,Crawford,43.3516,-91.0935,176,34,polygon,FALSE,TRUE,America/Chicago,3
24302,Elida,Elida,NM,New Mexico,35041,Roosevelt,33.9469,-103.6531,176,66,polygon,FALSE,TRUE,America/Denver,3
24303,Tse Bonito,Tse Bonito,NM,New Mexico,35031,McKinley,35.6525,-109.0361,176,48,polygon,FALSE,FALSE,America/Denver,3
24304,Mullin,Mullin,TX,Texas,48333,Mills,31.5552,-98.6657,176,145,polygon,FALSE,TRUE,America/Chicago,3
24305,Coffman Cove,Coffman Cove,AK,Alaska,2198,Prince of Wales-Hyder,56.0057,-132.8395,176,6,polygon,FALSE,TRUE,America/Sitka,3
24306,Pantego,Pantego,NC,North Carolina,37013,Beaufort,35.5874,-76.6593,176,84,polygon,FALSE,TRUE,America/New_York,3
24307,Edmore,Edmore,ND,North Dakota,38071,Ramsey,48.4124,-98.4536,176,230,polygon,FALSE,TRUE,America/Chicago,3
24308,McKeansburg,McKeansburg,PA,Pennsylvania,42107,Schuylkill,40.6822,-76.0197,176,200,polygon,FALSE,FALSE,America/New_York,3
24309,Cassel,Cassel,CA,California,6089,Shasta,40.9213,-121.5514,176,33,polygon,FALSE,FALSE,America/Los_Angeles,3
24310,De Witt,De Witt,IL,Illinois,17039,De Witt,40.1848,-88.7853,176,286,polygon,FALSE,TRUE,America/Chicago,3
24311,Rickardsville,Rickardsville,IA,Iowa,19061,Dubuque,42.5815,-90.8763,176,74,polygon,FALSE,TRUE,America/Chicago,3
24312,Magnolia,Magnolia,IA,Iowa,19085,Harrison,41.6922,-95.8741,176,119,polygon,FALSE,TRUE,America/Chicago,3
24313,Wardner,Wardner,ID,Idaho,16079,Shoshone,47.5189,-116.1357,176,77,polygon,FALSE,TRUE,America/Los_Angeles,3
24314,Bannock,Bannock,OH,Ohio,39013,Belmont,40.1043,-80.9757,176,229,polygon,FALSE,FALSE,America/New_York,3
24315,West Millgrove,West Millgrove,OH,Ohio,39173,Wood,41.2427,-83.4915,176,261,polygon,FALSE,TRUE,America/New_York,3
24316,Alvordton,Alvordton,OH,Ohio,39171,Williams,41.6646,-84.4347,176,269,polygon,FALSE,FALSE,America/New_York,3
24317,Dawn,Dawn,MO,Missouri,29117,Livingston,39.6713,-93.6341,176,51,polygon,FALSE,FALSE,America/Chicago,3
24318,Mill Spring,Mill Spring,MO,Missouri,29223,Wayne,37.065,-90.6778,176,154,polygon,FALSE,TRUE,America/Chicago,3
24319,Geuda Springs,Geuda Springs,KS,Kansas,20191,Sumner,37.1116,-97.1504,176,200,polygon,FALSE,TRUE,America/Chicago,3
24320,Delia,Delia,KS,Kansas,20085,Jackson,39.2394,-95.965,176,590,polygon,FALSE,TRUE,America/Chicago,3
24321,McCracken,McCracken,KS,Kansas,20165,Rush,38.5821,-99.5684,176,68,polygon,FALSE,TRUE,America/Chicago,3
24322,Carrollton,Carrollton,MS,Mississippi,28015,Carroll,33.5058,-89.9218,176,83,polygon,FALSE,TRUE,America/Chicago,3
24323,Letcher,Letcher,SD,South Dakota,46111,Sanborn,43.8995,-98.1443,176,110,polygon,FALSE,TRUE,America/Chicago,3
24324,Gordon,Gordon,WI,Wisconsin,55031,Douglas,46.2409,-91.7995,175,36,polygon,FALSE,FALSE,America/Chicago,3
24325,Diamond Bluff,Diamond Bluff,WI,Wisconsin,55093,Pierce,44.649,-92.6189,175,38,polygon,FALSE,FALSE,America/Chicago,3
24326,Aucilla,Aucilla,FL,Florida,12065,Jefferson,30.477,-83.7604,175,33,polygon,FALSE,FALSE,America/New_York,3
24327,Fairview,Fairview,WY,Wyoming,56023,Lincoln,42.6871,-110.9866,175,24,polygon,FALSE,FALSE,America/Denver,3
24328,Gallina,Gallina,NM,New Mexico,35039,Rio Arriba,36.2297,-106.8088,175,14,polygon,FALSE,FALSE,America/Denver,3
24329,Arnegard,Arnegard,ND,North Dakota,38053,McKenzie,47.8084,-103.4388,175,263,polygon,FALSE,TRUE,America/Chicago,3
24330,Stamford,Stamford,NE,Nebraska,31083,Harlan,40.1313,-99.5945,175,142,polygon,FALSE,TRUE,America/Chicago,3
24331,Plessis,Plessis,NY,New York,36045,Jefferson,44.2735,-75.8575,175,195,polygon,FALSE,FALSE,America/New_York,3
24332,Cleveland,Cleveland,VA,Virginia,51167,Russell,36.9434,-82.1527,175,536,polygon,FALSE,TRUE,America/New_York,3
24333,Crowley,Crowley,CO,Colorado,8025,Crowley,38.1935,-103.8598,175,299,polygon,FALSE,TRUE,America/Denver,3
24334,Jackson Lake,Jackson Lake,CO,Colorado,8087,Morgan,40.3756,-104.0711,175,22,polygon,FALSE,TRUE,America/Denver,3
24335,Guinda,Guinda,CA,California,6113,Yolo,38.8275,-122.1985,175,23,polygon,FALSE,FALSE,America/Los_Angeles,3
24336,Houston,Houston,AR,Arkansas,5105,Perry,35.0349,-92.6945,175,66,polygon,FALSE,TRUE,America/Chicago,3
24337,Pulaski,Pulaski,IL,Illinois,17153,Pulaski,37.2163,-89.2078,175,51,polygon,FALSE,TRUE,America/Chicago,3
24338,Economy,Economy,IN,Indiana,18177,Wayne,39.9774,-85.0871,175,753,polygon,FALSE,TRUE,America/Indiana/Indianapolis,3
24339,Burr Oak,Burr Oak,IA,Iowa,19191,Winneshiek,43.458,-91.8619,175,97,polygon,FALSE,FALSE,America/Chicago,3
24340,Kirkville,Kirkville,IA,Iowa,19179,Wapello,41.1422,-92.5036,175,121,polygon,FALSE,TRUE,America/Chicago,3
24341,Sun Valley,Sun Valley,AZ,Arizona,4017,Navajo,34.9835,-110.0374,175,2,polygon,FALSE,FALSE,America/Phoenix,3
24342,Pinion Pines,Pinion Pines,AZ,Arizona,4015,Mohave,35.1466,-113.9058,175,44,polygon,FALSE,TRUE,America/Phoenix,3
24343,Cimarron City,Cimarron City,OK,Oklahoma,40083,Logan,35.8887,-97.6022,175,40,polygon,FALSE,TRUE,America/Chicago,3
24344,Le Flore,Le Flore,OK,Oklahoma,40079,Le Flore,34.8985,-94.9759,175,48,polygon,FALSE,FALSE,America/Chicago,3
24345,Rochester,Rochester,OH,Ohio,39093,Lorain,41.1246,-82.3058,175,60,polygon,FALSE,TRUE,America/New_York,3
24346,Lamar Heights,Lamar Heights,MO,Missouri,29011,Barton,37.4937,-94.2955,175,86,polygon,FALSE,TRUE,America/Chicago,3
24347,Shevlin,Shevlin,MN,Minnesota,27029,Clearwater,47.5302,-95.2595,175,83,polygon,FALSE,TRUE,America/Chicago,3
24348,Lucan,Lucan,MN,Minnesota,27127,Redwood,44.41,-95.4135,175,170,polygon,FALSE,TRUE,America/Chicago,3
24349,Mapleview,Mapleview,MN,Minnesota,27099,Mower,43.6901,-92.974,175,362,polygon,FALSE,TRUE,America/Chicago,3
24350,Pierson,Pierson,MI,Michigan,26117,Montcalm,43.3196,-85.4975,175,270,polygon,FALSE,TRUE,America/Detroit,3
24351,Springhill,Springhill,MT,Montana,30031,Gallatin,45.8788,-111.0773,175,24,polygon,FALSE,FALSE,America/Denver,3
24352,West Scio,West Scio,OR,Oregon,41043,Linn,44.7098,-122.8812,175,199,polygon,FALSE,FALSE,America/Los_Angeles,3
24353,Trego,Trego,WI,Wisconsin,55129,Washburn,45.9049,-91.8286,174,58,polygon,FALSE,FALSE,America/Chicago,3
24354,Arroyo Hondo,Arroyo Hondo,NM,New Mexico,35055,Taos,36.5346,-105.6666,174,40,polygon,FALSE,FALSE,America/Denver,3
24355,Quitman,Quitman,LA,Louisiana,22049,Jackson,32.3507,-92.7236,174,71,polygon,FALSE,TRUE,America/Chicago,3
24356,Foxburg,Foxburg,PA,Pennsylvania,42031,Clarion,41.1459,-79.6802,174,182,polygon,FALSE,TRUE,America/New_York,3
24357,Gu-Win,Gu-Win,AL,Alabama,1093,Marion,33.9443,-87.8704,174,34,polygon,FALSE,TRUE,America/Chicago,3
24358,Fifty-Six,Fifty-Six,AR,Arkansas,5137,Stone,35.962,-92.2301,174,32,polygon,FALSE,TRUE,America/Chicago,3
24359,Berlin,Berlin,IL,Illinois,17167,Sangamon,39.7569,-89.9027,174,73,polygon,FALSE,TRUE,America/Chicago,3
24360,North Henderson,North Henderson,IL,Illinois,17131,Mercer,41.0904,-90.4748,174,296,polygon,FALSE,TRUE,America/Chicago,3
24361,Coin,Coin,IA,Iowa,19145,Page,40.6561,-95.2349,174,83,polygon,FALSE,TRUE,America/Chicago,3
24362,Bessie,Bessie,OK,Oklahoma,40149,Washita,35.3854,-98.9894,174,132,polygon,FALSE,TRUE,America/Chicago,3
24363,Orangeville,Orangeville,OH,Ohio,39155,Trumbull,41.3421,-80.5277,174,90,polygon,FALSE,TRUE,America/New_York,3
24364,Mackenzie,Mackenzie,MO,Missouri,29189,St. Louis,38.5792,-90.3171,174,672.1,point,FALSE,FALSE,America/Chicago,4
24365,Ball Club,Ball Club,MN,Minnesota,27061,Itasca,47.3311,-93.946,174,24,polygon,FALSE,FALSE,America/Chicago,3
24366,Williams,Williams,MN,Minnesota,27077,Lake of the Woods,48.768,-94.9533,174,68,polygon,FALSE,TRUE,America/Chicago,3
24367,Leota,Leota,MN,Minnesota,27105,Nobles,43.8292,-96.0231,174,49,polygon,FALSE,FALSE,America/Chicago,3
24368,Bellechester,Bellechester,MN,Minnesota,27049,Goodhue,44.371,-92.5113,174,212,polygon,FALSE,TRUE,America/Chicago,3
24369,Jette,Jette,MT,Montana,30047,Lake,47.7169,-114.1905,174,108,polygon,FALSE,FALSE,America/Denver,3
24370,Crayne,Crayne,KY,Kentucky,21055,Crittenden,37.2763,-88.0839,174,60,polygon,FALSE,FALSE,America/Chicago,3
24371,Kranzburg,Kranzburg,SD,South Dakota,46029,Codington,44.8888,-96.9092,174,87,polygon,FALSE,TRUE,America/Chicago,3
24372,Ogdensburg,Ogdensburg,WI,Wisconsin,55135,Waupaca,44.4535,-89.0316,173,68,polygon,FALSE,TRUE,America/Chicago,3
24373,Meadow Acres,Meadow Acres,WY,Wyoming,56025,Natrona,42.8593,-106.0953,173,47,polygon,FALSE,FALSE,America/Denver,3
24374,Whites City,Whites City,NM,New Mexico,35015,Eddy,32.1767,-104.3739,173,151,polygon,FALSE,FALSE,America/Denver,3
24375,El Camino Angosto,El Camino Angosto,TX,Texas,48061,Cameron,26.1115,-97.6438,173,206,polygon,FALSE,FALSE,America/Chicago,3
24376,Kaltag,Kaltag,AK,Alaska,2290,Yukon-Koyukuk,64.3223,-158.7436,173,3,polygon,FALSE,TRUE,America/Anchorage,3
24377,Petersburg,Petersburg,ND,North Dakota,38063,Nelson,48.0132,-98.0004,173,64,polygon,FALSE,TRUE,America/Chicago,3
24378,Albrightsville,Albrightsville,PA,Pennsylvania,42025,Carbon,41.0117,-75.6068,173,66,polygon,FALSE,FALSE,America/New_York,3
24379,Lumber City,Lumber City,PA,Pennsylvania,42087,Mifflin,40.6583,-77.6014,173,352,polygon,FALSE,FALSE,America/New_York,3
24380,Leeper,Leeper,PA,Pennsylvania,42031,Clarion,41.3704,-79.3056,173,127,polygon,FALSE,FALSE,America/New_York,3
24381,Bowers,Bowers,PA,Pennsylvania,42011,Berks,40.4848,-75.7423,173,109,polygon,FALSE,FALSE,America/New_York,3
24382,Newbern,Newbern,AL,Alabama,1065,Hale,32.592,-87.5331,173,57,polygon,FALSE,TRUE,America/Chicago,3
24383,Omaha,Omaha,AR,Arkansas,5009,Boone,36.4583,-93.191,173,171,polygon,FALSE,TRUE,America/Chicago,3
24384,De Soto,De Soto,GA,Georgia,13261,Sumter,31.9548,-84.0636,173,81,polygon,FALSE,TRUE,America/New_York,3
24385,Wallingford,Wallingford,IA,Iowa,19063,Emmet,43.3202,-94.7924,173,68,polygon,FALSE,TRUE,America/Chicago,3
24386,Tingley,Tingley,IA,Iowa,19159,Ringgold,40.8528,-94.196,173,98,polygon,FALSE,TRUE,America/Chicago,3
24387,Spaulding,Spaulding,OK,Oklahoma,40063,Hughes,35.0132,-96.4406,173,20,polygon,FALSE,TRUE,America/Chicago,3
24388,Cannonville,Cannonville,UT,Utah,49017,Garfield,37.5687,-112.053,173,26,polygon,FALSE,TRUE,America/Denver,3
24389,Snowville,Snowville,UT,Utah,49003,Box Elder,41.9728,-112.7164,173,43,polygon,FALSE,TRUE,America/Denver,3
24390,Hunnewell,Hunnewell,MO,Missouri,29205,Shelby,39.6679,-91.8588,173,108,polygon,FALSE,TRUE,America/Chicago,3
24391,Foley,Foley,MO,Missouri,29113,Lincoln,39.0458,-90.7414,173,463,polygon,FALSE,TRUE,America/Chicago,3
24392,Holland,Holland,MN,Minnesota,27117,Pipestone,44.0896,-96.1944,173,72,polygon,FALSE,TRUE,America/Chicago,3
24393,Adrian,Adrian,OR,Oregon,41045,Malheur,43.7408,-117.0709,173,273,polygon,FALSE,TRUE,America/Boise,3
24394,Marcus,Marcus,WA,Washington,53065,Stevens,48.6643,-118.06,172,302,polygon,FALSE,TRUE,America/Los_Angeles,3
24395,Manley,Manley,NE,Nebraska,31025,Cass,40.9199,-96.1664,172,983,polygon,FALSE,TRUE,America/Chicago,3
24396,New Paris,New Paris,PA,Pennsylvania,42009,Bedford,40.1084,-78.643,172,1150,polygon,FALSE,TRUE,America/New_York,3
24397,Oconee,Oconee,IL,Illinois,17173,Shelby,39.2863,-89.1066,172,186,polygon,FALSE,TRUE,America/Chicago,3
24398,Murtaugh,Murtaugh,ID,Idaho,16083,Twin Falls,42.492,-114.1614,172,558,polygon,FALSE,TRUE,America/Boise,3
24399,Junction,Junction,UT,Utah,49031,Piute,38.2357,-112.2238,172,5,polygon,FALSE,TRUE,America/Denver,3
24400,Kettle River,Kettle River,MN,Minnesota,27017,Carlton,46.4862,-92.8776,172,171,polygon,FALSE,TRUE,America/Chicago,3
24401,Felton,Felton,MN,Minnesota,27027,Clay,47.0749,-96.5058,172,65,polygon,FALSE,TRUE,America/Chicago,3
24402,Norwood,Norwood,MI,Michigan,26029,Charlevoix,45.2239,-85.3791,172,32,polygon,FALSE,FALSE,America/Detroit,3
24403,Marenisco,Marenisco,MI,Michigan,26053,Gogebic,46.3737,-89.712,172,19,polygon,FALSE,FALSE,America/Menominee,3
24404,Loomis,Loomis,MI,Michigan,26073,Isabella,43.7882,-84.6659,172,23,polygon,FALSE,FALSE,America/Detroit,3
24405,Allen,Allen,KS,Kansas,20111,Lyon,38.6552,-96.1696,172,240,polygon,FALSE,TRUE,America/Chicago,3
24406,Fort Dodge,Fort Dodge,KS,Kansas,20057,Ford,37.7304,-99.937,172,362,polygon,FALSE,FALSE,America/Chicago,3
24407,Cross Anchor,Cross Anchor,SC,South Carolina,45083,Spartanburg,34.6439,-81.8584,172,85,polygon,FALSE,FALSE,America/New_York,3
24408,Allen,Allen,KY,Kentucky,21071,Floyd,37.6119,-82.7292,172,371,polygon,FALSE,TRUE,America/New_York,3
24409,Wainiha,Wainiha,HI,Hawaii,15007,Kauai,22.1983,-159.5456,171,27,polygon,FALSE,FALSE,Pacific/Honolulu,3
24410,Munson,Munson,FL,Florida,12113,Santa Rosa,30.8418,-86.887,171,2,polygon,FALSE,FALSE,America/Chicago,3
24411,Glen Acres,Glen Acres,NM,New Mexico,35023,Hidalgo,32.3748,-108.7161,171,69,polygon,FALSE,TRUE,America/Denver,3
24412,Nelchina,Nelchina,AK,Alaska,2261,Valdez-Cordova,61.9989,-146.8112,171,1,polygon,FALSE,FALSE,America/Anchorage,3
24413,Alexandria,Alexandria,NE,Nebraska,31169,Thayer,40.2475,-97.3877,171,163,polygon,FALSE,TRUE,America/Chicago,3
24414,Retsof,Retsof,NY,New York,36051,Livingston,42.8325,-77.8757,171,146,polygon,FALSE,FALSE,America/New_York,3
24415,Lenhartsville,Lenhartsville,PA,Pennsylvania,42011,Berks,40.572,-75.8894,171,356,polygon,FALSE,TRUE,America/New_York,3
24416,Wellersburg,Wellersburg,PA,Pennsylvania,42111,Somerset,39.7306,-78.848,171,81,polygon,FALSE,TRUE,America/New_York,3
24417,New Lebanon,New Lebanon,PA,Pennsylvania,42085,Mercer,41.4196,-80.0755,171,51,polygon,FALSE,TRUE,America/New_York,3
24418,Modest Town,Modest Town,VA,Virginia,51001,Accomack,37.8169,-75.561,171,111,polygon,FALSE,FALSE,America/New_York,3
24419,Flournoy,Flournoy,CA,California,6103,Tehama,39.9284,-122.4461,171,11,polygon,FALSE,FALSE,America/Los_Angeles,3
24420,Hettick,Hettick,IL,Illinois,17117,Macoupin,39.3557,-90.0372,171,180,polygon,FALSE,TRUE,America/Chicago,3
24421,Metcalf,Metcalf,IL,Illinois,17045,Edgar,39.8004,-87.8078,171,111,polygon,FALSE,TRUE,America/Chicago,3
24422,Tallulah Falls,Tallulah Falls,GA,Georgia,13137,Habersham,34.7258,-83.3816,171,8,polygon,FALSE,TRUE,America/New_York,3
24423,Lidderdale,Lidderdale,IA,Iowa,19027,Carroll,42.1225,-94.7837,171,27,polygon,FALSE,TRUE,America/Chicago,3
24424,Dickens,Dickens,IA,Iowa,19041,Clay,43.1339,-95.0223,171,80,polygon,FALSE,TRUE,America/Chicago,3
24425,Fernan Lake Village,Fernan Lake Village,ID,Idaho,16055,Kootenai,47.6726,-116.7472,171,865,polygon,FALSE,TRUE,America/Los_Angeles,3
24426,Sparks,Sparks,OK,Oklahoma,40081,Lincoln,35.6113,-96.8191,171,167,polygon,FALSE,TRUE,America/Chicago,3
24427,Stone Creek,Stone Creek,OH,Ohio,39157,Tuscarawas,40.3997,-81.558,171,153,polygon,FALSE,TRUE,America/New_York,3
24428,Halltown,Halltown,MO,Missouri,29109,Lawrence,37.1947,-93.6292,171,313,polygon,FALSE,TRUE,America/Chicago,3
24429,Syracuse,Syracuse,MO,Missouri,29141,Morgan,38.6696,-92.8763,171,176,polygon,FALSE,TRUE,America/Chicago,3
24430,Parnell,Parnell,MO,Missouri,29147,Nodaway,40.4384,-94.6223,171,241,polygon,FALSE,TRUE,America/Chicago,3
24431,Elizabeth,Elizabeth,MN,Minnesota,27111,Otter Tail,46.3798,-96.1309,171,176,polygon,FALSE,TRUE,America/Chicago,3
24432,Beaver Bay,Beaver Bay,MN,Minnesota,27075,Lake,47.2561,-91.3061,171,82,polygon,FALSE,TRUE,America/Chicago,3
24433,Porter,Porter,MN,Minnesota,27173,Yellow Medicine,44.642,-96.1693,171,29,polygon,FALSE,TRUE,America/Chicago,3
24434,West Mineral,West Mineral,KS,Kansas,20021,Cherokee,37.2839,-94.9266,171,196,polygon,FALSE,TRUE,America/Chicago,3
24435,Swan Lake,Swan Lake,MT,Montana,30047,Lake,47.9361,-113.7997,171,8,polygon,FALSE,FALSE,America/Denver,3
24436,Richey,Richey,MT,Montana,30021,Dawson,47.6439,-105.0695,171,256,polygon,FALSE,TRUE,America/Denver,3
24437,Woodford,Woodford,SC,South Carolina,45075,Orangeburg,33.6687,-81.112,171,84,polygon,FALSE,TRUE,America/New_York,3
24438,Hebron,Hebron,WI,Wisconsin,55055,Jefferson,42.9232,-88.6916,170,26,polygon,FALSE,FALSE,America/Chicago,3
24439,Buckhorn,Buckhorn,NM,New Mexico,35017,Grant,33.0315,-108.6944,170,14,polygon,FALSE,FALSE,America/Denver,3
24440,Adrian,Adrian,TX,Texas,48359,Oldham,35.2742,-102.6671,170,139,polygon,FALSE,TRUE,America/Chicago,3
24441,Sanborn,Sanborn,ND,North Dakota,38003,Barnes,46.9428,-98.2238,170,109,polygon,FALSE,TRUE,America/Chicago,3
24442,Christine,Christine,ND,North Dakota,38077,Richland,46.5752,-96.8067,170,321,polygon,FALSE,TRUE,America/Chicago,3
24443,Taylor,Taylor,ND,North Dakota,38089,Stark,46.9018,-102.4222,170,131,polygon,FALSE,TRUE,America/Denver,3
24444,Woodland Hills,Woodland Hills,NE,Nebraska,31131,Otoe,40.7511,-96.421,170,183,polygon,FALSE,TRUE,America/Chicago,3
24445,Cranberry Lake,Cranberry Lake,NY,New York,36089,St. Lawrence,44.2063,-74.8426,170,3,polygon,FALSE,FALSE,America/New_York,3
24446,Claremont,Claremont,IL,Illinois,17159,Richland,38.7176,-87.973,170,82,polygon,FALSE,TRUE,America/Chicago,3
24447,Scotland,Scotland,IN,Indiana,18055,Greene,38.909,-86.9048,170,113,polygon,FALSE,FALSE,America/Indiana/Indianapolis,3
24448,Haivana Nakya,Haivana Nakya,AZ,Arizona,4019,Pima,32.0051,-111.7124,170,35,polygon,FALSE,FALSE,America/Phoenix,3
24449,Moore,Moore,ID,Idaho,16023,Butte,43.7343,-113.3675,170,231,polygon,FALSE,TRUE,America/Boise,3
24450,Tyaskin,Tyaskin,MD,Maryland,24045,Wicomico,38.3193,-75.8738,170,50,polygon,FALSE,FALSE,America/New_York,3
24451,Kettlersville,Kettlersville,OH,Ohio,39149,Shelby,40.4389,-84.2597,170,63,polygon,FALSE,TRUE,America/New_York,3
24452,Montreal,Montreal,MO,Missouri,29029,Camden,37.9702,-92.588,170,54,polygon,FALSE,FALSE,America/Chicago,3
24453,Leslie,Leslie,MO,Missouri,29071,Franklin,38.4179,-91.2312,170,385,polygon,FALSE,TRUE,America/Chicago,3
24454,Glen Echo Park,Glen Echo Park,MO,Missouri,29189,St. Louis,38.7009,-90.2965,170,2051,polygon,FALSE,TRUE,America/Chicago,2
24455,Ware Place,Ware Place,SC,South Carolina,45045,Greenville,34.6266,-82.3881,170,71,polygon,FALSE,FALSE,America/New_York,3
24456,Cataract,Cataract,WI,Wisconsin,55081,Monroe,44.0866,-90.8384,169,109,polygon,FALSE,FALSE,America/Chicago,3
24457,Quemado,Quemado,TX,Texas,48323,Maverick,28.947,-100.6237,169,571,polygon,FALSE,FALSE,America/Matamoros,3
24458,Round Mountain,Round Mountain,TX,Texas,48031,Blanco,30.4298,-98.3609,169,28,polygon,FALSE,TRUE,America/Chicago,3
24459,Binford,Binford,ND,North Dakota,38039,Griggs,47.5604,-98.3456,169,184,polygon,FALSE,TRUE,America/Chicago,3
24460,Grandin,Grandin,ND,North Dakota,38017,Cass,47.2367,-97.0033,169,360,polygon,FALSE,TRUE,America/Chicago,3
24461,Mason City,Mason City,NE,Nebraska,31041,Custer,41.2221,-99.2988,169,137,polygon,FALSE,TRUE,America/Chicago,3
24462,Kennerdell,Kennerdell,PA,Pennsylvania,42121,Venango,41.2787,-79.8219,169,29,polygon,FALSE,FALSE,America/New_York,3
24463,Utica,Utica,PA,Pennsylvania,42121,Venango,41.436,-79.9592,169,46,polygon,FALSE,TRUE,America/New_York,3
24464,Hillsboro,Hillsboro,VA,Virginia,51107,Loudoun,39.1987,-77.7239,169,246,polygon,FALSE,TRUE,America/New_York,3
24465,Keller,Keller,VA,Virginia,51001,Accomack,37.6212,-75.7644,169,190,polygon,FALSE,TRUE,America/New_York,3
24466,East Shore,East Shore,CA,California,6063,Plumas,40.2451,-121.0768,169,55,polygon,FALSE,FALSE,America/Los_Angeles,3
24467,Valley Springs,Valley Springs,AR,Arkansas,5009,Boone,36.1537,-92.9896,169,127,polygon,FALSE,TRUE,America/Chicago,3
24468,Tupelo,Tupelo,AR,Arkansas,5067,Jackson,35.391,-91.2298,169,208,polygon,FALSE,TRUE,America/Chicago,3
24469,Griffin,Griffin,IN,Indiana,18129,Posey,38.2043,-87.915,169,954,polygon,FALSE,TRUE,America/Chicago,3
24470,Dunreith,Dunreith,IN,Indiana,18065,Henry,39.8028,-85.4366,169,524,polygon,FALSE,TRUE,America/Indiana/Indianapolis,3
24471,Barnes City,Barnes City,IA,Iowa,19123,Mahaska,41.5071,-92.4696,169,110,polygon,FALSE,TRUE,America/Chicago,3
24472,Lambs Grove,Lambs Grove,IA,Iowa,19099,Jasper,41.7008,-93.0793,169,637,polygon,FALSE,TRUE,America/Chicago,3
24473,Oakville,Oakville,IA,Iowa,19115,Louisa,41.0982,-91.0436,169,155,polygon,FALSE,TRUE,America/Chicago,3
24474,Maish Vaya,Maish Vaya,AZ,Arizona,4019,Pima,32.1703,-112.1342,169,15,polygon,FALSE,FALSE,America/Phoenix,3
24475,Gregory,Gregory,OK,Oklahoma,40131,Rogers,36.1697,-95.5742,169,21,polygon,FALSE,FALSE,America/Chicago,3
24476,Steely Hollow,Steely Hollow,OK,Oklahoma,40021,Cherokee,35.9887,-94.9578,169,31,polygon,FALSE,TRUE,America/Chicago,3
24477,Sarahsville,Sarahsville,OH,Ohio,39121,Noble,39.8076,-81.4692,169,386,polygon,FALSE,TRUE,America/New_York,3
24478,Glenford,Glenford,OH,Ohio,39127,Perry,39.8863,-82.3202,169,578,polygon,FALSE,TRUE,America/New_York,3
24479,Linndale,Linndale,OH,Ohio,39035,Cuyahoga,41.4449,-81.7669,169,804,polygon,FALSE,TRUE,America/New_York,3
24480,Renick,Renick,MO,Missouri,29175,Randolph,39.3419,-92.4109,169,328,polygon,FALSE,TRUE,America/Chicago,3
24481,Miami,Miami,MO,Missouri,29195,Saline,39.3224,-93.2258,169,116,polygon,FALSE,TRUE,America/Chicago,3
24482,Palisade,Palisade,MN,Minnesota,27001,Aitkin,46.7126,-93.4895,169,95,polygon,FALSE,TRUE,America/Chicago,3
24483,Lehigh,Lehigh,KS,Kansas,20115,Marion,38.3745,-97.3022,169,202,polygon,FALSE,TRUE,America/Chicago,3
24484,Milton,Milton,KS,Kansas,20191,Sumner,37.4432,-97.7694,169,14,polygon,FALSE,FALSE,America/Chicago,3
24485,Garfield,Garfield,KS,Kansas,20145,Pawnee,38.077,-99.2445,169,121,polygon,FALSE,TRUE,America/Chicago,3
24486,Louise,Louise,MS,Mississippi,28053,Humphreys,32.9813,-90.5904,169,369,polygon,FALSE,TRUE,America/Chicago,3
24487,Grand Marsh,Grand Marsh,WI,Wisconsin,55001,Adams,43.8852,-89.7072,168,53,polygon,FALSE,FALSE,America/Chicago,3
24488,Newald,Newald,WI,Wisconsin,55041,Forest,45.7396,-88.7004,168,79,polygon,FALSE,FALSE,America/Chicago,3
24489,Makena,Makena,HI,Hawaii,15009,Maui,20.631,-156.4252,168,6,polygon,FALSE,FALSE,Pacific/Honolulu,3
24490,Horseshoe Beach,Horseshoe Beach,FL,Florida,12029,Dixie,29.4499,-83.2818,168,142,polygon,FALSE,TRUE,America/New_York,3
24491,Melvin,Melvin,TX,Texas,48307,McCulloch,31.1993,-99.5809,168,139,polygon,FALSE,TRUE,America/Chicago,3
24492,Villarreal,Villarreal,TX,Texas,48427,Starr,26.3072,-98.6443,168,956,polygon,FALSE,TRUE,America/Chicago,3
24493,Shongaloo,Shongaloo,LA,Louisiana,22119,Webster,32.9416,-93.2955,168,8,polygon,FALSE,TRUE,America/Chicago,3
24494,Marietta,Marietta,NC,North Carolina,37155,Robeson,34.3681,-79.1249,168,58,polygon,FALSE,TRUE,America/New_York,3
24495,New Baltimore,New Baltimore,PA,Pennsylvania,42111,Somerset,39.9835,-78.7724,168,187,polygon,FALSE,TRUE,America/New_York,3
24496,Orrville,Orrville,AL,Alabama,1047,Dallas,32.3068,-87.2454,168,62,polygon,FALSE,TRUE,America/Chicago,3
24497,Washington,Washington,AR,Arkansas,5057,Hempstead,33.773,-93.6833,168,64,polygon,FALSE,TRUE,America/Chicago,3
24498,Sauget,Sauget,IL,Illinois,17163,St. Clair,38.5845,-90.1611,168,14,polygon,FALSE,TRUE,America/Chicago,3
24499,Pilot Mound,Pilot Mound,IA,Iowa,19015,Boone,42.1593,-94.0183,168,66,polygon,FALSE,TRUE,America/Chicago,3
24500,Cowlic,Cowlic,AZ,Arizona,4019,Pima,31.8048,-111.9877,168,81,polygon,FALSE,FALSE,America/Phoenix,3
24501,Ringgold,Ringgold,MD,Maryland,24043,Washington,39.7091,-77.569,168,224,polygon,FALSE,FALSE,America/New_York,3
24502,San Mar,San Mar,MD,Maryland,24043,Washington,39.5524,-77.6406,168,143,polygon,FALSE,FALSE,America/New_York,3
24503,Pleasant Plain,Pleasant Plain,OH,Ohio,39165,Warren,39.2784,-84.112,168,400,polygon,FALSE,TRUE,America/New_York,3
24504,Newtown,Newtown,MO,Missouri,29211,Sullivan,40.3762,-93.3336,168,256,polygon,FALSE,TRUE,America/Chicago,3
24505,Melvin,Melvin,MI,Michigan,26151,Sanilac,43.1864,-82.8617,168,66,polygon,FALSE,TRUE,America/Detroit,3
24506,Twining,Twining,MI,Michigan,26011,Arenac,44.1131,-83.8075,168,66,polygon,FALSE,TRUE,America/Detroit,3
24507,White Cloud,White Cloud,KS,Kansas,20043,Doniphan,39.9743,-95.2989,168,89,polygon,FALSE,TRUE,America/Chicago,3
24508,Roslyn,Roslyn,SD,South Dakota,46037,Day,45.4965,-97.4932,168,329,polygon,FALSE,TRUE,America/Chicago,3
24509,Hanover,Hanover,WI,Wisconsin,55105,Rock,42.6389,-89.1708,167,110,polygon,FALSE,FALSE,America/Chicago,3
24510,Fidelis,Fidelis,FL,Florida,12113,Santa Rosa,30.9343,-87.0246,167,22,polygon,FALSE,FALSE,America/Chicago,3
24511,Pueblito,Pueblito,NM,New Mexico,35039,Rio Arriba,36.0727,-106.0811,167,105,polygon,FALSE,FALSE,America/Denver,3
24512,Hilltop,Hilltop,TX,Texas,48163,Frio,28.6938,-99.1761,167,51,polygon,FALSE,FALSE,America/Chicago,3
24513,Lisbon,Lisbon,LA,Louisiana,22027,Claiborne,32.7893,-92.8672,167,4,polygon,FALSE,TRUE,America/Chicago,3
24514,Lowell Point,Lowell Point,AK,Alaska,2122,Kenai Peninsula,60.0629,-149.4898,167,5,polygon,FALSE,FALSE,America/Anchorage,3
24515,Seven Hills,Seven Hills,CO,Colorado,8013,Boulder,40.0361,-105.3323,167,131,polygon,FALSE,FALSE,America/Denver,3
24516,Pike,Pike,CA,California,6091,Sierra,39.4278,-120.9996,167,14,polygon,FALSE,FALSE,America/Los_Angeles,3
24517,McDougal,McDougal,AR,Arkansas,5021,Clay,36.4365,-90.3907,167,173,polygon,FALSE,TRUE,America/Chicago,3
24518,Burdette,Burdette,AR,Arkansas,5093,Mississippi,35.8153,-89.9457,167,87,polygon,FALSE,TRUE,America/Chicago,3
24519,Casa,Casa,AR,Arkansas,5105,Perry,35.0253,-93.0448,167,59,polygon,FALSE,TRUE,America/Chicago,3
24520,Sedgwick,Sedgwick,AR,Arkansas,5075,Lawrence,35.9753,-90.8678,167,245,polygon,FALSE,TRUE,America/Chicago,3
24521,Old Mill Creek,Old Mill Creek,IL,Illinois,17097,Lake,42.4322,-87.9786,167,6,polygon,FALSE,TRUE,America/Chicago,3
24522,Woolsey,Woolsey,GA,Georgia,13113,Fayette,33.3627,-84.4113,167,78,polygon,FALSE,TRUE,America/New_York,3
24523,Haverhill,Haverhill,IA,Iowa,19127,Marshall,41.9442,-92.9606,167,489,polygon,FALSE,TRUE,America/Chicago,3
24524,Orlando,Orlando,OK,Oklahoma,40083,Logan,36.1355,-97.3653,167,164,polygon,FALSE,TRUE,America/Chicago,3
24525,Hunter,Hunter,OK,Oklahoma,40047,Garfield,36.5637,-97.6624,167,256,polygon,FALSE,TRUE,America/Chicago,3
24526,Sedgewickville,Sedgewickville,MO,Missouri,29017,Bollinger,37.5146,-89.9061,167,100,polygon,FALSE,TRUE,America/Chicago,3
24527,Winton,Winton,MN,Minnesota,27137,St. Louis,47.9284,-91.8004,167,504,polygon,FALSE,TRUE,America/Chicago,3
24528,Muscotah,Muscotah,KS,Kansas,20005,Atchison,39.5535,-95.5204,167,193,polygon,FALSE,TRUE,America/Chicago,3
24529,Lavina,Lavina,MT,Montana,30037,Golden Valley,46.295,-108.9388,167,63,polygon,FALSE,TRUE,America/Denver,3
24530,Winstonville,Winstonville,MS,Mississippi,28011,Bolivar,33.9123,-90.7529,167,218,polygon,FALSE,TRUE,America/Chicago,3
24531,Silverstreet,Silverstreet,SC,South Carolina,45071,Newberry,34.2177,-81.7146,167,19,polygon,FALSE,TRUE,America/New_York,3
24532,Meadowview Estates,Meadowview Estates,KY,Kentucky,21111,Jefferson,38.2227,-85.6353,167,1029,polygon,FALSE,TRUE,America/New_York,3
24533,Morningside,Morningside,SD,South Dakota,46005,Beadle,44.3662,-98.1835,167,125,polygon,FALSE,FALSE,America/Chicago,3
24534,McIntosh,McIntosh,SD,South Dakota,46031,Corson,45.9213,-101.3491,167,88,polygon,FALSE,TRUE,America/Denver,3
24535,Robeline,Robeline,LA,Louisiana,22069,Natchitoches,31.6898,-93.3039,166,53,polygon,FALSE,TRUE,America/Chicago,3
24536,Selfridge,Selfridge,ND,North Dakota,38085,Sioux,46.0417,-100.9244,166,217,polygon,FALSE,TRUE,America/Chicago,3
24537,Pine Hill,Pine Hill,NY,New York,36111,Ulster,42.1308,-74.4668,166,30,polygon,FALSE,FALSE,America/New_York,3
24538,Locustdale,Locustdale,PA,Pennsylvania,42037,Columbia,40.7786,-76.3735,166,753,polygon,FALSE,FALSE,America/New_York,3
24539,Nottoway Court House,Nottoway Court House,VA,Virginia,51135,Nottoway,37.1272,-78.0734,166,51,polygon,FALSE,FALSE,America/New_York,3
24540,Troutdale,Troutdale,VA,Virginia,51077,Grayson,36.7022,-81.4413,166,20,polygon,FALSE,TRUE,America/New_York,3
24541,Cats Bridge,Cats Bridge,VA,Virginia,51001,Accomack,37.5491,-75.7797,166,20,polygon,FALSE,FALSE,America/New_York,3
24542,Nicolaus,Nicolaus,CA,California,6101,Sutter,38.8981,-121.5729,166,20,polygon,FALSE,FALSE,America/Los_Angeles,3
24543,Rondo,Rondo,AR,Arkansas,5077,Lee,34.6575,-90.8208,166,63,polygon,FALSE,TRUE,America/Chicago,3
24544,Calhoun,Calhoun,IL,Illinois,17159,Richland,38.6511,-88.044,166,70,polygon,FALSE,TRUE,America/Chicago,3
24545,Dargan,Dargan,MD,Maryland,24043,Washington,39.3767,-77.734,166,217,polygon,FALSE,FALSE,America/New_York,3
24546,Bromide,Bromide,OK,Oklahoma,40069,Johnston,34.418,-96.4949,166,100,polygon,FALSE,TRUE,America/Chicago,3
24547,Stuart,Stuart,OK,Oklahoma,40063,Hughes,34.9011,-96.0995,166,235,polygon,FALSE,TRUE,America/Chicago,3
24548,Bladensburg,Bladensburg,OH,Ohio,39083,Knox,40.2851,-82.2837,166,194,polygon,FALSE,FALSE,America/New_York,3
24549,Parkdale,Parkdale,MO,Missouri,29099,Jefferson,38.4801,-90.5283,166,501,polygon,FALSE,TRUE,America/Chicago,3
24550,Lohman,Lohman,MO,Missouri,29051,Cole,38.543,-92.3646,166,177,polygon,FALSE,TRUE,America/Chicago,3
24551,Frankclay,Frankclay,MO,Missouri,29187,St. Francois,37.863,-90.6144,166,101,polygon,FALSE,FALSE,America/Chicago,3
24552,Delavan,Delavan,MN,Minnesota,27043,Faribault,43.7677,-94.0174,166,63,polygon,FALSE,TRUE,America/Chicago,3
24553,Government Camp,Government Camp,OR,Oregon,41005,Clackamas,45.3022,-121.7528,166,85,polygon,FALSE,FALSE,America/Los_Angeles,3
24554,Viola,Viola,DE,Delaware,10001,Kent,39.0429,-75.5714,165,359,polygon,FALSE,TRUE,America/New_York,3
24555,Edmund,Edmund,WI,Wisconsin,55049,Iowa,42.9662,-90.2644,165,186,polygon,FALSE,FALSE,America/Chicago,3
24556,Rhame,Rhame,ND,North Dakota,38011,Bowman,46.2347,-103.655,165,42,polygon,FALSE,TRUE,America/Denver,3
24557,Farnam,Farnam,NE,Nebraska,31047,Dawson,40.7065,-100.2155,165,94,polygon,FALSE,TRUE,America/Chicago,3
24558,Starrucca,Starrucca,PA,Pennsylvania,42127,Wayne,41.8996,-75.4529,165,7,polygon,FALSE,TRUE,America/New_York,3
24559,Rye,Rye,CO,Colorado,8101,Pueblo,37.9215,-104.9322,165,677,polygon,FALSE,TRUE,America/Denver,3
24560,Proberta,Proberta,CA,California,6103,Tehama,40.0762,-122.1776,165,44,polygon,FALSE,FALSE,America/Los_Angeles,3
24561,Hyampom,Hyampom,CA,California,6105,Trinity,40.6262,-123.4689,165,3,polygon,FALSE,FALSE,America/Los_Angeles,3
24562,Smithboro,Smithboro,IL,Illinois,17005,Bond,38.8945,-89.3399,165,68,polygon,FALSE,TRUE,America/Chicago,3
24563,Butler,Butler,IL,Illinois,17135,Montgomery,39.1975,-89.5322,165,106,polygon,FALSE,TRUE,America/Chicago,3
24564,Rebecca,Rebecca,GA,Georgia,13287,Turner,31.8072,-83.4876,165,81,polygon,FALSE,TRUE,America/New_York,3
24565,Green Mountain,Green Mountain,IA,Iowa,19127,Marshall,42.1019,-92.8196,165,92,polygon,FALSE,FALSE,America/Chicago,3
24566,Barclay,Barclay,MD,Maryland,24035,Queen Anne's,39.1448,-75.8655,165,243,polygon,FALSE,TRUE,America/New_York,3
24567,Burkittsville,Burkittsville,MD,Maryland,24021,Frederick,39.3923,-77.6275,165,140,polygon,FALSE,TRUE,America/New_York,3
24568,Sycamore,Sycamore,OK,Oklahoma,40041,Delaware,36.394,-94.716,165,15,polygon,FALSE,FALSE,America/Chicago,3
24569,Dennis,Dennis,OK,Oklahoma,40041,Delaware,36.5433,-94.8693,165,14,polygon,FALSE,FALSE,America/Chicago,3
24570,Gene Autry,Gene Autry,OK,Oklahoma,40019,Carter,34.3151,-97.0385,165,15,polygon,FALSE,TRUE,America/Chicago,3
24571,Negley,Negley,OH,Ohio,39029,Columbiana,40.7927,-80.536,165,71,polygon,FALSE,FALSE,America/New_York,3
24572,Steen,Steen,MN,Minnesota,27133,Rock,43.5143,-96.2631,165,145,polygon,FALSE,TRUE,America/Chicago,3
24573,Woodbine,Woodbine,KS,Kansas,20041,Dickinson,38.7956,-96.9594,165,400,polygon,FALSE,TRUE,America/Chicago,3
24574,Ballantine,Ballantine,MT,Montana,30111,Yellowstone,45.9511,-108.1428,165,70,polygon,FALSE,FALSE,America/Denver,3
24575,French Camp,French Camp,MS,Mississippi,28019,Choctaw,33.2931,-89.3993,165,64,polygon,FALSE,TRUE,America/Chicago,3
24576,Sycamore,Sycamore,KY,Kentucky,21111,Jefferson,38.2468,-85.5612,165,3849,polygon,FALSE,TRUE,America/New_York,2
24577,Grass Valley,Grass Valley,OR,Oregon,41055,Sherman,45.3591,-120.7841,165,125,polygon,FALSE,TRUE,America/Los_Angeles,3
24578,Ronald,Ronald,WA,Washington,53037,Kittitas,47.2338,-121.0335,164,68,polygon,FALSE,FALSE,America/Los_Angeles,3
24579,Valley,Valley,WA,Washington,53065,Stevens,48.173,-117.7244,164,148,polygon,FALSE,FALSE,America/Los_Angeles,3
24580,Packwaukee,Packwaukee,WI,Wisconsin,55077,Marquette,43.7653,-89.4599,164,131,polygon,FALSE,FALSE,America/Chicago,3
24581,Fort Green Springs,Fort Green Springs,FL,Florida,12049,Hardee,27.5876,-81.9402,164,6,polygon,FALSE,FALSE,America/New_York,3
24582,Holy Cross,Holy Cross,AK,Alaska,2290,Yukon-Koyukuk,62.1868,-159.8198,164,2,polygon,FALSE,TRUE,America/Anchorage,3
24583,Seldovia Village,Seldovia Village,AK,Alaska,2122,Kenai Peninsula,59.453,-151.5905,164,3,polygon,FALSE,FALSE,America/Anchorage,3
24584,Hanover,Hanover,VA,Virginia,51085,Hanover,37.7668,-77.3706,164,53,polygon,FALSE,FALSE,America/New_York,3
24585,Hat Creek,Hat Creek,CA,California,6089,Shasta,40.8101,-121.4809,164,1,polygon,FALSE,FALSE,America/Los_Angeles,3
24586,Whitley Gardens,Whitley Gardens,CA,California,6079,San Luis Obispo,35.6571,-120.5068,164,46,polygon,FALSE,FALSE,America/Los_Angeles,3
24587,Banks,Banks,AL,Alabama,1109,Pike,31.8132,-85.8364,164,31,polygon,FALSE,TRUE,America/Chicago,3
24588,Old Shawneetown,Old Shawneetown,IL,Illinois,17059,Gallatin,37.6971,-88.1387,164,124,polygon,FALSE,TRUE,America/Chicago,3
24589,Cannelburg,Cannelburg,IN,Indiana,18027,Daviess,38.668,-86.9978,164,305,polygon,FALSE,TRUE,America/Indiana/Vincennes,3
24590,Soldier,Soldier,IA,Iowa,19133,Monona,41.9842,-95.7802,164,215,polygon,FALSE,TRUE,America/Chicago,3
24591,Manitou,Manitou,OK,Oklahoma,40141,Tillman,34.5071,-98.9809,164,191,polygon,FALSE,TRUE,America/Chicago,3
24592,Lewisville,Lewisville,OH,Ohio,39111,Monroe,39.7671,-81.2182,164,170,polygon,FALSE,TRUE,America/New_York,3
24593,Burgoon,Burgoon,OH,Ohio,39143,Sandusky,41.2674,-83.2508,164,457,polygon,FALSE,TRUE,America/New_York,3
24594,Coffey,Coffey,MO,Missouri,29061,Daviess,40.1056,-94.0066,164,304,polygon,FALSE,TRUE,America/Chicago,3
24595,Albert,Albert,KS,Kansas,20009,Barton,38.454,-99.0112,164,268,polygon,FALSE,TRUE,America/Chicago,3
24596,Bern,Bern,KS,Kansas,20131,Nemaha,39.9612,-95.9713,164,222,polygon,FALSE,TRUE,America/Chicago,3
24597,Corning,Corning,KS,Kansas,20131,Nemaha,39.6566,-96.0289,164,229,polygon,FALSE,TRUE,America/Chicago,3
24598,Mockingbird Valley,Mockingbird Valley,KY,Kentucky,21111,Jefferson,38.27,-85.6815,164,305,polygon,FALSE,TRUE,America/New_York,3
24599,Mission Hill,Mission Hill,SD,South Dakota,46135,Yankton,42.9208,-97.2791,164,193,polygon,FALSE,TRUE,America/Chicago,3
24600,Peever,Peever,SD,South Dakota,46109,Roberts,45.5422,-96.956,164,510,polygon,FALSE,TRUE,America/Chicago,3
24601,Lime Ridge,Lime Ridge,WI,Wisconsin,55111,Sauk,43.4676,-90.1577,163,62,polygon,FALSE,TRUE,America/Chicago,3
24602,Franks Field,Franks Field,WI,Wisconsin,55003,Ashland,46.5522,-90.5989,163,49,polygon,FALSE,TRUE,America/Chicago,3
24603,Green Spring,Green Spring,WV,West Virginia,54027,Hampshire,39.5241,-78.6302,163,28,polygon,FALSE,FALSE,America/New_York,3
24604,Corona,Corona,NM,New Mexico,35027,Lincoln,34.2501,-105.597,163,61,polygon,FALSE,TRUE,America/Denver,3
24605,Jolly,Jolly,TX,Texas,48077,Clay,33.8827,-98.3475,163,64,polygon,FALSE,TRUE,America/Chicago,3
24606,Golden Valley,Golden Valley,ND,North Dakota,38057,Mercer,47.2901,-102.0652,163,84,polygon,FALSE,TRUE,America/North_Dakota/Beulah,3
24607,Smartsville,Smartsville,CA,California,6115,Yuba,39.2053,-121.2928,163,87,polygon,FALSE,FALSE,America/Los_Angeles,3
24608,West Point,West Point,IL,Illinois,17067,Hancock,40.2555,-91.1836,163,374,polygon,FALSE,TRUE,America/Chicago,3
24609,Huey,Huey,IL,Illinois,17027,Clinton,38.6053,-89.29,163,291,polygon,FALSE,TRUE,America/Chicago,3
24610,Rose Hill,Rose Hill,IA,Iowa,19123,Mahaska,41.3203,-92.4637,163,460,polygon,FALSE,TRUE,America/Chicago,3
24611,Randall,Randall,IA,Iowa,19079,Hamilton,42.2372,-93.6026,163,153,polygon,FALSE,TRUE,America/Chicago,3
24612,Dundee,Dundee,IA,Iowa,19055,Delaware,42.5799,-91.5461,163,173,polygon,FALSE,TRUE,America/Chicago,3
24613,De Smet,De Smet,ID,Idaho,16009,Benewah,47.141,-116.9113,163,65,polygon,FALSE,FALSE,America/Los_Angeles,3
24614,Eagle Rock,Eagle Rock,MO,Missouri,29009,Barry,36.5498,-93.7416,163,27,polygon,FALSE,FALSE,America/Chicago,3
24615,Wendell,Wendell,MN,Minnesota,27051,Grant,46.0359,-96.1008,163,63,polygon,FALSE,TRUE,America/Chicago,3
24616,Volin,Volin,SD,South Dakota,46135,Yankton,42.9586,-97.1812,163,319,polygon,FALSE,TRUE,America/Chicago,3
24617,Crumpler,Crumpler,WV,West Virginia,54047,McDowell,37.4262,-81.3313,162,41,polygon,FALSE,FALSE,America/New_York,3
24618,Fenwick,Fenwick,WV,West Virginia,54067,Nicholas,38.2289,-80.5807,162,442,polygon,FALSE,FALSE,America/New_York,3
24619,Catarina,Catarina,TX,Texas,48127,Dimmit,28.3499,-99.6161,162,16,polygon,FALSE,FALSE,America/Chicago,3
24620,Weinert,Weinert,TX,Texas,48207,Haskell,33.3234,-99.6736,162,129,polygon,FALSE,TRUE,America/Chicago,3
24621,Longstreet,Longstreet,LA,Louisiana,22031,De Soto,32.0976,-93.9505,162,30,polygon,FALSE,TRUE,America/Chicago,3
24622,Kittrell,Kittrell,NC,North Carolina,37181,Vance,36.2218,-78.4413,162,298,polygon,FALSE,TRUE,America/New_York,3
24623,Streeter,Streeter,ND,North Dakota,38093,Stutsman,46.6576,-99.3568,162,175,polygon,FALSE,TRUE,America/Chicago,3
24624,Rosalie,Rosalie,NE,Nebraska,31173,Thurston,42.0574,-96.5128,162,319,polygon,FALSE,TRUE,America/Chicago,3
24625,Hortonville,Hortonville,NY,New York,36105,Sullivan,41.7661,-75.0221,162,82,polygon,FALSE,FALSE,America/New_York,3
24626,Adamsburg,Adamsburg,PA,Pennsylvania,42129,Westmoreland,40.3124,-79.6542,162,223,polygon,FALSE,TRUE,America/New_York,3
24627,Georgetown,Georgetown,PA,Pennsylvania,42007,Beaver,40.6417,-80.4994,162,357,polygon,FALSE,TRUE,America/New_York,3
24628,Wagner,Wagner,PA,Pennsylvania,42087,Mifflin,40.6801,-77.3879,162,79,polygon,FALSE,FALSE,America/New_York,3
24629,King and Queen Court House,King and Queen Court House,VA,Virginia,51097,King and Queen,37.6683,-76.8782,162,50,polygon,FALSE,FALSE,America/New_York,3
24630,Gargatha,Gargatha,VA,Virginia,51001,Accomack,37.7905,-75.5819,162,21,polygon,FALSE,FALSE,America/New_York,3
24631,Camptonville,Camptonville,CA,California,6115,Yuba,39.4521,-121.0488,162,73,polygon,FALSE,FALSE,America/Los_Angeles,3
24632,Maeystown,Maeystown,IL,Illinois,17133,Monroe,38.2267,-90.233,162,209,polygon,FALSE,TRUE,America/Chicago,3
24633,Keams Canyon,Keams Canyon,AZ,Arizona,4017,Navajo,35.8229,-110.2011,162,3,polygon,FALSE,FALSE,America/Phoenix,3
24634,Ferdinand,Ferdinand,ID,Idaho,16049,Idaho,46.1519,-116.39,162,358,polygon,FALSE,TRUE,America/Los_Angeles,3
24635,Lookeba,Lookeba,OK,Oklahoma,40015,Caddo,35.363,-98.3638,162,246,polygon,FALSE,TRUE,America/Chicago,3
24636,Butlerville,Butlerville,OH,Ohio,39165,Warren,39.3017,-84.0903,162,572,polygon,FALSE,TRUE,America/New_York,3
24637,Des Arc,Des Arc,MO,Missouri,29093,Iron,37.2837,-90.6354,162,294,polygon,FALSE,TRUE,America/Chicago,3
24638,St. Francisville,St. Francisville,MO,Missouri,29045,Clark,40.4497,-91.572,162,33,polygon,FALSE,FALSE,America/Chicago,3
24639,Kingston,Kingston,MN,Minnesota,27093,Meeker,45.1959,-94.3109,162,113,polygon,FALSE,TRUE,America/Chicago,3
24640,St. James,St. James,MI,Michigan,26029,Charlevoix,45.7474,-85.5173,162,60,polygon,FALSE,FALSE,America/Detroit,3
24641,Westphalia,Westphalia,KS,Kansas,20003,Anderson,38.1818,-95.4908,162,315,polygon,FALSE,TRUE,America/Chicago,3
24642,Lonepine,Lonepine,MT,Montana,30089,Sanders,47.6945,-114.6408,162,4,polygon,FALSE,FALSE,America/Denver,3
24643,Roosevelt,Roosevelt,WA,Washington,53039,Klickitat,45.7476,-120.2161,161,16,polygon,FALSE,FALSE,America/Los_Angeles,3
24644,Ellison Bay,Ellison Bay,WI,Wisconsin,55029,Door,45.2551,-87.0729,161,23,polygon,FALSE,FALSE,America/Chicago,3
24645,St. George,St. George,WV,West Virginia,54093,Tucker,39.1662,-79.6987,161,58,polygon,FALSE,FALSE,America/New_York,3
24646,Reedy,Reedy,WV,West Virginia,54087,Roane,38.8996,-81.4264,161,319,polygon,FALSE,TRUE,America/New_York,3
24647,Palo Pinto,Palo Pinto,TX,Texas,48363,Palo Pinto,32.7692,-98.3007,161,72,polygon,FALSE,FALSE,America/Chicago,3
24648,Benjamin Perez,Benjamin Perez,TX,Texas,48427,Starr,26.406,-98.8997,161,2966,polygon,FALSE,TRUE,America/Chicago,2
24649,Gloster,Gloster,LA,Louisiana,22031,De Soto,32.1921,-93.8112,161,49,polygon,FALSE,FALSE,America/Chicago,3
24650,Golovin,Golovin,AK,Alaska,2180,Nome,64.564,-162.9989,161,15,polygon,FALSE,TRUE,America/Nome,3
24651,Koliganek,Koliganek,AK,Alaska,2070,Dillingham,59.6971,-157.2258,161,3,polygon,FALSE,FALSE,America/Anchorage,3
24652,Fort Greely,Fort Greely,AK,Alaska,2240,Southeast Fairbanks,63.9678,-145.7148,161,5,polygon,TRUE,TRUE,America/Anchorage,3
24653,Allakaket,Allakaket,AK,Alaska,2290,Yukon-Koyukuk,66.5506,-152.627,161,4,polygon,FALSE,TRUE,America/Anchorage,3
24654,Northwood,Northwood,PA,Pennsylvania,42013,Blair,40.6864,-78.2272,161,117,polygon,FALSE,FALSE,America/New_York,3
24655,Austin,Austin,NV,Nevada,32015,Lander,39.4977,-117.074,161,55,polygon,FALSE,FALSE,America/Los_Angeles,3
24656,Ward,Ward,CO,Colorado,8013,Boulder,40.0726,-105.5136,161,108,polygon,FALSE,TRUE,America/Denver,3
24657,Benbow,Benbow,CA,California,6023,Humboldt,40.0603,-123.7654,161,12,polygon,FALSE,FALSE,America/Los_Angeles,3
24658,Bluewater,Bluewater,CA,California,6071,San Bernardino,34.176,-114.264,161,59,polygon,FALSE,FALSE,America/Los_Angeles,3
24659,Trinity Center,Trinity Center,CA,California,6105,Trinity,40.9841,-122.7083,161,11,polygon,FALSE,FALSE,America/Los_Angeles,3
24660,Junction City,Junction City,GA,Georgia,13263,Talbot,32.6032,-84.4574,161,26,polygon,FALSE,TRUE,America/New_York,3
24661,Aurora,Aurora,IA,Iowa,19019,Buchanan,42.6194,-91.7295,161,117,polygon,FALSE,TRUE,America/Chicago,3
24662,Little Sioux,Little Sioux,IA,Iowa,19085,Harrison,41.8082,-96.0274,161,167,polygon,FALSE,TRUE,America/Chicago,3
24663,Woolstock,Woolstock,IA,Iowa,19197,Wright,42.5648,-93.8433,161,58,polygon,FALSE,TRUE,America/Chicago,3
24664,Patterson,Patterson,IA,Iowa,19121,Madison,41.3485,-93.8771,161,132,polygon,FALSE,TRUE,America/Chicago,3
24665,Alexander,Alexander,IA,Iowa,19069,Franklin,42.8044,-93.4786,161,14,polygon,FALSE,TRUE,America/Chicago,3
24666,Vincent,Vincent,IA,Iowa,19187,Webster,42.5917,-94.0198,161,244,polygon,FALSE,TRUE,America/Chicago,3
24667,Wahak Hotrontk,Wahak Hotrontk,AZ,Arizona,4019,Pima,32.1748,-112.3663,161,40,polygon,FALSE,FALSE,America/Phoenix,3
24668,St. Louis,St. Louis,OK,Oklahoma,40125,Pottawatomie,35.0812,-96.8598,161,6,polygon,FALSE,TRUE,America/Chicago,3
24669,Foster,Foster,OK,Oklahoma,40049,Garvin,34.5941,-97.4928,161,3,polygon,FALSE,TRUE,America/Chicago,3
24670,Fultonham,Fultonham,OH,Ohio,39119,Muskingum,39.8557,-82.1408,161,675,polygon,FALSE,TRUE,America/New_York,3
24671,Mendon,Mendon,MO,Missouri,29041,Chariton,39.5906,-93.1336,161,346,polygon,FALSE,TRUE,America/Chicago,3
24672,Freistatt,Freistatt,MO,Missouri,29109,Lawrence,37.0213,-93.8977,161,293,polygon,FALSE,TRUE,America/Chicago,3
24673,Blue Eye,Blue Eye,MO,Missouri,29209,Stone,36.5149,-93.383,161,53,polygon,FALSE,TRUE,America/Chicago,3
24674,Lansing,Lansing,MN,Minnesota,27099,Mower,43.7477,-92.9656,161,79,polygon,FALSE,FALSE,America/Chicago,3
24675,Burr Oak,Burr Oak,KS,Kansas,20089,Jewell,39.87,-98.3055,161,75,polygon,FALSE,TRUE,America/Chicago,3
24676,Circleville,Circleville,KS,Kansas,20085,Jackson,39.5095,-95.8555,161,245,polygon,FALSE,TRUE,America/Chicago,3
24677,Farmington,Farmington,KY,Kentucky,21083,Graves,36.6691,-88.5276,161,40,polygon,FALSE,FALSE,America/Chicago,3
24678,Kings Valley,Kings Valley,OR,Oregon,41003,Benton,44.698,-123.4265,161,90,polygon,FALSE,FALSE,America/Los_Angeles,3
24679,Idanha,Idanha,OR,Oregon,41047,Marion,44.7049,-122.0878,161,58,polygon,FALSE,TRUE,America/Los_Angeles,3
24680,Rhodell,Rhodell,WV,West Virginia,54081,Raleigh,37.6095,-81.305,160,197,polygon,FALSE,TRUE,America/New_York,3
24681,Glen Jean,Glen Jean,WV,West Virginia,54019,Fayette,37.9271,-81.1532,160,273,polygon,FALSE,FALSE,America/New_York,3
24682,Animas,Animas,NM,New Mexico,35023,Hidalgo,31.9449,-108.8065,160,3,polygon,FALSE,FALSE,America/Denver,3
24683,Miller's Cove,Miller's Cove,TX,Texas,48449,Titus,33.156,-95.1147,160,376,polygon,FALSE,TRUE,America/Chicago,3
24684,Palmetto,Palmetto,LA,Louisiana,22097,St. Landry,30.7177,-91.9082,160,69,polygon,FALSE,TRUE,America/Chicago,3
24685,Venango,Venango,NE,Nebraska,31135,Perkins,40.7637,-102.0441,160,81,polygon,FALSE,TRUE,America/Denver,3
24686,Rulo,Rulo,NE,Nebraska,31147,Richardson,40.0517,-95.4306,160,98,polygon,FALSE,TRUE,America/Chicago,3
24687,Bloomville,Bloomville,NY,New York,36025,Delaware,42.3338,-74.818,160,46,polygon,FALSE,FALSE,America/New_York,3
24688,Bennett Springs,Bennett Springs,NV,Nevada,32017,Lincoln,37.7104,-114.4685,160,17,polygon,FALSE,TRUE,America/Los_Angeles,3
24689,Garey,Garey,CA,California,6083,Santa Barbara,34.8869,-120.3141,160,48,polygon,FALSE,FALSE,America/Los_Angeles,3
24690,Littleton,Littleton,IL,Illinois,17169,Schuyler,40.234,-90.6223,160,52,polygon,FALSE,TRUE,America/Chicago,3
24691,Salamonia,Salamonia,IN,Indiana,18075,Jay,40.386,-84.8652,160,84,polygon,FALSE,TRUE,America/Indiana/Indianapolis,3
24692,Wainwright,Wainwright,OK,Oklahoma,40101,Muskogee,35.6133,-95.5657,160,216,polygon,FALSE,TRUE,America/Chicago,3
24693,Cloverdale,Cloverdale,OH,Ohio,39137,Putnam,41.0193,-84.3035,160,100,polygon,FALSE,TRUE,America/New_York,3
24694,Melmore,Melmore,OH,Ohio,39147,Seneca,41.0262,-83.1049,160,103,polygon,FALSE,FALSE,America/New_York,3
24695,Sparta,Sparta,OH,Ohio,39117,Morrow,40.3943,-82.6995,160,711,polygon,FALSE,TRUE,America/New_York,3
24696,Oxly,Oxly,MO,Missouri,29181,Ripley,36.6025,-90.679,160,23,polygon,FALSE,FALSE,America/Chicago,3
24697,Argyle,Argyle,MO,Missouri,29151,Osage,38.2954,-92.0256,160,153,polygon,FALSE,TRUE,America/Chicago,3
24698,Babb,Babb,MT,Montana,30035,Glacier,48.8777,-113.4408,160,6,polygon,FALSE,FALSE,America/Denver,3
24699,Cordova,Cordova,SC,South Carolina,45075,Orangeburg,33.4345,-80.9211,160,141,polygon,FALSE,TRUE,America/New_York,3
24700,LaFayette,LaFayette,KY,Kentucky,21047,Christian,36.66,-87.6585,160,239,polygon,FALSE,TRUE,America/Chicago,3
24701,Deep River,Deep River,WA,Washington,53069,Wahkiakum,46.3521,-123.6984,159,4,polygon,FALSE,FALSE,America/Los_Angeles,3
24702,Maple Falls,Maple Falls,WA,Washington,53073,Whatcom,48.9135,-122.1048,159,24,polygon,FALSE,FALSE,America/Los_Angeles,3
24703,Westboro,Westboro,WI,Wisconsin,55119,Taylor,45.3608,-90.2934,159,33,polygon,FALSE,FALSE,America/Chicago,3
24704,Frannie,Frannie,WY,Wyoming,56003,Big Horn,44.971,-108.6205,159,138,polygon,FALSE,TRUE,America/Denver,3
24705,Daykin,Daykin,NE,Nebraska,31095,Jefferson,40.3217,-97.2984,159,374,polygon,FALSE,TRUE,America/Chicago,3
24706,Richfield,Richfield,NE,Nebraska,31153,Sarpy,41.1108,-96.0763,159,40,polygon,FALSE,FALSE,America/Chicago,3
24707,Ulysses,Ulysses,NE,Nebraska,31023,Butler,41.0722,-97.2029,159,304,polygon,FALSE,TRUE,America/Chicago,3
24708,Talladega Springs,Talladega Springs,AL,Alabama,1121,Talladega,33.1191,-86.4421,159,49,polygon,FALSE,TRUE,America/Chicago,3
24709,Bassett,Bassett,AR,Arkansas,5093,Mississippi,35.5356,-90.1294,159,250,polygon,FALSE,TRUE,America/Chicago,3
24710,Winchester,Winchester,AR,Arkansas,5043,Drew,33.7741,-91.4737,159,123,polygon,FALSE,TRUE,America/Chicago,3
24711,Nelson,Nelson,IL,Illinois,17103,Lee,41.7964,-89.6031,159,284,polygon,FALSE,TRUE,America/Chicago,3
24712,Santa Claus,Santa Claus,GA,Georgia,13279,Toombs,32.1712,-82.3298,159,332,polygon,FALSE,TRUE,America/New_York,3
24713,Alston,Alston,GA,Georgia,13209,Montgomery,32.081,-82.4789,159,21,polygon,FALSE,TRUE,America/New_York,3
24714,Oakland Acres,Oakland Acres,IA,Iowa,19099,Jasper,41.7204,-92.8211,159,216,polygon,FALSE,TRUE,America/Chicago,3
24715,Midvale,Midvale,ID,Idaho,16087,Washington,44.4618,-116.7434,159,23,polygon,FALSE,TRUE,America/Boise,3
24716,Burlington,Burlington,OK,Oklahoma,40003,Alfalfa,36.9001,-98.4234,159,223,polygon,FALSE,TRUE,America/Chicago,3
24717,Radnor,Radnor,OH,Ohio,39041,Delaware,40.3852,-83.1459,159,85,polygon,FALSE,FALSE,America/New_York,3
24718,Tabiona,Tabiona,UT,Utah,49013,Duchesne,40.3544,-110.7096,159,599,polygon,FALSE,TRUE,America/Denver,3
24719,Winona,Winona,KS,Kansas,20109,Logan,39.0617,-101.2448,159,235,polygon,FALSE,TRUE,America/Chicago,3
24720,West Glacier,West Glacier,MT,Montana,30029,Flathead,48.4916,-113.9961,159,14,polygon,FALSE,FALSE,America/Denver,3
24721,Prestonville,Prestonville,KY,Kentucky,21041,Carroll,38.6805,-85.1931,159,283,polygon,FALSE,TRUE,America/New_York,3
24722,Cleaton,Cleaton,KY,Kentucky,21177,Muhlenberg,37.2518,-87.0903,159,99,polygon,FALSE,FALSE,America/Chicago,3
24723,Hebo,Hebo,OR,Oregon,41057,Tillamook,45.2261,-123.8586,159,37,polygon,FALSE,FALSE,America/Los_Angeles,3
24724,Kirkpatrick,Kirkpatrick,OR,Oregon,41059,Umatilla,45.6796,-118.6499,159,17,polygon,FALSE,FALSE,America/Los_Angeles,3
24725,Verdon,Verdon,NE,Nebraska,31147,Richardson,40.1491,-95.7112,158,257,polygon,FALSE,TRUE,America/Chicago,3
24726,Goehner,Goehner,NE,Nebraska,31159,Seward,40.8327,-97.2196,158,351,polygon,FALSE,TRUE,America/Chicago,3
24727,Page,Page,NE,Nebraska,31089,Holt,42.4,-98.4177,158,249,polygon,FALSE,TRUE,America/Chicago,3
24728,Siglerville,Siglerville,PA,Pennsylvania,42087,Mifflin,40.7367,-77.5319,158,513,polygon,FALSE,FALSE,America/New_York,3
24729,Thynedale,Thynedale,VA,Virginia,51117,Mecklenburg,36.8182,-78.4774,158,82,polygon,FALSE,TRUE,America/New_York,3
24730,Millerville,Millerville,AL,Alabama,1027,Clay,33.1926,-85.9303,158,9,polygon,FALSE,FALSE,America/Chicago,3
24731,Fountain Hill,Fountain Hill,AR,Arkansas,5003,Ashley,33.3576,-91.8511,158,107,polygon,FALSE,TRUE,America/Chicago,3
24732,Gilson,Gilson,IL,Illinois,17095,Knox,40.863,-90.1998,158,261,polygon,FALSE,FALSE,America/Chicago,3
24733,Redmon,Redmon,IL,Illinois,17045,Edgar,39.6447,-87.8616,158,421,polygon,FALSE,TRUE,America/Chicago,3
24734,Garrett,Garrett,IL,Illinois,17041,Douglas,39.7973,-88.4246,158,566,polygon,FALSE,TRUE,America/Chicago,3
24735,Summertown,Summertown,GA,Georgia,13107,Emanuel,32.7458,-82.2763,158,77,polygon,FALSE,TRUE,America/New_York,3
24736,Swaledale,Swaledale,IA,Iowa,19033,Cerro Gordo,42.9765,-93.3154,158,249,polygon,FALSE,TRUE,America/Chicago,3
24737,Leighton,Leighton,IA,Iowa,19123,Mahaska,41.3387,-92.7865,158,641,polygon,FALSE,TRUE,America/Chicago,3
24738,Castalia,Castalia,IA,Iowa,19191,Winneshiek,43.1126,-91.677,158,105,polygon,FALSE,TRUE,America/Chicago,3
24739,Pinhook Corner,Pinhook Corner,OK,Oklahoma,40135,Sequoyah,35.5314,-94.891,158,6,polygon,FALSE,FALSE,America/Chicago,3
24740,St. Johns,St. Johns,OH,Ohio,39011,Auglaize,40.5558,-84.0796,158,158,polygon,FALSE,FALSE,America/New_York,3
24741,Plainfield,Plainfield,OH,Ohio,39031,Coshocton,40.205,-81.7181,158,155,polygon,FALSE,TRUE,America/New_York,3
24742,Blomkest,Blomkest,MN,Minnesota,27067,Kandiyohi,44.9428,-95.0235,158,59,polygon,FALSE,TRUE,America/Chicago,3
24743,Hardtner,Hardtner,KS,Kansas,20007,Barber,37.0143,-98.6492,158,221,polygon,FALSE,TRUE,America/Chicago,3
24744,Gildford,Gildford,MT,Montana,30041,Hill,48.5738,-110.3071,158,53,polygon,FALSE,FALSE,America/Denver,3
24745,Rexford,Rexford,MT,Montana,30053,Lincoln,48.8998,-115.1714,158,721,polygon,FALSE,TRUE,America/Denver,3
24746,Booneville,Booneville,KY,Kentucky,21189,Owsley,37.4702,-83.6828,158,42,polygon,FALSE,TRUE,America/New_York,3
24747,Wolf Summit,Wolf Summit,WV,West Virginia,54033,Harrison,39.2822,-80.462,157,166,polygon,FALSE,FALSE,America/New_York,3
24748,Haena,Haena,HI,Hawaii,15007,Kauai,22.2186,-159.561,157,41,polygon,FALSE,FALSE,Pacific/Honolulu,3
24749,Clearmont,Clearmont,WY,Wyoming,56033,Sheridan,44.6399,-106.3812,157,362,polygon,FALSE,TRUE,America/Denver,3
24750,Seboyeta,Seboyeta,NM,New Mexico,35006,Cibola,35.2241,-107.4049,157,5,polygon,FALSE,FALSE,America/Denver,3
24751,Regent,Regent,ND,North Dakota,38041,Hettinger,46.4222,-102.5581,157,108,polygon,FALSE,TRUE,America/Denver,3
24752,Washington,Washington,NE,Nebraska,31177,Washington,41.3977,-96.2075,157,296,polygon,FALSE,TRUE,America/Chicago,3
24753,Maysville,Maysville,CO,Colorado,8015,Chaffee,38.5305,-106.2157,157,4,polygon,FALSE,FALSE,America/Denver,3
24754,Bear Creek,Bear Creek,CA,California,6047,Merced,37.2966,-120.4177,157,1057,polygon,FALSE,FALSE,America/Los_Angeles,3
24755,Alderpoint,Alderpoint,CA,California,6023,Humboldt,40.1614,-123.6157,157,24,polygon,FALSE,FALSE,America/Los_Angeles,3
24756,Gillham,Gillham,AR,Arkansas,5133,Sevier,34.1686,-94.3145,157,66,polygon,FALSE,TRUE,America/Chicago,3
24757,Chester,Chester,AR,Arkansas,5033,Crawford,35.6778,-94.1778,157,118,polygon,FALSE,TRUE,America/Chicago,3
24758,Rockbridge,Rockbridge,IL,Illinois,17061,Greene,39.2693,-90.2066,157,82,polygon,FALSE,TRUE,America/Chicago,3
24759,Reddick,Reddick,IL,Illinois,17105,Livingston,41.0985,-88.2486,157,254,polygon,FALSE,TRUE,America/Chicago,3
24760,Campus,Campus,IL,Illinois,17105,Livingston,41.0246,-88.3073,157,657,polygon,FALSE,TRUE,America/Chicago,3
24761,Calumet,Calumet,IA,Iowa,19141,O'Brien,42.945,-95.5514,157,228,polygon,FALSE,TRUE,America/Chicago,3
24762,Harris,Harris,IA,Iowa,19143,Osceola,43.4435,-95.4371,157,76,polygon,FALSE,TRUE,America/Chicago,3
24763,Summerhaven,Summerhaven,AZ,Arizona,4019,Pima,32.4416,-110.7766,157,13,polygon,FALSE,FALSE,America/Phoenix,3
24764,Montezuma,Montezuma,OH,Ohio,39107,Mercer,40.4892,-84.5497,157,521,polygon,FALSE,TRUE,America/New_York,3
24765,Rockville,Rockville,MO,Missouri,29013,Bates,38.0713,-94.0803,157,184,polygon,FALSE,TRUE,America/Chicago,3
24766,Hurdland,Hurdland,MO,Missouri,29103,Knox,40.1489,-92.3034,157,182,polygon,FALSE,TRUE,America/Chicago,3
24767,Clontarf,Clontarf,MN,Minnesota,27151,Swift,45.377,-95.677,157,29,polygon,FALSE,TRUE,America/Chicago,3
24768,Boyd,Boyd,MN,Minnesota,27073,Lac qui Parle,44.8512,-95.9008,157,118,polygon,FALSE,TRUE,America/Chicago,3
24769,McDonald,McDonald,KS,Kansas,20153,Rawlins,39.7847,-101.3703,157,276,polygon,FALSE,TRUE,America/Chicago,3
24770,Rush Center,Rush Center,KS,Kansas,20165,Rush,38.4649,-99.3109,157,168,polygon,FALSE,TRUE,America/Chicago,3
24771,Danbury,Danbury,WI,Wisconsin,55013,Burnett,46.0088,-92.3777,156,47,polygon,FALSE,FALSE,America/Chicago,3
24772,Navarino,Navarino,WI,Wisconsin,55115,Shawano,44.6108,-88.4936,156,55,polygon,FALSE,FALSE,America/Chicago,3
24773,Llano del Medio,Llano del Medio,NM,New Mexico,35019,Guadalupe,35.1881,-105.1162,156,31,polygon,FALSE,FALSE,America/Denver,3
24774,Sanford,Sanford,TX,Texas,48233,Hutchinson,35.7027,-101.5318,156,450,polygon,FALSE,TRUE,America/Chicago,3
24775,Bell Arthur,Bell Arthur,NC,North Carolina,37147,Pitt,35.5912,-77.5127,156,32,polygon,FALSE,FALSE,America/New_York,3
24776,Kensal,Kensal,ND,North Dakota,38093,Stutsman,47.3001,-98.7322,156,99,polygon,FALSE,TRUE,America/Chicago,3
24777,Rutland,Rutland,ND,North Dakota,38081,Sargent,46.0543,-97.5068,156,155,polygon,FALSE,TRUE,America/Chicago,3
24778,Woodward,Woodward,PA,Pennsylvania,42027,Centre,40.8997,-77.3472,156,102,polygon,FALSE,FALSE,America/New_York,3
24779,Orrtanna,Orrtanna,PA,Pennsylvania,42001,Adams,39.846,-77.359,156,313,polygon,FALSE,FALSE,America/New_York,3
24780,Fairview,Fairview,VA,Virginia,51117,Mecklenburg,36.8292,-78.4653,156,56,polygon,FALSE,FALSE,America/New_York,3
24781,Moorland,Moorland,IA,Iowa,19187,Webster,42.4414,-94.2954,156,40,polygon,FALSE,TRUE,America/Chicago,3
24782,Hillsboro,Hillsboro,MD,Maryland,24011,Caroline,38.9168,-75.9413,156,445,polygon,FALSE,TRUE,America/New_York,3
24783,Grayson,Grayson,OK,Oklahoma,40111,Okmulgee,35.5053,-95.8718,156,54,polygon,FALSE,TRUE,America/Chicago,3
24784,Raymond,Raymond,OH,Ohio,39159,Union,40.335,-83.4634,156,47,polygon,FALSE,FALSE,America/New_York,3
24785,Elba,Elba,MN,Minnesota,27169,Winona,44.0864,-92.0181,156,29,polygon,FALSE,TRUE,America/Chicago,3
24786,Coates,Coates,MN,Minnesota,27037,Dakota,44.716,-93.0323,156,43,polygon,FALSE,TRUE,America/Chicago,3
24787,Kirwin,Kirwin,KS,Kansas,20147,Phillips,39.6698,-99.1217,156,65,polygon,FALSE,TRUE,America/Chicago,3
24788,Iuka,Iuka,KS,Kansas,20151,Pratt,37.729,-98.7327,156,91,polygon,FALSE,TRUE,America/Chicago,3
24789,Randolph,Randolph,KS,Kansas,20161,Riley,39.4289,-96.7598,156,240,polygon,FALSE,TRUE,America/Chicago,3
24790,Marquette,Marquette,WI,Wisconsin,55047,Green Lake,43.7464,-89.1384,155,159,polygon,FALSE,TRUE,America/Chicago,3
24791,Fenwood,Fenwood,WI,Wisconsin,55073,Marathon,44.8658,-90.0146,155,60,polygon,FALSE,TRUE,America/Chicago,3
24792,Bear Lake,Bear Lake,PA,Pennsylvania,42123,Warren,41.9934,-79.5014,155,86,polygon,FALSE,TRUE,America/New_York,3
24793,Gabbs,Gabbs,NV,Nevada,32023,Nye,38.8654,-117.9237,155,26,polygon,FALSE,FALSE,America/Los_Angeles,3
24794,Alpine Village,Alpine Village,CA,California,6003,Alpine,38.7856,-119.8009,155,21,polygon,FALSE,FALSE,America/Los_Angeles,3
24795,Cullomburg,Cullomburg,AL,Alabama,1023,Choctaw,31.7131,-88.2917,155,11,polygon,FALSE,FALSE,America/Chicago,3
24796,Ogden,Ogden,AR,Arkansas,5081,Little River,33.5859,-94.0469,155,155,polygon,FALSE,TRUE,America/Chicago,3
24797,Ulm,Ulm,AR,Arkansas,5117,Prairie,34.5762,-91.4617,155,229,polygon,FALSE,TRUE,America/Chicago,3
24798,Reasnor,Reasnor,IA,Iowa,19099,Jasper,41.5789,-93.0229,155,108,polygon,FALSE,TRUE,America/Chicago,3
24799,McClelland,McClelland,IA,Iowa,19155,Pottawattamie,41.3315,-95.6815,155,214,polygon,FALSE,TRUE,America/Chicago,3
24800,Randolph,Randolph,IA,Iowa,19071,Fremont,40.8734,-95.5647,155,188,polygon,FALSE,TRUE,America/Chicago,3
24801,Osage,Osage,OK,Oklahoma,40113,Osage,36.2948,-96.4179,155,193,polygon,FALSE,TRUE,America/Chicago,3
24802,Cornish,Cornish,OK,Oklahoma,40067,Jefferson,34.1637,-97.5967,155,106,polygon,FALSE,TRUE,America/Chicago,3
24803,Dola,Dola,OH,Ohio,39065,Hardin,40.7848,-83.6989,155,71,polygon,FALSE,FALSE,America/New_York,3
24804,Kingston,Kingston,UT,Utah,49031,Piute,38.2067,-112.1793,155,11,polygon,FALSE,TRUE,America/Denver,3
24805,Clearmont,Clearmont,MO,Missouri,29147,Nodaway,40.5082,-95.0326,155,366,polygon,FALSE,TRUE,America/Chicago,3
24806,Graham,Graham,MO,Missouri,29147,Nodaway,40.2013,-95.0404,155,225,polygon,FALSE,TRUE,America/Chicago,3
24807,Fulton,Fulton,KS,Kansas,20011,Bourbon,38.0098,-94.7196,155,311,polygon,FALSE,TRUE,America/Chicago,3
24808,Havensville,Havensville,KS,Kansas,20149,Pottawatomie,39.5114,-96.0763,155,412,polygon,FALSE,TRUE,America/Chicago,3
24809,Monroe,Monroe,SD,South Dakota,46125,Turner,43.4865,-97.2166,155,157,polygon,FALSE,TRUE,America/Chicago,3
24810,Hartline,Hartline,WA,Washington,53025,Grant,47.6895,-119.1081,154,178,polygon,FALSE,TRUE,America/Los_Angeles,3
24811,Argonne,Argonne,WI,Wisconsin,55041,Forest,45.6582,-88.8777,154,106,polygon,FALSE,FALSE,America/Chicago,3
24812,Lewis,Lewis,WI,Wisconsin,55095,Polk,45.7159,-92.3965,154,40,polygon,FALSE,FALSE,America/Chicago,3
24813,Summit Lake,Summit Lake,WI,Wisconsin,55067,Langlade,45.3759,-89.2045,154,74,polygon,FALSE,FALSE,America/Chicago,3
24814,Pella,Pella,WI,Wisconsin,55115,Shawano,44.7426,-88.8225,154,38,polygon,FALSE,FALSE,America/Chicago,3
24815,Yoder,Yoder,WY,Wyoming,56015,Goshen,41.917,-104.2956,154,279,polygon,FALSE,TRUE,America/Denver,3
24816,Lake Sumner,Lake Sumner,NM,New Mexico,35011,De Baca,34.6186,-104.3801,154,0,polygon,FALSE,FALSE,America/Denver,3
24817,Guthrie,Guthrie,TX,Texas,48269,King,33.6216,-100.329,154,33,polygon,FALSE,FALSE,America/Chicago,3
24818,Ruby,Ruby,AK,Alaska,2290,Yukon-Koyukuk,64.7233,-155.5006,154,8,polygon,FALSE,TRUE,America/Anchorage,3
24819,Lutak,Lutak,AK,Alaska,2100,Haines,59.3997,-135.6314,154,0,polygon,FALSE,FALSE,America/Juneau,3
24820,Bolivia,Bolivia,NC,North Carolina,37019,Brunswick,34.0699,-78.1472,154,93,polygon,FALSE,TRUE,America/New_York,3
24821,Republican City,Republican City,NE,Nebraska,31083,Harlan,40.0987,-99.2223,154,182,polygon,FALSE,TRUE,America/Chicago,3
24822,Davey,Davey,NE,Nebraska,31109,Lancaster,40.9838,-96.6692,154,384,polygon,FALSE,TRUE,America/Chicago,3
24823,Julian,Julian,PA,Pennsylvania,42027,Centre,40.8617,-77.9425,154,401,polygon,FALSE,FALSE,America/New_York,3
24824,Laurel Mountain,Laurel Mountain,PA,Pennsylvania,42129,Westmoreland,40.2112,-79.1851,154,460,polygon,FALSE,TRUE,America/New_York,3
24825,Hagarville,Hagarville,AR,Arkansas,5071,Johnson,35.5151,-93.3335,154,14,polygon,FALSE,FALSE,America/Chicago,3
24826,Concord,Concord,IL,Illinois,17137,Morgan,39.8157,-90.37,154,239,polygon,FALSE,TRUE,America/Chicago,3
24827,Penfield,Penfield,IL,Illinois,17019,Champaign,40.3047,-87.9444,154,231,polygon,FALSE,FALSE,America/Chicago,3
24828,Elvaston,Elvaston,IL,Illinois,17067,Hancock,40.3954,-91.2493,154,74,polygon,FALSE,TRUE,America/Chicago,3
24829,Allentown,Allentown,GA,Georgia,13289,Twiggs,32.5855,-83.2273,154,12,polygon,FALSE,TRUE,America/New_York,3
24830,Exline,Exline,IA,Iowa,19007,Appanoose,40.649,-92.8432,154,59,polygon,FALSE,TRUE,America/Chicago,3
24831,Mineola,Mineola,IA,Iowa,19129,Mills,41.1414,-95.6948,154,152,polygon,FALSE,FALSE,America/Chicago,3
24832,Monmouth,Monmouth,IA,Iowa,19097,Jackson,42.0751,-90.8822,154,104,polygon,FALSE,TRUE,America/Chicago,3
24833,Williamson,Williamson,IA,Iowa,19117,Lucas,41.0883,-93.2568,154,184,polygon,FALSE,TRUE,America/Chicago,3
24834,Redbird,Redbird,OK,Oklahoma,40145,Wagoner,35.8871,-95.5872,154,71,polygon,FALSE,TRUE,America/Chicago,3
24835,Norge,Norge,OK,Oklahoma,40051,Grady,34.9892,-97.9941,154,193,polygon,FALSE,TRUE,America/Chicago,3
24836,Middletown,Middletown,MO,Missouri,29139,Montgomery,39.1286,-91.4139,154,184,polygon,FALSE,TRUE,America/Chicago,3
24837,Bogard,Bogard,MO,Missouri,29033,Carroll,39.4579,-93.5239,154,108,polygon,FALSE,TRUE,America/Chicago,3
24838,Manter,Manter,KS,Kansas,20187,Stanton,37.5243,-101.8839,154,245,polygon,FALSE,TRUE,America/Chicago,3
24839,Kanorado,Kanorado,KS,Kansas,20181,Sherman,39.3365,-102.0372,154,227,polygon,FALSE,TRUE,America/Denver,3
24840,Westby,Westby,MT,Montana,30091,Sheridan,48.871,-104.0551,154,105,polygon,FALSE,TRUE,America/Denver,3
24841,Coxton,Coxton,KY,Kentucky,21095,Harlan,36.8581,-83.2681,154,287,polygon,FALSE,FALSE,America/New_York,3
24842,Humptulips,Humptulips,WA,Washington,53027,Grays Harbor,47.2491,-123.9348,153,6,polygon,FALSE,FALSE,America/Los_Angeles,3
24843,Pine River,Pine River,WI,Wisconsin,55137,Waushara,44.1483,-89.0757,153,50,polygon,FALSE,FALSE,America/Chicago,3
24844,Kimball,Kimball,WV,West Virginia,54047,McDowell,37.4268,-81.5078,153,233,polygon,FALSE,TRUE,America/New_York,3
24845,Montrose,Montrose,WV,West Virginia,54083,Randolph,39.0671,-79.8144,153,94,polygon,FALSE,TRUE,America/New_York,3
24846,Arctic Village,Arctic Village,AK,Alaska,2290,Yukon-Koyukuk,68.1421,-145.4957,153,0,polygon,FALSE,FALSE,America/Anchorage,3
24847,Ouzinkie,Ouzinkie,AK,Alaska,2150,Kodiak Island,57.9222,-152.4674,153,10,polygon,FALSE,TRUE,America/Anchorage,3
24848,Kobuk,Kobuk,AK,Alaska,2188,Northwest Arctic,66.931,-156.8939,153,3,polygon,FALSE,TRUE,America/Anchorage,3
24849,Lansing,Lansing,NC,North Carolina,37009,Ashe,36.4989,-81.5098,153,180,polygon,FALSE,TRUE,America/New_York,3
24850,Cody,Cody,NE,Nebraska,31031,Cherry,42.9377,-101.2489,153,57,polygon,FALSE,TRUE,America/Denver,3
24851,New Castle,New Castle,VA,Virginia,51045,Craig,37.5013,-80.1119,153,358,polygon,FALSE,TRUE,America/New_York,3
24852,Grover,Grover,CO,Colorado,8123,Weld,40.8691,-104.226,153,99,polygon,FALSE,TRUE,America/Denver,3
24853,Standing Rock,Standing Rock,AL,Alabama,1017,Chambers,33.0863,-85.2449,153,18,polygon,FALSE,FALSE,America/Chicago,3
24854,Dover,Dover,IL,Illinois,17011,Bureau,41.4339,-89.3962,153,216,polygon,FALSE,TRUE,America/Chicago,3
24855,Brunsville,Brunsville,IA,Iowa,19149,Plymouth,42.811,-96.2666,153,250,polygon,FALSE,TRUE,America/Chicago,3
24856,Geneva,Geneva,IA,Iowa,19069,Franklin,42.6748,-93.1298,153,144,polygon,FALSE,TRUE,America/Chicago,3
24857,Washington Park,Washington Park,AZ,Arizona,4007,Gila,34.3978,-111.2731,153,22,polygon,FALSE,FALSE,America/Phoenix,3
24858,St. Charles,St. Charles,ID,Idaho,16007,Bear Lake,42.1124,-111.3904,153,84,polygon,FALSE,TRUE,America/Boise,3
24859,Amesville,Amesville,OH,Ohio,39009,Athens,39.4016,-81.9549,153,269,polygon,FALSE,TRUE,America/New_York,3
24860,Stella,Stella,MO,Missouri,29145,Newton,36.7624,-94.1908,153,376,polygon,FALSE,TRUE,America/Chicago,3
24861,Grasston,Grasston,MN,Minnesota,27065,Kanabec,45.7957,-93.1524,153,62,polygon,FALSE,TRUE,America/Chicago,3
24862,Vance,Vance,SC,South Carolina,45075,Orangeburg,33.4365,-80.42,153,116,polygon,FALSE,TRUE,America/New_York,3
24863,Sycamore,Sycamore,SC,South Carolina,45005,Allendale,33.0362,-81.2223,153,18,polygon,FALSE,TRUE,America/New_York,3
24864,Wheatcroft,Wheatcroft,KY,Kentucky,21233,Webster,37.4893,-87.8612,153,240,polygon,FALSE,TRUE,America/Chicago,3
24865,Ezel,Ezel,KY,Kentucky,21175,Morgan,37.892,-83.4446,153,66,polygon,FALSE,FALSE,America/New_York,3
24866,Columbus,Columbus,KY,Kentucky,21105,Hickman,36.7596,-89.102,153,185,polygon,FALSE,TRUE,America/Chicago,3
24867,Farmington,Farmington,WA,Washington,53075,Whitman,47.0887,-117.0464,152,162,polygon,FALSE,TRUE,America/Los_Angeles,3
24868,Pax,Pax,WV,West Virginia,54019,Fayette,37.9098,-81.2648,152,195,polygon,FALSE,TRUE,America/New_York,3
24869,Gilliam,Gilliam,LA,Louisiana,22017,Caddo,32.829,-93.8433,152,29,polygon,FALSE,TRUE,America/Chicago,3
24870,Boardman,Boardman,NC,North Carolina,37047,Columbus,34.4365,-78.9468,152,19,polygon,FALSE,TRUE,America/New_York,3
24871,Tolna,Tolna,ND,North Dakota,38063,Nelson,47.8257,-98.4382,152,77,polygon,FALSE,TRUE,America/Chicago,3
24872,Colfax,Colfax,ND,North Dakota,38077,Richland,46.4709,-96.8724,152,58,polygon,FALSE,TRUE,America/Chicago,3
24873,Concord,Concord,NE,Nebraska,31051,Dixon,42.3838,-96.9891,152,443,polygon,FALSE,TRUE,America/Chicago,3
24874,Webster,Webster,PA,Pennsylvania,42129,Westmoreland,40.1877,-79.8489,152,99,polygon,FALSE,FALSE,America/New_York,3
24875,Sierra City,Sierra City,CA,California,6091,Sierra,39.574,-120.6297,152,27,polygon,FALSE,FALSE,America/Los_Angeles,3
24876,Coleta,Coleta,IL,Illinois,17195,Whiteside,41.9021,-89.7998,152,158,polygon,FALSE,TRUE,America/Chicago,3
24877,Cedar Grove,Cedar Grove,IN,Indiana,18047,Franklin,39.356,-84.9372,152,388,polygon,FALSE,TRUE,America/Indiana/Indianapolis,3
24878,Hastings,Hastings,IA,Iowa,19129,Mills,41.0251,-95.4948,152,144,polygon,FALSE,TRUE,America/Chicago,3
24879,Braddyville,Braddyville,IA,Iowa,19145,Page,40.5806,-95.0312,152,110,polygon,FALSE,TRUE,America/Chicago,3
24880,Flintstone,Flintstone,MD,Maryland,24001,Allegany,39.7034,-78.5758,152,141,polygon,FALSE,FALSE,America/New_York,3
24881,Rocky,Rocky,OK,Oklahoma,40149,Washita,35.156,-99.0593,152,257,polygon,FALSE,TRUE,America/Chicago,3
24882,Connerville,Connerville,OK,Oklahoma,40069,Johnston,34.4436,-96.6359,152,29,polygon,FALSE,FALSE,America/Chicago,3
24883,Cowlington,Cowlington,OK,Oklahoma,40079,Le Flore,35.3106,-94.7879,152,62,polygon,FALSE,TRUE,America/Chicago,3
24884,Woodlawn Park,Woodlawn Park,OK,Oklahoma,40109,Oklahoma,35.5096,-97.6499,152,474,polygon,FALSE,TRUE,America/Chicago,3
24885,Hemlock,Hemlock,OH,Ohio,39127,Perry,39.5905,-82.1545,152,157,polygon,FALSE,TRUE,America/New_York,3
24886,Brandsville,Brandsville,MO,Missouri,29091,Howell,36.6507,-91.6964,152,112,polygon,FALSE,TRUE,America/Chicago,3
24887,Collins,Collins,MO,Missouri,29185,St. Clair,37.8906,-93.6215,152,237,polygon,FALSE,TRUE,America/Chicago,3
24888,Admire,Admire,KS,Kansas,20111,Lyon,38.641,-96.102,152,181,polygon,FALSE,TRUE,America/Chicago,3
24889,Barnes,Barnes,KS,Kansas,20201,Washington,39.7116,-96.8733,152,345,polygon,FALSE,TRUE,America/Chicago,3
24890,Avon,Avon,MT,Montana,30077,Powell,46.6264,-112.582,152,4,polygon,FALSE,FALSE,America/Denver,3
24891,Salem,Salem,SC,South Carolina,45073,Oconee,34.8879,-82.9752,152,64,polygon,FALSE,TRUE,America/New_York,3
24892,Isabel,Isabel,SD,South Dakota,46041,Dewey,45.3938,-101.4326,152,64,polygon,FALSE,TRUE,America/Denver,3
24893,Nelsonville,Nelsonville,WI,Wisconsin,55097,Portage,44.4937,-89.3091,151,56,polygon,FALSE,TRUE,America/Chicago,3
24894,Sena,Sena,NM,New Mexico,35047,San Miguel,35.3037,-105.3913,151,27,polygon,FALSE,FALSE,America/Denver,3
24895,Pawnee,Pawnee,TX,Texas,48025,Bee,28.6483,-98.0083,151,11,polygon,FALSE,FALSE,America/Chicago,3
24896,Eros,Eros,LA,Louisiana,22049,Jackson,32.3926,-92.4239,151,58,polygon,FALSE,TRUE,America/Chicago,3
24897,Wales,Wales,AK,Alaska,2180,Nome,65.6119,-168.0773,151,25,polygon,FALSE,TRUE,America/Nome,3
24898,Port Alsworth,Port Alsworth,AK,Alaska,2164,Lake and Peninsula,60.1688,-154.3233,151,2,polygon,FALSE,FALSE,America/Anchorage,3
24899,Sprague,Sprague,NE,Nebraska,31109,Lancaster,40.6266,-96.7445,151,571,polygon,FALSE,TRUE,America/Chicago,3
24900,Dunlo,Dunlo,PA,Pennsylvania,42021,Cambria,40.2935,-78.7176,151,110,polygon,FALSE,FALSE,America/New_York,3
24901,Volant,Volant,PA,Pennsylvania,42073,Lawrence,41.1132,-80.2589,151,518,polygon,FALSE,TRUE,America/New_York,3
24902,McKnightstown,McKnightstown,PA,Pennsylvania,42001,Adams,39.8701,-77.3303,151,65,polygon,FALSE,FALSE,America/New_York,3
24903,Capron,Capron,VA,Virginia,51175,Southampton,36.7093,-77.2013,151,352,polygon,FALSE,TRUE,America/New_York,3
24904,Moskowite Corner,Moskowite Corner,CA,California,6065,Riverside,38.4464,-122.1945,151,20,polygon,FALSE,FALSE,America/Los_Angeles,3
24905,Geiger,Geiger,AL,Alabama,1119,Sumter,32.8698,-88.313,151,61,polygon,FALSE,TRUE,America/Chicago,3
24906,Louann,Louann,AR,Arkansas,5103,Ouachita,33.3915,-92.7923,151,244,polygon,FALSE,TRUE,America/Chicago,3
24907,Ridott,Ridott,IL,Illinois,17177,Stephenson,42.2967,-89.4771,151,784,polygon,FALSE,TRUE,America/Chicago,3
24908,Crandall,Crandall,IN,Indiana,18061,Harrison,38.2881,-86.0659,151,560,polygon,FALSE,TRUE,America/Kentucky/Louisville,3
24909,Delaware,Delaware,IA,Iowa,19055,Delaware,42.4713,-91.339,151,72,polygon,FALSE,TRUE,America/Chicago,3
24910,Bridgewater,Bridgewater,IA,Iowa,19001,Adair,41.2472,-94.669,151,201,polygon,FALSE,TRUE,America/Chicago,3
24911,Why,Why,AZ,Arizona,4019,Pima,32.259,-112.7307,151,6,polygon,FALSE,FALSE,America/Phoenix,3
24912,Indianola,Indianola,OK,Oklahoma,40121,Pittsburg,35.1635,-95.7761,151,186,polygon,FALSE,TRUE,America/Chicago,3
24913,Council Hill,Council Hill,OK,Oklahoma,40101,Muskogee,35.5559,-95.6525,151,184,polygon,FALSE,TRUE,America/Chicago,3
24914,Bee,Bee,OK,Oklahoma,40069,Johnston,34.125,-96.5687,151,44,polygon,FALSE,FALSE,America/Chicago,3
24915,Lafferty,Lafferty,OH,Ohio,39013,Belmont,40.1142,-81.019,151,62,polygon,FALSE,FALSE,America/New_York,3
24916,Diehlstadt,Diehlstadt,MO,Missouri,29201,Scott,36.9593,-89.4323,151,785,polygon,FALSE,TRUE,America/Chicago,3
24917,Bennett Springs,Bennett Springs,MO,Missouri,29105,Laclede,37.7255,-92.8534,151,13,polygon,FALSE,FALSE,America/Chicago,3
24918,Campbell,Campbell,MN,Minnesota,27167,Wilkin,46.0975,-96.4055,151,246,polygon,FALSE,TRUE,America/Chicago,3
24919,Rochester,Rochester,KY,Kentucky,21031,Butler,37.2093,-86.8921,151,125,polygon,FALSE,TRUE,America/Chicago,3
24920,Elizaville,Elizaville,KY,Kentucky,21069,Fleming,38.4167,-83.8243,151,56,polygon,FALSE,FALSE,America/New_York,3
24921,Frankfort,Frankfort,SD,South Dakota,46115,Spink,44.8777,-98.3092,151,74,polygon,FALSE,TRUE,America/Chicago,3
24922,Alder,Alder,WA,Washington,53053,Pierce,46.7872,-122.2666,150,18,polygon,FALSE,FALSE,America/Los_Angeles,3
24923,Bibo,Bibo,NM,New Mexico,35006,Cibola,35.1807,-107.4178,150,6,polygon,FALSE,FALSE,America/Denver,3
24924,Rowe,Rowe,NM,New Mexico,35047,San Miguel,35.4922,-105.6715,150,9,polygon,FALSE,FALSE,America/Denver,3
24925,Kokhanok,Kokhanok,AK,Alaska,2164,Lake and Peninsula,59.4158,-154.7456,150,2,polygon,FALSE,FALSE,America/Anchorage,3
24926,Willow City,Willow City,ND,North Dakota,38009,Bottineau,48.6046,-100.2934,150,123,polygon,FALSE,TRUE,America/Chicago,3
24927,Litchville,Litchville,ND,North Dakota,38003,Barnes,46.6566,-98.1917,150,25,polygon,FALSE,TRUE,America/Chicago,3
24928,Fowlerville,Fowlerville,NY,New York,36051,Livingston,42.894,-77.8481,150,64,polygon,FALSE,FALSE,America/New_York,3
24929,New Schaefferstown,New Schaefferstown,PA,Pennsylvania,42011,Berks,40.4536,-76.1692,150,55,polygon,FALSE,TRUE,America/New_York,3
24930,Landingville,Landingville,PA,Pennsylvania,42107,Schuylkill,40.6256,-76.1235,150,67,polygon,FALSE,TRUE,America/New_York,3
24931,Dana,Dana,IL,Illinois,17099,LaSalle,40.9565,-88.95,150,262,polygon,FALSE,TRUE,America/Chicago,3
24932,Buck Creek,Buck Creek,IN,Indiana,18157,Tippecanoe,40.4874,-86.7622,150,499,polygon,FALSE,FALSE,America/Indiana/Indianapolis,3
24933,Rowan,Rowan,IA,Iowa,19197,Wright,42.7391,-93.5504,150,118,polygon,FALSE,TRUE,America/Chicago,3
24934,Rohrersville,Rohrersville,MD,Maryland,24043,Washington,39.4349,-77.6655,150,167,polygon,FALSE,FALSE,America/New_York,3
24935,Lamar,Lamar,OK,Oklahoma,40063,Hughes,35.0942,-96.1238,150,4,polygon,FALSE,TRUE,America/Chicago,3
24936,Chester,Chester,OK,Oklahoma,40093,Major,36.2165,-98.9208,150,14,polygon,FALSE,FALSE,America/Chicago,3
24937,Warwick,Warwick,OK,Oklahoma,40081,Lincoln,35.6882,-97.0016,150,21,polygon,FALSE,TRUE,America/Chicago,3
24938,Glencoe,Glencoe,OH,Ohio,39013,Belmont,40.0106,-80.8815,150,47,polygon,FALSE,FALSE,America/New_York,3
24939,Hockingport,Hockingport,OH,Ohio,39009,Athens,39.1907,-81.7495,150,135,polygon,FALSE,FALSE,America/New_York,3
24940,Jerusalem,Jerusalem,OH,Ohio,39111,Monroe,39.8519,-81.0961,150,239,polygon,FALSE,TRUE,America/New_York,3
24941,Teasdale,Teasdale,UT,Utah,49055,Wayne,38.2851,-111.4723,150,14,polygon,FALSE,FALSE,America/Denver,3
24942,Elmo,Elmo,MO,Missouri,29147,Nodaway,40.5187,-95.117,150,266,polygon,FALSE,TRUE,America/Chicago,3
24943,Redings Mill,Redings Mill,MO,Missouri,29145,Newton,37.0196,-94.517,150,288,polygon,FALSE,TRUE,America/Chicago,3
24944,Blackwater,Blackwater,MO,Missouri,29053,Cooper,38.9793,-92.992,150,176,polygon,FALSE,TRUE,America/Chicago,3
24945,Alexandria,Alexandria,MO,Missouri,29045,Clark,40.3598,-91.4595,150,153,polygon,FALSE,TRUE,America/Chicago,3
24946,Longville,Longville,MN,Minnesota,27021,Cass,46.9877,-94.212,150,68,polygon,FALSE,TRUE,America/Chicago,3
24947,Bellingham,Bellingham,MN,Minnesota,27073,Lac qui Parle,45.1366,-96.2841,150,149,polygon,FALSE,TRUE,America/Chicago,3
24948,Waltham,Waltham,MN,Minnesota,27099,Mower,43.8193,-92.8746,150,121,polygon,FALSE,TRUE,America/Chicago,3
24949,Trout Creek,Trout Creek,MT,Montana,30089,Sanders,47.8331,-115.5837,150,31,polygon,FALSE,FALSE,America/Denver,3
24950,Waterloo,Waterloo,SC,South Carolina,45059,Laurens,34.3562,-82.0571,150,32,polygon,FALSE,TRUE,America/New_York,3
24951,Lincolnshire,Lincolnshire,KY,Kentucky,21111,Jefferson,38.2238,-85.6216,150,1215,polygon,FALSE,TRUE,America/New_York,3
24952,Ekron,Ekron,KY,Kentucky,21163,Meade,37.9302,-86.1765,150,356,polygon,FALSE,TRUE,America/New_York,3
24953,Mud Bay,Mud Bay,AK,Alaska,2100,Haines,59.1517,-135.3584,149,4,polygon,FALSE,FALSE,America/Juneau,3
24954,Wildrose,Wildrose,ND,North Dakota,38105,Williams,48.6299,-103.1837,149,197,polygon,FALSE,TRUE,America/Chicago,3
24955,Winthrop,Winthrop,NY,New York,36089,St. Lawrence,44.8006,-74.8016,149,20,polygon,FALSE,FALSE,America/New_York,3
24956,Timber Cove,Timber Cove,CA,California,6097,Sonoma,38.541,-123.259,149,10,polygon,FALSE,TRUE,America/Los_Angeles,3
24957,Pine Flat,Pine Flat,CA,California,6107,Tulare,35.8737,-118.6427,149,49,polygon,FALSE,FALSE,America/Los_Angeles,3
24958,Spruce Pine,Spruce Pine,AL,Alabama,1059,Franklin,34.3928,-87.7294,149,62,polygon,FALSE,FALSE,America/Chicago,3
24959,Mount Vernon,Mount Vernon,AR,Arkansas,5045,Faulkner,35.2236,-92.124,149,56,polygon,FALSE,TRUE,America/Chicago,3
24960,Rudy,Rudy,AR,Arkansas,5033,Crawford,35.5285,-94.241,149,42,polygon,FALSE,TRUE,America/Chicago,3
24961,Papineau,Papineau,IL,Illinois,17075,Iroquois,40.9677,-87.7162,149,276,polygon,FALSE,TRUE,America/Chicago,3
24962,Palmer,Palmer,IA,Iowa,19151,Pocahontas,42.6299,-94.5984,149,135,polygon,FALSE,TRUE,America/Chicago,3
24963,Bristow,Bristow,IA,Iowa,19023,Butler,42.7738,-92.9079,149,61,polygon,FALSE,TRUE,America/Chicago,3
24964,Bier,Bier,MD,Maryland,24001,Allegany,39.5525,-78.8692,149,39,polygon,FALSE,FALSE,America/New_York,3
24965,Felt,Felt,OK,Oklahoma,40025,Cimarron,36.5633,-102.7946,149,109,polygon,FALSE,FALSE,America/Chicago,3
24966,Tatums,Tatums,OK,Oklahoma,40019,Carter,34.4779,-97.4661,149,28,polygon,FALSE,TRUE,America/Chicago,3
24967,Martha,Martha,OK,Oklahoma,40065,Jackson,34.7262,-99.3868,149,229,polygon,FALSE,TRUE,America/Chicago,3
24968,Tallapoosa,Tallapoosa,MO,Missouri,29143,New Madrid,36.5061,-89.817,149,128,polygon,FALSE,TRUE,America/Chicago,3
24969,West,West,MS,Mississippi,28051,Holmes,33.1978,-89.7821,149,103,polygon,FALSE,TRUE,America/Chicago,3
24970,Germantown,Germantown,KY,Kentucky,21023,Bracken,38.6559,-83.9643,149,469,polygon,FALSE,TRUE,America/New_York,3
24971,Barronett,Barronett,WI,Wisconsin,55005,Barron,45.6363,-91.9942,148,74,polygon,FALSE,FALSE,America/Chicago,3
24972,Knowlton,Knowlton,WI,Wisconsin,55073,Marathon,44.7189,-89.6803,148,57,polygon,FALSE,FALSE,America/Chicago,3
24973,Kimberly,Kimberly,WV,West Virginia,54019,Fayette,38.1407,-81.2967,148,64,polygon,FALSE,FALSE,America/New_York,3
24974,Leon,Leon,WV,West Virginia,54053,Mason,38.7471,-81.9555,148,178,polygon,FALSE,TRUE,America/New_York,3
24975,Big Sandy,Big Sandy,WV,West Virginia,54047,McDowell,37.4608,-81.705,148,107,polygon,FALSE,FALSE,America/New_York,3
24976,Sand Fork,Sand Fork,WV,West Virginia,54021,Gilmer,38.9154,-80.7477,148,175,polygon,FALSE,TRUE,America/New_York,3
24977,Worthington,Worthington,WV,West Virginia,54049,Marion,39.4568,-80.2636,148,98,polygon,FALSE,TRUE,America/New_York,3
24978,Lakeview North,Lakeview North,WY,Wyoming,56031,Platte,42.0969,-104.9586,148,66,polygon,FALSE,TRUE,America/Denver,3
24979,Upper Stewartsville,Upper Stewartsville,NJ,New Jersey,34041,Warren,40.7028,-75.1194,148,810,polygon,FALSE,TRUE,America/New_York,3
24980,San Lorenzo,San Lorenzo,NM,New Mexico,35017,Grant,32.8085,-107.9221,148,32,polygon,FALSE,FALSE,America/Denver,3
24981,Malaga,Malaga,NM,New Mexico,35015,Eddy,32.2227,-104.0692,148,19,polygon,FALSE,FALSE,America/Denver,3
24982,Joyce,Joyce,LA,Louisiana,22127,Winn,31.9347,-92.585,148,19,polygon,FALSE,FALSE,America/Chicago,3
24983,Gakona,Gakona,AK,Alaska,2261,Valdez-Cordova,62.3609,-145.2657,148,0,polygon,FALSE,FALSE,America/Anchorage,3
24984,Reeder,Reeder,ND,North Dakota,38001,Adams,46.1059,-102.9422,148,83,polygon,FALSE,TRUE,America/Denver,3
24985,Hordville,Hordville,NE,Nebraska,31081,Hamilton,41.0793,-97.8904,148,213,polygon,FALSE,TRUE,America/Chicago,3
24986,Ithaca,Ithaca,NE,Nebraska,31155,Saunders,41.1593,-96.5394,148,245,polygon,FALSE,TRUE,America/Chicago,3
24987,Genoa,Genoa,CO,Colorado,8073,Lincoln,39.2782,-103.4984,148,184,polygon,FALSE,TRUE,America/Denver,3
24988,Trail Side,Trail Side,CO,Colorado,8087,Morgan,40.2493,-103.8432,148,79,polygon,FALSE,TRUE,America/Denver,3
24989,Florissant,Florissant,CO,Colorado,8119,Teller,38.9445,-105.2901,148,110,polygon,FALSE,FALSE,America/Denver,3
24990,Valley Ford,Valley Ford,CA,California,6097,Sonoma,38.3246,-122.9148,148,21,polygon,FALSE,FALSE,America/Los_Angeles,3
24991,Sisquoc,Sisquoc,CA,California,6083,Santa Barbara,34.8622,-120.2943,148,25,polygon,FALSE,FALSE,America/Los_Angeles,3
24992,Longview,Longview,IL,Illinois,17019,Champaign,39.8859,-88.0662,148,231,polygon,FALSE,TRUE,America/Chicago,3
24993,Lima,Lima,IL,Illinois,17001,Adams,40.1766,-91.3782,148,424,polygon,FALSE,TRUE,America/Chicago,3
24994,Girard,Girard,GA,Georgia,13033,Burke,33.04,-81.7122,148,18,polygon,FALSE,TRUE,America/New_York,3
24995,Meriden,Meriden,IA,Iowa,19035,Cherokee,42.7945,-95.6341,148,511,polygon,FALSE,TRUE,America/Chicago,3
24996,Welton,Welton,IA,Iowa,19045,Clinton,41.9076,-90.5959,148,208,polygon,FALSE,TRUE,America/Chicago,3
24997,Lincoln,Lincoln,IA,Iowa,19171,Tama,42.2635,-92.6914,148,124,polygon,FALSE,TRUE,America/Chicago,3
24998,East Globe,East Globe,AZ,Arizona,4007,Gila,33.3511,-110.7061,148,17,polygon,FALSE,TRUE,America/Phoenix,3
24999,Gravois Mills,Gravois Mills,MO,Missouri,29141,Morgan,38.3049,-92.8244,148,76,polygon,FALSE,TRUE,America/Chicago,3
25000,Flemington,Flemington,MO,Missouri,29167,Polk,37.8039,-93.5014,148,172,polygon,FALSE,TRUE,America/Chicago,3
25001,Turney,Turney,MO,Missouri,29049,Clinton,39.6377,-94.321,148,123,polygon,FALSE,TRUE,America/Chicago,3
25002,Excelsior Estates,Excelsior Estates,MO,Missouri,29177,Ray,39.39,-94.2082,148,237,polygon,FALSE,TRUE,America/Chicago,3
25003,Tina,Tina,MO,Missouri,29033,Carroll,39.538,-93.4414,148,177,polygon,FALSE,TRUE,America/Chicago,3
25004,Elkton,Elkton,MN,Minnesota,27099,Mower,43.6602,-92.7065,148,44,polygon,FALSE,TRUE,America/Chicago,3
25005,Hodges,Hodges,SC,South Carolina,45047,Greenwood,34.2876,-82.248,148,73,polygon,FALSE,TRUE,America/New_York,3
25006,Spray,Spray,OR,Oregon,41069,Wheeler,44.8335,-119.7947,148,197,polygon,FALSE,TRUE,America/Los_Angeles,3
25007,Goodwin,Goodwin,SD,South Dakota,46039,Deuel,44.8775,-96.8497,148,120,polygon,FALSE,TRUE,America/Chicago,3
25008,Alger,Alger,WA,Washington,53057,Skagit,48.6176,-122.3369,147,21,polygon,FALSE,FALSE,America/Los_Angeles,3
25009,Pioneer,Pioneer,LA,Louisiana,22123,West Carroll,32.7381,-91.4381,147,52,polygon,FALSE,TRUE,America/Chicago,3
25010,Milton,Milton,NC,North Carolina,37033,Caswell,36.5372,-79.2081,147,145,polygon,FALSE,TRUE,America/New_York,3
25011,Ruthville,Ruthville,ND,North Dakota,38101,Ward,48.3708,-101.3003,147,371,polygon,FALSE,FALSE,America/Chicago,3
25012,Normandy,Normandy,TN,Tennessee,47003,Bedford,35.4523,-86.2582,147,231,polygon,FALSE,TRUE,America/Chicago,3
25013,Salt Point,Salt Point,NY,New York,36027,Dutchess,41.806,-73.7901,147,68,polygon,FALSE,FALSE,America/New_York,3
25014,Gardners,Gardners,PA,Pennsylvania,42001,Adams,40.0063,-77.2084,147,122,polygon,FALSE,FALSE,America/New_York,3
25015,Snyder,Snyder,CO,Colorado,8087,Morgan,40.3309,-103.592,147,160,polygon,FALSE,FALSE,America/Denver,3
25016,Chilcoot-Vinton,Chilcoot-Vinton,CA,California,6063,Plumas,39.8067,-120.1388,147,4,polygon,FALSE,TRUE,America/Los_Angeles,3
25017,Hobson,Hobson,AL,Alabama,1129,Washington,31.4836,-88.1513,147,19,polygon,FALSE,FALSE,America/Chicago,3
25018,Anthonyville,Anthonyville,AR,Arkansas,5035,Crittenden,35.0398,-90.3403,147,740,polygon,FALSE,TRUE,America/Chicago,3
25019,Reed,Reed,AR,Arkansas,5041,Desha,33.7017,-91.4458,147,280,polygon,FALSE,TRUE,America/Chicago,3
25020,Searsboro,Searsboro,IA,Iowa,19157,Poweshiek,41.5792,-92.7042,147,126,polygon,FALSE,TRUE,America/Chicago,3
25021,West Chester,West Chester,IA,Iowa,19183,Washington,41.34,-91.8169,147,224,polygon,FALSE,TRUE,America/Chicago,3
25022,Rarden,Rarden,OH,Ohio,39145,Scioto,38.9233,-83.2425,147,268,polygon,FALSE,TRUE,America/New_York,3
25023,Clifton,Clifton,OH,Ohio,39023,Clark,39.7972,-83.8257,147,336,polygon,FALSE,TRUE,America/New_York,3
25024,Mentor,Mentor,MN,Minnesota,27119,Polk,47.6966,-96.144,147,29,polygon,FALSE,TRUE,America/Chicago,3
25025,Morrowville,Morrowville,KS,Kansas,20201,Washington,39.8453,-97.1727,147,395,polygon,FALSE,TRUE,America/Chicago,3
25026,Beverly,Beverly,KS,Kansas,20105,Lincoln,39.0138,-97.9755,147,284,polygon,FALSE,TRUE,America/Chicago,3
25027,Summerfield,Summerfield,KS,Kansas,20117,Marshall,39.9968,-96.3493,147,164,polygon,FALSE,TRUE,America/Chicago,3
25028,Plevna,Plevna,MT,Montana,30025,Fallon,46.4184,-104.5186,147,96,polygon,FALSE,TRUE,America/Denver,3
25029,Big Creek,Big Creek,MS,Mississippi,28013,Calhoun,33.8464,-89.4159,147,50,polygon,FALSE,TRUE,America/Chicago,3
25030,Barlow,Barlow,OR,Oregon,41005,Clackamas,45.2523,-122.7224,147,1088,polygon,FALSE,TRUE,America/Los_Angeles,3
25031,Spencer,Spencer,SD,South Dakota,46087,McCook,43.7276,-97.5911,147,211,polygon,FALSE,TRUE,America/Chicago,3
25032,Boaz,Boaz,WI,Wisconsin,55103,Richland,43.3299,-90.5278,146,156,polygon,FALSE,TRUE,America/Chicago,3
25033,Smithfield,Smithfield,WV,West Virginia,54103,Wetzel,39.5011,-80.5553,146,192,polygon,FALSE,TRUE,America/New_York,3
25034,Okahumpka,Okahumpka,FL,Florida,12069,Lake,28.7459,-81.8962,146,228,polygon,FALSE,FALSE,America/New_York,3
25035,Marksboro,Marksboro,NJ,New Jersey,34041,Warren,40.9881,-74.9061,146,177,polygon,FALSE,FALSE,America/New_York,3
25036,Powell,Powell,TX,Texas,48349,Navarro,32.1128,-96.3236,146,46,polygon,FALSE,TRUE,America/Chicago,3
25037,Atlanta,Atlanta,LA,Louisiana,22127,Winn,31.8064,-92.7383,146,52,polygon,FALSE,TRUE,America/Chicago,3
25038,Crary,Crary,ND,North Dakota,38071,Ramsey,48.0716,-98.6384,146,59,polygon,FALSE,TRUE,America/Chicago,3
25039,Hardy,Hardy,NE,Nebraska,31129,Nuckolls,40.0114,-97.9238,146,92,polygon,FALSE,TRUE,America/Chicago,3
25040,Timblin,Timblin,PA,Pennsylvania,42065,Jefferson,40.9673,-79.199,146,59,polygon,FALSE,TRUE,America/New_York,3
25041,Weldona,Weldona,CO,Colorado,8087,Morgan,40.3484,-103.9693,146,359,polygon,FALSE,FALSE,America/Denver,3
25042,Tecopa,Tecopa,CA,California,6027,Inyo,35.835,-116.2074,146,3,polygon,FALSE,FALSE,America/Los_Angeles,3
25043,Wheeler,Wheeler,IL,Illinois,17079,Jasper,39.0431,-88.3188,146,97,polygon,FALSE,TRUE,America/Chicago,3
25044,Jakin,Jakin,GA,Georgia,13099,Early,31.0901,-84.9822,146,45,polygon,FALSE,TRUE,America/New_York,3
25045,Jersey,Jersey,GA,Georgia,13297,Walton,33.7177,-83.8,146,72,polygon,FALSE,TRUE,America/New_York,3
25046,Springbrook,Springbrook,IA,Iowa,19097,Jackson,42.1658,-90.4791,146,93,polygon,FALSE,TRUE,America/Chicago,3
25047,Garden City,Garden City,IA,Iowa,19083,Hardin,42.2455,-93.3953,146,56,polygon,FALSE,FALSE,America/Chicago,3
25048,Linn Grove,Linn Grove,IA,Iowa,19021,Buena Vista,42.8928,-95.2424,146,100,polygon,FALSE,TRUE,America/Chicago,3
25049,Cayuga,Cayuga,OK,Oklahoma,40041,Delaware,36.6252,-94.6542,146,7,polygon,FALSE,FALSE,America/Chicago,3
25050,Lucien,Lucien,OK,Oklahoma,40103,Noble,36.2747,-97.4551,146,103,polygon,FALSE,FALSE,America/Chicago,3
25051,Milton Center,Milton Center,OH,Ohio,39173,Wood,41.3008,-83.8295,146,141,polygon,FALSE,TRUE,America/New_York,3
25052,Leesville,Leesville,OH,Ohio,39019,Carroll,40.4519,-81.2095,146,219,polygon,FALSE,TRUE,America/New_York,3
25053,Thompson Springs,Thompson Springs,UT,Utah,49019,Grand,38.9636,-109.7037,146,17,polygon,FALSE,FALSE,America/Denver,3
25054,Rosendale,Rosendale,MO,Missouri,29003,Andrew,40.0409,-94.8236,146,195,polygon,FALSE,TRUE,America/Chicago,3
25055,Dunnell,Dunnell,MN,Minnesota,27091,Martin,43.5604,-94.7751,146,368,polygon,FALSE,TRUE,America/Chicago,3
25056,Erhard,Erhard,MN,Minnesota,27111,Otter Tail,46.4836,-96.0965,146,101,polygon,FALSE,TRUE,America/Chicago,3
25057,Harrietta,Harrietta,MI,Michigan,26165,Wexford,44.3091,-85.7007,146,56,polygon,FALSE,TRUE,America/Detroit,3
25058,Preston,Preston,KS,Kansas,20151,Pratt,37.7584,-98.5578,146,129,polygon,FALSE,TRUE,America/Chicago,3
25059,Morland,Morland,KS,Kansas,20065,Graham,39.349,-100.0743,146,117,polygon,FALSE,TRUE,America/Chicago,3
25060,Coronaca,Coronaca,SC,South Carolina,45047,Greenwood,34.2595,-82.0969,146,33,polygon,FALSE,FALSE,America/New_York,3
25061,Hills and Dales,Hills and Dales,KY,Kentucky,21111,Jefferson,38.3005,-85.6249,146,565,polygon,FALSE,TRUE,America/New_York,3
25062,Dayville,Dayville,OR,Oregon,41023,Grant,44.4667,-119.5321,146,107,polygon,FALSE,TRUE,America/Los_Angeles,3
25063,Camden-on-Gauley,Camden-on-Gauley,WV,West Virginia,54101,Webster,38.3686,-80.5973,145,172,polygon,FALSE,TRUE,America/New_York,3
25064,Austwell,Austwell,TX,Texas,48391,Refugio,28.3911,-96.8437,145,154,polygon,FALSE,TRUE,America/Chicago,3
25065,Emhouse,Emhouse,TX,Texas,48349,Navarro,32.1607,-96.5772,145,209,polygon,FALSE,TRUE,America/Chicago,3
25066,Frisco,Frisco,NC,North Carolina,37055,Dare,35.2331,-75.6289,145,74,polygon,FALSE,FALSE,America/New_York,3
25067,Cumminsville,Cumminsville,NY,New York,36051,Livingston,42.5706,-77.7189,145,427,polygon,FALSE,FALSE,America/New_York,3
25068,Alba,Alba,PA,Pennsylvania,42015,Bradford,41.7059,-76.8277,145,83,polygon,FALSE,TRUE,America/New_York,3
25069,Empire,Empire,NV,Nevada,32031,Washoe,40.5759,-119.3431,145,10,polygon,FALSE,FALSE,America/Los_Angeles,3
25070,Fairhaven,Fairhaven,CA,California,6023,Humboldt,40.7885,-124.2013,145,86,polygon,FALSE,FALSE,America/Los_Angeles,3
25071,Ruth,Ruth,CA,California,6105,Trinity,40.2943,-123.3483,145,1,polygon,FALSE,FALSE,America/Los_Angeles,3
25072,North Johns,North Johns,AL,Alabama,1073,Jefferson,33.368,-87.1008,145,275,polygon,FALSE,TRUE,America/Chicago,3
25073,North Hartland,North Hartland,VT,Vermont,50027,Windsor,43.5936,-72.3578,145,55,polygon,FALSE,FALSE,America/New_York,3
25074,Standard City,Standard City,IL,Illinois,17117,Macoupin,39.3504,-89.7836,145,88,polygon,FALSE,TRUE,America/Chicago,3
25075,Nunez,Nunez,GA,Georgia,13107,Emanuel,32.492,-82.3466,145,42,polygon,FALSE,TRUE,America/New_York,3
25076,Whitten,Whitten,IA,Iowa,19083,Hardin,42.2626,-93.0092,145,112,polygon,FALSE,TRUE,America/Chicago,3
25077,Foss,Foss,OK,Oklahoma,40149,Washita,35.4501,-99.1707,145,77,polygon,FALSE,TRUE,America/Chicago,3
25078,Lawrence Creek,Lawrence Creek,OK,Oklahoma,40037,Creek,36.0838,-96.4268,145,76,polygon,FALSE,TRUE,America/Chicago,3
25079,Fairfield,Fairfield,UT,Utah,49049,Utah,40.2462,-112.0843,145,2,polygon,FALSE,TRUE,America/Denver,3
25080,Big Lake,Big Lake,MO,Missouri,29087,Holt,40.0735,-95.3518,145,33,polygon,FALSE,TRUE,America/Chicago,3
25081,Jacksonville,Jacksonville,MO,Missouri,29175,Randolph,39.5878,-92.4726,145,506,polygon,FALSE,TRUE,America/Chicago,3
25082,Fall River,Fall River,KS,Kansas,20073,Greenwood,37.6078,-96.0285,145,254,polygon,FALSE,TRUE,America/Chicago,3
25083,Windsor,Windsor,SC,South Carolina,45003,Aiken,33.4809,-81.5135,145,73,polygon,FALSE,TRUE,America/New_York,3
25084,Northville,Northville,SD,South Dakota,46115,Spink,45.1554,-98.5793,145,149,polygon,FALSE,TRUE,America/Chicago,3
25085,Henlopen Acres,Henlopen Acres,DE,Delaware,10005,Sussex,38.7257,-75.0849,144,217,polygon,FALSE,TRUE,America/New_York,3
25086,Cloud Lake,Cloud Lake,FL,Florida,12099,Palm Beach,26.6743,-80.0731,144,1028,polygon,FALSE,TRUE,America/New_York,3
25087,Apache Creek,Apache Creek,NM,New Mexico,35003,Catron,33.8486,-108.6141,144,6,polygon,FALSE,FALSE,America/Denver,3
25088,Tetlin,Tetlin,AK,Alaska,2240,Southeast Fairbanks,63.1481,-142.4947,144,0,polygon,FALSE,FALSE,America/Anchorage,3
25089,Makoti,Makoti,ND,North Dakota,38101,Ward,47.9633,-101.8029,144,102,polygon,FALSE,TRUE,America/Chicago,3
25090,Oconto,Oconto,NE,Nebraska,31041,Custer,41.1415,-99.7619,144,273,polygon,FALSE,TRUE,America/Chicago,3
25091,Rohrsburg,Rohrsburg,PA,Pennsylvania,42037,Columbia,41.1328,-76.4232,144,78,polygon,FALSE,FALSE,America/New_York,3
25092,Watch Hill,Watch Hill,RI,Rhode Island,44009,Washington,41.3157,-71.8487,144,69,polygon,FALSE,FALSE,America/New_York,3
25093,Waverly,Waverly,AL,Alabama,1017,Chambers,32.7333,-85.5761,144,20,polygon,FALSE,TRUE,America/Chicago,3
25094,Waterville,Waterville,IA,Iowa,19005,Allamakee,43.2083,-91.296,144,129,polygon,FALSE,TRUE,America/Chicago,3
25095,Mount Auburn,Mount Auburn,IA,Iowa,19011,Benton,42.2573,-92.0939,144,225,polygon,FALSE,TRUE,America/Chicago,3
25096,New Liberty,New Liberty,IA,Iowa,19163,Scott,41.716,-90.8778,144,616,polygon,FALSE,TRUE,America/Chicago,3
25097,Brookeville,Brookeville,MD,Maryland,24031,Montgomery,39.1809,-77.059,144,398,polygon,FALSE,TRUE,America/New_York,3
25098,Kemp,Kemp,OK,Oklahoma,40013,Bryan,33.7695,-96.3543,144,309,polygon,FALSE,TRUE,America/Chicago,3
25099,Teresita,Teresita,OK,Oklahoma,40021,Cherokee,36.123,-94.9803,144,5,polygon,FALSE,FALSE,America/Chicago,3
25100,Belmore,Belmore,OH,Ohio,39137,Putnam,41.1549,-83.9419,144,125,polygon,FALSE,TRUE,America/New_York,3
25101,Limaville,Limaville,OH,Ohio,39151,Stark,40.9842,-81.1482,144,206,polygon,FALSE,FALSE,America/New_York,3
25102,Wilkesville,Wilkesville,OH,Ohio,39163,Vinton,39.0765,-82.3271,144,190,polygon,FALSE,TRUE,America/New_York,3
25103,Pancoastburg,Pancoastburg,OH,Ohio,39047,Fayette,39.6239,-83.2642,144,163,polygon,FALSE,FALSE,America/New_York,3
25104,Wentworth,Wentworth,MO,Missouri,29145,Newton,36.9932,-94.0755,144,302,polygon,FALSE,TRUE,America/Chicago,3
25105,Kilkenny,Kilkenny,MN,Minnesota,27079,Le Sueur,44.3151,-93.5742,144,436,polygon,FALSE,TRUE,America/Chicago,3
25106,Conger,Conger,MN,Minnesota,27047,Freeborn,43.6153,-93.5282,144,427,polygon,FALSE,TRUE,America/Chicago,3
25107,Free Soil,Free Soil,MI,Michigan,26105,Mason,44.1072,-86.2109,144,53,polygon,FALSE,TRUE,America/Detroit,3
25108,Ahmeek,Ahmeek,MI,Michigan,26083,Keweenaw,47.2984,-88.3972,144,815,polygon,FALSE,TRUE,America/Detroit,3
25109,Norcatur,Norcatur,KS,Kansas,20039,Decatur,39.8347,-100.1888,144,55,polygon,FALSE,TRUE,America/Chicago,3
25110,Kickapoo Tribal Center,Kickapoo Tribal Center,KS,Kansas,20013,Brown,39.6723,-95.6452,144,28,polygon,FALSE,TRUE,America/Chicago,3
25111,Sharon,Sharon,KS,Kansas,20007,Barber,37.2498,-98.4177,144,197,polygon,FALSE,TRUE,America/Chicago,3
25112,Cuba,Cuba,KS,Kansas,20157,Republic,39.8023,-97.4576,144,192,polygon,FALSE,TRUE,America/Chicago,3
25113,Little Bitterroot Lake,Little Bitterroot Lake,MT,Montana,30029,Flathead,48.118,-114.7206,144,6,polygon,FALSE,TRUE,America/Denver,3
25114,Harrison,Harrison,MT,Montana,30057,Madison,45.7035,-111.7853,144,245,polygon,FALSE,FALSE,America/Denver,3
25115,New Hope,New Hope,KY,Kentucky,21179,Nelson,37.6279,-85.5067,144,90,polygon,FALSE,FALSE,America/New_York,3
25116,Summerville,Summerville,OR,Oregon,41061,Union,45.4898,-118.0041,144,214,polygon,FALSE,TRUE,America/Los_Angeles,3
25117,Buffalo Gap,Buffalo Gap,SD,South Dakota,46033,Custer,43.4922,-103.3155,144,181,polygon,FALSE,TRUE,America/Denver,3
25118,Lake McMurray,Lake McMurray,WA,Washington,53057,Skagit,48.313,-122.2317,143,67,polygon,FALSE,FALSE,America/Los_Angeles,3
25119,Wyeville,Wyeville,WI,Wisconsin,55081,Monroe,44.0279,-90.3861,143,97,polygon,FALSE,TRUE,America/Chicago,3
25120,Godwin,Godwin,NC,North Carolina,37051,Cumberland,35.2134,-78.6771,143,106,polygon,FALSE,TRUE,America/New_York,3
25121,Stella,Stella,NE,Nebraska,31147,Richardson,40.2321,-95.7735,143,311,polygon,FALSE,TRUE,America/Chicago,3
25122,Segundo,Segundo,CO,Colorado,8071,Las Animas,37.1225,-104.7396,143,79,polygon,FALSE,FALSE,America/Denver,3
25123,Markleeville,Markleeville,CA,California,6003,Alpine,38.6841,-119.8225,143,8,polygon,FALSE,FALSE,America/Los_Angeles,3
25124,Five Points,Five Points,AL,Alabama,1017,Chambers,33.0173,-85.3516,143,53,polygon,FALSE,TRUE,America/Chicago,3
25125,Ferris,Ferris,IL,Illinois,17067,Hancock,40.4695,-91.1683,143,28,polygon,FALSE,TRUE,America/Chicago,3
25126,Burns City,Burns City,IN,Indiana,18101,Martin,38.8203,-86.8927,143,75,polygon,FALSE,FALSE,America/Indiana/Vincennes,3
25127,Rock Falls,Rock Falls,IA,Iowa,19033,Cerro Gordo,43.207,-93.0871,143,261,polygon,FALSE,TRUE,America/Chicago,3
25128,Floris,Floris,IA,Iowa,19051,Davis,40.864,-92.3322,143,114,polygon,FALSE,TRUE,America/Chicago,3
25129,Henderson,Henderson,MD,Maryland,24011,Caroline,39.075,-75.7661,143,441,polygon,FALSE,TRUE,America/New_York,3
25130,West Rushville,West Rushville,OH,Ohio,39045,Fairfield,39.764,-82.4483,143,851,polygon,FALSE,TRUE,America/New_York,3
25131,Randlett,Randlett,UT,Utah,49047,Uintah,40.2267,-109.8308,143,10,polygon,FALSE,FALSE,America/Denver,3
25132,Kimmswick,Kimmswick,MO,Missouri,29099,Jefferson,38.3654,-90.3645,143,238,polygon,FALSE,TRUE,America/Chicago,3
25133,Rush Hill,Rush Hill,MO,Missouri,29007,Audrain,39.2104,-91.7246,143,307,polygon,FALSE,TRUE,America/Chicago,3
25134,Grayridge,Grayridge,MO,Missouri,29207,Stoddard,36.8247,-89.7819,143,54,polygon,FALSE,FALSE,America/Chicago,3
25135,Kinney,Kinney,MN,Minnesota,27137,St. Louis,47.5167,-92.7227,143,14,polygon,FALSE,TRUE,America/Chicago,3
25136,Redfield,Redfield,KS,Kansas,20011,Bourbon,37.8365,-94.882,143,381,polygon,FALSE,TRUE,America/Chicago,3
25137,Wilsey,Wilsey,KS,Kansas,20127,Morris,38.6357,-96.6765,143,204,polygon,FALSE,TRUE,America/Chicago,3
25138,Home,Home,KS,Kansas,20117,Marshall,39.8415,-96.5199,143,13,polygon,FALSE,FALSE,America/Chicago,3
25139,Falcon,Falcon,MS,Mississippi,28119,Quitman,34.3911,-90.2556,143,141,polygon,FALSE,TRUE,America/Chicago,3
25140,Blackey,Blackey,KY,Kentucky,21133,Letcher,37.139,-82.9812,143,126,polygon,FALSE,TRUE,America/New_York,3
25141,Greenbush,Greenbush,WI,Wisconsin,55117,Sheboygan,43.7778,-88.0902,142,80,polygon,FALSE,FALSE,America/Chicago,3
25142,Aripeka,Aripeka,FL,Florida,12101,Pasco,28.4308,-82.6669,142,66,polygon,FALSE,FALSE,America/New_York,3
25143,La Cueva,La Cueva,NM,New Mexico,35043,Sandoval,35.8695,-106.6485,142,33,polygon,FALSE,FALSE,America/Denver,3
25144,Everetts,Everetts,NC,North Carolina,37117,Martin,35.8347,-77.1723,142,121,polygon,FALSE,TRUE,America/New_York,3
25145,Portal,Portal,ND,North Dakota,38013,Burke,48.9947,-102.5479,142,81,polygon,FALSE,TRUE,America/Regina,3
25146,Carpio,Carpio,ND,North Dakota,38101,Ward,48.4434,-101.7163,142,86,polygon,FALSE,TRUE,America/Chicago,3
25147,Morse Bluff,Morse Bluff,NE,Nebraska,31155,Saunders,41.431,-96.7664,142,309,polygon,FALSE,TRUE,America/Chicago,3
25148,Nemaha,Nemaha,NE,Nebraska,31127,Nemaha,40.3388,-95.676,142,180,polygon,FALSE,TRUE,America/Chicago,3
25149,Westland,Westland,PA,Pennsylvania,42125,Washington,40.2789,-80.2731,142,327,polygon,FALSE,FALSE,America/New_York,3
25150,Ruth,Ruth,NV,Nevada,32033,White Pine,39.2793,-114.9899,142,158,polygon,FALSE,FALSE,America/Los_Angeles,3
25151,Brick Center,Brick Center,CO,Colorado,8005,Arapahoe,39.6001,-104.4579,142,9,polygon,FALSE,TRUE,America/Denver,3
25152,Billingsley,Billingsley,AL,Alabama,1001,Autauga,32.661,-86.7087,142,46,polygon,FALSE,TRUE,America/Chicago,3
25153,Chunchula,Chunchula,AL,Alabama,1097,Mobile,30.9237,-88.2072,142,30,polygon,FALSE,FALSE,America/Chicago,3
25154,Staves,Staves,AR,Arkansas,5025,Cleveland,34.031,-92.278,142,22,polygon,FALSE,FALSE,America/Chicago,3
25155,Ben Lomond,Ben Lomond,AR,Arkansas,5133,Sevier,33.8335,-94.1177,142,13,polygon,FALSE,TRUE,America/Chicago,3
25156,Coatsburg,Coatsburg,IL,Illinois,17001,Adams,40.0325,-91.1603,142,414,polygon,FALSE,TRUE,America/Chicago,3
25157,LaPlace,LaPlace,IL,Illinois,17147,Piatt,39.7978,-88.7156,142,77,polygon,FALSE,FALSE,America/Chicago,3
25158,Millersburg,Millersburg,IA,Iowa,19095,Iowa,41.5733,-92.1593,142,450,polygon,FALSE,TRUE,America/Chicago,3
25159,Kendrick,Kendrick,OK,Oklahoma,40081,Lincoln,35.7853,-96.7754,142,363,polygon,FALSE,TRUE,America/Chicago,3
25160,Miller City,Miller City,OH,Ohio,39137,Putnam,41.1035,-84.1304,142,138,polygon,FALSE,TRUE,America/New_York,3
25161,Hatch,Hatch,UT,Utah,49017,Garfield,37.6494,-112.4345,142,29,polygon,FALSE,TRUE,America/Denver,3
25162,Pickering,Pickering,MO,Missouri,29147,Nodaway,40.4502,-94.8417,142,324,polygon,FALSE,TRUE,America/Chicago,3
25163,Strasburg,Strasburg,MO,Missouri,29037,Cass,38.7598,-94.1648,142,282,polygon,FALSE,TRUE,America/Chicago,3
25164,Alden,Alden,KS,Kansas,20159,Rice,38.2438,-98.3117,142,354,polygon,FALSE,TRUE,America/Chicago,3
25165,Blenheim,Blenheim,SC,South Carolina,45069,Marlboro,34.5098,-79.6525,142,83,polygon,FALSE,TRUE,America/New_York,3
25166,Dwale,Dwale,KY,Kentucky,21071,Floyd,37.6254,-82.7277,142,90,polygon,FALSE,FALSE,America/New_York,3
25167,Meadowbrook Farm,Meadowbrook Farm,KY,Kentucky,21111,Jefferson,38.2782,-85.5748,142,2105,polygon,FALSE,TRUE,America/New_York,2
25168,Conde,Conde,SD,South Dakota,46115,Spink,45.1573,-98.0955,142,97,polygon,FALSE,TRUE,America/Chicago,3
25169,Pence,Pence,WI,Wisconsin,55051,Iron,46.4103,-90.2695,141,50,polygon,FALSE,FALSE,America/Chicago,3
25170,Pageton,Pageton,WV,West Virginia,54047,McDowell,37.3599,-81.4648,141,45,polygon,FALSE,FALSE,America/New_York,3
25171,Lloyd,Lloyd,FL,Florida,12065,Jefferson,30.4822,-84.0244,141,35,polygon,FALSE,FALSE,America/New_York,3
25172,Point of Rocks,Point of Rocks,WY,Wyoming,56037,Sweetwater,41.6831,-108.7755,141,25,polygon,FALSE,FALSE,America/Denver,3
25173,Sandia Park,Sandia Park,NM,New Mexico,35001,Bernalillo,35.1648,-106.3657,141,75,polygon,FALSE,FALSE,America/Denver,3
25174,Hungerford,Hungerford,TX,Texas,48481,Wharton,29.404,-96.0837,141,29,polygon,FALSE,FALSE,America/Chicago,3
25175,Tanacross,Tanacross,AK,Alaska,2240,Southeast Fairbanks,63.3523,-143.4318,141,0,polygon,FALSE,FALSE,America/Anchorage,3
25176,Venetie,Venetie,AK,Alaska,2290,Yukon-Koyukuk,67.0206,-146.3741,141,2,polygon,FALSE,FALSE,America/Anchorage,3
25177,Longfellow,Longfellow,PA,Pennsylvania,42087,Mifflin,40.5063,-77.6665,141,84,polygon,FALSE,FALSE,America/New_York,3
25178,Gaylesville,Gaylesville,AL,Alabama,1019,Cherokee,34.2681,-85.5586,141,158,polygon,FALSE,TRUE,America/Chicago,3
25179,Willisville,Willisville,AR,Arkansas,5099,Nevada,33.5194,-93.2949,141,34,polygon,FALSE,TRUE,America/Chicago,3
25180,Felsenthal,Felsenthal,AR,Arkansas,5139,Union,33.0588,-92.1533,141,36,polygon,FALSE,TRUE,America/Chicago,3
25181,Allenville,Allenville,IL,Illinois,17139,Moultrie,39.5585,-88.5383,141,90,polygon,FALSE,TRUE,America/Chicago,3
25182,Daisy,Daisy,GA,Georgia,13109,Evans,32.151,-81.8362,141,56,polygon,FALSE,TRUE,America/New_York,3
25183,Yeoman,Yeoman,IN,Indiana,18015,Carroll,40.6677,-86.7238,141,428,polygon,FALSE,TRUE,America/Indiana/Indianapolis,3
25184,Clemons,Clemons,IA,Iowa,19127,Marshall,42.1139,-93.1585,141,201,polygon,FALSE,TRUE,America/Chicago,3
25185,Devol,Devol,OK,Oklahoma,40033,Cotton,34.1954,-98.5881,141,107,polygon,FALSE,TRUE,America/Chicago,3
25186,Flat Rock,Flat Rock,OH,Ohio,39147,Seneca,41.2355,-82.8592,141,256,polygon,FALSE,FALSE,America/New_York,3
25187,Put-in-Bay,Put-in-Bay,OH,Ohio,39123,Ottawa,41.6528,-82.8174,141,126,polygon,FALSE,TRUE,America/New_York,3
25188,Dutch John,Dutch John,UT,Utah,49009,Daggett,40.9301,-109.4042,141,9,polygon,FALSE,TRUE,America/Denver,3
25189,Marietta,Marietta,MN,Minnesota,27073,Lac qui Parle,45.0105,-96.419,141,148,polygon,FALSE,TRUE,America/Chicago,3
25190,Brookston,Brookston,MN,Minnesota,27137,St. Louis,46.8654,-92.6027,141,100,polygon,FALSE,TRUE,America/Chicago,3
25191,Clements,Clements,MN,Minnesota,27127,Redwood,44.3801,-95.0548,141,144,polygon,FALSE,TRUE,America/Chicago,3
25192,Denton,Denton,KS,Kansas,20043,Doniphan,39.7319,-95.2696,141,374,polygon,FALSE,TRUE,America/Chicago,3
25193,Utica,Utica,KS,Kansas,20135,Ness,38.6427,-100.1698,141,223,polygon,FALSE,TRUE,America/Chicago,3
25194,Brady,Brady,MT,Montana,30073,Pondera,48.0279,-111.8441,141,17,polygon,FALSE,FALSE,America/Denver,3
25195,Mansfield,Mansfield,SD,South Dakota,46013,Brown,45.2465,-98.5581,141,22,polygon,FALSE,FALSE,America/Chicago,3
25196,Custer,Custer,WA,Washington,53073,Whatcom,48.9143,-122.6397,140,29,polygon,FALSE,FALSE,America/Los_Angeles,3
25197,Ogema,Ogema,WI,Wisconsin,55099,Price,45.451,-90.2927,140,17,polygon,FALSE,FALSE,America/Chicago,3
25198,Collins,Collins,WI,Wisconsin,55071,Manitowoc,44.0827,-87.9839,140,109,polygon,FALSE,FALSE,America/Chicago,3
25199,Cuney,Cuney,TX,Texas,48073,Cherokee,32.0374,-95.4147,140,32,polygon,FALSE,TRUE,America/Chicago,3
25200,Haigler,Haigler,NE,Nebraska,31057,Dundy,40.0122,-101.9385,140,222,polygon,FALSE,TRUE,America/Denver,3
25201,Chest Springs,Chest Springs,PA,Pennsylvania,42021,Cambria,40.5781,-78.6105,140,280,polygon,FALSE,TRUE,America/New_York,3
25202,Crestone,Crestone,CO,Colorado,8109,Saguache,37.9946,-105.6962,140,140,polygon,FALSE,TRUE,America/Denver,3
25203,Anchor,Anchor,IL,Illinois,17113,McLean,40.5681,-88.5385,140,316,polygon,FALSE,TRUE,America/Chicago,3
25204,Springport,Springport,IN,Indiana,18065,Henry,40.047,-85.3926,140,449,polygon,FALSE,TRUE,America/Indiana/Indianapolis,3
25205,San Simon,San Simon,AZ,Arizona,4003,Cochise,32.268,-109.2308,140,77,polygon,FALSE,FALSE,America/Phoenix,3
25206,Antares,Antares,AZ,Arizona,4015,Mohave,35.4229,-113.8083,140,83,polygon,FALSE,FALSE,America/Phoenix,3
25207,McNeal,McNeal,AZ,Arizona,4003,Cochise,31.6079,-109.6699,140,14,polygon,FALSE,FALSE,America/Phoenix,3
25208,Wasola,Wasola,MO,Missouri,29153,Ozark,36.7857,-92.5685,140,10,polygon,FALSE,FALSE,America/Chicago,3
25209,Rozel,Rozel,KS,Kansas,20145,Pawnee,38.1954,-99.4032,140,280,polygon,FALSE,TRUE,America/Chicago,3
25210,Weskan,Weskan,KS,Kansas,20199,Wallace,38.8652,-101.9681,140,20,polygon,FALSE,FALSE,America/Denver,3
25211,Newry,Newry,SC,South Carolina,45073,Oconee,34.724,-82.9141,140,183,polygon,FALSE,FALSE,America/New_York,3
25212,Harman,Harman,WV,West Virginia,54083,Randolph,38.9211,-79.5245,139,165,polygon,FALSE,TRUE,America/New_York,3
25213,Ames,Ames,NY,New York,36057,Montgomery,42.8373,-74.6016,139,410,polygon,FALSE,TRUE,America/New_York,3
25214,Shirleysburg,Shirleysburg,PA,Pennsylvania,42061,Huntingdon,40.2974,-77.8764,139,335,polygon,FALSE,TRUE,America/New_York,3
25215,Coburn,Coburn,PA,Pennsylvania,42027,Centre,40.8653,-77.4632,139,154,polygon,FALSE,FALSE,America/New_York,3
25216,Cherokee,Cherokee,CA,California,6007,Butte,39.6514,-121.5344,139,30,polygon,FALSE,FALSE,America/Los_Angeles,3
25217,Peterman,Peterman,AL,Alabama,1099,Monroe,31.5837,-87.2631,139,126,polygon,FALSE,FALSE,America/Chicago,3
25218,Scipio,Scipio,IN,Indiana,18079,Jennings,39.0771,-85.716,139,46,polygon,FALSE,FALSE,America/Indiana/Indianapolis,3
25219,State Line City,State Line City,IN,Indiana,18171,Warren,40.1974,-87.527,139,385,polygon,FALSE,TRUE,America/Indiana/Indianapolis,3
25220,Lone Rock,Lone Rock,IA,Iowa,19109,Kossuth,43.2208,-94.3255,139,454,polygon,FALSE,TRUE,America/Chicago,3
25221,Stockton,Stockton,MD,Maryland,24047,Worcester,38.0659,-75.4134,139,31,polygon,FALSE,FALSE,America/New_York,3
25222,Marydel,Marydel,MD,Maryland,24011,Caroline,39.113,-75.7497,139,454,polygon,FALSE,TRUE,America/New_York,3
25223,Burbank,Burbank,OK,Oklahoma,40113,Osage,36.6964,-96.7294,139,158,polygon,FALSE,TRUE,America/Chicago,3
25224,Yorkshire,Yorkshire,OH,Ohio,39037,Darke,40.3253,-84.495,139,189,polygon,FALSE,TRUE,America/New_York,3
25225,La Tour,La Tour,MO,Missouri,29101,Johnson,38.6348,-94.1017,139,490,polygon,FALSE,TRUE,America/Chicago,3
25226,Ada,Ada,KS,Kansas,20143,Ottawa,39.1622,-97.886,139,21,polygon,FALSE,FALSE,America/Chicago,3
25227,Buckhorn,Buckhorn,KY,Kentucky,21193,Perry,37.346,-83.4696,139,159,polygon,FALSE,TRUE,America/New_York,3
25228,Green Valley,Green Valley,WI,Wisconsin,55115,Shawano,44.7969,-88.2682,138,285,polygon,FALSE,FALSE,America/Chicago,3
25229,Nobleton,Nobleton,FL,Florida,12053,Hernando,28.6451,-82.262,138,282,polygon,FALSE,FALSE,America/New_York,3
25230,Shell,Shell,WY,Wyoming,56003,Big Horn,44.5346,-107.7843,138,46,polygon,FALSE,FALSE,America/Denver,3
25231,Lyden,Lyden,NM,New Mexico,35039,Rio Arriba,36.1537,-106.0147,138,23,polygon,FALSE,FALSE,America/Denver,3
25232,Normanna,Normanna,TX,Texas,48025,Bee,28.5277,-97.7831,138,39,polygon,FALSE,FALSE,America/Chicago,3
25233,Upham,Upham,ND,North Dakota,38049,McHenry,48.5817,-100.7284,138,171,polygon,FALSE,TRUE,America/Chicago,3
25234,Columbus,Columbus,ND,North Dakota,38013,Burke,48.905,-102.7812,138,195,polygon,FALSE,TRUE,America/Chicago,3
25235,Anselmo,Anselmo,NE,Nebraska,31041,Custer,41.6186,-99.8645,138,200,polygon,FALSE,TRUE,America/Chicago,3
25236,Shubert,Shubert,NE,Nebraska,31147,Richardson,40.2359,-95.6837,138,253,polygon,FALSE,TRUE,America/Chicago,3
25237,Viola,Viola,TN,Tennessee,47177,Warren,35.5387,-85.8606,138,314,polygon,FALSE,TRUE,America/Chicago,3
25238,Geneva,Geneva,PA,Pennsylvania,42039,Crawford,41.5621,-80.226,138,244,polygon,FALSE,FALSE,America/New_York,3
25239,Jamison City,Jamison City,PA,Pennsylvania,42037,Columbia,41.2984,-76.369,138,137,polygon,FALSE,FALSE,America/New_York,3
25240,Hookstown,Hookstown,PA,Pennsylvania,42007,Beaver,40.5989,-80.4738,138,393,polygon,FALSE,TRUE,America/New_York,3
25241,Cassville,Cassville,PA,Pennsylvania,42061,Huntingdon,40.2927,-78.0273,138,89,polygon,FALSE,TRUE,America/New_York,3
25242,Bark Ranch,Bark Ranch,CO,Colorado,8013,Boulder,40.1156,-105.4416,138,61,polygon,FALSE,FALSE,America/Denver,3
25243,Johannesburg,Johannesburg,CA,California,6029,Kern,35.3718,-117.642,138,22,polygon,FALSE,FALSE,America/Los_Angeles,3
25244,Mettler,Mettler,CA,California,6029,Kern,35.0635,-118.9729,138,229,polygon,FALSE,FALSE,America/Los_Angeles,3
25245,Aubrey,Aubrey,AR,Arkansas,5077,Lee,34.7193,-90.8976,138,160,polygon,FALSE,TRUE,America/Chicago,3
25246,Muncie,Muncie,IL,Illinois,17183,Vermilion,40.1161,-87.8428,138,297,polygon,FALSE,TRUE,America/Chicago,3
25247,Dorchester,Dorchester,IL,Illinois,17117,Macoupin,39.0859,-89.8878,138,74,polygon,FALSE,TRUE,America/Chicago,3
25248,North Washington,North Washington,IA,Iowa,19037,Chickasaw,43.1171,-92.4151,138,262,polygon,FALSE,TRUE,America/Chicago,3
25249,Roosevelt,Roosevelt,MN,Minnesota,27135,Roseau,48.807,-95.101,138,51,polygon,FALSE,TRUE,America/Chicago,3
25250,Latham,Latham,KS,Kansas,20015,Butler,37.5356,-96.6427,138,245,polygon,FALSE,TRUE,America/Chicago,3
25251,Walthall,Walthall,MS,Mississippi,28155,Webster,33.6069,-89.2787,138,54,polygon,FALSE,TRUE,America/Chicago,3
25252,Columbia,Columbia,SD,South Dakota,46013,Brown,45.6148,-98.3107,138,35,polygon,FALSE,TRUE,America/Chicago,3
25253,Barstow,Barstow,WA,Washington,53019,Ferry,48.7783,-118.1329,137,94,polygon,FALSE,FALSE,America/Los_Angeles,3
25254,Beards Fork,Beards Fork,WV,West Virginia,54019,Fayette,38.0645,-81.2278,137,31,polygon,FALSE,FALSE,America/New_York,3
25255,El Castillo,El Castillo,TX,Texas,48427,Starr,26.3349,-98.6384,137,1901,polygon,FALSE,TRUE,America/Chicago,3
25256,Lasana,Lasana,TX,Texas,48061,Cameron,26.2585,-97.695,137,64,polygon,FALSE,FALSE,America/Chicago,3
25257,Middleburg,Middleburg,NC,North Carolina,37181,Vance,36.399,-78.3235,137,67,polygon,FALSE,TRUE,America/New_York,3
25258,Marmarth,Marmarth,ND,North Dakota,38087,Slope,46.296,-103.9331,137,20,polygon,FALSE,TRUE,America/Denver,3
25259,Alvo,Alvo,NE,Nebraska,31025,Cass,40.8723,-96.3867,137,528,polygon,FALSE,TRUE,America/Chicago,3
25260,Du Bois,Du Bois,NE,Nebraska,31133,Pawnee,40.0346,-96.0467,137,116,polygon,FALSE,TRUE,America/Chicago,3
25261,Virgilina,Virgilina,VA,Virginia,51083,Halifax,36.5463,-78.7755,137,86,polygon,FALSE,TRUE,America/New_York,3
25262,Southern Ute,Southern Ute,CO,Colorado,8067,La Plata,37.0749,-107.5933,137,3,polygon,FALSE,TRUE,America/Denver,3
25263,Sedgwick,Sedgwick,CO,Colorado,8115,Sedgwick,40.9353,-102.5254,137,152,polygon,FALSE,TRUE,America/Denver,3
25264,Okolona,Okolona,AR,Arkansas,5019,Clark,34.0005,-93.3376,137,66,polygon,FALSE,TRUE,America/Chicago,3
25265,Iroquois,Iroquois,IL,Illinois,17075,Iroquois,40.8288,-87.5844,137,93,polygon,FALSE,TRUE,America/Chicago,3
25266,Rocky Ford,Rocky Ford,GA,Georgia,13251,Screven,32.6636,-81.8297,137,43,polygon,FALSE,TRUE,America/New_York,3
25267,Fredericksburg,Fredericksburg,IN,Indiana,18175,Washington,38.4353,-86.1969,137,49,polygon,FALSE,FALSE,America/Indiana/Indianapolis,3
25268,Greensboro,Greensboro,IN,Indiana,18065,Henry,39.8787,-85.4638,137,478,polygon,FALSE,TRUE,America/Indiana/Indianapolis,3
25269,Erin Springs,Erin Springs,OK,Oklahoma,40049,Garvin,34.8113,-97.6055,137,330,polygon,FALSE,TRUE,America/Chicago,3
25270,Sasakwa,Sasakwa,OK,Oklahoma,40133,Seminole,34.9469,-96.5253,137,254,polygon,FALSE,TRUE,America/Chicago,3
25271,Summit,Summit,OK,Oklahoma,40101,Muskogee,35.6678,-95.4218,137,64,polygon,FALSE,TRUE,America/Chicago,3
25272,Edinburg,Edinburg,MO,Missouri,29079,Grundy,40.0811,-93.6898,137,49,polygon,FALSE,FALSE,America/Chicago,3
25273,Brooks,Brooks,MN,Minnesota,27125,Red Lake,47.8165,-96.0036,137,45,polygon,FALSE,TRUE,America/Chicago,3
25274,Neosho Falls,Neosho Falls,KS,Kansas,20207,Woodson,38.0058,-95.5556,137,104,polygon,FALSE,TRUE,America/Chicago,3
25275,Netawaka,Netawaka,KS,Kansas,20085,Jackson,39.603,-95.7189,137,54,polygon,FALSE,TRUE,America/Chicago,3
25276,Brogan,Brogan,OR,Oregon,41045,Malheur,44.2475,-117.5186,137,18,polygon,FALSE,FALSE,America/Boise,3
25277,Artesian,Artesian,SD,South Dakota,46111,Sanborn,44.0079,-97.9237,137,95,polygon,FALSE,TRUE,America/Chicago,3
25278,Pullman,Pullman,WV,West Virginia,54085,Ritchie,39.188,-80.949,136,216,polygon,FALSE,TRUE,America/New_York,3
25279,Sylvester,Sylvester,WV,West Virginia,54005,Boone,38.008,-81.5623,136,208,polygon,FALSE,TRUE,America/New_York,3
25280,Pine Level,Pine Level,FL,Florida,12113,Santa Rosa,30.8887,-87.1687,136,7,polygon,FALSE,TRUE,America/Chicago,3
25281,Pick City,Pick City,ND,North Dakota,38057,Mercer,47.5114,-101.4573,136,308,polygon,FALSE,TRUE,America/North_Dakota/Beulah,3
25282,Thurston,Thurston,NE,Nebraska,31173,Thurston,42.1769,-96.7002,136,451,polygon,FALSE,TRUE,America/Chicago,3
25283,Rew,Rew,PA,Pennsylvania,42083,McKean,41.8992,-78.5388,136,53,polygon,FALSE,FALSE,America/New_York,3
25284,Glen Hope,Glen Hope,PA,Pennsylvania,42033,Clearfield,40.8009,-78.4986,136,24,polygon,FALSE,TRUE,America/New_York,3
25285,Monterey,Monterey,VA,Virginia,51091,Highland,38.4116,-79.5809,136,166,polygon,FALSE,TRUE,America/New_York,3
25286,Stonyford,Stonyford,CA,California,6011,Colusa,39.3703,-122.5445,136,18,polygon,FALSE,FALSE,America/Los_Angeles,3
25287,Pollard,Pollard,AL,Alabama,1053,Escambia,31.0236,-87.1736,136,47,polygon,FALSE,TRUE,America/Chicago,3
25288,Broadwell,Broadwell,IL,Illinois,17107,Logan,40.0669,-89.4429,136,292,polygon,FALSE,TRUE,America/Chicago,3
25289,Iola,Iola,IL,Illinois,17025,Clay,38.8341,-88.6279,136,54,polygon,FALSE,TRUE,America/Chicago,3
25290,Pontoosuc,Pontoosuc,IL,Illinois,17067,Hancock,40.6284,-91.2112,136,37,polygon,FALSE,TRUE,America/Chicago,3
25291,Ranger,Ranger,GA,Georgia,13129,Gordon,34.5013,-84.7111,136,64,polygon,FALSE,TRUE,America/New_York,3
25292,Parrott,Parrott,GA,Georgia,13273,Terrell,31.8943,-84.5117,136,67,polygon,FALSE,TRUE,America/New_York,3
25293,Dooling,Dooling,GA,Georgia,13093,Dooly,32.23,-83.9289,136,113,polygon,FALSE,TRUE,America/New_York,3
25294,Cadiz,Cadiz,IN,Indiana,18065,Henry,39.9509,-85.4869,136,363,polygon,FALSE,TRUE,America/Indiana/Indianapolis,3
25295,St. Lucas,St. Lucas,IA,Iowa,19065,Fayette,43.0667,-91.9342,136,197,polygon,FALSE,TRUE,America/Chicago,3
25296,Houghton,Houghton,IA,Iowa,19111,Lee,40.7836,-91.6104,136,167,polygon,FALSE,TRUE,America/Chicago,3
25297,Lockington,Lockington,OH,Ohio,39149,Shelby,40.2075,-84.2358,136,621,polygon,FALSE,TRUE,America/New_York,3
25298,Stark City,Stark City,MO,Missouri,29145,Newton,36.8626,-94.1864,136,167,polygon,FALSE,TRUE,America/Chicago,3
25299,Burtrum,Burtrum,MN,Minnesota,27153,Todd,45.8658,-94.6874,136,92,polygon,FALSE,TRUE,America/Chicago,3
25300,Maple City,Maple City,MI,Michigan,26089,Leelanau,44.8556,-85.8573,136,121,polygon,FALSE,FALSE,America/Detroit,3
25301,Bogue,Bogue,KS,Kansas,20065,Graham,39.3595,-99.6874,136,202,polygon,FALSE,TRUE,America/Chicago,3
25302,Kevin,Kevin,MT,Montana,30101,Toole,48.7457,-111.9656,136,145,polygon,FALSE,TRUE,America/Denver,3
25303,Lena,Lena,MS,Mississippi,28079,Leake,32.5939,-89.5948,136,31,polygon,FALSE,TRUE,America/Chicago,3
25304,Rockville,Rockville,SC,South Carolina,45019,Charleston,32.6024,-80.1935,136,123,polygon,FALSE,TRUE,America/New_York,3
25305,Rosine,Rosine,KY,Kentucky,21183,Ohio,37.4523,-86.7373,136,108,polygon,FALSE,FALSE,America/Chicago,3
25306,Northwest Stanwood,Northwest Stanwood,WA,Washington,53061,Snohomish,48.2623,-122.3501,135,73,polygon,FALSE,TRUE,America/Los_Angeles,3
25307,Orient,Orient,WA,Washington,53019,Ferry,48.8637,-118.2059,135,120,polygon,FALSE,FALSE,America/Los_Angeles,3
25308,Mountain View,Mountain View,NM,New Mexico,35029,Luna,32.2288,-107.7462,135,175,polygon,FALSE,FALSE,America/Denver,3
25309,Rock Hill,Rock Hill,LA,Louisiana,22043,Grant,31.4427,-92.5695,135,13,polygon,FALSE,FALSE,America/Chicago,3
25310,Tenakee Springs,Tenakee Springs,AK,Alaska,2105,Hoonah-Angoon,57.7913,-135.1955,135,3,polygon,FALSE,TRUE,America/Juneau,3
25311,La Platte,La Platte,NE,Nebraska,31153,Sarpy,41.0718,-95.9255,135,184,polygon,FALSE,FALSE,America/Chicago,3
25312,Dawson,Dawson,NE,Nebraska,31147,Richardson,40.1304,-95.8296,135,244,polygon,FALSE,TRUE,America/Chicago,3
25313,Forksville,Forksville,PA,Pennsylvania,42113,Sullivan,41.4896,-76.6028,135,33,polygon,FALSE,TRUE,America/New_York,3
25314,Honcut,Honcut,CA,California,6007,Butte,39.3326,-121.5388,135,12,polygon,FALSE,FALSE,America/Los_Angeles,3
25315,Daphnedale Park,Daphnedale Park,CA,California,6049,Modoc,41.5089,-120.5507,135,39,polygon,FALSE,FALSE,America/Los_Angeles,3
25316,Moorefield,Moorefield,AR,Arkansas,5063,Independence,35.7672,-91.5708,135,46,polygon,FALSE,TRUE,America/Chicago,3
25317,Everton,Everton,AR,Arkansas,5009,Boone,36.1541,-92.9095,135,110,polygon,FALSE,TRUE,America/Chicago,3
25318,Indian Village,Indian Village,IN,Indiana,18141,St. Joseph,41.7142,-86.2322,135,567,polygon,FALSE,TRUE,America/Indiana/Indianapolis,3
25319,Ricketts,Ricketts,IA,Iowa,19047,Crawford,42.1281,-95.5749,135,203,polygon,FALSE,TRUE,America/Chicago,3
25320,Clare,Clare,IA,Iowa,19187,Webster,42.5875,-94.3447,135,102,polygon,FALSE,TRUE,America/Chicago,3
25321,Freedom Acres,Freedom Acres,AZ,Arizona,4007,Gila,34.3199,-111.3051,135,29,polygon,FALSE,FALSE,America/Phoenix,3
25322,Peoria,Peoria,OK,Oklahoma,40115,Ottawa,36.9152,-94.6699,135,242,polygon,FALSE,TRUE,America/Chicago,3
25323,Castine,Castine,OH,Ohio,39037,Darke,39.9311,-84.6247,135,687,polygon,FALSE,TRUE,America/New_York,3
25324,Rayville,Rayville,MO,Missouri,29177,Ray,39.3464,-94.0649,135,158,polygon,FALSE,FALSE,America/Chicago,3
25325,Avoca,Avoca,MN,Minnesota,27101,Murray,43.949,-95.6465,135,54,polygon,FALSE,TRUE,America/Chicago,3
25326,Detroit,Detroit,KS,Kansas,20041,Dickinson,38.9358,-97.1247,135,151,polygon,FALSE,FALSE,America/Chicago,3
25327,Montrose,Montrose,MS,Mississippi,28061,Jasper,32.1257,-89.2344,135,19,polygon,FALSE,TRUE,America/Chicago,3
25328,McKinney,McKinney,KY,Kentucky,21137,Lincoln,37.453,-84.7579,135,123,polygon,FALSE,FALSE,America/New_York,3
25329,Raywick,Raywick,KY,Kentucky,21155,Marion,37.5606,-85.4311,135,58,polygon,FALSE,TRUE,America/New_York,3
25330,Astoria,Astoria,SD,South Dakota,46039,Deuel,44.5577,-96.5465,135,332,polygon,FALSE,TRUE,America/Chicago,3
25331,Otter Creek,Otter Creek,FL,Florida,12075,Levy,29.3238,-82.7734,134,38,polygon,FALSE,TRUE,America/New_York,3
25332,North Hurley,North Hurley,NM,New Mexico,35017,Grant,32.7198,-108.1285,134,33,polygon,FALSE,FALSE,America/Denver,3
25333,Epping,Epping,ND,North Dakota,38105,Williams,48.2817,-103.3579,134,138,polygon,FALSE,TRUE,America/Chicago,3
25334,Upland,Upland,NE,Nebraska,31061,Franklin,40.3195,-98.9023,134,125,polygon,FALSE,TRUE,America/Chicago,3
25335,Cassandra,Cassandra,PA,Pennsylvania,42021,Cambria,40.4085,-78.6407,134,677,polygon,FALSE,TRUE,America/New_York,3
25336,Marble,Marble,CO,Colorado,8051,Gunnison,39.0716,-107.191,134,143,polygon,FALSE,TRUE,America/Denver,3
25337,Boykin,Boykin,AL,Alabama,1131,Wilcox,32.0701,-87.2914,134,19,polygon,FALSE,FALSE,America/Chicago,3
25338,Deer Park,Deer Park,AL,Alabama,1129,Washington,31.2198,-88.3226,134,16,polygon,FALSE,FALSE,America/Chicago,3
25339,New Salem,New Salem,IL,Illinois,17149,Pike,39.7076,-90.8479,134,49,polygon,FALSE,TRUE,America/Chicago,3
25340,Mount Union,Mount Union,IA,Iowa,19087,Henry,41.0576,-91.3914,134,306,polygon,FALSE,FALSE,America/Chicago,3
25341,Hamilton,Hamilton,IA,Iowa,19125,Marion,41.1702,-92.9041,134,95,polygon,FALSE,TRUE,America/Chicago,3
25342,Ayrshire,Ayrshire,IA,Iowa,19147,Palo Alto,43.0396,-94.8335,134,249,polygon,FALSE,TRUE,America/Chicago,3
25343,Kaibab,Kaibab,AZ,Arizona,4015,Mohave,36.8815,-112.7237,134,8,polygon,FALSE,FALSE,America/Phoenix,3
25344,Crystal Beach,Crystal Beach,AZ,Arizona,4015,Mohave,34.5714,-114.3926,134,152,polygon,FALSE,TRUE,America/Los_Angeles,3
25345,Mead,Mead,OK,Oklahoma,40013,Bryan,34.0008,-96.511,134,451,polygon,FALSE,TRUE,America/Chicago,3
25346,Sharon,Sharon,OK,Oklahoma,40153,Woodward,36.2755,-99.3381,134,379,polygon,FALSE,TRUE,America/Chicago,3
25347,Willow,Willow,OK,Oklahoma,40055,Greer,35.0514,-99.5099,134,192,polygon,FALSE,TRUE,America/Chicago,3
25348,Dotyville,Dotyville,OK,Oklahoma,40115,Ottawa,36.8514,-94.9097,134,112,polygon,FALSE,FALSE,America/Chicago,3
25349,Murphy,Murphy,OK,Oklahoma,40097,Mayes,36.1336,-95.2409,134,12,polygon,FALSE,FALSE,America/Chicago,3
25350,Bairdstown,Bairdstown,OH,Ohio,39173,Wood,41.1711,-83.6072,134,191,polygon,FALSE,TRUE,America/New_York,3
25351,Mifflin,Mifflin,OH,Ohio,39005,Ashland,40.7734,-82.3639,134,283,polygon,FALSE,TRUE,America/New_York,3
25352,Prathersville,Prathersville,MO,Missouri,29047,Clay,39.3153,-94.2738,134,22,polygon,FALSE,TRUE,America/Chicago,3
25353,Oaks,Oaks,MO,Missouri,29047,Clay,39.197,-94.572,134,570,polygon,FALSE,TRUE,America/Chicago,3
25354,Hammond,Hammond,MN,Minnesota,27157,Wabasha,44.2221,-92.3738,134,492,polygon,FALSE,TRUE,America/Chicago,3
25355,Alpha,Alpha,MI,Michigan,26071,Iron,46.044,-88.3776,134,54,polygon,FALSE,TRUE,America/Menominee,3
25356,Dixonville,Dixonville,FL,Florida,12113,Santa Rosa,30.9865,-87.0416,133,10,polygon,FALSE,FALSE,America/Chicago,3
25357,Nogal,Nogal,NM,New Mexico,35027,Lincoln,33.5382,-105.7119,133,6,polygon,FALSE,FALSE,America/Denver,3
25358,La Feria North,La Feria North,TX,Texas,48061,Cameron,26.1778,-97.8232,133,44,polygon,FALSE,TRUE,America/Chicago,3
25359,Las Lomitas,Las Lomitas,TX,Texas,48247,Jim Hogg,27.3378,-98.6629,133,13,polygon,FALSE,FALSE,America/Chicago,3
25360,Valentine,Valentine,TX,Texas,48243,Jeff Davis,30.5885,-104.4953,133,105,polygon,FALSE,TRUE,America/Chicago,3
25361,Kingsbury,Kingsbury,TX,Texas,48187,Guadalupe,29.6541,-97.8,133,19,polygon,FALSE,TRUE,America/Chicago,3
25362,Dry Creek,Dry Creek,AK,Alaska,2240,Southeast Fairbanks,63.6255,-144.6364,133,0,polygon,FALSE,FALSE,America/Anchorage,3
25363,Nondalton,Nondalton,AK,Alaska,2164,Lake and Peninsula,59.9711,-154.8627,133,7,polygon,FALSE,TRUE,America/Anchorage,3
25364,Linden,Linden,NC,North Carolina,37051,Cumberland,35.2546,-78.7483,133,101,polygon,FALSE,TRUE,America/New_York,3
25365,Bowman,Bowman,TN,Tennessee,47035,Cumberland,36.0586,-85.0305,133,22,polygon,FALSE,FALSE,America/Chicago,3
25366,Beurys Lake,Beurys Lake,PA,Pennsylvania,42107,Schuylkill,40.7194,-76.3797,133,131,polygon,FALSE,FALSE,America/New_York,3
25367,Ronco,Ronco,PA,Pennsylvania,42051,Fayette,39.8686,-79.921,133,100,polygon,FALSE,FALSE,America/New_York,3
25368,Sheakleyville,Sheakleyville,PA,Pennsylvania,42085,Mercer,41.4438,-80.2067,133,261,polygon,FALSE,TRUE,America/New_York,3
25369,West Middletown,West Middletown,PA,Pennsylvania,42125,Washington,40.2432,-80.4252,133,126,polygon,FALSE,TRUE,America/New_York,3
25370,Success,Success,AR,Arkansas,5021,Clay,36.4545,-90.7226,133,229,polygon,FALSE,TRUE,America/Chicago,3
25371,West Brooklyn,West Brooklyn,IL,Illinois,17103,Lee,41.693,-89.1473,133,605,polygon,FALSE,TRUE,America/Chicago,3
25372,Cantrall,Cantrall,IL,Illinois,17167,Sangamon,39.9353,-89.6788,133,205,polygon,FALSE,TRUE,America/Chicago,3
25373,Venedy,Venedy,IL,Illinois,17189,Washington,38.3966,-89.6456,133,182,polygon,FALSE,TRUE,America/Chicago,3
25374,Jacksonville,Jacksonville,GA,Georgia,13271,Telfair,31.8126,-82.979,133,47,polygon,FALSE,TRUE,America/New_York,3
25375,Luther,Luther,IA,Iowa,19015,Boone,41.9669,-93.8176,133,87,polygon,FALSE,TRUE,America/Chicago,3
25376,Castana,Castana,IA,Iowa,19133,Monona,42.0732,-95.9105,133,55,polygon,FALSE,TRUE,America/Chicago,3
25377,Campo Bonito,Campo Bonito,AZ,Arizona,4021,Pinal,32.5629,-110.6984,133,12,polygon,FALSE,FALSE,America/Phoenix,3
25378,Acequia,Acequia,ID,Idaho,16067,Minidoka,42.6688,-113.5968,133,96,polygon,FALSE,TRUE,America/Boise,3
25379,Galestown,Galestown,MD,Maryland,24019,Dorchester,38.5633,-75.715,133,218,polygon,FALSE,TRUE,America/New_York,3
25380,Hanna,Hanna,OK,Oklahoma,40091,McIntosh,35.2042,-95.8894,133,412,polygon,FALSE,TRUE,America/Chicago,3
25381,Bradley,Bradley,OK,Oklahoma,40051,Grady,34.878,-97.7087,133,229,polygon,FALSE,TRUE,America/Chicago,3
25382,Buford,Buford,OH,Ohio,39071,Highland,39.072,-83.8393,133,34,polygon,FALSE,FALSE,America/New_York,3
25383,Patterson,Patterson,OH,Ohio,39065,Hardin,40.7822,-83.5263,133,582,polygon,FALSE,TRUE,America/New_York,3
25384,Sinking Spring,Sinking Spring,OH,Ohio,39071,Highland,39.0747,-83.3871,133,109,polygon,FALSE,TRUE,America/New_York,3
25385,Taunton,Taunton,MN,Minnesota,27083,Lyon,44.5942,-96.063,133,50,polygon,FALSE,TRUE,America/Chicago,3
25386,Brook Park,Brook Park,MN,Minnesota,27115,Pine,45.9484,-93.0728,133,51,polygon,FALSE,TRUE,America/Chicago,3
25387,Glen Arbor,Glen Arbor,MI,Michigan,26089,Leelanau,44.896,-85.9899,133,49,polygon,FALSE,FALSE,America/Detroit,3
25388,Heron,Heron,MT,Montana,30089,Sanders,48.0637,-115.9801,133,10,polygon,FALSE,FALSE,America/Denver,3
25389,Monterey,Monterey,KY,Kentucky,21187,Owen,38.4233,-84.8728,133,199,polygon,FALSE,TRUE,America/New_York,3
25390,Westport,Westport,SD,South Dakota,46013,Brown,45.6478,-98.4981,133,218,polygon,FALSE,TRUE,America/Chicago,3
25391,Gilmanton,Gilmanton,WI,Wisconsin,55011,Buffalo,44.4738,-91.6785,132,15,polygon,FALSE,FALSE,America/Chicago,3
25392,Port Colden,Port Colden,NJ,New Jersey,34041,Warren,40.7684,-74.954,132,249,polygon,FALSE,FALSE,America/New_York,3
25393,Pyote,Pyote,TX,Texas,48475,Ward,31.5381,-103.1225,132,39,polygon,FALSE,TRUE,America/Chicago,3
25394,Coldfoot,Coldfoot,AK,Alaska,2290,Yukon-Koyukuk,67.2475,-150.1079,132,1,polygon,FALSE,FALSE,America/Anchorage,3
25395,Norman,Norman,NC,North Carolina,37153,Richmond,35.1698,-79.7231,132,90,polygon,FALSE,TRUE,America/New_York,3
25396,Cordova,Cordova,NE,Nebraska,31159,Seward,40.7164,-97.3516,132,204,polygon,FALSE,TRUE,America/Chicago,3
25397,Brunswick,Brunswick,NE,Nebraska,31003,Antelope,42.3377,-97.9718,132,85,polygon,FALSE,TRUE,America/Chicago,3
25398,King Lake,King Lake,NE,Nebraska,31055,Douglas,41.3135,-96.3017,132,51,polygon,FALSE,FALSE,America/Chicago,3
25399,Atlanta,Atlanta,NE,Nebraska,31137,Phelps,40.3684,-99.4732,132,220,polygon,FALSE,TRUE,America/Chicago,3
25400,La Grange,La Grange,TN,Tennessee,47047,Fayette,35.0477,-89.2408,132,25,polygon,FALSE,TRUE,America/Chicago,3
25401,Pine Apple,Pine Apple,AL,Alabama,1131,Wilcox,31.8721,-86.9891,132,16,polygon,FALSE,TRUE,America/Chicago,3
25402,Georgetown,Georgetown,AR,Arkansas,5145,White,35.1267,-91.4539,132,176,polygon,FALSE,TRUE,America/Chicago,3
25403,Glasgow,Glasgow,IL,Illinois,17171,Scott,39.5487,-90.48,132,50,polygon,FALSE,TRUE,America/Chicago,3
25404,Pearl,Pearl,IL,Illinois,17149,Pike,39.4597,-90.6237,132,33,polygon,FALSE,TRUE,America/Chicago,3
25405,Mackey,Mackey,IN,Indiana,18051,Gibson,38.2519,-87.3911,132,563,polygon,FALSE,TRUE,America/Chicago,3
25406,Franklin,Franklin,IA,Iowa,19111,Lee,40.6668,-91.5119,132,327,polygon,FALSE,TRUE,America/Chicago,3
25407,Hastings,Hastings,OK,Oklahoma,40067,Jefferson,34.2242,-98.1087,132,106,polygon,FALSE,TRUE,America/Chicago,3
25408,Holliday,Holliday,MO,Missouri,29137,Monroe,39.4936,-92.1312,132,195,polygon,FALSE,TRUE,America/Chicago,3
25409,Novelty,Novelty,MO,Missouri,29103,Knox,40.0124,-92.2072,132,181,polygon,FALSE,TRUE,America/Chicago,3
25410,Brutus,Brutus,MI,Michigan,26047,Emmet,45.4942,-84.7818,132,18,polygon,FALSE,FALSE,America/Detroit,3
25411,Soldier,Soldier,KS,Kansas,20085,Jackson,39.5371,-95.9656,132,345,polygon,FALSE,TRUE,America/Chicago,3
25412,Glendora,Glendora,MS,Mississippi,28135,Tallahatchie,33.8276,-90.2927,132,353,polygon,FALSE,TRUE,America/Chicago,3
25413,Arbovale,Arbovale,WV,West Virginia,54075,Pocahontas,38.4353,-79.8116,131,86,polygon,FALSE,FALSE,America/New_York,3
25414,Littleton,Littleton,WV,West Virginia,54103,Wetzel,39.7024,-80.5147,131,77,polygon,FALSE,FALSE,America/New_York,3
25415,Arrowhead Springs,Arrowhead Springs,WY,Wyoming,56037,Sweetwater,41.5081,-109.1551,131,43,polygon,FALSE,FALSE,America/Denver,3
25416,La Victoria,La Victoria,TX,Texas,48427,Starr,26.3478,-98.6295,131,166,polygon,FALSE,FALSE,America/Chicago,3
25417,Kirvin,Kirvin,TX,Texas,48161,Freestone,31.7671,-96.33,131,126,polygon,FALSE,TRUE,America/Chicago,3
25418,Ekwok,Ekwok,AK,Alaska,2070,Dillingham,59.3462,-157.4861,131,3,polygon,FALSE,TRUE,America/Anchorage,3
25419,Miller,Miller,NE,Nebraska,31019,Buffalo,40.9276,-99.3901,131,133,polygon,FALSE,TRUE,America/Chicago,3
25420,Fordyce,Fordyce,NE,Nebraska,31027,Cedar,42.6983,-97.3628,131,347,polygon,FALSE,TRUE,America/Chicago,3
25421,Coal Center,Coal Center,PA,Pennsylvania,42125,Washington,40.07,-79.9009,131,444,polygon,FALSE,TRUE,America/New_York,3
25422,Silver City,Silver City,NV,Nevada,32019,Lyon,39.2639,-119.6356,131,52,polygon,FALSE,FALSE,America/Los_Angeles,3
25423,Pritchett,Pritchett,CO,Colorado,8009,Baca,37.37,-102.8587,131,217,polygon,FALSE,TRUE,America/Denver,3
25424,Lester,Lester,AL,Alabama,1083,Limestone,34.9877,-87.1515,131,27,polygon,FALSE,TRUE,America/Chicago,3
25425,Old Bennington,Old Bennington,VT,Vermont,50003,Bennington,42.8848,-73.2143,131,137,polygon,FALSE,TRUE,America/New_York,3
25426,Brussels,Brussels,IL,Illinois,17013,Calhoun,38.9485,-90.5891,131,90,polygon,FALSE,TRUE,America/Chicago,3
25427,Larrabee,Larrabee,IA,Iowa,19035,Cherokee,42.8617,-95.5446,131,388,polygon,FALSE,TRUE,America/Chicago,3
25428,East Peru,East Peru,IA,Iowa,19121,Madison,41.227,-93.9295,131,54,polygon,FALSE,TRUE,America/Chicago,3
25429,Arlington,Arlington,AZ,Arizona,4013,Maricopa,33.3346,-112.7747,131,22,polygon,FALSE,FALSE,America/Phoenix,3
25430,Fairmont,Fairmont,OK,Oklahoma,40047,Garfield,36.3552,-97.7045,131,178,polygon,FALSE,TRUE,America/Chicago,3
25431,Bearden,Bearden,OK,Oklahoma,40107,Okfuskee,35.3568,-96.3852,131,6,polygon,FALSE,TRUE,America/Chicago,3
25432,Nellie,Nellie,OH,Ohio,39031,Coshocton,40.3384,-82.0714,131,74,polygon,FALSE,TRUE,America/New_York,3
25433,Rhineland,Rhineland,MO,Missouri,29139,Montgomery,38.7205,-91.5175,131,150,polygon,FALSE,TRUE,America/Chicago,3
25434,Bragg City,Bragg City,MO,Missouri,29155,Pemiscot,36.2681,-89.9114,131,247,polygon,FALSE,TRUE,America/Chicago,3
25435,Odessa,Odessa,MN,Minnesota,27011,Big Stone,45.2622,-96.3335,131,52,polygon,FALSE,TRUE,America/Chicago,3
25436,Iona,Iona,MN,Minnesota,27101,Murray,43.9149,-95.7857,131,65,polygon,FALSE,TRUE,America/Chicago,3
25437,Garvin,Garvin,MN,Minnesota,27083,Lyon,44.2142,-95.7607,131,180,polygon,FALSE,TRUE,America/Chicago,3
25438,Hepler,Hepler,KS,Kansas,20037,Crawford,37.6637,-94.9697,131,50,polygon,FALSE,TRUE,America/Chicago,3
25439,Sawyer,Sawyer,KS,Kansas,20151,Pratt,37.4984,-98.6829,131,280,polygon,FALSE,TRUE,America/Chicago,3
25440,Central City,Central City,SD,South Dakota,46081,Lawrence,44.3684,-103.7706,131,342,polygon,FALSE,TRUE,America/Denver,3
25441,Lesterville,Lesterville,SD,South Dakota,46135,Yankton,43.0386,-97.5906,131,250,polygon,FALSE,TRUE,America/Chicago,3
25442,La Grande,La Grande,WA,Washington,53053,Pierce,46.8199,-122.2962,130,11,polygon,FALSE,FALSE,America/Los_Angeles,3
25443,Crowheart,Crowheart,WY,Wyoming,56013,Fremont,43.3398,-109.2298,130,1,polygon,FALSE,FALSE,America/Denver,3
25444,Downsville,Downsville,LA,Louisiana,22111,Union,32.6264,-92.4129,130,67,polygon,FALSE,TRUE,America/Chicago,3
25445,Marion,Marion,ND,North Dakota,38045,LaMoure,46.6091,-98.3375,130,59,polygon,FALSE,TRUE,America/Chicago,3
25446,Max,Max,NE,Nebraska,31057,Dundy,40.1144,-101.4044,130,227,polygon,FALSE,FALSE,America/Denver,3
25447,Kiskimere,Kiskimere,PA,Pennsylvania,42005,Armstrong,40.6177,-79.584,130,163,polygon,FALSE,FALSE,America/New_York,3
25448,Ronks,Ronks,PA,Pennsylvania,42071,Lancaster,40.0267,-76.171,130,74,polygon,FALSE,FALSE,America/New_York,3
25449,Ramah,Ramah,CO,Colorado,8041,El Paso,39.1222,-104.1673,130,203,polygon,FALSE,TRUE,America/Denver,3
25450,Maunie,Maunie,IL,Illinois,17193,White,38.0355,-88.0456,130,316,polygon,FALSE,TRUE,America/Chicago,3
25451,La Rose,La Rose,IL,Illinois,17123,Marshall,40.9787,-89.235,130,196,polygon,FALSE,TRUE,America/Chicago,3
25452,Boston,Boston,IN,Indiana,18177,Wayne,39.7412,-84.8517,130,225,polygon,FALSE,TRUE,America/Indiana/Indianapolis,3
25453,Millhousen,Millhousen,IN,Indiana,18031,Decatur,39.2115,-85.435,130,49,polygon,FALSE,TRUE,America/Indiana/Indianapolis,3
25454,Mitchell,Mitchell,IA,Iowa,19131,Mitchell,43.3204,-92.8707,130,92,polygon,FALSE,TRUE,America/Chicago,3
25455,Mazie,Mazie,OK,Oklahoma,40097,Mayes,36.1425,-95.3303,130,21,polygon,FALSE,FALSE,America/Chicago,3
25456,Zena,Zena,OK,Oklahoma,40041,Delaware,36.5129,-94.8454,130,14,polygon,FALSE,FALSE,America/Chicago,3
25457,Faxon,Faxon,OK,Oklahoma,40031,Comanche,34.4603,-98.5794,130,196,polygon,FALSE,TRUE,America/Chicago,3
25458,Jensen,Jensen,UT,Utah,49047,Uintah,40.3695,-109.3556,130,15,polygon,FALSE,FALSE,America/Denver,3
25459,Homestown,Homestown,MO,Missouri,29155,Pemiscot,36.3318,-89.8242,130,406,polygon,FALSE,TRUE,America/Chicago,3
25460,Morrison,Morrison,MO,Missouri,29073,Gasconade,38.6716,-91.6334,130,110,polygon,FALSE,TRUE,America/Chicago,3
25461,Kingdom City,Kingdom City,MO,Missouri,29027,Callaway,38.9473,-91.939,130,27,polygon,FALSE,TRUE,America/Chicago,3
25462,Wolverton,Wolverton,MN,Minnesota,27167,Wilkin,46.563,-96.7363,130,143,polygon,FALSE,TRUE,America/Chicago,3
25463,Herndon,Herndon,KS,Kansas,20153,Rawlins,39.9092,-100.7865,130,159,polygon,FALSE,TRUE,America/Chicago,3
25464,Carthage,Carthage,SD,South Dakota,46097,Miner,44.1686,-97.715,130,34,polygon,FALSE,TRUE,America/Chicago,3
25465,Dimock,Dimock,SD,South Dakota,46067,Hutchinson,43.4764,-97.9888,130,292,polygon,FALSE,TRUE,America/Chicago,3
25466,Woodman,Woodman,WI,Wisconsin,55043,Grant,43.0925,-90.7976,129,198,polygon,FALSE,TRUE,America/Chicago,3
25467,Center Sandwich,Center Sandwich,NH,New Hampshire,33003,Carroll,43.8085,-71.4395,129,84,polygon,FALSE,FALSE,America/New_York,3
25468,Virden,Virden,NM,New Mexico,35023,Hidalgo,32.6889,-109.0013,129,235,polygon,FALSE,TRUE,America/Denver,3
25469,Salineño,Salineno,TX,Texas,48427,Starr,26.5176,-99.1121,129,732,polygon,FALSE,FALSE,America/Chicago,3
25470,Marietta,Marietta,TX,Texas,48067,Cass,33.1736,-94.5425,129,86,polygon,FALSE,TRUE,America/Chicago,3
25471,Estelline,Estelline,TX,Texas,48191,Hall,34.547,-100.44,129,67,polygon,FALSE,TRUE,America/Chicago,3
25472,Seven Oaks,Seven Oaks,TX,Texas,48373,Polk,30.8517,-94.8579,129,35,polygon,FALSE,TRUE,America/Chicago,3
25473,Delmita,Delmita,TX,Texas,48427,Starr,26.6851,-98.4231,129,15,polygon,FALSE,FALSE,America/Chicago,3
25474,Medora,Medora,ND,North Dakota,38007,Billings,46.9127,-103.525,129,135,polygon,FALSE,TRUE,America/Denver,3
25475,Merriman,Merriman,NE,Nebraska,31031,Cherry,42.923,-101.6997,129,48,polygon,FALSE,TRUE,America/Denver,3
25476,Imlay,Imlay,NV,Nevada,32027,Pershing,40.6581,-118.1441,129,42,polygon,FALSE,FALSE,America/Los_Angeles,3
25477,Crystal Bay,Crystal Bay,NV,Nevada,32031,Washoe,39.2315,-120.0017,129,110,polygon,FALSE,FALSE,America/Los_Angeles,3
25478,Carrsville,Carrsville,VA,Virginia,51093,Isle of Wight,36.7088,-76.8371,129,15,polygon,FALSE,FALSE,America/New_York,3
25479,Browns,Browns,IL,Illinois,17047,Edwards,38.3775,-87.9831,129,171,polygon,FALSE,TRUE,America/Chicago,3
25480,Dewy Rose,Dewy Rose,GA,Georgia,13105,Elbert,34.1681,-82.9395,129,29,polygon,FALSE,FALSE,America/New_York,3
25481,St. Donatus,St. Donatus,IA,Iowa,19097,Jackson,42.3624,-90.5422,129,132,polygon,FALSE,TRUE,America/Chicago,3
25482,Gould,Gould,OK,Oklahoma,40057,Harmon,34.6693,-99.7736,129,140,polygon,FALSE,TRUE,America/Chicago,3
25483,Colony,Colony,OK,Oklahoma,40149,Washita,35.3487,-98.6713,129,53,polygon,FALSE,TRUE,America/Chicago,3
25484,New Weston,New Weston,OH,Ohio,39037,Darke,40.337,-84.6436,129,194,polygon,FALSE,TRUE,America/New_York,3
25485,Ithaca,Ithaca,OH,Ohio,39037,Darke,39.9378,-84.5533,129,1594,polygon,FALSE,TRUE,America/New_York,3
25486,Fleming,Fleming,MO,Missouri,29177,Ray,39.1956,-94.0523,129,92,polygon,FALSE,TRUE,America/Chicago,3
25487,Avilla,Avilla,MO,Missouri,29097,Jasper,37.1938,-94.1298,129,254,polygon,FALSE,TRUE,America/Chicago,3
25488,Goodridge,Goodridge,MN,Minnesota,27113,Pennington,48.1442,-95.8039,129,264,polygon,FALSE,TRUE,America/Chicago,3
25489,Woodston,Woodston,KS,Kansas,20163,Rooks,39.4539,-99.0983,129,233,polygon,FALSE,TRUE,America/Chicago,3
25490,Woodland,Woodland,MS,Mississippi,28017,Chickasaw,33.7797,-89.0507,129,87,polygon,FALSE,TRUE,America/Chicago,3
25491,Anon Raices,Anon Raices,PR,Puerto Rico,72113,Ponce,18.1392,-66.5866,129,804,polygon,FALSE,TRUE,America/Puerto_Rico,3
25492,Virgie,Virgie,KY,Kentucky,21195,Pike,37.3323,-82.5824,129,48,polygon,FALSE,FALSE,America/New_York,3
25493,Starbuck,Starbuck,WA,Washington,53013,Columbia,46.5187,-118.1258,128,242,polygon,FALSE,TRUE,America/Los_Angeles,3
25494,Drummond,Drummond,WI,Wisconsin,55007,Bayfield,46.3436,-91.25,128,35,polygon,FALSE,FALSE,America/Chicago,3
25495,Granger,Granger,WY,Wyoming,56037,Sweetwater,41.597,-109.9627,128,19,polygon,FALSE,TRUE,America/Denver,3
25496,Novice,Novice,TX,Texas,48083,Coleman,31.9872,-99.6251,128,102,polygon,FALSE,TRUE,America/Chicago,3
25497,Mertens,Mertens,TX,Texas,48217,Hill,32.0588,-96.8937,128,113,polygon,FALSE,TRUE,America/Chicago,3
25498,Powhatan,Powhatan,LA,Louisiana,22069,Natchitoches,31.8738,-93.2033,128,91,polygon,FALSE,TRUE,America/Chicago,3
25499,Crystal,Crystal,ND,North Dakota,38067,Pembina,48.5981,-97.6685,128,71,polygon,FALSE,TRUE,America/Chicago,3
25500,Brownville,Brownville,NE,Nebraska,31127,Nemaha,40.3976,-95.661,128,75,polygon,FALSE,TRUE,America/Chicago,3
25501,Hall,Hall,NY,New York,36069,Ontario,42.7965,-77.0679,128,48,polygon,FALSE,FALSE,America/New_York,3
25502,Rainsburg,Rainsburg,PA,Pennsylvania,42009,Bedford,39.8956,-78.5172,128,304,polygon,FALSE,TRUE,America/New_York,3
25503,New Centerville,New Centerville,PA,Pennsylvania,42111,Somerset,39.9424,-79.1916,128,347,polygon,FALSE,TRUE,America/New_York,3
25504,Scottsburg,Scottsburg,VA,Virginia,51083,Halifax,36.7588,-78.7914,128,66,polygon,FALSE,TRUE,America/New_York,3
25505,Crisman,Crisman,CO,Colorado,8013,Boulder,40.0416,-105.3675,128,33,polygon,FALSE,FALSE,America/Denver,3
25506,Black Hawk,Black Hawk,CO,Colorado,8047,Gilpin,39.8043,-105.495,128,18,polygon,FALSE,TRUE,America/Denver,3
25507,Bodcaw,Bodcaw,AR,Arkansas,5099,Nevada,33.5607,-93.4013,128,16,polygon,FALSE,TRUE,America/Chicago,3
25508,Alicia,Alicia,AR,Arkansas,5075,Lawrence,35.8929,-91.0835,128,114,polygon,FALSE,TRUE,America/Chicago,3
25509,Blountsville,Blountsville,IN,Indiana,18065,Henry,40.06,-85.2383,128,440,polygon,FALSE,TRUE,America/Indiana/Indianapolis,3
25510,Centralia,Centralia,IA,Iowa,19061,Dubuque,42.4723,-90.8362,128,79,polygon,FALSE,TRUE,America/Chicago,3
25511,Webb,Webb,IA,Iowa,19041,Clay,42.9497,-95.0129,128,98,polygon,FALSE,TRUE,America/Chicago,3
25512,Goodell,Goodell,IA,Iowa,19081,Hancock,42.9237,-93.614,128,115,polygon,FALSE,TRUE,America/Chicago,3
25513,Westfield,Westfield,IA,Iowa,19149,Plymouth,42.7561,-96.6055,128,386,polygon,FALSE,TRUE,America/Chicago,3
25514,Gapland,Gapland,MD,Maryland,24043,Washington,39.402,-77.6583,128,221,polygon,FALSE,FALSE,America/New_York,3
25515,Cheshire,Cheshire,OH,Ohio,39053,Gallia,38.9502,-82.113,128,64,polygon,FALSE,TRUE,America/New_York,3
25516,Lewis and Clark Village,Lewis and Clark Village,MO,Missouri,29021,Buchanan,39.5375,-95.0506,128,80,polygon,FALSE,TRUE,America/Chicago,3
25517,Hunter,Hunter,MO,Missouri,29035,Carter,36.8867,-90.8483,128,13,polygon,FALSE,FALSE,America/Chicago,3
25518,Chain-O-Lakes,Chain-O-Lakes,MO,Missouri,29009,Barry,36.5343,-93.7243,128,590,polygon,FALSE,TRUE,America/Chicago,3
25519,Viola,Viola,KS,Kansas,20173,Sedgwick,37.4829,-97.6445,128,300,polygon,FALSE,TRUE,America/Chicago,3
25520,Sallis,Sallis,MS,Mississippi,28007,Attala,33.0215,-89.7647,128,120,polygon,FALSE,TRUE,America/Chicago,3
25521,St. Mary,St. Mary,KY,Kentucky,21155,Marion,37.5807,-85.3463,128,56,polygon,FALSE,TRUE,America/New_York,3
25522,Summit,Summit,OR,Oregon,41003,Benton,44.6361,-123.5768,128,159,polygon,FALSE,FALSE,America/Los_Angeles,3
25523,Claremont,Claremont,SD,South Dakota,46013,Brown,45.6719,-98.0157,128,196,polygon,FALSE,TRUE,America/Chicago,3
25524,Amanda Park,Amanda Park,WA,Washington,53027,Grays Harbor,47.4532,-123.9194,127,5,polygon,FALSE,FALSE,America/Los_Angeles,3
25525,Lynxville,Lynxville,WI,Wisconsin,55023,Crawford,43.2493,-91.0464,127,36,polygon,FALSE,TRUE,America/Chicago,3
25526,Bonanza Hills,Bonanza Hills,TX,Texas,48479,Webb,27.7948,-99.4695,127,44,polygon,FALSE,TRUE,America/Chicago,3
25527,Spearsville,Spearsville,LA,Louisiana,22111,Union,32.9339,-92.6022,127,23,polygon,FALSE,TRUE,America/Chicago,3
25528,Hollis,Hollis,AK,Alaska,2198,Prince of Wales-Hyder,55.5113,-132.7023,127,0,polygon,FALSE,FALSE,America/Sitka,3
25529,New Buffalo,New Buffalo,PA,Pennsylvania,42099,Perry,40.4543,-76.9705,127,828,polygon,FALSE,TRUE,America/New_York,3
25530,Chalkhill,Chalkhill,PA,Pennsylvania,42051,Fayette,39.8461,-79.6143,127,59,polygon,FALSE,FALSE,America/New_York,3
25531,Washington,Washington,VA,Virginia,51157,Rappahannock,38.7121,-78.1599,127,186,polygon,FALSE,TRUE,America/New_York,3
25532,Ewing,Ewing,VA,Virginia,51105,Lee,36.6381,-83.4291,127,13,polygon,FALSE,FALSE,America/New_York,3
25533,Deerfield,Deerfield,VA,Virginia,51015,Augusta,38.1954,-79.4105,127,14,polygon,FALSE,FALSE,America/New_York,3
25534,Furnace Creek,Furnace Creek,CA,California,6027,Inyo,36.4277,-116.8747,127,1,polygon,FALSE,FALSE,America/Los_Angeles,3
25535,McKittrick,McKittrick,CA,California,6029,Kern,35.2981,-119.6249,127,18,polygon,FALSE,FALSE,America/Los_Angeles,3
25536,Dubois,Dubois,IN,Indiana,18037,Dubois,38.4458,-86.7978,127,31,polygon,FALSE,FALSE,America/Indiana/Vincennes,3
25537,St. Marys,St. Marys,IA,Iowa,19181,Warren,41.3076,-93.7338,127,345,polygon,FALSE,TRUE,America/Chicago,3
25538,Smiths Ferry,Smiths Ferry,ID,Idaho,16085,Valley,44.2989,-116.0782,127,26,polygon,FALSE,FALSE,America/Boise,3
25539,Pensacola,Pensacola,OK,Oklahoma,40097,Mayes,36.4556,-95.1292,127,331,polygon,FALSE,TRUE,America/Chicago,3
25540,Phillips,Phillips,OK,Oklahoma,40029,Coal,34.5041,-96.2231,127,94,polygon,FALSE,TRUE,America/Chicago,3
25541,Sulphur Springs,Sulphur Springs,OH,Ohio,39033,Crawford,40.8722,-82.8765,127,203,polygon,FALSE,FALSE,America/New_York,3
25542,Westboro,Westboro,MO,Missouri,29005,Atchison,40.535,-95.3212,127,193,polygon,FALSE,TRUE,America/Chicago,3
25543,Ludlow,Ludlow,MO,Missouri,29117,Livingston,39.6541,-93.7026,127,312,polygon,FALSE,TRUE,America/Chicago,3
25544,Jameson,Jameson,MO,Missouri,29061,Daviess,40.0059,-93.9878,127,218,polygon,FALSE,TRUE,America/Chicago,3
25545,Baring,Baring,MO,Missouri,29103,Knox,40.2447,-92.2058,127,385,polygon,FALSE,TRUE,America/Chicago,3
25546,Caledonia,Caledonia,MO,Missouri,29221,Washington,37.765,-90.772,127,299,polygon,FALSE,TRUE,America/Chicago,3
25547,Meadowlands,Meadowlands,MN,Minnesota,27137,St. Louis,47.0731,-92.7311,127,128,polygon,FALSE,TRUE,America/Chicago,3
25548,Wright,Wright,MN,Minnesota,27017,Carlton,46.6725,-93.0069,127,33,polygon,FALSE,TRUE,America/Chicago,3
25549,Quamba,Quamba,MN,Minnesota,27065,Kanabec,45.9155,-93.1753,127,70,polygon,FALSE,TRUE,America/Chicago,3
25550,Forestville,Forestville,MI,Michigan,26151,Sanilac,43.66,-82.6125,127,61,polygon,FALSE,TRUE,America/Detroit,3
25551,Lorraine,Lorraine,KS,Kansas,20053,Ellsworth,38.569,-98.3173,127,194,polygon,FALSE,TRUE,America/Chicago,3
25552,Mountville,Mountville,SC,South Carolina,45059,Laurens,34.3664,-81.9759,127,17,polygon,FALSE,FALSE,America/New_York,3
25553,Java,Java,SD,South Dakota,46129,Walworth,45.5037,-99.8839,127,99,polygon,FALSE,TRUE,America/Chicago,3
25554,Midland,Midland,SD,South Dakota,46055,Haakon,44.0711,-101.1553,127,142,polygon,FALSE,TRUE,America/Denver,3
25555,Zoar,Zoar,WI,Wisconsin,55078,Menominee,45.0178,-88.8945,126,5,polygon,FALSE,FALSE,America/Chicago,3
25556,La Loma de Falcon,La Loma de Falcon,TX,Texas,48427,Starr,26.537,-99.0961,126,567,polygon,FALSE,TRUE,America/Chicago,3
25557,Jamestown,Jamestown,LA,Louisiana,22013,Bienville,32.3397,-93.2065,126,27,polygon,FALSE,TRUE,America/Chicago,3
25558,Chuathbaluk,Chuathbaluk,AK,Alaska,2050,Bethel,61.5746,-159.2489,126,10,polygon,FALSE,TRUE,America/Anchorage,3
25559,Bisbee,Bisbee,ND,North Dakota,38095,Towner,48.6272,-99.3788,126,161,polygon,FALSE,TRUE,America/Chicago,3
25560,Filley,Filley,NE,Nebraska,31067,Gage,40.2849,-96.534,126,444,polygon,FALSE,TRUE,America/Chicago,3
25561,Lodoga,Lodoga,CA,California,6011,Colusa,39.3041,-122.5058,126,14,polygon,FALSE,FALSE,America/Los_Angeles,3
25562,Lake Almanor West,Lake Almanor West,CA,California,6063,Plumas,40.2336,-121.2021,126,21,polygon,FALSE,FALSE,America/Los_Angeles,3
25563,New Blaine,New Blaine,AR,Arkansas,5083,Logan,35.2929,-93.4202,126,29,polygon,FALSE,FALSE,America/Chicago,3
25564,Ohlman,Ohlman,IL,Illinois,17135,Montgomery,39.3434,-89.2188,126,137,polygon,FALSE,TRUE,America/Chicago,3
25565,Camak,Camak,GA,Georgia,13301,Warren,33.4526,-82.6463,126,61,polygon,FALSE,TRUE,America/New_York,3
25566,Sharon,Sharon,GA,Georgia,13265,Taliaferro,33.5601,-82.795,126,62,polygon,FALSE,TRUE,America/New_York,3
25567,Ulen,Ulen,IN,Indiana,18011,Boone,40.0662,-86.4651,126,212,polygon,FALSE,TRUE,America/Indiana/Indianapolis,3
25568,Dawson,Dawson,IA,Iowa,19049,Dallas,41.8431,-94.2203,126,98,polygon,FALSE,TRUE,America/Chicago,3
25569,Kohls Ranch,Kohls Ranch,AZ,Arizona,4007,Gila,34.321,-111.0838,126,41,polygon,FALSE,FALSE,America/Phoenix,3
25570,Hoffman,Hoffman,OK,Oklahoma,40111,Okmulgee,35.4889,-95.8449,126,185,polygon,FALSE,TRUE,America/Chicago,3
25571,Narcissa,Narcissa,OK,Oklahoma,40115,Ottawa,36.801,-94.9278,126,11,polygon,FALSE,FALSE,America/Chicago,3
25572,Georgetown,Georgetown,MN,Minnesota,27027,Clay,47.0784,-96.7959,126,47,polygon,FALSE,TRUE,America/Chicago,3
25573,Lake Leelanau,Lake Leelanau,MI,Michigan,26089,Leelanau,44.9806,-85.7157,126,190,polygon,FALSE,FALSE,America/Detroit,3
25574,New Cambria,New Cambria,KS,Kansas,20169,Saline,38.879,-97.5066,126,272,polygon,FALSE,TRUE,America/Chicago,3
25575,Rudyard,Rudyard,MT,Montana,30041,Hill,48.5599,-110.55,126,53,polygon,FALSE,FALSE,America/Denver,3
25576,Marrowbone,Marrowbone,KY,Kentucky,21057,Cumberland,36.8319,-85.5053,126,38,polygon,FALSE,FALSE,America/Chicago,3
25577,Loomis,Loomis,WA,Washington,53047,Okanogan,48.8235,-119.6398,125,55,polygon,FALSE,FALSE,America/Los_Angeles,3
25578,Cold Bay,Cold Bay,AK,Alaska,2013,Aleutians East,55.2122,-162.7475,125,0,polygon,FALSE,TRUE,America/Nome,3
25579,Rodanthe,Rodanthe,NC,North Carolina,37055,Dare,35.5897,-75.466,125,44,polygon,FALSE,FALSE,America/New_York,3
25580,Sheldon,Sheldon,ND,North Dakota,38073,Ransom,46.5886,-97.4944,125,118,polygon,FALSE,TRUE,America/Chicago,3
25581,Endicott,Endicott,NE,Nebraska,31095,Jefferson,40.0814,-97.0954,125,105,polygon,FALSE,TRUE,America/Chicago,3
25582,Haynes,Haynes,AR,Arkansas,5077,Lee,34.8909,-90.7927,125,138,polygon,FALSE,TRUE,America/Chicago,3
25583,St. Joe,St. Joe,AR,Arkansas,5129,Searcy,36.029,-92.8078,125,38,polygon,FALSE,TRUE,America/Chicago,3
25584,Peach Orchard,Peach Orchard,AR,Arkansas,5021,Clay,36.2812,-90.6608,125,46,polygon,FALSE,TRUE,America/Chicago,3
25585,Canoochee,Canoochee,GA,Georgia,13107,Emanuel,32.6786,-82.1786,125,20,polygon,FALSE,FALSE,America/New_York,3
25586,McIntire,McIntire,IA,Iowa,19131,Mitchell,43.436,-92.5937,125,47,polygon,FALSE,TRUE,America/Chicago,3
25587,Christopher Creek,Christopher Creek,AZ,Arizona,4007,Gila,34.3206,-111.0072,125,15,polygon,FALSE,FALSE,America/Phoenix,3
25588,Vale Summit,Vale Summit,MD,Maryland,24001,Allegany,39.6152,-78.9084,125,48,polygon,FALSE,FALSE,America/New_York,3
25589,National,National,MD,Maryland,24001,Allegany,39.6111,-78.9401,125,307,polygon,FALSE,FALSE,America/New_York,3
25590,Deer Creek,Deer Creek,OK,Oklahoma,40053,Grant,36.8067,-97.5193,125,350,polygon,FALSE,TRUE,America/Chicago,3
25591,Cosby,Cosby,MO,Missouri,29003,Andrew,39.8639,-94.6798,125,513,polygon,FALSE,TRUE,America/Chicago,3
25592,Damar,Damar,KS,Kansas,20163,Rooks,39.3192,-99.5844,125,253,polygon,FALSE,TRUE,America/Chicago,3
25593,Odin,Odin,KS,Kansas,20009,Barton,38.5654,-98.6087,125,12,polygon,FALSE,FALSE,America/Chicago,3
25594,Judith Gap,Judith Gap,MT,Montana,30107,Wheatland,46.6791,-109.7534,125,145,polygon,FALSE,TRUE,America/Denver,3
25595,Pony,Pony,MT,Montana,30057,Madison,45.6629,-111.8827,125,35,polygon,FALSE,FALSE,America/Denver,3
25596,Fort Shaw,Fort Shaw,MT,Montana,30013,Cascade,47.4969,-111.8194,125,8,polygon,FALSE,FALSE,America/Denver,3
25597,Monument,Monument,OR,Oregon,41023,Grant,44.8209,-119.4208,125,94,polygon,FALSE,TRUE,America/Los_Angeles,3
25598,Watrous,Watrous,NM,New Mexico,35033,Mora,35.79,-104.9821,124,84,polygon,FALSE,FALSE,America/Denver,3
25599,Cuartelez,Cuartelez,NM,New Mexico,35049,Santa Fe,35.9928,-106.0197,124,34,polygon,FALSE,TRUE,America/Denver,3
25600,Noonan,Noonan,ND,North Dakota,38023,Divide,48.8899,-103.0101,124,163,polygon,FALSE,TRUE,America/Chicago,3
25601,Yogaville,Yogaville,VA,Virginia,51029,Buckingham,37.6654,-78.6946,124,9,polygon,FALSE,FALSE,America/New_York,3
25602,Gold Hill,Gold Hill,CO,Colorado,8013,Boulder,40.0597,-105.4189,124,23,polygon,FALSE,FALSE,America/Denver,3
25603,Cusseta,Cusseta,AL,Alabama,1017,Chambers,32.7877,-85.3057,124,18,polygon,FALSE,TRUE,America/Chicago,3
25604,Toxey,Toxey,AL,Alabama,1023,Choctaw,31.9107,-88.3091,124,69,polygon,FALSE,TRUE,America/Chicago,3
25605,Vernonburg,Vernonburg,GA,Georgia,13051,Chatham,31.9638,-81.1257,124,118,polygon,FALSE,TRUE,America/New_York,3
25606,Climbing Hill,Climbing Hill,IA,Iowa,19193,Woodbury,42.3394,-96.081,124,37,polygon,FALSE,FALSE,America/Chicago,3
25607,St. Paul,St. Paul,IA,Iowa,19111,Lee,40.7678,-91.5164,124,126,polygon,FALSE,TRUE,America/Chicago,3
25608,Havelock,Havelock,IA,Iowa,19151,Pocahontas,42.8331,-94.7008,124,84,polygon,FALSE,TRUE,America/Chicago,3
25609,Archer,Archer,IA,Iowa,19141,O'Brien,43.1151,-95.7442,124,509,polygon,FALSE,TRUE,America/Chicago,3
25610,Rentiesville,Rentiesville,OK,Oklahoma,40091,McIntosh,35.533,-95.4849,124,27,polygon,FALSE,TRUE,America/Chicago,3
25611,Hallett,Hallett,OK,Oklahoma,40117,Pawnee,36.2315,-96.5679,124,53,polygon,FALSE,TRUE,America/Chicago,3
25612,Adamsville,Adamsville,OH,Ohio,39119,Muskingum,40.0689,-81.8826,124,889,polygon,FALSE,TRUE,America/New_York,3
25613,West Union,West Union,MN,Minnesota,27153,Todd,45.7965,-95.0925,124,107,polygon,FALSE,TRUE,America/Chicago,3
25614,Bingham Lake,Bingham Lake,MN,Minnesota,27033,Cottonwood,43.9096,-95.0461,124,63,polygon,FALSE,TRUE,America/Chicago,3
25615,Heidelberg,Heidelberg,MN,Minnesota,27079,Le Sueur,44.4932,-93.6264,124,90,polygon,FALSE,TRUE,America/Chicago,3
25616,Peru,Peru,KS,Kansas,20019,Chautauqua,37.0803,-96.0962,124,147,polygon,FALSE,TRUE,America/Chicago,3
25617,Windom,Windom,KS,Kansas,20113,McPherson,38.3842,-97.9102,124,237,polygon,FALSE,TRUE,America/Chicago,3
25618,Hudson,Hudson,KS,Kansas,20185,Stafford,38.1047,-98.6605,124,383,polygon,FALSE,TRUE,America/Chicago,3
25619,Whitewater,Whitewater,MT,Montana,30071,Phillips,48.7634,-107.6302,124,45,polygon,FALSE,FALSE,America/Denver,3
25620,Custer,Custer,MT,Montana,30111,Yellowstone,46.1293,-107.5552,124,152,polygon,FALSE,FALSE,America/Denver,3
25621,McCool,McCool,MS,Mississippi,28007,Attala,33.1995,-89.3418,124,50,polygon,FALSE,TRUE,America/Chicago,3
25622,Richland,Richland,SD,South Dakota,46127,Union,42.7639,-96.648,124,8,polygon,FALSE,FALSE,America/Chicago,3
25623,Ashton,Ashton,SD,South Dakota,46115,Spink,44.9931,-98.4991,124,109,polygon,FALSE,TRUE,America/Chicago,3
25624,Harrold,Harrold,SD,South Dakota,46065,Hughes,44.5235,-99.7393,124,179,polygon,FALSE,TRUE,America/Chicago,3
25625,Sinai,Sinai,SD,South Dakota,46011,Brookings,44.2445,-97.044,124,130,polygon,FALSE,TRUE,America/Chicago,3
25626,Edison,Edison,WA,Washington,53057,Skagit,48.5602,-122.4311,123,82,polygon,FALSE,FALSE,America/Los_Angeles,3
25627,Brandywine,Brandywine,WV,West Virginia,54071,Pendleton,38.6219,-79.2413,123,96,polygon,FALSE,FALSE,America/New_York,3
25628,Dickerson City,Dickerson City,FL,Florida,12113,Santa Rosa,30.4826,-87.0651,123,35,polygon,FALSE,FALSE,America/Chicago,3
25629,Oak Ridge,Oak Ridge,LA,Louisiana,22067,Morehouse,32.6244,-91.7731,123,47,polygon,FALSE,TRUE,America/Chicago,3
25630,Deering,Deering,AK,Alaska,2188,Northwest Arctic,66.0723,-162.7437,123,9,polygon,FALSE,TRUE,America/Nome,3
25631,Edison,Edison,NE,Nebraska,31065,Furnas,40.2776,-99.7763,123,178,polygon,FALSE,TRUE,America/Chicago,3
25632,Whitesville,Whitesville,VA,Virginia,51001,Accomack,37.7816,-75.6636,123,138,polygon,FALSE,FALSE,America/New_York,3
25633,Palmyra,Palmyra,VA,Virginia,51065,Fluvanna,37.8652,-78.2627,123,33,polygon,FALSE,FALSE,America/New_York,3
25634,Eldridge,Eldridge,AL,Alabama,1127,Walker,33.922,-87.6201,123,67,polygon,FALSE,TRUE,America/Chicago,3
25635,Perkinsville,Perkinsville,VT,Vermont,50027,Windsor,43.371,-72.5157,123,260,polygon,FALSE,TRUE,America/New_York,3
25636,Browning,Browning,IL,Illinois,17169,Schuyler,40.127,-90.3731,123,153,polygon,FALSE,TRUE,America/Chicago,3
25637,Leonore,Leonore,IL,Illinois,17099,LaSalle,41.189,-88.9825,123,534,polygon,FALSE,TRUE,America/Chicago,3
25638,Liverpool,Liverpool,IL,Illinois,17057,Fulton,40.3901,-90.0022,123,564,polygon,FALSE,TRUE,America/Chicago,3
25639,Livonia,Livonia,IN,Indiana,18175,Washington,38.5549,-86.2778,123,45,polygon,FALSE,TRUE,America/Indiana/Indianapolis,3
25640,St. Joseph,St. Joseph,IA,Iowa,19109,Kossuth,42.9123,-94.2308,123,55,polygon,FALSE,FALSE,America/Chicago,3
25641,Seba Dalkai,Seba Dalkai,AZ,Arizona,4017,Navajo,35.4816,-110.4562,123,3,polygon,FALSE,FALSE,America/Denver,3
25642,Fort Ritchie,Fort Ritchie,MD,Maryland,24043,Washington,39.7022,-77.5021,123,48,polygon,TRUE,TRUE,America/New_York,3
25643,Parkman,Parkman,OH,Ohio,39055,Geauga,41.3722,-81.0591,123,66,polygon,FALSE,FALSE,America/New_York,3
25644,Summitville,Summitville,OH,Ohio,39029,Columbiana,40.6759,-80.8876,123,51,polygon,FALSE,TRUE,America/New_York,3
25645,Leisure Lake,Leisure Lake,MO,Missouri,29079,Grundy,40.11,-93.7236,123,34,polygon,FALSE,TRUE,America/Chicago,3
25646,McKinley,McKinley,MN,Minnesota,27137,St. Louis,47.509,-92.4057,123,32,polygon,FALSE,TRUE,America/Chicago,3
25647,De Graff,De Graff,MN,Minnesota,27151,Swift,45.2599,-95.4683,123,56,polygon,FALSE,TRUE,America/Chicago,3
25648,Bena,Bena,MN,Minnesota,27021,Cass,47.3404,-94.206,123,94,polygon,FALSE,TRUE,America/Chicago,3
25649,Harding,Harding,MN,Minnesota,27097,Morrison,46.1191,-94.0368,123,15,polygon,FALSE,TRUE,America/Chicago,3
25650,Cassoday,Cassoday,KS,Kansas,20015,Butler,38.0386,-96.6386,123,139,polygon,FALSE,TRUE,America/Chicago,3
25651,Luray,Luray,SC,South Carolina,45049,Hampton,32.8142,-81.2403,123,45,polygon,FALSE,TRUE,America/New_York,3
25652,Oelrichs,Oelrichs,SD,South Dakota,46047,Fall River,43.182,-103.2334,123,129,polygon,FALSE,TRUE,America/Denver,3
25653,Cavour,Cavour,SD,South Dakota,46005,Beadle,44.3693,-98.0421,123,115,polygon,FALSE,TRUE,America/Chicago,3
25654,Pine Grove,Pine Grove,WA,Washington,53019,Ferry,48.6502,-118.684,122,96,polygon,FALSE,TRUE,America/Los_Angeles,3
25655,Farmington,Farmington,DE,Delaware,10001,Kent,38.8699,-75.579,122,647,polygon,FALSE,TRUE,America/New_York,3
25656,Steuben,Steuben,WI,Wisconsin,55023,Crawford,43.1833,-90.8569,122,7,polygon,FALSE,TRUE,America/Chicago,3
25657,Des Moines,Des Moines,NM,New Mexico,35059,Union,36.7613,-103.8342,122,54,polygon,FALSE,TRUE,America/Denver,3
25658,Edgewater Estates,Edgewater Estates,TX,Texas,48409,San Patricio,28.0969,-97.865,122,932,polygon,FALSE,FALSE,America/Chicago,3
25659,Pitkas Point,Pitkas Point,AK,Alaska,2158,Kusilvak,62.0374,-163.2681,122,29,polygon,FALSE,FALSE,America/Nome,3
25660,Inman,Inman,NE,Nebraska,31089,Holt,42.3819,-98.5298,122,164,polygon,FALSE,TRUE,America/Chicago,3
25661,Ayr,Ayr,NE,Nebraska,31001,Adams,40.4377,-98.4409,122,194,polygon,FALSE,TRUE,America/Chicago,3
25662,Frankfort Springs,Frankfort Springs,PA,Pennsylvania,42007,Beaver,40.481,-80.4428,122,181,polygon,FALSE,TRUE,America/New_York,3
25663,Higden,Higden,AR,Arkansas,5023,Cleburne,35.5666,-92.2047,122,93,polygon,FALSE,TRUE,America/Chicago,3
25664,Raritan,Raritan,IL,Illinois,17071,Henderson,40.6958,-90.8253,122,495,polygon,FALSE,TRUE,America/Chicago,3
25665,Bishop Hill,Bishop Hill,IL,Illinois,17073,Henry,41.1997,-90.1175,122,88,polygon,FALSE,TRUE,America/Chicago,3
25666,Cedar Springs,Cedar Springs,GA,Georgia,13099,Early,31.1873,-85.0324,122,15,polygon,FALSE,FALSE,America/New_York,3
25667,Bouton,Bouton,IA,Iowa,19049,Dallas,41.8511,-94.0106,122,436,polygon,FALSE,TRUE,America/Chicago,3
25668,Rutland,Rutland,IA,Iowa,19091,Humboldt,42.7614,-94.2952,122,52,polygon,FALSE,TRUE,America/Chicago,3
25669,Ferguson,Ferguson,IA,Iowa,19127,Marshall,41.9386,-92.863,122,184,polygon,FALSE,TRUE,America/Chicago,3
25670,Vernon,Vernon,AZ,Arizona,4001,Apache,34.2509,-109.6926,122,83,polygon,FALSE,FALSE,America/Phoenix,3
25671,Elk River,Elk River,ID,Idaho,16035,Clearwater,46.7829,-116.1811,122,324,polygon,FALSE,TRUE,America/Los_Angeles,3
25672,Hillsdale,Hillsdale,OK,Oklahoma,40047,Garfield,36.5634,-97.9927,122,130,polygon,FALSE,TRUE,America/Chicago,3
25673,Dexter City,Dexter City,OH,Ohio,39121,Noble,39.6592,-81.4739,122,282,polygon,FALSE,TRUE,America/New_York,3
25674,Whitewater,Whitewater,MO,Missouri,29031,Cape Girardeau,37.2368,-89.7978,122,219,polygon,FALSE,TRUE,America/Chicago,3
25675,Allenville,Allenville,MO,Missouri,29031,Cape Girardeau,37.2217,-89.7555,122,304,polygon,FALSE,TRUE,America/Chicago,3
25676,Ormsby,Ormsby,MN,Minnesota,27091,Martin,43.8503,-94.6986,122,133,polygon,FALSE,TRUE,America/Chicago,3
25677,Miesville,Miesville,MN,Minnesota,27037,Dakota,44.599,-92.8196,122,26,polygon,FALSE,TRUE,America/Chicago,3
25678,Livingston,Livingston,SC,South Carolina,45075,Orangeburg,33.5531,-81.1195,122,59,polygon,FALSE,TRUE,America/New_York,3
25679,St. Onge,St. Onge,SD,South Dakota,46081,Lawrence,44.5458,-103.72,122,35,polygon,FALSE,FALSE,America/Denver,3
25680,Dallas,Dallas,SD,South Dakota,46053,Gregory,43.2379,-99.5175,122,92,polygon,FALSE,TRUE,America/Chicago,3
25681,Corn Creek,Corn Creek,SD,South Dakota,46095,Mellette,43.5744,-101.2059,122,23,polygon,FALSE,FALSE,America/Chicago,3
25682,Cliffdell,Cliffdell,WA,Washington,53077,Yakima,46.9213,-121.042,121,26,polygon,FALSE,FALSE,America/Los_Angeles,3
25683,Tunnel City,Tunnel City,WI,Wisconsin,55081,Monroe,44.005,-90.5679,121,150,polygon,FALSE,FALSE,America/Chicago,3
25684,Friendly,Friendly,WV,West Virginia,54095,Tyler,39.5137,-81.0617,121,462,polygon,FALSE,TRUE,America/New_York,3
25685,Dora,Dora,NM,New Mexico,35041,Roosevelt,33.9324,-103.3369,121,16,polygon,FALSE,TRUE,America/Denver,3
25686,Hillsboro,Hillsboro,NM,New Mexico,35051,Sierra,32.9218,-107.5774,121,21,polygon,FALSE,FALSE,America/Denver,3
25687,Morse,Morse,TX,Texas,48195,Hansford,36.066,-101.4769,121,84,polygon,FALSE,FALSE,America/Chicago,3
25688,Sikes,Sikes,LA,Louisiana,22127,Winn,32.079,-92.4863,121,29,polygon,FALSE,TRUE,America/Chicago,3
25689,Forest River,Forest River,ND,North Dakota,38099,Walsh,48.2166,-97.4703,121,93,polygon,FALSE,TRUE,America/Chicago,3
25690,Heckscherville,Heckscherville,PA,Pennsylvania,42107,Schuylkill,40.7211,-76.2666,121,140,polygon,FALSE,FALSE,America/New_York,3
25691,Shelocta,Shelocta,PA,Pennsylvania,42063,Indiana,40.6573,-79.3017,121,449,polygon,FALSE,TRUE,America/New_York,3
25692,Orviston,Orviston,PA,Pennsylvania,42027,Centre,41.1073,-77.7533,121,436,polygon,FALSE,FALSE,America/New_York,3
25693,Lewis,Lewis,CO,Colorado,8083,Montezuma,37.5017,-108.66,121,15,polygon,FALSE,FALSE,America/Denver,3
25694,Ravenden Springs,Ravenden Springs,AR,Arkansas,5121,Randolph,36.3127,-91.2233,121,40,polygon,FALSE,TRUE,America/Chicago,3
25695,South Amana,South Amana,IA,Iowa,19095,Iowa,41.7704,-91.96,121,33,polygon,FALSE,FALSE,America/Chicago,3
25696,North Buena Vista,North Buena Vista,IA,Iowa,19043,Clayton,42.6776,-90.9585,121,46,polygon,FALSE,TRUE,America/Chicago,3
25697,East Verde Estates,East Verde Estates,AZ,Arizona,4007,Gila,34.2983,-111.3645,121,18,polygon,FALSE,TRUE,America/Phoenix,3
25698,Tensed,Tensed,ID,Idaho,16009,Benewah,47.1596,-116.9238,121,249,polygon,FALSE,TRUE,America/Los_Angeles,3
25699,Frenchtown-Rumbly,Frenchtown-Rumbly,MD,Maryland,24039,Somerset,38.0831,-75.8521,121,12,polygon,FALSE,TRUE,America/New_York,3
25700,Church Creek,Church Creek,MD,Maryland,24019,Dorchester,38.5036,-76.153,121,138,polygon,FALSE,TRUE,America/New_York,3
25701,Trego-Rohrersville Station,Trego-Rohrersville Station,MD,Maryland,24043,Washington,39.4291,-77.6748,121,109,polygon,FALSE,TRUE,America/New_York,3
25702,Eldon,Eldon,OK,Oklahoma,40021,Cherokee,35.9305,-94.8179,121,5,polygon,FALSE,FALSE,America/Chicago,3
25703,Gann,Gann,OH,Ohio,39083,Knox,40.4693,-82.1913,121,250,polygon,FALSE,TRUE,America/New_York,3
25704,Antimony,Antimony,UT,Utah,49017,Garfield,38.103,-111.9823,121,4,polygon,FALSE,TRUE,America/Denver,3
25705,Olean,Olean,MO,Missouri,29131,Miller,38.4103,-92.53,121,270,polygon,FALSE,TRUE,America/Chicago,3
25706,Miramiguoa Park,Miramiguoa Park,MO,Missouri,29071,Franklin,38.2389,-91.0688,121,121,polygon,FALSE,TRUE,America/Chicago,3
25707,Green,Green,KS,Kansas,20027,Clay,39.43,-96.9998,121,239,polygon,FALSE,TRUE,America/Chicago,3
25708,Long Island,Long Island,KS,Kansas,20147,Phillips,39.9462,-99.534,121,113,polygon,FALSE,TRUE,America/Chicago,3
25709,Eden,Eden,MS,Mississippi,28163,Yazoo,32.9837,-90.324,121,98,polygon,FALSE,TRUE,America/Chicago,3
25710,Mitchell,Mitchell,OR,Oregon,41069,Wheeler,44.5703,-120.1537,121,36,polygon,FALSE,TRUE,America/Los_Angeles,3
25711,Lebam,Lebam,WA,Washington,53049,Pacific,46.5641,-123.551,120,31,polygon,FALSE,FALSE,America/Los_Angeles,3
25712,Kennan,Kennan,WI,Wisconsin,55099,Price,45.5301,-90.5868,120,23,polygon,FALSE,TRUE,America/Chicago,3
25713,Woods Landing-Jelm,Woods Landing-Jelm,WY,Wyoming,56001,Albany,41.1014,-106.0288,120,2,polygon,FALSE,TRUE,America/Denver,3
25714,Spade,Spade,TX,Texas,48279,Lamb,33.926,-102.1542,120,24,polygon,FALSE,FALSE,America/Chicago,3
25715,Petronila,Petronila,TX,Texas,48355,Nueces,27.6713,-97.6322,120,25,polygon,FALSE,TRUE,America/Chicago,3
25716,Lillie,Lillie,LA,Louisiana,22111,Union,32.9221,-92.6614,120,24,polygon,FALSE,TRUE,America/Chicago,3
25717,Silver Springs,Silver Springs,AK,Alaska,2261,Valdez-Cordova,62.0193,-145.3584,120,18,polygon,FALSE,TRUE,America/Anchorage,3
25718,Bowdon,Bowdon,ND,North Dakota,38103,Wells,47.4685,-99.7089,120,184,polygon,FALSE,TRUE,America/Chicago,3
25719,Octavia,Octavia,NE,Nebraska,31023,Butler,41.3475,-97.0591,120,289,polygon,FALSE,TRUE,America/Chicago,3
25720,Belspring,Belspring,VA,Virginia,51155,Pulaski,37.1939,-80.6097,120,48,polygon,FALSE,FALSE,America/New_York,3
25721,Cokedale,Cokedale,CO,Colorado,8071,Las Animas,37.1443,-104.6215,120,226,polygon,FALSE,TRUE,America/Denver,3
25722,Eagarville,Eagarville,IL,Illinois,17117,Macoupin,39.1121,-89.7832,120,50,polygon,FALSE,TRUE,America/Chicago,3
25723,Deepstep,Deepstep,GA,Georgia,13303,Washington,33.0176,-82.9679,120,56,polygon,FALSE,TRUE,America/New_York,3
25724,Masonville,Masonville,IA,Iowa,19055,Delaware,42.4798,-91.5916,120,139,polygon,FALSE,TRUE,America/Chicago,3
25725,Stanley,Stanley,IA,Iowa,19019,Buchanan,42.642,-91.8122,120,224,polygon,FALSE,TRUE,America/Chicago,3
25726,Ledyard,Ledyard,IA,Iowa,19109,Kossuth,43.4206,-94.1585,120,139,polygon,FALSE,TRUE,America/Chicago,3
25727,Chester,Chester,IA,Iowa,19089,Howard,43.4918,-92.3639,120,34,polygon,FALSE,TRUE,America/Chicago,3
25728,Anegam,Anegam,AZ,Arizona,4019,Pima,32.3742,-112.035,120,20,polygon,FALSE,FALSE,America/Phoenix,3
25729,Wann,Wann,OK,Oklahoma,40105,Nowata,36.9146,-95.8047,120,273,polygon,FALSE,TRUE,America/Chicago,3
25730,Brice,Brice,OH,Ohio,39049,Franklin,39.9174,-82.8319,120,529,polygon,FALSE,TRUE,America/New_York,3
25731,Alton,Alton,UT,Utah,49025,Kane,37.4303,-112.5061,120,20,polygon,FALSE,TRUE,America/Denver,3
25732,White Mesa,White Mesa,UT,Utah,49037,San Juan,37.4596,-109.46,120,2,polygon,FALSE,FALSE,America/Denver,3
25733,Moundville,Moundville,MO,Missouri,29217,Vernon,37.7646,-94.451,120,285,polygon,FALSE,TRUE,America/Chicago,3
25734,Gunn City,Gunn City,MO,Missouri,29037,Cass,38.666,-94.164,120,574,polygon,FALSE,TRUE,America/Chicago,3
25735,Eagle,Eagle,MI,Michigan,26037,Clinton,42.8098,-84.7909,120,370,polygon,FALSE,TRUE,America/Detroit,3
25736,Oldham,Oldham,SD,South Dakota,46077,Kingsbury,44.2281,-97.3096,120,188,polygon,FALSE,TRUE,America/Chicago,3
25737,Pierpont,Pierpont,SD,South Dakota,46037,Day,45.4953,-97.8321,120,310,polygon,FALSE,TRUE,America/Chicago,3
25738,Arkdale,Arkdale,WI,Wisconsin,55001,Adams,44.0253,-89.8861,119,21,polygon,FALSE,FALSE,America/Chicago,3
25739,Tustin,Tustin,WI,Wisconsin,55137,Waushara,44.1698,-88.896,119,44,polygon,FALSE,FALSE,America/Chicago,3
25740,Velarde,Velarde,NM,New Mexico,35039,Rio Arriba,36.1607,-105.966,119,17,polygon,FALSE,FALSE,America/Denver,3
25741,Del Mar Heights,Del Mar Heights,TX,Texas,48061,Cameron,26.0566,-97.4235,119,101,polygon,FALSE,FALSE,America/Chicago,3
25742,Diomede,Diomede,AK,Alaska,2180,Nome,65.7536,-168.9219,119,18,polygon,FALSE,TRUE,America/Nome,3
25743,Indian Beach,Indian Beach,NC,North Carolina,37031,Carteret,34.6882,-76.8876,119,80,polygon,FALSE,TRUE,America/New_York,3
25744,Almont,Almont,ND,North Dakota,38059,Morton,46.7283,-101.5027,119,18,polygon,FALSE,TRUE,America/North_Dakota/New_Salem,3
25745,Adams,Adams,ND,North Dakota,38099,Walsh,48.4202,-98.0737,119,47,polygon,FALSE,TRUE,America/Chicago,3
25746,Leshara,Leshara,NE,Nebraska,31155,Saunders,41.3298,-96.4292,119,665,polygon,FALSE,TRUE,America/Chicago,3
25747,Cal-Nev-Ari,Cal-Nev-Ari,NV,Nevada,32003,Clark,35.2996,-114.8777,119,20,polygon,FALSE,FALSE,America/Los_Angeles,3
25748,Moffat,Moffat,CO,Colorado,8109,Saguache,38.002,-105.9048,119,31,polygon,FALSE,TRUE,America/Denver,3
25749,Naples,Naples,IL,Illinois,17171,Scott,39.7534,-90.6069,119,75,polygon,FALSE,TRUE,America/Chicago,3
25750,Hamburg,Hamburg,IL,Illinois,17013,Calhoun,39.2328,-90.7152,119,88,polygon,FALSE,TRUE,America/Chicago,3
25751,Superior,Superior,IA,Iowa,19059,Dickinson,43.4337,-94.9466,119,106,polygon,FALSE,TRUE,America/Chicago,3
25752,Alpine,Alpine,AZ,Arizona,4001,Apache,33.846,-109.1431,119,76,polygon,FALSE,FALSE,America/Phoenix,3
25753,Kaka,Kaka,AZ,Arizona,4013,Maricopa,32.5113,-112.3167,119,179,polygon,FALSE,FALSE,America/Phoenix,3
25754,Carrizo,Carrizo,AZ,Arizona,4007,Gila,33.9867,-110.3314,119,5,polygon,FALSE,FALSE,America/Phoenix,3
25755,Venedocia,Venedocia,OH,Ohio,39161,Van Wert,40.7852,-84.4559,119,342,polygon,FALSE,TRUE,America/New_York,3
25756,Alpha,Alpha,MN,Minnesota,27063,Jackson,43.6381,-94.871,119,302,polygon,FALSE,TRUE,America/Chicago,3
25757,Prairie View,Prairie View,KS,Kansas,20147,Phillips,39.832,-99.5733,119,311,polygon,FALSE,TRUE,America/Chicago,3
25758,Galesburg,Galesburg,KS,Kansas,20133,Neosho,37.4721,-95.3563,119,262,polygon,FALSE,TRUE,America/Chicago,3
25759,Roy,Roy,MT,Montana,30027,Fergus,47.3343,-108.96,119,13,polygon,FALSE,FALSE,America/Denver,3
25760,Hingham,Hingham,MT,Montana,30041,Hill,48.5554,-110.4213,119,267,polygon,FALSE,TRUE,America/Denver,3
25761,Lowndesville,Lowndesville,SC,South Carolina,45001,Abbeville,34.2099,-82.6476,119,59,polygon,FALSE,TRUE,America/New_York,3
25762,Forestburg,Forestburg,SD,South Dakota,46111,Sanborn,44.0212,-98.1032,119,86,polygon,FALSE,FALSE,America/Chicago,3
25763,Markham,Markham,WA,Washington,53027,Grays Harbor,46.9155,-123.9814,118,40,polygon,FALSE,FALSE,America/Los_Angeles,3
25764,Birch River,Birch River,WV,West Virginia,54067,Nicholas,38.4961,-80.7497,118,123,polygon,FALSE,FALSE,America/New_York,3
25765,Sacramento,Sacramento,NM,New Mexico,35035,Otero,32.7917,-105.5723,118,6,polygon,FALSE,FALSE,America/Denver,3
25766,Colorado Acres,Colorado Acres,TX,Texas,48479,Webb,27.6449,-99.2143,118,15,polygon,FALSE,TRUE,America/Chicago,3
25767,Hannaford,Hannaford,ND,North Dakota,38039,Griggs,47.3141,-98.1889,118,207,polygon,FALSE,TRUE,America/Chicago,3
25768,Osnabrock,Osnabrock,ND,North Dakota,38019,Cavalier,48.6699,-98.1489,118,151,polygon,FALSE,TRUE,America/Chicago,3
25769,Grafton,Grafton,NE,Nebraska,31059,Fillmore,40.6298,-97.7147,118,130,polygon,FALSE,TRUE,America/Chicago,3
25770,Arthur,Arthur,NE,Nebraska,31005,Arthur,41.5718,-101.6923,118,146,polygon,FALSE,TRUE,America/Denver,3
25771,Hasty,Hasty,CO,Colorado,8011,Bent,38.1063,-102.956,118,129,polygon,FALSE,FALSE,America/Denver,3
25772,Gerrard,Gerrard,CO,Colorado,8105,Rio Grande,37.6783,-106.5752,118,38,polygon,FALSE,FALSE,America/Denver,3
25773,Big Lagoon,Big Lagoon,CA,California,6023,Humboldt,41.1592,-124.1303,118,76,polygon,FALSE,FALSE,America/Los_Angeles,3
25774,Allport,Allport,AR,Arkansas,5085,Lonoke,34.5399,-91.784,118,219,polygon,FALSE,TRUE,America/Chicago,3
25775,Blue Mountain,Blue Mountain,AR,Arkansas,5083,Logan,35.1311,-93.7162,118,42,polygon,FALSE,TRUE,America/Chicago,3
25776,Vernon,Vernon,IL,Illinois,17121,Marion,38.8014,-89.0876,118,51,polygon,FALSE,TRUE,America/Chicago,3
25777,Otterville,Otterville,IL,Illinois,17083,Jersey,39.0508,-90.3984,118,45,polygon,FALSE,TRUE,America/Chicago,3
25778,Bellville,Bellville,GA,Georgia,13109,Evans,32.1526,-81.9743,118,46,polygon,FALSE,TRUE,America/New_York,3
25779,Westphalia,Westphalia,IA,Iowa,19165,Shelby,41.7192,-95.3937,118,477,polygon,FALSE,TRUE,America/Chicago,3
25780,Macksburg,Macksburg,IA,Iowa,19121,Madison,41.2147,-94.1851,118,22,polygon,FALSE,TRUE,America/Chicago,3
25781,Bernard,Bernard,IA,Iowa,19061,Dubuque,42.3133,-90.8319,118,490,polygon,FALSE,TRUE,America/Chicago,3
25782,Wikieup,Wikieup,AZ,Arizona,4015,Mohave,34.6931,-113.5995,118,10,polygon,FALSE,FALSE,America/Phoenix,3
25783,Moffett,Moffett,OK,Oklahoma,40135,Sequoyah,35.4042,-94.4554,118,64,polygon,FALSE,TRUE,America/Chicago,3
25784,Loco,Loco,OK,Oklahoma,40137,Stephens,34.3295,-97.6807,118,174,polygon,FALSE,TRUE,America/Chicago,3
25785,La Russell,La Russell,MO,Missouri,29097,Jasper,37.1402,-94.061,118,135,polygon,FALSE,TRUE,America/Chicago,3
25786,Darlington,Darlington,MO,Missouri,29075,Gentry,40.1982,-94.3997,118,110,polygon,FALSE,TRUE,America/Chicago,3
25787,Woodstock,Woodstock,MN,Minnesota,27117,Pipestone,44.011,-96.0967,118,84,polygon,FALSE,TRUE,America/Chicago,3
25788,Effie,Effie,MN,Minnesota,27061,Itasca,47.8411,-93.6377,118,12,polygon,FALSE,TRUE,America/Chicago,3
25789,Goff,Goff,KS,Kansas,20131,Nemaha,39.6643,-95.9319,118,221,polygon,FALSE,TRUE,America/Chicago,3
25790,Smoaks,Smoaks,SC,South Carolina,45029,Colleton,33.0895,-80.8142,118,27,polygon,FALSE,TRUE,America/New_York,3
25791,Fairfield,Fairfield,KY,Kentucky,21179,Nelson,37.932,-85.3838,118,159,polygon,FALSE,TRUE,America/New_York,3
25792,Hickory Hill,Hickory Hill,KY,Kentucky,21111,Jefferson,38.2877,-85.5679,118,1720,polygon,FALSE,TRUE,America/New_York,3
25793,Harper,Harper,OR,Oregon,41045,Malheur,43.8569,-117.6265,118,6,polygon,FALSE,FALSE,America/Boise,3
25794,Harrison,Harrison,SD,South Dakota,46043,Douglas,43.4311,-98.5267,118,422,polygon,FALSE,FALSE,America/Chicago,3
25795,Maiden Rock,Maiden Rock,WI,Wisconsin,55093,Pierce,44.566,-92.3083,117,37,polygon,FALSE,TRUE,America/Chicago,3
25796,Wiota,Wiota,WI,Wisconsin,55065,Lafayette,42.6367,-89.9493,117,22,polygon,FALSE,FALSE,America/Chicago,3
25797,Dodge,Dodge,WI,Wisconsin,55121,Trempealeau,44.1345,-91.5485,117,110,polygon,FALSE,FALSE,America/Chicago,3
25798,Leopolis,Leopolis,WI,Wisconsin,55115,Shawano,44.7654,-88.8447,117,111,polygon,FALSE,FALSE,America/Chicago,3
25799,Huntersville,Huntersville,WV,West Virginia,54075,Pocahontas,38.1861,-80.0152,117,39,polygon,FALSE,FALSE,America/New_York,3
25800,Nesbitt,Nesbitt,TX,Texas,48203,Harrison,32.5886,-94.4469,117,25,polygon,FALSE,TRUE,America/Chicago,3
25801,Farwell,Farwell,NE,Nebraska,31093,Howard,41.2156,-98.628,117,261,polygon,FALSE,TRUE,America/Chicago,3
25802,Broadwater,Broadwater,NE,Nebraska,31123,Morrill,41.598,-102.8525,117,288,polygon,FALSE,TRUE,America/Denver,3
25803,Du Pont,Du Pont,GA,Georgia,13065,Clinch,30.9891,-82.8691,117,57,polygon,FALSE,TRUE,America/New_York,3
25804,Mount Ayr,Mount Ayr,IN,Indiana,18111,Newton,40.9523,-87.299,117,258,polygon,FALSE,TRUE,America/Chicago,3
25805,Toronto,Toronto,IA,Iowa,19045,Clinton,41.9029,-90.8627,117,242,polygon,FALSE,TRUE,America/Chicago,3
25806,Elgin,Elgin,AZ,Arizona,4023,Santa Cruz,31.668,-110.5347,117,7,polygon,FALSE,FALSE,America/Phoenix,3
25807,Templeville,Templeville,MD,Maryland,24011,Caroline,39.1362,-75.7667,117,911,polygon,FALSE,TRUE,America/New_York,3
25808,Ratliff City,Ratliff City,OK,Oklahoma,40019,Carter,34.4492,-97.5155,117,40,polygon,FALSE,TRUE,America/Chicago,3
25809,Lynndyl,Lynndyl,UT,Utah,49027,Millard,39.5085,-112.3933,117,14,polygon,FALSE,TRUE,America/Denver,3
25810,Lithium,Lithium,MO,Missouri,29157,Perry,37.8322,-89.8833,117,58,polygon,FALSE,FALSE,America/Chicago,3
25811,Roscoe,Roscoe,MO,Missouri,29185,St. Clair,37.9774,-93.8138,117,29,polygon,FALSE,TRUE,America/Chicago,3
25812,De Witt,De Witt,MO,Missouri,29033,Carroll,39.3849,-93.2199,117,187,polygon,FALSE,TRUE,America/Chicago,3
25813,Ozora,Ozora,MO,Missouri,29186,Ste. Genevieve,37.8666,-90.0517,117,7,polygon,FALSE,FALSE,America/Chicago,3
25814,Hayward,Hayward,MO,Missouri,29155,Pemiscot,36.3959,-89.6669,117,178,polygon,FALSE,FALSE,America/Chicago,3
25815,Elmdale,Elmdale,MN,Minnesota,27097,Morrison,45.834,-94.4942,117,13,polygon,FALSE,TRUE,America/Chicago,3
25816,Talmage,Talmage,KS,Kansas,20041,Dickinson,39.0269,-97.2598,117,460,polygon,FALSE,FALSE,America/Chicago,3
25817,Dodson,Dodson,MT,Montana,30071,Phillips,48.3953,-108.2473,117,271,polygon,FALSE,TRUE,America/Denver,3
25818,Nile,Nile,WA,Washington,53077,Yakima,46.8368,-120.9455,116,58,polygon,FALSE,FALSE,America/Los_Angeles,3
25819,Millston,Millston,WI,Wisconsin,55053,Jackson,44.1885,-90.6446,116,43,polygon,FALSE,FALSE,America/Chicago,3
25820,Big Creek,Big Creek,WV,West Virginia,54045,Logan,38.0054,-82.0361,116,77,polygon,FALSE,FALSE,America/New_York,3
25821,Parkman,Parkman,WY,Wyoming,56033,Sheridan,44.9488,-107.3077,116,4,polygon,FALSE,FALSE,America/Denver,3
25822,Hutchinson,Hutchinson,NJ,New Jersey,34041,Warren,40.7818,-75.1252,116,323,polygon,FALSE,FALSE,America/New_York,3
25823,Mount Hermon,Mount Hermon,NJ,New Jersey,34041,Warren,40.9269,-74.993,116,94,polygon,FALSE,FALSE,America/New_York,3
25824,Cantu Addition,Cantu Addition,TX,Texas,48047,Brooks,27.202,-98.1555,116,148,polygon,FALSE,FALSE,America/Chicago,3
25825,Los Altos,Los Altos,TX,Texas,48479,Webb,27.4904,-99.3858,116,1177,polygon,FALSE,FALSE,America/Chicago,3
25826,Chimney Rock Village,Chimney Rock Village,NC,North Carolina,37161,Rutherford,35.4503,-82.255,116,13,polygon,FALSE,TRUE,America/New_York,3
25827,Bushnell,Bushnell,NE,Nebraska,31105,Kimball,41.2327,-103.891,116,196,polygon,FALSE,TRUE,America/Denver,3
25828,Myrtlewood,Myrtlewood,AL,Alabama,1091,Marengo,32.2521,-87.9492,116,17,polygon,FALSE,TRUE,America/Chicago,3
25829,Jennette,Jennette,AR,Arkansas,5035,Crittenden,35.1639,-90.4092,116,19,polygon,FALSE,TRUE,America/Chicago,3
25830,Banks,Banks,AR,Arkansas,5011,Bradley,33.5758,-92.2671,116,119,polygon,FALSE,TRUE,America/Chicago,3
25831,Bluff City,Bluff City,AR,Arkansas,5099,Nevada,33.7224,-93.1316,116,19,polygon,FALSE,TRUE,America/Chicago,3
25832,Nora,Nora,IL,Illinois,17085,Jo Daviess,42.4565,-89.9459,116,53,polygon,FALSE,TRUE,America/Chicago,3
25833,Mound Station,Mound Station,IL,Illinois,17009,Brown,40.0066,-90.8737,116,86,polygon,FALSE,TRUE,America/Chicago,3
25834,Seville,Seville,GA,Georgia,13315,Wilcox,31.9607,-83.6012,116,52,polygon,FALSE,FALSE,America/New_York,3
25835,Rome,Rome,IA,Iowa,19087,Henry,40.9821,-91.6816,116,359,polygon,FALSE,TRUE,America/Chicago,3
25836,Watkins,Watkins,IA,Iowa,19011,Benton,41.8932,-91.9849,116,108,polygon,FALSE,FALSE,America/Chicago,3
25837,Concho,Concho,AZ,Arizona,4001,Apache,34.4744,-109.6102,116,100,polygon,FALSE,FALSE,America/Phoenix,3
25838,Beyerville,Beyerville,AZ,Arizona,4023,Santa Cruz,31.3921,-110.8748,116,134,polygon,FALSE,FALSE,America/Phoenix,3
25839,West Denton,West Denton,MD,Maryland,24011,Caroline,38.8896,-75.8389,116,154,polygon,FALSE,FALSE,America/New_York,3
25840,Christie,Christie,OK,Oklahoma,40001,Adair,35.9674,-94.6549,116,5,polygon,FALSE,FALSE,America/Chicago,3
25841,Armstrong,Armstrong,OK,Oklahoma,40013,Bryan,34.0528,-96.3446,116,502,polygon,FALSE,TRUE,America/Chicago,3
25842,Wilson,Wilson,OH,Ohio,39111,Monroe,39.8597,-81.0689,116,109,polygon,FALSE,TRUE,America/New_York,3
25843,Salesville,Salesville,OH,Ohio,39059,Guernsey,39.9742,-81.3365,116,230,polygon,FALSE,FALSE,America/New_York,3
25844,Tedrow,Tedrow,OH,Ohio,39051,Fulton,41.6029,-84.2043,116,139,polygon,FALSE,FALSE,America/New_York,3
25845,Louisburg,Louisburg,MO,Missouri,29059,Dallas,37.7564,-93.141,116,96,polygon,FALSE,TRUE,America/Chicago,3
25846,Laporte,Laporte,MN,Minnesota,27057,Hubbard,47.2147,-94.7573,116,63,polygon,FALSE,TRUE,America/Chicago,3
25847,Kincaid,Kincaid,KS,Kansas,20003,Anderson,38.0812,-95.1554,116,89,polygon,FALSE,TRUE,America/Chicago,3
25848,Marengo,Marengo,WI,Wisconsin,55003,Ashland,46.4219,-90.8081,115,42,polygon,FALSE,FALSE,America/Chicago,3
25849,Burlington,Burlington,WV,West Virginia,54057,Mineral,39.337,-78.9223,115,36,polygon,FALSE,FALSE,America/New_York,3
25850,Parcoal,Parcoal,WV,West Virginia,54101,Webster,38.4604,-80.3731,115,257,polygon,FALSE,FALSE,America/New_York,3
25851,Bascom,Bascom,FL,Florida,12063,Jackson,30.9278,-85.1181,115,184,polygon,FALSE,TRUE,America/Chicago,3
25852,Picuris Pueblo,Picuris Pueblo,NM,New Mexico,35055,Taos,36.1995,-105.7133,115,97,polygon,FALSE,FALSE,America/Denver,3
25853,Chalkyitsik,Chalkyitsik,AK,Alaska,2290,Yukon-Koyukuk,66.6468,-143.7822,115,5,polygon,FALSE,FALSE,America/Anchorage,3
25854,Tar Heel,Tar Heel,NC,North Carolina,37017,Bladen,34.7339,-78.791,115,196,polygon,FALSE,TRUE,America/New_York,3
25855,Starkweather,Starkweather,ND,North Dakota,38071,Ramsey,48.4521,-98.8784,115,342,polygon,FALSE,TRUE,America/Chicago,3
25856,Slabtown,Slabtown,PA,Pennsylvania,42037,Columbia,40.9051,-76.4059,115,93,polygon,FALSE,FALSE,America/New_York,3
25857,Silver Peak,Silver Peak,NV,Nevada,32009,Esmeralda,37.7577,-117.6386,115,44,polygon,FALSE,FALSE,America/Los_Angeles,3
25858,Branchville,Branchville,VA,Virginia,51175,Southampton,36.57,-77.2501,115,104,polygon,FALSE,TRUE,America/New_York,3
25859,Orchard,Orchard,CO,Colorado,8087,Morgan,40.3318,-104.1183,115,277,polygon,FALSE,FALSE,America/Denver,3
25860,Stoy,Stoy,IL,Illinois,17033,Crawford,38.9968,-87.8336,115,47,polygon,FALSE,TRUE,America/Chicago,3
25861,Canaan,Canaan,IN,Indiana,18077,Jefferson,38.8661,-85.2996,115,143,polygon,FALSE,FALSE,America/Indiana/Indianapolis,3
25862,Weldon,Weldon,IA,Iowa,19053,Decatur,40.8973,-93.7355,115,244,polygon,FALSE,TRUE,America/Chicago,3
25863,Utting,Utting,AZ,Arizona,4012,La Paz,33.8544,-113.9129,115,1,polygon,FALSE,FALSE,America/Phoenix,3
25864,Mercersville,Mercersville,MD,Maryland,24043,Washington,39.4968,-77.7672,115,137,polygon,FALSE,FALSE,America/New_York,3
25865,Mulberry,Mulberry,OK,Oklahoma,40001,Adair,35.8631,-94.7014,115,47,polygon,FALSE,TRUE,America/Chicago,3
25866,Los Panes,Los Panes,PR,Puerto Rico,72025,Caguas,18.1871,-66.0762,115,608,polygon,FALSE,TRUE,America/Puerto_Rico,3
25867,Pistol River,Pistol River,OR,Oregon,41015,Curry,42.2838,-124.3991,115,75,polygon,FALSE,FALSE,America/Los_Angeles,3
25868,Fairfax,Fairfax,SD,South Dakota,46053,Gregory,43.028,-98.889,115,146,polygon,FALSE,TRUE,America/Chicago,3
25869,Yale,Yale,SD,South Dakota,46005,Beadle,44.4337,-97.9885,115,305,polygon,FALSE,TRUE,America/Chicago,3
25870,Vivian,Vivian,SD,South Dakota,46085,Lyman,43.9273,-100.3011,115,25,polygon,FALSE,FALSE,America/Chicago,3
25871,Belleair Shore,Belleair Shore,FL,Florida,12103,Pinellas,27.9173,-82.8455,114,740,polygon,FALSE,TRUE,America/New_York,3
25872,Todd Mission,Todd Mission,TX,Texas,48185,Grimes,30.2612,-95.8298,114,22,polygon,FALSE,TRUE,America/Chicago,3
25873,Proctorville,Proctorville,NC,North Carolina,37155,Robeson,34.4751,-79.037,114,96,polygon,FALSE,TRUE,America/New_York,3
25874,Deering,Deering,ND,North Dakota,38049,McHenry,48.3956,-101.0503,114,592,polygon,FALSE,TRUE,America/Chicago,3
25875,Malmo,Malmo,NE,Nebraska,31155,Saunders,41.2664,-96.7209,114,323,polygon,FALSE,TRUE,America/Chicago,3
25876,Belgrade,Belgrade,NE,Nebraska,31125,Nance,41.471,-98.0678,114,235,polygon,FALSE,TRUE,America/Chicago,3
25877,Bartlett,Bartlett,NE,Nebraska,31183,Wheeler,41.8839,-98.5527,114,309,polygon,FALSE,TRUE,America/Chicago,3
25878,Allisonia,Allisonia,VA,Virginia,51155,Pulaski,36.9342,-80.7255,114,13,polygon,FALSE,FALSE,America/New_York,3
25879,Downieville,Downieville,CA,California,6091,Sierra,39.5701,-120.8213,114,13,polygon,FALSE,FALSE,America/Los_Angeles,3
25880,Loma Mar,Loma Mar,CA,California,6081,San Mateo,37.2658,-122.3007,114,25,polygon,FALSE,FALSE,America/Los_Angeles,3
25881,Delaplaine,Delaplaine,AR,Arkansas,5055,Greene,36.2304,-90.7256,114,39,polygon,FALSE,TRUE,America/Chicago,3
25882,Klondike,Klondike,MD,Maryland,24001,Allegany,39.6101,-78.9635,114,115,polygon,FALSE,FALSE,America/New_York,3
25883,Hitchcock,Hitchcock,OK,Oklahoma,40011,Blaine,35.9676,-98.3497,114,293,polygon,FALSE,TRUE,America/Chicago,3
25884,Culver,Culver,KS,Kansas,20143,Ottawa,38.9692,-97.7591,114,323,polygon,FALSE,TRUE,America/Chicago,3
25885,Smithfield,Smithfield,KY,Kentucky,21103,Henry,38.3864,-85.2566,114,323,polygon,FALSE,TRUE,America/New_York,3
25886,Batesland,Batesland,SD,South Dakota,46102,Oglala Lakota,43.1278,-102.1017,114,515,polygon,FALSE,TRUE,America/Denver,3
25887,Downsville,Downsville,WI,Wisconsin,55033,Dunn,44.7708,-91.9261,113,58,polygon,FALSE,FALSE,America/Chicago,3
25888,Lublin,Lublin,WI,Wisconsin,55119,Taylor,45.0749,-90.7238,113,28,polygon,FALSE,TRUE,America/Chicago,3
25889,Manderson,Manderson,WY,Wyoming,56003,Big Horn,44.2699,-107.9641,113,51,polygon,FALSE,TRUE,America/Denver,3
25890,Tanquecitos South Acres,Tanquecitos South Acres,TX,Texas,48479,Webb,27.4898,-99.3797,113,91,polygon,FALSE,TRUE,America/Chicago,3
25891,Aquilla,Aquilla,TX,Texas,48217,Hill,31.8548,-97.22,113,154,polygon,FALSE,TRUE,America/Chicago,3
25892,Iago,Iago,TX,Texas,48481,Wharton,29.2665,-95.963,113,23,polygon,FALSE,FALSE,America/Chicago,3
25893,Ross,Ross,ND,North Dakota,38061,Mountrail,48.3128,-102.5433,113,151,polygon,FALSE,TRUE,America/Chicago,3
25894,Ruskin,Ruskin,NE,Nebraska,31129,Nuckolls,40.144,-97.867,113,104,polygon,FALSE,TRUE,America/Chicago,3
25895,Atkinson Mills,Atkinson Mills,PA,Pennsylvania,42087,Mifflin,40.4519,-77.8053,113,42,polygon,FALSE,FALSE,America/New_York,3
25896,Eagles Mere,Eagles Mere,PA,Pennsylvania,42113,Sullivan,41.4102,-76.5832,113,21,polygon,FALSE,TRUE,America/New_York,3
25897,Calverton,Calverton,VA,Virginia,51061,Fauquier,38.6355,-77.6661,113,9,polygon,FALSE,FALSE,America/New_York,3
25898,Sedalia,Sedalia,CO,Colorado,8035,Douglas,39.4396,-104.9699,113,32,polygon,FALSE,FALSE,America/Denver,3
25899,Libertyville,Libertyville,AL,Alabama,1039,Covington,31.2428,-86.46,113,83,polygon,FALSE,TRUE,America/Chicago,3
25900,St. Paul,St. Paul,AR,Arkansas,5087,Madison,35.8245,-93.7642,113,96,polygon,FALSE,TRUE,America/Chicago,3
25901,Gum Springs,Gum Springs,AR,Arkansas,5019,Clark,34.0639,-93.0957,113,111,polygon,FALSE,TRUE,America/Chicago,3
25902,Morley,Morley,IA,Iowa,19105,Jones,42.006,-91.2459,113,465,polygon,FALSE,TRUE,America/Chicago,3
25903,Minidoka,Minidoka,ID,Idaho,16067,Minidoka,42.754,-113.49,113,415,polygon,FALSE,TRUE,America/Boise,3
25904,Albany,Albany,OK,Oklahoma,40013,Bryan,33.8769,-96.16,113,10,polygon,FALSE,FALSE,America/Chicago,3
25905,Broughton,Broughton,OH,Ohio,39125,Paulding,41.088,-84.5351,113,200,polygon,FALSE,TRUE,America/New_York,3
25906,Tselakai Dezza,Tselakai Dezza,UT,Utah,49037,San Juan,37.21,-109.609,113,2,polygon,FALSE,FALSE,America/Denver,3
25907,West Sullivan,West Sullivan,MO,Missouri,29055,Crawford,38.1922,-91.1918,113,119,polygon,FALSE,TRUE,America/Chicago,3
25908,Fish Lake,Fish Lake,MN,Minnesota,27063,Jackson,43.8404,-95.0477,113,47,polygon,FALSE,FALSE,America/Chicago,3
25909,Roscoe,Roscoe,MN,Minnesota,27145,Stearns,45.4323,-94.6364,113,70,polygon,FALSE,TRUE,America/Chicago,3
25910,Riverton,Riverton,MN,Minnesota,27035,Crow Wing,46.4584,-94.0488,113,53,polygon,FALSE,TRUE,America/Chicago,3
25911,Wheaton,Wheaton,KS,Kansas,20149,Pottawatomie,39.502,-96.3189,113,283,polygon,FALSE,TRUE,America/Chicago,3
25912,Park,Park,KS,Kansas,20063,Gove,39.1117,-100.3616,113,138,polygon,FALSE,TRUE,America/Chicago,3
25913,Bendena,Bendena,KS,Kansas,20043,Doniphan,39.7436,-95.1811,113,28,polygon,FALSE,FALSE,America/Chicago,3
25914,Kings Point,Kings Point,MT,Montana,30047,Lake,47.7634,-114.1498,113,32,polygon,FALSE,FALSE,America/Denver,3
25915,Paden,Paden,MS,Mississippi,28141,Tishomingo,34.6603,-88.2605,113,48,polygon,FALSE,TRUE,America/Chicago,3
25916,Lodge,Lodge,SC,South Carolina,45029,Colleton,33.0678,-80.9537,113,13,polygon,FALSE,TRUE,America/New_York,3
25917,Boston,Boston,KY,Kentucky,21179,Nelson,37.7838,-85.6803,113,22,polygon,FALSE,FALSE,America/New_York,3
25918,Pringle,Pringle,SD,South Dakota,46033,Custer,43.609,-103.5946,113,179,polygon,FALSE,TRUE,America/Denver,3
25919,Curlew,Curlew,WA,Washington,53019,Ferry,48.8777,-118.6045,112,57,polygon,FALSE,FALSE,America/Los_Angeles,3
25920,Pulcifer,Pulcifer,WI,Wisconsin,55115,Shawano,44.8476,-88.3592,112,41,polygon,FALSE,FALSE,America/Chicago,3
25921,Oakvale,Oakvale,WV,West Virginia,54055,Mercer,37.3323,-80.9704,112,103,polygon,FALSE,TRUE,America/New_York,3
25922,Day,Day,FL,Florida,12067,Lafayette,30.195,-83.2909,112,47,polygon,FALSE,FALSE,America/New_York,3
25923,Hyattville,Hyattville,WY,Wyoming,56003,Big Horn,44.2498,-107.6148,112,10,polygon,FALSE,FALSE,America/Denver,3
25924,Owl Ranch,Owl Ranch,TX,Texas,48249,Jim Wells,27.8927,-98.0934,112,58,polygon,FALSE,FALSE,America/Chicago,3
25925,Tierra Bonita,Tierra Bonita,TX,Texas,48061,Cameron,26.2727,-97.8276,112,47,polygon,FALSE,FALSE,America/Chicago,3
25926,Victoria Vera,Victoria Vera,TX,Texas,48427,Starr,26.3182,-98.6929,112,4581,polygon,FALSE,TRUE,America/Chicago,2
25927,Naukati Bay,Naukati Bay,AK,Alaska,2198,Prince of Wales-Hyder,55.8801,-133.1993,112,9,polygon,FALSE,FALSE,America/Sitka,3
25928,Love Valley,Love Valley,NC,North Carolina,37097,Iredell,35.9872,-80.9836,112,41,polygon,FALSE,TRUE,America/New_York,3
25929,Oriska,Oriska,ND,North Dakota,38003,Barnes,46.9313,-97.7906,112,162,polygon,FALSE,TRUE,America/Chicago,3
25930,Jansen,Jansen,NE,Nebraska,31095,Jefferson,40.1839,-97.0848,112,138,polygon,FALSE,TRUE,America/Chicago,3
25931,Herrings,Herrings,NY,New York,36045,Jefferson,44.0223,-75.6529,112,280,polygon,FALSE,FALSE,America/New_York,3
25932,Napeague,Napeague,NY,New York,36103,Suffolk,40.995,-72.0707,112,11,polygon,FALSE,FALSE,America/New_York,3
25933,Baileyville,Baileyville,PA,Pennsylvania,42027,Centre,40.711,-77.9924,112,34,polygon,FALSE,FALSE,America/New_York,3
25934,Golconda,Golconda,NV,Nevada,32013,Humboldt,40.9614,-117.5077,112,4,polygon,FALSE,FALSE,America/Los_Angeles,3
25935,Heathsville,Heathsville,VA,Virginia,51133,Northumberland,37.92,-76.4785,112,10,polygon,FALSE,FALSE,America/New_York,3
25936,Raymer,Raymer,CO,Colorado,8123,Weld,40.608,-103.8434,112,55,polygon,FALSE,TRUE,America/Denver,3
25937,Round Mountain,Round Mountain,CA,California,6089,Shasta,40.8005,-121.9376,112,25,polygon,FALSE,FALSE,America/Los_Angeles,3
25938,Fidelity,Fidelity,IL,Illinois,17083,Jersey,39.1546,-90.1645,112,426,polygon,FALSE,TRUE,America/Chicago,3
25939,St. Augustine,St. Augustine,IL,Illinois,17095,Knox,40.7213,-90.407,112,72,polygon,FALSE,TRUE,America/Chicago,3
25940,Marne,Marne,IA,Iowa,19029,Cass,41.4489,-95.1108,112,75,polygon,FALSE,TRUE,America/Chicago,3
25941,Derby,Derby,IA,Iowa,19117,Lucas,40.9303,-93.4565,112,166,polygon,FALSE,TRUE,America/Chicago,3
25942,Monomoscoy Island,Monomoscoy Island,MA,Massachusetts,25001,Barnstable,41.5713,-70.5025,112,186,polygon,FALSE,FALSE,America/New_York,3
25943,Huetter,Huetter,ID,Idaho,16055,Kootenai,47.7037,-116.8508,112,953,polygon,FALSE,TRUE,America/Los_Angeles,3
25944,Gerty,Gerty,OK,Oklahoma,40063,Hughes,34.8357,-96.289,112,177,polygon,FALSE,TRUE,America/Chicago,3
25945,Bethel,Bethel,MO,Missouri,29205,Shelby,39.8779,-92.0225,112,313,polygon,FALSE,TRUE,America/Chicago,3
25946,Wilson City,Wilson City,MO,Missouri,29133,Mississippi,36.9236,-89.223,112,574,polygon,FALSE,TRUE,America/Chicago,3
25947,Grand Falls Plaza,Grand Falls Plaza,MO,Missouri,29145,Newton,37.0355,-94.5379,112,452,polygon,FALSE,TRUE,America/Chicago,3
25948,Kipp,Kipp,KS,Kansas,20169,Saline,38.785,-97.4568,112,53,polygon,FALSE,FALSE,America/Chicago,3
25949,Radersburg,Radersburg,MT,Montana,30007,Broadwater,46.1965,-111.6316,112,171,polygon,FALSE,FALSE,America/Denver,3
25950,Bell Center,Bell Center,WI,Wisconsin,55023,Crawford,43.2916,-90.8257,111,7,polygon,FALSE,TRUE,America/Chicago,3
25951,Chical,Chical,NM,New Mexico,35061,Valencia,34.8657,-106.667,111,52,polygon,FALSE,FALSE,America/Denver,3
25952,Seven Springs,Seven Springs,NC,North Carolina,37191,Wayne,35.2248,-77.8452,111,126,polygon,FALSE,TRUE,America/New_York,3
25953,Barneston,Barneston,NE,Nebraska,31067,Gage,40.0488,-96.5735,111,175,polygon,FALSE,TRUE,America/Chicago,3
25954,Naomi,Naomi,PA,Pennsylvania,42051,Fayette,40.1111,-79.8464,111,262,polygon,FALSE,FALSE,America/New_York,3
25955,Rock Creek Park,Rock Creek Park,CO,Colorado,8041,El Paso,38.7011,-104.8347,111,161,polygon,FALSE,FALSE,America/Denver,3
25956,Casmalia,Casmalia,CA,California,6083,Santa Barbara,34.8376,-120.5311,111,227,polygon,FALSE,FALSE,America/Los_Angeles,3
25957,Lynnville,Lynnville,IL,Illinois,17137,Morgan,39.6857,-90.346,111,554,polygon,FALSE,TRUE,America/Chicago,3
25958,Harmon,Harmon,IL,Illinois,17103,Lee,41.7195,-89.556,111,286,polygon,FALSE,TRUE,America/Chicago,3
25959,Junction,Junction,IL,Illinois,17059,Gallatin,37.7234,-88.2382,111,51,polygon,FALSE,TRUE,America/Chicago,3
25960,Sims,Sims,IN,Indiana,18053,Grant,40.5006,-85.854,111,42,polygon,FALSE,FALSE,America/Indiana/Indianapolis,3
25961,Foster,Foster,MO,Missouri,29013,Bates,38.1664,-94.5079,111,90,polygon,FALSE,TRUE,America/Chicago,3
25962,Foxhome,Foxhome,MN,Minnesota,27167,Wilkin,46.2769,-96.3122,111,115,polygon,FALSE,TRUE,America/Chicago,3
25963,Lake Henry,Lake Henry,MN,Minnesota,27145,Stearns,45.4619,-94.7965,111,216,polygon,FALSE,TRUE,America/Chicago,3
25964,Whipholt,Whipholt,MN,Minnesota,27021,Cass,47.0436,-94.386,111,13,polygon,FALSE,FALSE,America/Chicago,3
25965,Chickamaw Beach,Chickamaw Beach,MN,Minnesota,27021,Cass,46.7452,-94.3844,111,19,polygon,FALSE,TRUE,America/Chicago,3
25966,Liberty,Liberty,KS,Kansas,20125,Montgomery,37.1564,-95.5977,111,170,polygon,FALSE,TRUE,America/Chicago,3
25967,Parksville,Parksville,SC,South Carolina,45065,McCormick,33.7866,-82.2173,111,58,polygon,FALSE,TRUE,America/New_York,3
25968,Melvina,Melvina,WI,Wisconsin,55081,Monroe,43.8024,-90.7815,110,87,polygon,FALSE,TRUE,America/Chicago,3
25969,Pembine,Pembine,WI,Wisconsin,55075,Marinette,45.6367,-87.9918,110,71,polygon,FALSE,FALSE,America/Chicago,3
25970,Emerald,Emerald,WI,Wisconsin,55109,St. Croix,45.0833,-92.2579,110,22,polygon,FALSE,FALSE,America/Chicago,3
25971,Whittlesey,Whittlesey,WI,Wisconsin,55119,Taylor,45.2206,-90.3232,110,37,polygon,FALSE,FALSE,America/Chicago,3
25972,Floyd,Floyd,NM,New Mexico,35041,Roosevelt,34.229,-103.552,110,13,polygon,FALSE,TRUE,America/Denver,3
25973,Stanley,Stanley,LA,Louisiana,22031,De Soto,31.9609,-93.8995,110,19,polygon,FALSE,TRUE,America/Chicago,3
25974,Pinetown,Pinetown,NC,North Carolina,37013,Beaufort,35.6111,-76.8558,110,41,polygon,FALSE,FALSE,America/New_York,3
25975,Macon,Macon,NC,North Carolina,37185,Warren,36.4396,-78.0839,110,90,polygon,FALSE,TRUE,America/New_York,3
25976,Buchanan,Buchanan,ND,North Dakota,38093,Stutsman,47.0626,-98.829,110,557,polygon,FALSE,TRUE,America/Chicago,3
25977,Memphis,Memphis,NE,Nebraska,31155,Saunders,41.0946,-96.4333,110,488,polygon,FALSE,TRUE,America/Chicago,3
25978,Orme,Orme,TN,Tennessee,47115,Marion,35.0147,-85.8048,110,10,polygon,FALSE,TRUE,America/Chicago,3
25979,Donegal,Donegal,PA,Pennsylvania,42129,Westmoreland,40.112,-79.3808,110,186,polygon,FALSE,TRUE,America/New_York,3
25980,Goodsprings,Goodsprings,NV,Nevada,32003,Clark,35.8303,-115.4291,110,28,polygon,FALSE,FALSE,America/Los_Angeles,3
25981,St. Charles,St. Charles,VA,Virginia,51105,Lee,36.8052,-83.0575,110,240,polygon,FALSE,TRUE,America/New_York,3
25982,Scotland,Scotland,VA,Virginia,51181,Surry,37.1812,-76.7966,110,46,polygon,FALSE,FALSE,America/New_York,3
25983,Vernon,Vernon,CA,California,6037,Los Angeles,34.0019,-118.2106,110,8,polygon,FALSE,TRUE,America/Los_Angeles,3
25984,Spaulding,Spaulding,CA,California,6035,Lassen,40.6557,-120.7863,110,12,polygon,FALSE,TRUE,America/Los_Angeles,3
25985,Bon Air,Bon Air,AL,Alabama,1121,Talladega,33.2621,-86.3319,110,32,polygon,FALSE,TRUE,America/Chicago,3
25986,Ridgeville,Ridgeville,AL,Alabama,1055,Etowah,34.0569,-86.1029,110,51,polygon,FALSE,TRUE,America/Chicago,3
25987,Daisy,Daisy,AR,Arkansas,5109,Pike,34.2349,-93.7406,110,37,polygon,FALSE,TRUE,America/Chicago,3
25988,Scottville,Scottville,IL,Illinois,17117,Macoupin,39.4777,-90.1038,110,42,polygon,FALSE,TRUE,America/Chicago,3
25989,Calvary,Calvary,GA,Georgia,13131,Grady,30.7225,-84.3541,110,27,polygon,FALSE,FALSE,America/New_York,3
25990,Harper,Harper,IA,Iowa,19107,Keokuk,41.3637,-92.0509,110,478,polygon,FALSE,TRUE,America/Chicago,3
25991,Chapin,Chapin,IA,Iowa,19069,Franklin,42.8354,-93.2223,110,430,polygon,FALSE,FALSE,America/Chicago,3
25992,Center Junction,Center Junction,IA,Iowa,19105,Jones,42.1141,-91.0903,110,57,polygon,FALSE,FALSE,America/Chicago,3
25993,Westwood,Westwood,IA,Iowa,19087,Henry,40.9648,-91.6266,110,278,polygon,FALSE,TRUE,America/Chicago,3
25994,Brayton,Brayton,IA,Iowa,19009,Audubon,41.5448,-94.9303,110,68,polygon,FALSE,TRUE,America/Chicago,3
25995,Williston,Williston,MD,Maryland,24011,Caroline,38.8309,-75.8511,110,161,polygon,FALSE,FALSE,America/New_York,3
25996,Highland Beach,Highland Beach,MD,Maryland,24003,Anne Arundel,38.9312,-76.466,110,620,polygon,FALSE,TRUE,America/New_York,3
25997,Clarita,Clarita,OK,Oklahoma,40029,Coal,34.4826,-96.4367,110,5,polygon,FALSE,FALSE,America/Chicago,3
25998,Tullahassee,Tullahassee,OK,Oklahoma,40145,Wagoner,35.8418,-95.4387,110,70,polygon,FALSE,TRUE,America/Chicago,3
25999,Kanauga,Kanauga,OH,Ohio,39053,Gallia,38.8411,-82.1495,110,146,polygon,FALSE,FALSE,America/New_York,3
26000,Kirby,Kirby,OH,Ohio,39175,Wyandot,40.8135,-83.4194,110,394,polygon,FALSE,TRUE,America/New_York,3
26001,Hartsburg,Hartsburg,MO,Missouri,29019,Boone,38.697,-92.3072,110,200,polygon,FALSE,TRUE,America/Chicago,3
26002,Rutledge,Rutledge,MO,Missouri,29199,Scotland,40.314,-92.0876,110,319,polygon,FALSE,TRUE,America/Chicago,3
26003,Biscay,Biscay,MN,Minnesota,27085,McLeod,44.8261,-94.274,110,596,polygon,FALSE,TRUE,America/Chicago,3
26004,Federal Dam,Federal Dam,MN,Minnesota,27021,Cass,47.2407,-94.2192,110,22,polygon,FALSE,TRUE,America/Chicago,3
26005,Melstone,Melstone,MT,Montana,30065,Musselshell,46.5987,-107.8682,110,69,polygon,FALSE,TRUE,America/Denver,3
26006,Beaver,Beaver,OR,Oregon,41057,Tillamook,45.278,-123.8221,110,109,polygon,FALSE,FALSE,America/Los_Angeles,3
26007,Addy,Addy,WA,Washington,53065,Stevens,48.3588,-117.8372,109,119,polygon,FALSE,FALSE,America/Los_Angeles,3
26008,Waverly,Waverly,WA,Washington,53063,Spokane,47.3381,-117.2312,109,101,polygon,FALSE,TRUE,America/Los_Angeles,3
26009,Opal,Opal,WY,Wyoming,56023,Lincoln,41.768,-110.3242,109,106,polygon,FALSE,TRUE,America/Denver,3
26010,North Escobares,North Escobares,TX,Texas,48427,Starr,26.4325,-98.9719,109,58,polygon,FALSE,FALSE,America/Chicago,3
26011,Port Heiden,Port Heiden,AK,Alaska,2164,Lake and Peninsula,56.9426,-158.6047,109,0,polygon,FALSE,TRUE,America/Anchorage,3
26012,Belden,Belden,NE,Nebraska,31027,Cedar,42.4116,-97.2077,109,282,polygon,FALSE,TRUE,America/Chicago,3
26013,Hunt,Hunt,NY,New York,36051,Livingston,42.5477,-77.991,109,353,polygon,FALSE,FALSE,America/New_York,3
26014,Oxbow,Oxbow,NY,New York,36045,Jefferson,44.287,-75.6227,109,205,polygon,FALSE,FALSE,America/New_York,3
26015,Crook,Crook,CO,Colorado,8075,Logan,40.8588,-102.8015,109,312,polygon,FALSE,TRUE,America/Denver,3
26016,Egypt,Egypt,AR,Arkansas,5031,Craighead,35.8676,-90.9457,109,125,polygon,FALSE,TRUE,America/Chicago,3
26017,Marietta,Marietta,IL,Illinois,17057,Fulton,40.4995,-90.3931,109,153,polygon,FALSE,TRUE,America/Chicago,3
26018,Aldora,Aldora,GA,Georgia,13171,Lamar,33.0509,-84.1759,109,176,polygon,FALSE,TRUE,America/New_York,3
26019,Lanesboro,Lanesboro,IA,Iowa,19027,Carroll,42.1827,-94.6921,109,56,polygon,FALSE,TRUE,America/Chicago,3
26020,Martinsburg,Martinsburg,IA,Iowa,19107,Keokuk,41.1786,-92.2519,109,112,polygon,FALSE,TRUE,America/Chicago,3
26021,Bridgeport,Bridgeport,OK,Oklahoma,40015,Caddo,35.5476,-98.3775,109,78,polygon,FALSE,TRUE,America/Chicago,3
26022,Milledgeville,Milledgeville,OH,Ohio,39047,Fayette,39.5934,-83.5878,109,422,polygon,FALSE,TRUE,America/New_York,3
26023,Clifton Hill,Clifton Hill,MO,Missouri,29175,Randolph,39.4388,-92.6642,109,244,polygon,FALSE,TRUE,America/Chicago,3
26024,Wright,Wright,KS,Kansas,20057,Ford,37.7753,-99.8905,109,20,polygon,FALSE,FALSE,America/Chicago,3
26025,Durham,Durham,KS,Kansas,20115,Marion,38.4845,-97.2269,109,241,polygon,FALSE,TRUE,America/Chicago,3
26026,Williams,Williams,SC,South Carolina,45029,Colleton,33.0341,-80.8429,109,49,polygon,FALSE,TRUE,America/New_York,3
26027,Arroyo Gardens,Arroyo Gardens,TX,Texas,48061,Cameron,26.2052,-97.5021,108,10,polygon,FALSE,FALSE,America/Chicago,3
26028,Toyah,Toyah,TX,Texas,48389,Reeves,31.3125,-103.7946,108,25,polygon,FALSE,TRUE,America/Chicago,3
26029,McDonald,McDonald,NC,North Carolina,37155,Robeson,34.5537,-79.1764,108,163,polygon,FALSE,TRUE,America/New_York,3
26030,McFarlan,McFarlan,NC,North Carolina,37007,Anson,34.8148,-79.9766,108,45,polygon,FALSE,TRUE,America/New_York,3
26031,Newburg,Newburg,ND,North Dakota,38009,Bottineau,48.7139,-100.9127,108,296,polygon,FALSE,TRUE,America/Chicago,3
26032,Melbeta,Melbeta,NE,Nebraska,31157,Scotts Bluff,41.7819,-103.5171,108,434,polygon,FALSE,TRUE,America/Denver,3
26033,Valmy,Valmy,NV,Nevada,32013,Humboldt,40.7714,-117.1312,108,11,polygon,FALSE,FALSE,America/Los_Angeles,3
26034,Oak Hall,Oak Hall,VA,Virginia,51001,Accomack,37.9308,-75.5469,108,38,polygon,FALSE,FALSE,America/New_York,3
26035,Antoine,Antoine,AR,Arkansas,5109,Pike,34.0343,-93.4226,108,81,polygon,FALSE,TRUE,America/Chicago,3
26036,Emington,Emington,IL,Illinois,17105,Livingston,40.9694,-88.3578,108,493,polygon,FALSE,TRUE,America/Chicago,3
26037,Tennessee,Tennessee,IL,Illinois,17109,McDonough,40.4114,-90.8362,108,98,polygon,FALSE,TRUE,America/Chicago,3
26038,Baldwin,Baldwin,IA,Iowa,19097,Jackson,42.0731,-90.8385,108,109,polygon,FALSE,TRUE,America/Chicago,3
26039,Promise City,Promise City,IA,Iowa,19185,Wayne,40.7473,-93.1498,108,220,polygon,FALSE,TRUE,America/Chicago,3
26040,Buckeye,Buckeye,IA,Iowa,19083,Hardin,42.4195,-93.3758,108,42,polygon,FALSE,TRUE,America/Chicago,3
26041,Cromwell,Cromwell,IA,Iowa,19175,Union,41.0404,-94.4618,108,143,polygon,FALSE,TRUE,America/Chicago,3
26042,Yucca,Yucca,AZ,Arizona,4015,Mohave,34.863,-114.1461,108,18,polygon,FALSE,FALSE,America/Phoenix,3
26043,Ali Chuk,Ali Chuk,AZ,Arizona,4019,Pima,31.8169,-112.5584,108,28,polygon,FALSE,FALSE,America/Phoenix,3
26044,Whaleyville,Whaleyville,MD,Maryland,24047,Worcester,38.3911,-75.3001,108,43,polygon,FALSE,FALSE,America/New_York,3
26045,Dacoma,Dacoma,OK,Oklahoma,40151,Woods,36.6596,-98.5635,108,79,polygon,FALSE,TRUE,America/Chicago,3
26046,Comstock,Comstock,MN,Minnesota,27027,Clay,46.6596,-96.7466,108,181,polygon,FALSE,TRUE,America/Chicago,3
26047,Minneiska,Minneiska,MN,Minnesota,27169,Winona,44.1975,-91.8763,108,82,polygon,FALSE,TRUE,America/Chicago,3
26048,Pawleys Island,Pawleys Island,SC,South Carolina,45043,Georgetown,33.427,-79.1245,108,59,polygon,FALSE,TRUE,America/New_York,3
26049,Kenton Vale,Kenton Vale,KY,Kentucky,21117,Kenton,39.0514,-84.5199,108,779,polygon,FALSE,TRUE,America/New_York,3
26050,Dodson,Dodson,TX,Texas,48087,Collingsworth,34.7654,-100.0204,107,67,polygon,FALSE,TRUE,America/Chicago,3
26051,Friendsville,Friendsville,PA,Pennsylvania,42115,Susquehanna,41.9179,-76.0477,107,27,polygon,FALSE,TRUE,America/New_York,3
26052,Gerlach,Gerlach,NV,Nevada,32031,Washoe,40.6451,-119.3614,107,13,polygon,FALSE,FALSE,America/Los_Angeles,3
26053,Vilas,Vilas,CO,Colorado,8009,Baca,37.3737,-102.4474,107,323,polygon,FALSE,TRUE,America/Denver,3
26054,Franktown,Franktown,CO,Colorado,8035,Douglas,39.3906,-104.7486,107,14,polygon,FALSE,FALSE,America/Denver,3
26055,Bradley,Bradley,CA,California,6053,Monterey,35.8628,-120.8042,107,480,polygon,FALSE,FALSE,America/Los_Angeles,3
26056,Minturn,Minturn,AR,Arkansas,5075,Lawrence,35.9766,-91.0272,107,72,polygon,FALSE,TRUE,America/Chicago,3
26057,Vidette,Vidette,GA,Georgia,13033,Burke,33.0376,-82.2474,107,42,polygon,FALSE,TRUE,America/New_York,3
26058,Arion,Arion,IA,Iowa,19047,Crawford,41.9482,-95.4623,107,87,polygon,FALSE,TRUE,America/Chicago,3
26059,Wiota,Wiota,IA,Iowa,19029,Cass,41.401,-94.8875,107,130,polygon,FALSE,TRUE,America/Chicago,3
26060,Addington,Addington,OK,Oklahoma,40067,Jefferson,34.2431,-97.9661,107,174,polygon,FALSE,TRUE,America/Chicago,3
26061,Tuskahoma,Tuskahoma,OK,Oklahoma,40127,Pushmataha,34.6272,-95.2779,107,18,polygon,FALSE,FALSE,America/Chicago,3
26062,Blackburn,Blackburn,OK,Oklahoma,40117,Pawnee,36.3731,-96.5965,107,139,polygon,FALSE,TRUE,America/Chicago,3
26063,Terlton,Terlton,OK,Oklahoma,40117,Pawnee,36.1857,-96.4904,107,165,polygon,FALSE,TRUE,America/Chicago,3
26064,Marseilles,Marseilles,OH,Ohio,39175,Wyandot,40.7012,-83.3923,107,423,polygon,FALSE,TRUE,America/New_York,3
26065,Humphreys,Humphreys,MO,Missouri,29211,Sullivan,40.1252,-93.3196,107,165,polygon,FALSE,TRUE,America/Chicago,3
26066,Bock,Bock,MN,Minnesota,27095,Mille Lacs,45.7845,-93.5528,107,246,polygon,FALSE,TRUE,America/Chicago,3
26067,Ironton,Ironton,MI,Michigan,26029,Charlevoix,45.2565,-85.1927,107,41,polygon,FALSE,FALSE,America/Detroit,3
26068,Mayfield,Mayfield,KS,Kansas,20191,Sumner,37.263,-97.5403,107,139,polygon,FALSE,TRUE,America/Chicago,3
26069,Republic,Republic,KS,Kansas,20157,Republic,39.9239,-97.8245,107,177,polygon,FALSE,TRUE,America/Chicago,3
26070,Fort Smith,Fort Smith,MT,Montana,30003,Big Horn,45.3134,-107.9296,107,29,polygon,FALSE,FALSE,America/Denver,3
26071,Stockholm,Stockholm,SD,South Dakota,46051,Grant,45.1018,-96.7998,107,95,polygon,FALSE,TRUE,America/Chicago,3
26072,Brandt,Brandt,SD,South Dakota,46039,Deuel,44.6669,-96.6252,107,32,polygon,FALSE,TRUE,America/Chicago,3
26073,Fisher Island,Fisher Island,FL,Florida,12086,Miami-Dade,25.7607,-80.1415,106,169,polygon,FALSE,FALSE,America/New_York,3
26074,Hope,Hope,NM,New Mexico,35015,Eddy,32.8159,-104.7371,106,33,polygon,FALSE,TRUE,America/Denver,3
26075,Regino Ramirez,Regino Ramirez,TX,Texas,48427,Starr,26.488,-98.9338,106,1818,polygon,FALSE,TRUE,America/Chicago,3
26076,Egegik,Egegik,AK,Alaska,2164,Lake and Peninsula,58.2181,-157.4036,106,1,polygon,FALSE,TRUE,America/Anchorage,3
26077,Lasker,Lasker,NC,North Carolina,37131,Northampton,36.3502,-77.3058,106,36,polygon,FALSE,TRUE,America/New_York,3
26078,Brooktree Park,Brooktree Park,ND,North Dakota,38017,Cass,47.0038,-96.8961,106,232,polygon,FALSE,FALSE,America/Chicago,3
26079,Brock,Brock,NE,Nebraska,31127,Nemaha,40.4804,-95.9601,106,130,polygon,FALSE,TRUE,America/Chicago,3
26080,Ohiowa,Ohiowa,NE,Nebraska,31059,Fillmore,40.4136,-97.4524,106,164,polygon,FALSE,TRUE,America/Chicago,3
26081,Colon,Colon,NE,Nebraska,31155,Saunders,41.2982,-96.6069,106,313,polygon,FALSE,TRUE,America/Chicago,3
26082,Southside Chesconessex,Southside Chesconessex,VA,Virginia,51001,Accomack,37.7439,-75.7786,106,30,polygon,FALSE,TRUE,America/New_York,3
26083,Nicasio,Nicasio,CA,California,6041,Marin,38.0605,-122.7008,106,31,polygon,FALSE,FALSE,America/Los_Angeles,3
26084,Hatton,Hatton,AL,Alabama,1079,Lawrence,34.561,-87.4136,106,30,polygon,FALSE,FALSE,America/Chicago,3
26085,Belknap,Belknap,IL,Illinois,17087,Johnson,37.3225,-88.9405,106,38,polygon,FALSE,TRUE,America/Chicago,3
26086,Spring Hill,Spring Hill,IN,Indiana,18097,Marion,39.8346,-86.1926,106,381,polygon,FALSE,TRUE,America/Indiana/Indianapolis,3
26087,Carpenter,Carpenter,IA,Iowa,19131,Mitchell,43.415,-93.0173,106,255,polygon,FALSE,TRUE,America/Chicago,3
26088,Somers,Somers,IA,Iowa,19025,Calhoun,42.3787,-94.4309,106,118,polygon,FALSE,TRUE,America/Chicago,3
26089,Leadore,Leadore,ID,Idaho,16059,Lemhi,44.6801,-113.3593,106,132,polygon,FALSE,TRUE,America/Boise,3
26090,Cearfoss,Cearfoss,MD,Maryland,24043,Washington,39.6989,-77.7766,106,203,polygon,FALSE,FALSE,America/New_York,3
26091,Neville,Neville,OH,Ohio,39025,Clermont,38.8123,-84.2115,106,103,polygon,FALSE,TRUE,America/New_York,3
26092,Harbor View,Harbor View,OH,Ohio,39095,Lucas,41.6933,-83.4447,106,1764,polygon,FALSE,TRUE,America/New_York,3
26093,Brooklyn Heights,Brooklyn Heights,MO,Missouri,29097,Jasper,37.1694,-94.3855,106,357,polygon,FALSE,TRUE,America/Chicago,3
26094,Plato,Plato,MO,Missouri,29215,Texas,37.5029,-92.22,106,109,polygon,FALSE,TRUE,America/Chicago,3
26095,Ridgely,Ridgely,MO,Missouri,29165,Platte,39.4537,-94.6402,106,28,polygon,FALSE,TRUE,America/Chicago,3
26096,New Trier,New Trier,MN,Minnesota,27037,Dakota,44.604,-92.9328,106,217,polygon,FALSE,TRUE,America/Chicago,3
26097,Squaw Lake,Squaw Lake,MN,Minnesota,27061,Itasca,47.6275,-94.1381,106,50,polygon,FALSE,TRUE,America/Chicago,3
26098,Clitherall,Clitherall,MN,Minnesota,27111,Otter Tail,46.2745,-95.6309,106,223,polygon,FALSE,TRUE,America/Chicago,3
26099,Corona,Corona,SD,South Dakota,46109,Roberts,45.3352,-96.7646,106,161,polygon,FALSE,TRUE,America/Chicago,3
26100,Interior,Interior,SD,South Dakota,46071,Jackson,43.7269,-101.9837,106,30,polygon,FALSE,TRUE,America/Denver,3
26101,Glacier,Glacier,WA,Washington,53073,Whatcom,48.8902,-121.9323,105,13,polygon,FALSE,FALSE,America/Los_Angeles,3
26102,Brandonville,Brandonville,WV,West Virginia,54077,Preston,39.6671,-79.6277,105,105,polygon,FALSE,TRUE,America/New_York,3
26103,Blodgett Landing,Blodgett Landing,NH,New Hampshire,33013,Merrimack,43.3757,-72.0392,105,139,polygon,FALSE,FALSE,America/New_York,3
26104,Redford,Redford,TX,Texas,48377,Presidio,29.4342,-104.1824,105,5,polygon,FALSE,FALSE,America/Ojinaga,3
26105,Campo Verde,Campo Verde,TX,Texas,48427,Starr,26.3916,-98.914,105,1255,polygon,FALSE,TRUE,America/Chicago,3
26106,Sykeston,Sykeston,ND,North Dakota,38103,Wells,47.466,-99.3993,105,102,polygon,FALSE,TRUE,America/Chicago,3
26107,Pisek,Pisek,ND,North Dakota,38099,Walsh,48.3105,-97.7104,105,354,polygon,FALSE,TRUE,America/Chicago,3
26108,Sarben,Sarben,NE,Nebraska,31101,Keith,41.1662,-101.3044,105,258,polygon,FALSE,FALSE,America/Denver,3
26109,Elsie,Elsie,NE,Nebraska,31135,Perkins,40.8472,-101.3894,105,234,polygon,FALSE,TRUE,America/Denver,3
26110,Tobias,Tobias,NE,Nebraska,31151,Saline,40.4185,-97.3367,105,154,polygon,FALSE,TRUE,America/Chicago,3
26111,Woodsville,Woodsville,NY,New York,36051,Livingston,42.579,-77.7338,105,127,polygon,FALSE,FALSE,America/New_York,3
26112,Homewood,Homewood,PA,Pennsylvania,42007,Beaver,40.8133,-80.3294,105,239,polygon,FALSE,TRUE,America/New_York,3
26113,Mina,Mina,NV,Nevada,32021,Mineral,38.3898,-118.1116,105,16,polygon,FALSE,FALSE,America/Los_Angeles,3
26114,Paskenta,Paskenta,CA,California,6103,Tehama,39.8833,-122.5458,105,37,polygon,FALSE,FALSE,America/Los_Angeles,3
26115,Macdoel,Macdoel,CA,California,6093,Siskiyou,41.8258,-122.0058,105,273,polygon,FALSE,FALSE,America/Los_Angeles,3
26116,Pindall,Pindall,AR,Arkansas,5129,Searcy,36.0637,-92.8622,105,14,polygon,FALSE,TRUE,America/Chicago,3
26117,Hidalgo,Hidalgo,IL,Illinois,17079,Jasper,39.1559,-88.1491,105,118,polygon,FALSE,TRUE,America/Chicago,3
26118,East Brooklyn,East Brooklyn,IL,Illinois,17063,Grundy,41.1728,-88.266,105,786,polygon,FALSE,TRUE,America/Chicago,3
26119,Mount Etna,Mount Etna,IN,Indiana,18069,Huntington,40.741,-85.5618,105,352,polygon,FALSE,TRUE,America/Indiana/Indianapolis,3
26120,Bentley,Bentley,IA,Iowa,19155,Pottawattamie,41.3756,-95.6225,105,39,polygon,FALSE,FALSE,America/Chicago,3
26121,Ackworth,Ackworth,IA,Iowa,19181,Warren,41.3642,-93.4723,105,73,polygon,FALSE,TRUE,America/Chicago,3
26122,Rye,Rye,AZ,Arizona,4007,Gila,34.0978,-111.3543,105,79,polygon,FALSE,FALSE,America/Phoenix,3
26123,Pocahontas,Pocahontas,MO,Missouri,29031,Cape Girardeau,37.5014,-89.6398,105,393,polygon,FALSE,TRUE,America/Chicago,3
26124,Odin,Odin,MN,Minnesota,27165,Watonwan,43.8672,-94.7427,105,109,polygon,FALSE,TRUE,America/Chicago,3
26125,Olmitz,Olmitz,KS,Kansas,20009,Barton,38.5164,-98.9367,105,255,polygon,FALSE,TRUE,America/Chicago,3
26126,Havana,Havana,KS,Kansas,20125,Montgomery,37.0921,-95.9419,105,257,polygon,FALSE,TRUE,America/Chicago,3
26127,Gaylord,Gaylord,KS,Kansas,20183,Smith,39.6463,-98.8473,105,158,polygon,FALSE,TRUE,America/Chicago,3
26128,Gallatin River Ranch,Gallatin River Ranch,MT,Montana,30031,Gallatin,45.9072,-111.3313,105,5,polygon,FALSE,TRUE,America/Denver,3
26129,Grass Range,Grass Range,MT,Montana,30027,Fergus,47.0259,-108.8031,105,289,polygon,FALSE,TRUE,America/Denver,3
26130,Ten Broeck,Ten Broeck,KY,Kentucky,21111,Jefferson,38.2976,-85.5806,105,186,polygon,FALSE,TRUE,America/New_York,3
26131,Glenham,Glenham,SD,South Dakota,46129,Walworth,45.533,-100.2711,105,124,polygon,FALSE,TRUE,America/Chicago,3
26132,Revillo,Revillo,SD,South Dakota,46051,Grant,45.0153,-96.5712,105,242,polygon,FALSE,TRUE,America/Chicago,3
26133,Hatton,Hatton,WA,Washington,53001,Adams,46.7735,-118.8277,104,107,polygon,FALSE,TRUE,America/Los_Angeles,3
26134,Chelsea,Chelsea,WI,Wisconsin,55119,Taylor,45.2926,-90.3054,104,86,polygon,FALSE,FALSE,America/Chicago,3
26135,Osage,Osage,WY,Wyoming,56045,Weston,43.9848,-104.4269,104,20,polygon,FALSE,FALSE,America/Denver,3
26136,South Bend,South Bend,NE,Nebraska,31025,Cass,41.0021,-96.2474,104,300,polygon,FALSE,TRUE,America/Chicago,3
26137,Salem,Salem,NE,Nebraska,31147,Richardson,40.0769,-95.7285,104,64,polygon,FALSE,TRUE,America/Chicago,3
26138,Guys Mills,Guys Mills,PA,Pennsylvania,42039,Crawford,41.6307,-79.9759,104,259,polygon,FALSE,FALSE,America/New_York,3
26139,Kingston,Kingston,NV,Nevada,32015,Lander,39.2101,-117.0679,104,9,polygon,FALSE,FALSE,America/Los_Angeles,3
26140,Vona,Vona,CO,Colorado,8063,Kit Carson,39.3023,-102.7435,104,181,polygon,FALSE,TRUE,America/Denver,3
26141,Jericho,Jericho,AR,Arkansas,5035,Crittenden,35.2856,-90.2293,104,87,polygon,FALSE,TRUE,America/Chicago,3
26142,Big Flat,Big Flat,AR,Arkansas,5005,Baxter,36.0056,-92.4066,104,37,polygon,FALSE,TRUE,America/Chicago,3
26143,West York,West York,IL,Illinois,17033,Crawford,39.1689,-87.673,104,302,polygon,FALSE,FALSE,America/Chicago,3
26144,Walnut Hill,Walnut Hill,IL,Illinois,17121,Marion,38.4777,-89.0447,104,105,polygon,FALSE,TRUE,America/Chicago,3
26145,Mount Auburn,Mount Auburn,IN,Indiana,18177,Wayne,39.8123,-85.1905,104,211,polygon,FALSE,TRUE,America/Indiana/Indianapolis,3
26146,Melrose,Melrose,IA,Iowa,19135,Monroe,40.979,-93.0508,104,39,polygon,FALSE,TRUE,America/Chicago,3
26147,El Capitan,El Capitan,AZ,Arizona,4007,Gila,33.2383,-110.7833,104,6,polygon,FALSE,TRUE,America/Phoenix,3
26148,Hamer,Hamer,ID,Idaho,16051,Jefferson,43.9221,-112.2028,104,210,polygon,FALSE,TRUE,America/Boise,3
26149,Pulaski,Pulaski,OH,Ohio,39171,Williams,41.5108,-84.5079,104,256,polygon,FALSE,FALSE,America/New_York,3
26150,Brownington,Brownington,MO,Missouri,29083,Henry,38.2452,-93.7226,104,331,polygon,FALSE,TRUE,America/Chicago,3
26151,Millerville,Millerville,MN,Minnesota,27041,Douglas,46.0691,-95.5571,104,46,polygon,FALSE,TRUE,America/Chicago,3
26152,Palmer,Palmer,KS,Kansas,20201,Washington,39.6333,-97.1399,104,130,polygon,FALSE,TRUE,America/Chicago,3
26153,Sylvarena,Sylvarena,MS,Mississippi,28129,Smith,32.0144,-89.3818,104,15,polygon,FALSE,TRUE,America/Chicago,3
26154,Slate Springs,Slate Springs,MS,Mississippi,28013,Calhoun,33.7417,-89.3752,104,28,polygon,FALSE,TRUE,America/Chicago,3
26155,Grady,Grady,NM,New Mexico,35009,Curry,34.8218,-103.3157,103,149,polygon,FALSE,TRUE,America/Denver,3
26156,Edmonson,Edmonson,TX,Texas,48189,Hale,34.2791,-101.8966,103,92,polygon,FALSE,TRUE,America/Chicago,3
26157,H. Cuellar Estates,H. Cuellar Estates,TX,Texas,48427,Starr,26.5611,-99.1258,103,2891,polygon,FALSE,TRUE,America/Chicago,2
26158,Dayton Lakes,Dayton Lakes,TX,Texas,48291,Liberty,30.1446,-94.8209,103,46,polygon,FALSE,TRUE,America/Chicago,3
26159,Oberon,Oberon,ND,North Dakota,38005,Benson,47.9242,-99.2059,103,113,polygon,FALSE,TRUE,America/Chicago,3
26160,Atwood,Atwood,PA,Pennsylvania,42005,Armstrong,40.7501,-79.2601,103,19,polygon,FALSE,TRUE,America/New_York,3
26161,Fancy Gap,Fancy Gap,VA,Virginia,51035,Carroll,36.6771,-80.6997,103,9,polygon,FALSE,FALSE,America/New_York,3
26162,Monmouth,Monmouth,CA,California,6019,Fresno,36.5656,-119.7405,103,129,polygon,FALSE,FALSE,America/Los_Angeles,3
26163,Sierraville,Sierraville,CA,California,6091,Sierra,39.575,-120.3637,103,7,polygon,FALSE,FALSE,America/Los_Angeles,3
26164,Fraser,Fraser,IA,Iowa,19015,Boone,42.1242,-93.9699,103,33,polygon,FALSE,TRUE,America/Chicago,3
26165,Duncan,Duncan,IA,Iowa,19081,Hancock,43.1051,-93.7059,103,50,polygon,FALSE,FALSE,America/Chicago,3
26166,Nodaway,Nodaway,IA,Iowa,19003,Adams,40.9366,-94.8954,103,74,polygon,FALSE,TRUE,America/Chicago,3
26167,Oto,Oto,IA,Iowa,19193,Woodbury,42.282,-95.8945,103,150,polygon,FALSE,TRUE,America/Chicago,3
26168,Breathedsville,Breathedsville,MD,Maryland,24043,Washington,39.546,-77.7246,103,106,polygon,FALSE,FALSE,America/New_York,3
26169,Rock Point,Rock Point,MD,Maryland,24017,Charles,38.2754,-76.8428,103,63,polygon,FALSE,FALSE,America/New_York,3
26170,Castle,Castle,OK,Oklahoma,40107,Okfuskee,35.4752,-96.3835,103,225,polygon,FALSE,TRUE,America/Chicago,3
26171,Truxton,Truxton,MO,Missouri,29113,Lincoln,39.0035,-91.2403,103,161,polygon,FALSE,TRUE,America/Chicago,3
26172,Weatherby,Weatherby,MO,Missouri,29063,DeKalb,39.9092,-94.2419,103,336,polygon,FALSE,TRUE,America/Chicago,3
26173,Darfur,Darfur,MN,Minnesota,27165,Watonwan,44.0535,-94.8378,103,173,polygon,FALSE,TRUE,America/Chicago,3
26174,Borup,Borup,MN,Minnesota,27107,Norman,47.1803,-96.5058,103,156,polygon,FALSE,TRUE,America/Chicago,3
26175,Savonburg,Savonburg,KS,Kansas,20001,Allen,37.7489,-95.1429,103,206,polygon,FALSE,TRUE,America/Chicago,3
26176,Edgar,Edgar,MT,Montana,30009,Carbon,45.4637,-108.8554,103,59,polygon,FALSE,FALSE,America/Denver,3
26177,Herrick,Herrick,SD,South Dakota,46053,Gregory,43.115,-99.1882,103,77,polygon,FALSE,TRUE,America/Chicago,3
26178,Tony,Tony,WI,Wisconsin,55107,Rusk,45.4804,-90.9972,102,19,polygon,FALSE,TRUE,America/Chicago,3
26179,Crum,Crum,WV,West Virginia,54099,Wayne,37.9095,-82.447,102,77,polygon,FALSE,FALSE,America/New_York,3
26180,Buttzville,Buttzville,NJ,New Jersey,34041,Warren,40.8311,-75.0052,102,139,polygon,FALSE,FALSE,America/New_York,3
26181,O'Brien,O'Brien,TX,Texas,48207,Haskell,33.3801,-99.8438,102,78,polygon,FALSE,TRUE,America/Chicago,3
26182,Springlake,Springlake,TX,Texas,48279,Lamb,34.2316,-102.3057,102,38,polygon,FALSE,TRUE,America/Chicago,3
26183,Northway,Northway,AK,Alaska,2240,Southeast Fairbanks,62.9479,-141.8322,102,2,polygon,FALSE,FALSE,America/Anchorage,3
26184,Galesburg,Galesburg,ND,North Dakota,38097,Traill,47.2701,-97.4087,102,238,polygon,FALSE,TRUE,America/Chicago,3
26185,Campo,Campo,CO,Colorado,8009,Baca,37.1047,-102.5786,102,272,polygon,FALSE,TRUE,America/Denver,3
26186,Springerton,Springerton,IL,Illinois,17193,White,38.1786,-88.3547,102,311,polygon,FALSE,TRUE,America/Chicago,3
26187,Rockingham,Rockingham,GA,Georgia,13005,Bacon,31.5441,-82.4145,102,33,polygon,FALSE,FALSE,America/New_York,3
26188,Oyens,Oyens,IA,Iowa,19149,Plymouth,42.82,-96.0582,102,388,polygon,FALSE,TRUE,America/Chicago,3
26189,Hope,Hope,ID,Idaho,16017,Bonner,48.2493,-116.3041,102,85,polygon,FALSE,TRUE,America/Los_Angeles,3
26190,Mutual,Mutual,OH,Ohio,39021,Champaign,40.0794,-83.6368,102,291,polygon,FALSE,TRUE,America/New_York,3
26191,Dover,Dover,MO,Missouri,29107,Lafayette,39.1941,-93.6896,102,196,polygon,FALSE,TRUE,America/Chicago,3
26192,Benton City,Benton City,MO,Missouri,29007,Audrain,39.1345,-91.7648,102,379,polygon,FALSE,TRUE,America/Chicago,3
26193,Gibbs,Gibbs,MO,Missouri,29001,Adair,40.0988,-92.4165,102,159,polygon,FALSE,TRUE,America/Chicago,3
26194,Turner,Turner,MI,Michigan,26011,Arenac,44.1422,-83.7875,102,38,polygon,FALSE,TRUE,America/Detroit,3
26195,Tampa,Tampa,KS,Kansas,20115,Marion,38.5481,-97.1543,102,221,polygon,FALSE,TRUE,America/Chicago,3
26196,Vermillion,Vermillion,KS,Kansas,20117,Marshall,39.7181,-96.2656,102,189,polygon,FALSE,TRUE,America/Chicago,3
26197,Happys Inn,Happys Inn,MT,Montana,30053,Lincoln,48.0638,-115.1351,102,4,polygon,FALSE,FALSE,America/Denver,3
26198,Pine Grove,Pine Grove,OR,Oregon,41065,Wasco,45.1136,-121.3553,102,6,polygon,FALSE,FALSE,America/Los_Angeles,3
26199,Tioga,Tioga,WV,West Virginia,54067,Nicholas,38.422,-80.6548,101,62,polygon,FALSE,FALSE,America/New_York,3
26200,Morriston,Morriston,FL,Florida,12075,Levy,29.2811,-82.44,101,95,polygon,FALSE,FALSE,America/New_York,3
26201,St. George,St. George,AK,Alaska,2016,Aleutians West,56.5791,-169.6114,101,1,polygon,FALSE,TRUE,America/Nome,3
26202,Winslow,Winslow,NE,Nebraska,31053,Dodge,41.6102,-96.5047,101,269,polygon,FALSE,TRUE,America/Chicago,3
26203,McGrew,McGrew,NE,Nebraska,31157,Scotts Bluff,41.7477,-103.4176,101,103,polygon,FALSE,TRUE,America/Denver,3
26204,Overland,Overland,NE,Nebraska,31081,Hamilton,41.0808,-97.9784,101,33,polygon,FALSE,FALSE,America/Chicago,3
26205,Coalmont,Coalmont,PA,Pennsylvania,42061,Huntingdon,40.2112,-78.2,101,325,polygon,FALSE,TRUE,America/New_York,3
26206,Snelling,Snelling,CA,California,6047,Merced,37.5216,-120.4387,101,72,polygon,FALSE,FALSE,America/Los_Angeles,3
26207,Zinc,Zinc,AR,Arkansas,5009,Boone,36.2836,-92.9147,101,51,polygon,FALSE,TRUE,America/Chicago,3
26208,Lonsdale,Lonsdale,AR,Arkansas,5051,Garland,34.545,-92.8106,101,96,polygon,FALSE,TRUE,America/Chicago,3
26209,Jeisyville,Jeisyville,IL,Illinois,17021,Christian,39.5792,-89.408,101,320,polygon,FALSE,TRUE,America/Chicago,3
26210,St. Olaf,St. Olaf,IA,Iowa,19043,Clayton,42.9269,-91.3879,101,159,polygon,FALSE,TRUE,America/Chicago,3
26211,Sageville,Sageville,IA,Iowa,19061,Dubuque,42.549,-90.7062,101,45,polygon,FALSE,TRUE,America/Chicago,3
26212,Sandy Hook,Sandy Hook,MD,Maryland,24043,Washington,39.3284,-77.7052,101,180,polygon,FALSE,FALSE,America/New_York,3
26213,Fair Oaks,Fair Oaks,OK,Oklahoma,40145,Wagoner,36.1441,-95.6959,101,5,polygon,FALSE,TRUE,America/Chicago,3
26214,Norwich,Norwich,OH,Ohio,39119,Muskingum,39.9844,-81.7925,101,506,polygon,FALSE,TRUE,America/New_York,3
26215,Aullville,Aullville,MO,Missouri,29107,Lafayette,39.0175,-93.6779,101,146,polygon,FALSE,TRUE,America/Chicago,3
26216,West Line,West Line,MO,Missouri,29037,Cass,38.6357,-94.587,101,85,polygon,FALSE,TRUE,America/Chicago,3
26217,Viking,Viking,MN,Minnesota,27089,Marshall,48.2182,-96.4068,101,75,polygon,FALSE,TRUE,America/Chicago,3
26218,Beltrami,Beltrami,MN,Minnesota,27119,Polk,47.5425,-96.527,101,19,polygon,FALSE,TRUE,America/Chicago,3
26219,Antreville,Antreville,SC,South Carolina,45001,Abbeville,34.2971,-82.5541,101,10,polygon,FALSE,FALSE,America/New_York,3
26220,Sardis,Sardis,KY,Kentucky,21161,Mason,38.5348,-83.9573,101,39,polygon,FALSE,TRUE,America/New_York,3
26221,Vale,Vale,SD,South Dakota,46019,Butte,44.6182,-103.3986,101,26,polygon,FALSE,FALSE,America/Denver,3
26222,Badger,Badger,SD,South Dakota,46077,Kingsbury,44.4855,-97.2079,101,36,polygon,FALSE,TRUE,America/Chicago,3
26223,Upper Elochoman,Upper Elochoman,WA,Washington,53069,Wahkiakum,46.2403,-123.3247,100,26,polygon,FALSE,TRUE,America/Los_Angeles,3
26224,Boulder Junction,Boulder Junction,WI,Wisconsin,55125,Vilas,46.1126,-89.6452,100,33,polygon,FALSE,FALSE,America/Chicago,3
26225,Tilleda,Tilleda,WI,Wisconsin,55115,Shawano,44.8156,-88.9125,100,137,polygon,FALSE,FALSE,America/Chicago,3
26226,Catawba,Catawba,WI,Wisconsin,55099,Price,45.537,-90.5335,100,8,polygon,FALSE,TRUE,America/Chicago,3
26227,Altoona,Altoona,FL,Florida,12069,Lake,28.9681,-81.6482,100,85,polygon,FALSE,FALSE,America/New_York,3
26228,Amargosa,Amargosa,TX,Texas,48249,Jim Wells,27.8916,-98.1086,100,25,polygon,FALSE,FALSE,America/Chicago,3
26229,Zapata Ranch,Zapata Ranch,TX,Texas,48489,Willacy,26.357,-97.8243,100,27,polygon,FALSE,FALSE,America/Chicago,3
26230,Mercer,Mercer,ND,North Dakota,38055,McLean,47.4905,-100.7104,100,173,polygon,FALSE,TRUE,America/Chicago,3
26231,Henry,Henry,NE,Nebraska,31157,Scotts Bluff,41.9979,-104.0461,100,132,polygon,FALSE,TRUE,America/Denver,3
26232,Rockville,Rockville,NE,Nebraska,31163,Sherman,41.1183,-98.8312,100,173,polygon,FALSE,TRUE,America/Chicago,3
26233,Naponee,Naponee,NE,Nebraska,31061,Franklin,40.0747,-99.1386,100,167,polygon,FALSE,TRUE,America/Chicago,3
26234,Hooper,Hooper,CO,Colorado,8003,Alamosa,37.746,-105.8777,100,153,polygon,FALSE,TRUE,America/Denver,3
26235,Haleburg,Haleburg,AL,Alabama,1067,Henry,31.4099,-85.1381,100,10,polygon,FALSE,TRUE,America/Chicago,3
26236,Alfordsville,Alfordsville,IN,Indiana,18027,Daviess,38.5608,-86.9482,100,588,polygon,FALSE,TRUE,America/Indiana/Vincennes,3
26237,Girdletree,Girdletree,MD,Maryland,24047,Worcester,38.0987,-75.4004,100,58,polygon,FALSE,FALSE,America/New_York,3
26238,Albion,Albion,OK,Oklahoma,40127,Pushmataha,34.6623,-95.0992,100,160,polygon,FALSE,TRUE,America/Chicago,3
26239,Leon,Leon,OK,Oklahoma,40085,Love,33.8773,-97.4291,100,144,polygon,FALSE,TRUE,America/Chicago,3
26240,Longtown,Longtown,MO,Missouri,29157,Perry,37.6702,-89.7741,100,309,polygon,FALSE,TRUE,America/Chicago,3
26241,Lake Annette,Lake Annette,MO,Missouri,29037,Cass,38.6544,-94.5081,100,248,polygon,FALSE,TRUE,America/Chicago,3
26242,Chain of Rocks,Chain of Rocks,MO,Missouri,29113,Lincoln,38.9155,-90.802,100,230,polygon,FALSE,TRUE,America/Chicago,3
26243,Reeds,Reeds,MO,Missouri,29097,Jasper,37.1165,-94.1682,100,252,polygon,FALSE,TRUE,America/Chicago,3
26244,Trommald,Trommald,MN,Minnesota,27035,Crow Wing,46.5058,-94.0154,100,10,polygon,FALSE,TRUE,America/Chicago,3
26245,Eagle Harbor,Eagle Harbor,MI,Michigan,26083,Keweenaw,47.4542,-88.1569,100,21,polygon,FALSE,FALSE,America/Detroit,3
26246,Collyer,Collyer,KS,Kansas,20195,Trego,39.0375,-100.1183,100,165,polygon,FALSE,TRUE,America/Chicago,3
26247,Rosalia,Rosalia,KS,Kansas,20015,Butler,37.8158,-96.625,100,30,polygon,FALSE,FALSE,America/Chicago,3
26248,Eden,Eden,SD,South Dakota,46091,Marshall,45.6168,-97.4198,100,251,polygon,FALSE,TRUE,America/Chicago,3
26249,Canova,Canova,SD,South Dakota,46097,Miner,43.8813,-97.504,100,122,polygon,FALSE,TRUE,America/Chicago,3
26250,Whiting,Whiting,WY,Wyoming,56031,Platte,42.0089,-104.9711,99,32,polygon,FALSE,FALSE,America/Denver,3
26251,Loma Grande,Loma Grande,TX,Texas,48507,Zavala,28.7221,-99.8327,99,560,polygon,FALSE,FALSE,America/Chicago,3
26252,Bryceland,Bryceland,LA,Louisiana,22013,Bienville,32.4485,-92.9924,99,16,polygon,FALSE,TRUE,America/Chicago,3
26253,Primrose,Primrose,AK,Alaska,2122,Kenai Peninsula,60.3497,-149.3199,99,1,polygon,FALSE,FALSE,America/Anchorage,3
26254,Hobucken,Hobucken,NC,North Carolina,37137,Pamlico,35.2544,-76.5712,99,7,polygon,FALSE,FALSE,America/New_York,3
26255,Dodge,Dodge,ND,North Dakota,38025,Dunn,47.3057,-102.2029,99,81,polygon,FALSE,TRUE,America/Denver,3
26256,Dunning,Dunning,NE,Nebraska,31009,Blaine,41.827,-100.1044,99,167,polygon,FALSE,TRUE,America/Chicago,3
26257,Silerton,Silerton,TN,Tennessee,47069,Hardeman,35.3424,-88.8099,99,57,polygon,FALSE,TRUE,America/Chicago,3
26258,Scottsburg,Scottsburg,NY,New York,36051,Livingston,42.6639,-77.7124,99,232,polygon,FALSE,FALSE,America/New_York,3
26259,Needmore,Needmore,PA,Pennsylvania,42057,Fulton,39.8474,-78.1433,99,84,polygon,FALSE,FALSE,America/New_York,3
26260,Richvale,Richvale,CA,California,6007,Butte,39.4937,-121.7507,99,41,polygon,FALSE,FALSE,America/Los_Angeles,3
26261,Old Ripley,Old Ripley,IL,Illinois,17005,Bond,38.8927,-89.5721,99,247,polygon,FALSE,TRUE,America/Chicago,3
26262,St. Anthony,St. Anthony,IA,Iowa,19127,Marshall,42.1239,-93.1978,99,68,polygon,FALSE,TRUE,America/Chicago,3
26263,Etowah,Etowah,OK,Oklahoma,40027,Cleveland,35.1291,-97.1639,99,18,polygon,FALSE,TRUE,America/Chicago,3
26264,Manchester,Manchester,OK,Oklahoma,40053,Grant,36.9944,-98.0351,99,155,polygon,FALSE,TRUE,America/Chicago,3
26265,Batesville,Batesville,OH,Ohio,39121,Noble,39.9156,-81.2824,99,168,polygon,FALSE,TRUE,America/New_York,3
26266,Lastrup,Lastrup,MN,Minnesota,27097,Morrison,46.0398,-94.0621,99,103,polygon,FALSE,TRUE,America/Chicago,3
26267,Alberta,Alberta,MN,Minnesota,27149,Stevens,45.5749,-96.0505,99,145,polygon,FALSE,TRUE,America/Chicago,3
26268,Bruno,Bruno,MN,Minnesota,27115,Pine,46.281,-92.668,99,38,polygon,FALSE,TRUE,America/Chicago,3
26269,Sunburg,Sunburg,MN,Minnesota,27067,Kandiyohi,45.3476,-95.24,99,80,polygon,FALSE,TRUE,America/Chicago,3
26270,Troy,Troy,SC,South Carolina,45047,Greenwood,33.9881,-82.2975,99,47,polygon,FALSE,TRUE,America/New_York,3
26271,Crane,Crane,OR,Oregon,41025,Harney,43.4179,-118.5874,99,3,polygon,FALSE,FALSE,America/Los_Angeles,3
26272,Cresbard,Cresbard,SD,South Dakota,46049,Faulk,45.1692,-98.9478,99,92,polygon,FALSE,TRUE,America/Chicago,3
26273,Ashford,Ashford,WA,Washington,53053,Pierce,46.7537,-122.0113,98,18,polygon,FALSE,FALSE,America/Los_Angeles,3
26274,Causey,Causey,NM,New Mexico,35041,Roosevelt,33.8609,-103.107,98,10,polygon,FALSE,TRUE,America/Denver,3
26275,Chitina,Chitina,AK,Alaska,2261,Valdez-Cordova,61.5276,-144.2991,98,0,polygon,FALSE,FALSE,America/Anchorage,3
26276,Falkland,Falkland,NC,North Carolina,37147,Pitt,35.6985,-77.5132,98,154,polygon,FALSE,TRUE,America/New_York,3
26277,Harrellsville,Harrellsville,NC,North Carolina,37091,Hertford,36.3016,-76.7919,98,130,polygon,FALSE,TRUE,America/New_York,3
26278,Rocklake,Rocklake,ND,North Dakota,38095,Towner,48.7901,-99.2458,98,180,polygon,FALSE,TRUE,America/Chicago,3
26279,Palermo,Palermo,ND,North Dakota,38061,Mountrail,48.338,-102.2298,98,16,polygon,FALSE,TRUE,America/Chicago,3
26280,Spiritwood Lake,Spiritwood Lake,ND,North Dakota,38093,Stutsman,47.0743,-98.5866,98,33,polygon,FALSE,TRUE,America/Chicago,3
26281,Tryon,Tryon,NE,Nebraska,31117,McPherson,41.5584,-100.9536,98,31,polygon,FALSE,FALSE,America/Chicago,3
26282,Klingerstown,Klingerstown,PA,Pennsylvania,42107,Schuylkill,40.6588,-76.6931,98,77,polygon,FALSE,FALSE,America/New_York,3
26283,Schuyler,Schuyler,VA,Virginia,51125,Nelson,37.7939,-78.7002,98,24,polygon,FALSE,FALSE,America/New_York,3
26284,Mountain Meadows,Mountain Meadows,CO,Colorado,8013,Boulder,40.027,-105.3832,98,21,polygon,FALSE,FALSE,America/Denver,3
26285,Mono City,Mono City,CA,California,6051,Mono,38.0412,-119.1467,98,6,polygon,FALSE,FALSE,America/Los_Angeles,3
26286,South Lead Hill,South Lead Hill,AR,Arkansas,5009,Boone,36.3948,-92.9057,98,302,polygon,FALSE,TRUE,America/Chicago,3
26287,Foosland,Foosland,IL,Illinois,17019,Champaign,40.3611,-88.4291,98,552,polygon,FALSE,TRUE,America/Chicago,3
26288,Eddyville,Eddyville,IL,Illinois,17151,Pope,37.5005,-88.5847,98,134,polygon,FALSE,TRUE,America/Chicago,3
26289,Onward,Onward,IN,Indiana,18017,Cass,40.6947,-86.1948,98,365,polygon,FALSE,TRUE,America/Indiana/Indianapolis,3
26290,Pleasant Plain,Pleasant Plain,IA,Iowa,19101,Jefferson,41.1472,-91.8597,98,37,polygon,FALSE,TRUE,America/Chicago,3
26291,Willey,Willey,IA,Iowa,19027,Carroll,41.9787,-94.8224,98,152,polygon,FALSE,TRUE,America/Chicago,3
26292,Andover,Andover,IA,Iowa,19045,Clinton,41.9799,-90.2529,98,197,polygon,FALSE,TRUE,America/Chicago,3
26293,Richville,Richville,MN,Minnesota,27111,Otter Tail,46.5061,-95.6262,98,38,polygon,FALSE,TRUE,America/Chicago,3
26294,Plevna,Plevna,KS,Kansas,20155,Reno,37.9717,-98.3095,98,167,polygon,FALSE,TRUE,America/Chicago,3
26295,Corwin Springs,Corwin Springs,MT,Montana,30067,Park,45.1277,-110.7997,98,26,polygon,FALSE,FALSE,America/Denver,3
26296,California,California,KY,Kentucky,21037,Campbell,38.9184,-84.2635,98,172,polygon,FALSE,TRUE,America/New_York,3
26297,Fairburn,Fairburn,SD,South Dakota,46033,Custer,43.6869,-103.2088,98,115,polygon,FALSE,TRUE,America/Denver,3
26298,Springfield,Springfield,WI,Wisconsin,55127,Walworth,42.6407,-88.4135,97,55,polygon,FALSE,FALSE,America/Chicago,3
26299,Century,Century,WV,West Virginia,54001,Barbour,39.1003,-80.1884,97,284,polygon,FALSE,FALSE,America/New_York,3
26300,Bairoil,Bairoil,WY,Wyoming,56037,Sweetwater,42.2372,-107.5611,97,26,polygon,FALSE,TRUE,America/Denver,3
26301,Spofford,Spofford,TX,Texas,48271,Kinney,29.1732,-100.4112,97,155,polygon,FALSE,TRUE,America/Chicago,3
26302,Neylandville,Neylandville,TX,Texas,48231,Hunt,33.2003,-96.0059,97,118,polygon,FALSE,TRUE,America/Chicago,3
26303,Esmond,Esmond,ND,North Dakota,38005,Benson,48.0331,-99.7647,97,82,polygon,FALSE,TRUE,America/Chicago,3
26304,Bloomington,Bloomington,NE,Nebraska,31061,Franklin,40.0938,-99.0384,97,47,polygon,FALSE,TRUE,America/Chicago,3
26305,Glen Lyn,Glen Lyn,VA,Virginia,51071,Giles,37.3727,-80.858,97,61,polygon,FALSE,TRUE,America/New_York,3
26306,Padroni,Padroni,CO,Colorado,8075,Logan,40.7818,-103.1733,97,46,polygon,FALSE,FALSE,America/Denver,3
26307,C-Road,C-Road,CA,California,6063,Plumas,39.7628,-120.577,97,14,polygon,FALSE,TRUE,America/Los_Angeles,3
26308,East Point,East Point,AL,Alabama,1043,Cullman,34.1859,-86.7927,97,39,polygon,FALSE,FALSE,America/Chicago,3
26309,McCaskill,McCaskill,AR,Arkansas,5057,Hempstead,33.9187,-93.6416,97,50,polygon,FALSE,TRUE,America/Chicago,3
26310,Beedeville,Beedeville,AR,Arkansas,5067,Jackson,35.4292,-91.1107,97,32,polygon,FALSE,TRUE,America/Chicago,3
26311,Springtown,Springtown,AR,Arkansas,5007,Benton,36.2605,-94.4241,97,69,polygon,FALSE,TRUE,America/Chicago,3
26312,Kinsman,Kinsman,IL,Illinois,17063,Grundy,41.1902,-88.57,97,552,polygon,FALSE,TRUE,America/Chicago,3
26313,Arispe,Arispe,IA,Iowa,19175,Union,40.948,-94.2192,97,72,polygon,FALSE,TRUE,America/Chicago,3
26314,Chillicothe,Chillicothe,IA,Iowa,19179,Wapello,41.086,-92.5303,97,164,polygon,FALSE,TRUE,America/Chicago,3
26315,Keomah Village,Keomah Village,IA,Iowa,19123,Mahaska,41.2868,-92.5369,97,552,polygon,FALSE,TRUE,America/Chicago,3
26316,River Sioux,River Sioux,IA,Iowa,19085,Harrison,41.8024,-96.0479,97,98,polygon,FALSE,FALSE,America/Chicago,3
26317,Sumner,Sumner,MO,Missouri,29041,Chariton,39.6561,-93.2435,97,165,polygon,FALSE,TRUE,America/Chicago,3
26318,Cullison,Cullison,KS,Kansas,20151,Pratt,37.6303,-98.9054,97,216,polygon,FALSE,TRUE,America/Chicago,3
26319,Charlos Heights,Charlos Heights,MT,Montana,30081,Ravalli,46.1337,-114.181,97,31,polygon,FALSE,FALSE,America/Denver,3
26320,St. Xavier,St. Xavier,MT,Montana,30003,Big Horn,45.4571,-107.7251,97,6,polygon,FALSE,FALSE,America/Denver,3
26321,Rocky Point,Rocky Point,MT,Montana,30047,Lake,47.7323,-114.1855,97,61,polygon,FALSE,FALSE,America/Denver,3
26322,Sedan,Sedan,MT,Montana,30031,Gallatin,45.9653,-110.8888,97,0,polygon,FALSE,FALSE,America/Denver,3
26323,Monument,Monument,NM,New Mexico,35025,Lea,32.6243,-103.2776,96,7,polygon,FALSE,FALSE,America/Denver,3
26324,Amenia,Amenia,ND,North Dakota,38017,Cass,47.0065,-97.2241,96,24,polygon,FALSE,TRUE,America/Chicago,3
26325,Foundryville,Foundryville,PA,Pennsylvania,42037,Columbia,41.0775,-76.2355,96,68,polygon,FALSE,FALSE,America/New_York,3
26326,Mapletown,Mapletown,PA,Pennsylvania,42059,Greene,39.805,-79.9406,96,93,polygon,FALSE,FALSE,America/New_York,3
26327,Rachel,Rachel,NV,Nevada,32017,Lincoln,37.6509,-115.7341,96,4,polygon,FALSE,FALSE,America/Los_Angeles,3
26328,Hoehne,Hoehne,CO,Colorado,8071,Las Animas,37.2815,-104.389,96,11,polygon,FALSE,FALSE,America/Denver,3
26329,Big Bend,Big Bend,CA,California,6089,Shasta,41.0109,-121.924,96,6,polygon,FALSE,FALSE,America/Los_Angeles,3
26330,Roe,Roe,AR,Arkansas,5095,Monroe,34.6311,-91.386,96,207,polygon,FALSE,TRUE,America/Chicago,3
26331,Columbus,Columbus,IL,Illinois,17001,Adams,39.9882,-91.1456,96,169,polygon,FALSE,TRUE,America/Chicago,3
26332,Geneva,Geneva,GA,Georgia,13263,Talbot,32.5789,-84.5516,96,47,polygon,FALSE,TRUE,America/New_York,3
26333,Mona,Mona,IA,Iowa,19131,Mitchell,43.4833,-92.9501,96,24,polygon,FALSE,FALSE,America/Chicago,3
26334,Siasconset,Siasconset,MA,Massachusetts,25019,Nantucket,41.2636,-69.9718,96,17,polygon,FALSE,FALSE,America/New_York,3
26335,Ali Chukson,Ali Chukson,AZ,Arizona,4019,Pima,31.9115,-111.8016,96,17,polygon,FALSE,FALSE,America/Phoenix,3
26336,Flute Springs,Flute Springs,OK,Oklahoma,40135,Sequoyah,35.623,-94.8044,96,8,polygon,FALSE,FALSE,America/Chicago,3
26337,Dodge,Dodge,OK,Oklahoma,40041,Delaware,36.5789,-94.6385,96,5,polygon,FALSE,FALSE,America/Chicago,3
26338,Oceola,Oceola,OH,Ohio,39033,Crawford,40.8442,-83.0947,96,73,polygon,FALSE,FALSE,America/New_York,3
26339,Baldwin Park,Baldwin Park,MO,Missouri,29037,Cass,38.7939,-94.2467,96,488,polygon,FALSE,TRUE,America/Chicago,3
26340,Manchester,Manchester,KS,Kansas,20041,Dickinson,39.0933,-97.3201,96,231,polygon,FALSE,TRUE,America/Chicago,3
26341,Haddam,Haddam,KS,Kansas,20201,Washington,39.8554,-97.3044,96,108,polygon,FALSE,TRUE,America/Chicago,3
26342,Dupuyer,Dupuyer,MT,Montana,30073,Pondera,48.1868,-112.4775,96,7,polygon,FALSE,FALSE,America/Denver,3
26343,Cardwell,Cardwell,MT,Montana,30043,Jefferson,45.862,-111.9555,96,17,polygon,FALSE,FALSE,America/Denver,3
26344,Greycliff,Greycliff,MT,Montana,30097,Sweet Grass,45.7584,-109.7795,96,73,polygon,FALSE,FALSE,America/Denver,3
26345,Wisdom,Wisdom,MT,Montana,30001,Beaverhead,45.6114,-113.4469,96,36,polygon,FALSE,FALSE,America/Denver,3
26346,Fulton,Fulton,SD,South Dakota,46061,Hanson,43.7288,-97.8226,96,43,polygon,FALSE,TRUE,America/Chicago,3
26347,Springbrook,Springbrook,WI,Wisconsin,55129,Washburn,45.9467,-91.6891,95,51,polygon,FALSE,FALSE,America/Chicago,3
26348,Mobeetie,Mobeetie,TX,Texas,48483,Wheeler,35.5292,-100.4393,95,60,polygon,FALSE,TRUE,America/Chicago,3
26349,Danbury,Danbury,NE,Nebraska,31145,Red Willow,40.0377,-100.4051,95,113,polygon,FALSE,TRUE,America/Chicago,3
26350,Beaver,Beaver,AR,Arkansas,5015,Carroll,36.4752,-93.7727,95,116,polygon,FALSE,TRUE,America/Chicago,3
26351,Unionville,Unionville,IA,Iowa,19007,Appanoose,40.8182,-92.6958,95,49,polygon,FALSE,TRUE,America/Chicago,3
26352,White Bird,White Bird,ID,Idaho,16049,Idaho,45.7622,-116.3007,95,566,polygon,FALSE,TRUE,America/Los_Angeles,3
26353,Rome,Rome,OH,Ohio,39001,Adams,38.6657,-83.3793,95,159,polygon,FALSE,TRUE,America/New_York,3
26354,Bagnell,Bagnell,MO,Missouri,29131,Miller,38.2294,-92.6053,95,78,polygon,FALSE,TRUE,America/Chicago,3
26355,Richards,Richards,MO,Missouri,29217,Vernon,37.9105,-94.557,95,136,polygon,FALSE,TRUE,America/Chicago,3
26356,Solway,Solway,MN,Minnesota,27007,Beltrami,47.521,-95.1303,95,35,polygon,FALSE,TRUE,America/Chicago,3
26357,Cedar,Cedar,MI,Michigan,26089,Leelanau,44.8467,-85.7942,95,204,polygon,FALSE,FALSE,America/Detroit,3
26358,Geyser,Geyser,MT,Montana,30045,Judith Basin,47.2633,-110.4927,95,41,polygon,FALSE,FALSE,America/Denver,3
26359,Hitchcock,Hitchcock,SD,South Dakota,46005,Beadle,44.6294,-98.4082,95,134,polygon,FALSE,TRUE,America/Chicago,3
26360,Mason,Mason,WI,Wisconsin,55007,Bayfield,46.4355,-91.0601,94,51,polygon,FALSE,TRUE,America/Chicago,3
26361,Dixon,Dixon,WY,Wyoming,56007,Carbon,41.0344,-107.5355,94,276,polygon,FALSE,TRUE,America/Denver,3
26362,Quintana,Quintana,TX,Texas,48039,Brazoria,28.9279,-95.317,94,52,polygon,FALSE,TRUE,America/Chicago,3
26363,Dorchester,Dorchester,TX,Texas,48181,Grayson,33.5331,-96.696,94,27,polygon,FALSE,TRUE,America/Chicago,3
26364,Glenfield,Glenfield,ND,North Dakota,38031,Foster,47.4551,-98.5663,94,265,polygon,FALSE,TRUE,America/Chicago,3
26365,Eddyville,Eddyville,NE,Nebraska,31047,Dawson,41.0124,-99.6241,94,131,polygon,FALSE,TRUE,America/Chicago,3
26366,Elk Creek,Elk Creek,NE,Nebraska,31097,Johnson,40.2883,-96.1269,94,279,polygon,FALSE,TRUE,America/Chicago,3
26367,Rogers,Rogers,NE,Nebraska,31037,Colfax,41.4643,-96.9159,94,214,polygon,FALSE,TRUE,America/Chicago,3
26368,Buckingham Courthouse,Buckingham Courthouse,VA,Virginia,51029,Buckingham,37.5541,-78.5514,94,32,polygon,FALSE,TRUE,America/New_York,3
26369,Media,Media,IL,Illinois,17071,Henderson,40.7694,-90.8326,94,21,polygon,FALSE,TRUE,America/Chicago,3
26370,Kildare,Kildare,OK,Oklahoma,40071,Kay,36.8083,-97.0499,94,255,polygon,FALSE,TRUE,America/Chicago,3
26371,Brumley,Brumley,MO,Missouri,29131,Miller,38.088,-92.4845,94,65,polygon,FALSE,TRUE,America/Chicago,3
26372,Shoal Creek Estates,Shoal Creek Estates,MO,Missouri,29145,Newton,37.0173,-94.4933,94,317,polygon,FALSE,TRUE,America/Chicago,3
26373,Blairstown,Blairstown,MO,Missouri,29083,Henry,38.558,-93.9578,94,145,polygon,FALSE,TRUE,America/Chicago,3
26374,Tamarack,Tamarack,MN,Minnesota,27001,Aitkin,46.6529,-93.125,94,10,polygon,FALSE,TRUE,America/Chicago,3
26375,Liebenthal,Liebenthal,KS,Kansas,20165,Rush,38.6545,-99.32,94,323,polygon,FALSE,TRUE,America/Chicago,3
26376,Bunker Hill,Bunker Hill,KS,Kansas,20167,Russell,38.8753,-98.6989,94,26,polygon,FALSE,TRUE,America/Chicago,3
26377,Antelope,Antelope,MT,Montana,30091,Sheridan,48.6897,-104.454,94,179,polygon,FALSE,FALSE,America/Denver,3
26378,Angelica,Angelica,WI,Wisconsin,55115,Shawano,44.675,-88.3215,93,22,polygon,FALSE,FALSE,America/Chicago,3
26379,Maybeury,Maybeury,WV,West Virginia,54047,McDowell,37.3675,-81.3572,93,21,polygon,FALSE,FALSE,America/New_York,3
26380,Prince,Prince,WV,West Virginia,54019,Fayette,37.8593,-81.0722,93,19,polygon,FALSE,FALSE,America/New_York,3
26381,Olowalu,Olowalu,HI,Hawaii,15009,Maui,20.8222,-156.6169,93,12,polygon,FALSE,FALSE,Pacific/Honolulu,3
26382,Fence Lake,Fence Lake,NM,New Mexico,35006,Cibola,34.669,-108.6802,93,2,polygon,FALSE,FALSE,America/Denver,3
26383,San Pedro,San Pedro,NM,New Mexico,35049,Santa Fe,35.228,-106.1848,93,3,polygon,FALSE,FALSE,America/Denver,3
26384,Pie Town,Pie Town,NM,New Mexico,35003,Catron,34.34,-108.1708,93,0,polygon,FALSE,FALSE,America/Denver,3
26385,Putnam,Putnam,TX,Texas,48059,Callahan,32.3702,-99.1955,93,35,polygon,FALSE,TRUE,America/Chicago,3
26386,Dazey,Dazey,ND,North Dakota,38003,Barnes,47.1883,-98.2007,93,94,polygon,FALSE,TRUE,America/Chicago,3
26387,Cogswell,Cogswell,ND,North Dakota,38081,Sargent,46.107,-97.7842,93,108,polygon,FALSE,TRUE,America/Chicago,3
26388,Eva,Eva,TN,Tennessee,47005,Benton,36.0687,-88.0082,93,18,polygon,FALSE,FALSE,America/Chicago,3
26389,Hickory Valley,Hickory Valley,TN,Tennessee,47069,Hardeman,35.155,-89.126,93,113,polygon,FALSE,TRUE,America/Chicago,3
26390,Casselman,Casselman,PA,Pennsylvania,42111,Somerset,39.8857,-79.2111,93,178,polygon,FALSE,TRUE,America/New_York,3
26391,Long Barn,Long Barn,CA,California,6109,Tuolumne,38.0957,-120.1285,93,12,polygon,FALSE,FALSE,America/Los_Angeles,3
26392,Lowndesboro,Lowndesboro,AL,Alabama,1085,Lowndes,32.2764,-86.6108,93,45,polygon,FALSE,TRUE,America/Chicago,3
26393,Coy,Coy,AR,Arkansas,5085,Lonoke,34.5405,-91.8713,93,53,polygon,FALSE,TRUE,America/Chicago,3
26394,Datto,Datto,AR,Arkansas,5021,Clay,36.3925,-90.7285,93,57,polygon,FALSE,TRUE,America/Chicago,3
26395,Hunter,Hunter,AR,Arkansas,5147,Woodruff,35.0546,-91.1227,93,58,polygon,FALSE,TRUE,America/Chicago,3
26396,Strawn,Strawn,IL,Illinois,17105,Livingston,40.6537,-88.3999,93,70,polygon,FALSE,TRUE,America/Chicago,3
26397,Sailor Springs,Sailor Springs,IL,Illinois,17025,Clay,38.7645,-88.3602,93,138,polygon,FALSE,TRUE,America/Chicago,3
26398,Herbst,Herbst,IN,Indiana,18053,Grant,40.5145,-85.7815,93,27,polygon,FALSE,FALSE,America/Indiana/Indianapolis,3
26399,Luzerne,Luzerne,IA,Iowa,19011,Benton,41.9054,-92.1804,93,272,polygon,FALSE,TRUE,America/Chicago,3
26400,Ventana,Ventana,AZ,Arizona,4019,Pima,32.4681,-112.2434,93,34,polygon,FALSE,FALSE,America/Phoenix,3
26401,Centrahoma,Centrahoma,OK,Oklahoma,40029,Coal,34.6104,-96.3437,93,148,polygon,FALSE,TRUE,America/Chicago,3
26402,New Bavaria,New Bavaria,OH,Ohio,39069,Henry,41.2038,-84.1673,93,513,polygon,FALSE,TRUE,America/New_York,3
26403,Brian Head,Brian Head,UT,Utah,49021,Iron,37.6977,-112.8416,93,9,polygon,FALSE,TRUE,America/Denver,3
26404,Franklin,Franklin,MO,Missouri,29089,Howard,39.0112,-92.755,93,155,polygon,FALSE,TRUE,America/Chicago,3
26405,Pascola,Pascola,MO,Missouri,29155,Pemiscot,36.2673,-89.8258,93,224,polygon,FALSE,TRUE,America/Chicago,3
26406,Luray,Luray,MO,Missouri,29045,Clark,40.4524,-91.8841,93,177,polygon,FALSE,TRUE,America/Chicago,3
26407,Elk Falls,Elk Falls,KS,Kansas,20049,Elk,37.3733,-96.1934,93,49,polygon,FALSE,TRUE,America/Chicago,3
26408,Munden,Munden,KS,Kansas,20157,Republic,39.9126,-97.5385,93,193,polygon,FALSE,TRUE,America/Chicago,3
26409,Zurich,Zurich,KS,Kansas,20163,Rooks,39.2322,-99.4347,93,199,polygon,FALSE,TRUE,America/Chicago,3
26410,Piqua,Piqua,KS,Kansas,20207,Woodson,37.922,-95.5375,93,9,polygon,FALSE,FALSE,America/Chicago,3
26411,Sula,Sula,MT,Montana,30081,Ravalli,45.8453,-113.9629,93,10,polygon,FALSE,FALSE,America/Denver,3
26412,Ward,Ward,SC,South Carolina,45081,Saluda,33.8573,-81.7313,93,46,polygon,FALSE,TRUE,America/New_York,3
26413,McCarr,McCarr,KY,Kentucky,21195,Pike,37.6178,-82.1706,93,146,polygon,FALSE,FALSE,America/New_York,3
26414,Cornucopia,Cornucopia,WI,Wisconsin,55007,Bayfield,46.8566,-91.1082,92,15,polygon,FALSE,FALSE,America/Chicago,3
26415,Conrath,Conrath,WI,Wisconsin,55107,Rusk,45.3842,-91.0357,92,67,polygon,FALSE,TRUE,America/Chicago,3
26416,Costilla,Costilla,NM,New Mexico,35055,Taos,36.9786,-105.5353,92,11,polygon,FALSE,FALSE,America/Denver,3
26417,Brazos,Brazos,NM,New Mexico,35039,Rio Arriba,36.7528,-106.5598,92,163,polygon,FALSE,FALSE,America/Denver,3
26418,Lake Valley,Lake Valley,NM,New Mexico,35045,San Juan,36.0901,-108.1642,92,4,polygon,FALSE,FALSE,America/Denver,3
26419,Uncertain,Uncertain,TX,Texas,48203,Harrison,32.7064,-94.1269,92,66,polygon,FALSE,TRUE,America/Chicago,3
26420,Koyukuk,Koyukuk,AK,Alaska,2290,Yukon-Koyukuk,64.9008,-157.6946,92,6,polygon,FALSE,TRUE,America/Anchorage,3
26421,Bruno,Bruno,NE,Nebraska,31023,Butler,41.2831,-96.961,92,129,polygon,FALSE,TRUE,America/Chicago,3
26422,Lemoyne,Lemoyne,NE,Nebraska,31101,Keith,41.2765,-101.8134,92,69,polygon,FALSE,FALSE,America/Denver,3
26423,Jeddo,Jeddo,PA,Pennsylvania,42079,Luzerne,40.9903,-75.8961,92,125,polygon,FALSE,TRUE,America/New_York,3
26424,Faunsdale,Faunsdale,AL,Alabama,1091,Marengo,32.4576,-87.5938,92,128,polygon,FALSE,TRUE,America/Chicago,3
26425,Black Springs,Black Springs,AR,Arkansas,5097,Montgomery,34.4607,-93.7123,92,79,polygon,FALSE,TRUE,America/Chicago,3
26426,Ellisville,Ellisville,IL,Illinois,17057,Fulton,40.6273,-90.306,92,130,polygon,FALSE,TRUE,America/Chicago,3
26427,Bluffton,Bluffton,GA,Georgia,13061,Clay,31.5198,-84.8691,92,22,polygon,FALSE,TRUE,America/New_York,3
26428,Zwingle,Zwingle,IA,Iowa,19061,Dubuque,42.2972,-90.6874,92,217,polygon,FALSE,TRUE,America/Chicago,3
26429,Craig,Craig,IA,Iowa,19149,Plymouth,42.8956,-96.3097,92,391,polygon,FALSE,TRUE,America/Chicago,3
26430,Horntown,Horntown,OK,Oklahoma,40063,Hughes,35.0869,-96.2476,92,8,polygon,FALSE,TRUE,America/Chicago,3
26431,South Gorin,South Gorin,MO,Missouri,29199,Scotland,40.3596,-92.0246,92,175,polygon,FALSE,TRUE,America/Chicago,3
26432,South Fork,South Fork,MO,Missouri,29091,Howell,36.6311,-91.9602,92,10,polygon,FALSE,FALSE,America/Chicago,3
26433,Monticello,Monticello,MO,Missouri,29111,Lewis,40.1191,-91.713,92,136,polygon,FALSE,TRUE,America/Chicago,3
26434,Rothville,Rothville,MO,Missouri,29041,Chariton,39.6539,-93.0636,92,179,polygon,FALSE,TRUE,America/Chicago,3
26435,Ravanna,Ravanna,MO,Missouri,29129,Mercer,40.456,-93.462,92,8,polygon,FALSE,FALSE,America/Chicago,3
26436,Alden,Alden,MI,Michigan,26009,Antrim,44.8792,-85.273,92,88,polygon,FALSE,FALSE,America/Detroit,3
26437,Esbon,Esbon,KS,Kansas,20089,Jewell,39.8218,-98.4337,92,126,polygon,FALSE,TRUE,America/Chicago,3
26438,Jennings,Jennings,KS,Kansas,20039,Decatur,39.6806,-100.2933,92,132,polygon,FALSE,TRUE,America/Chicago,3
26439,Alder,Alder,MT,Montana,30057,Madison,45.3216,-112.1093,92,17,polygon,FALSE,FALSE,America/Denver,3
26440,Orogrande,Orogrande,NM,New Mexico,35035,Otero,32.3875,-106.1003,91,6,polygon,FALSE,FALSE,America/Denver,3
26441,White Earth,White Earth,ND,North Dakota,38061,Mountrail,48.3799,-102.7718,91,23,polygon,FALSE,TRUE,America/Chicago,3
26442,Goodrich,Goodrich,ND,North Dakota,38083,Sheridan,47.476,-100.1248,91,120,polygon,FALSE,TRUE,America/Chicago,3
26443,Swanton,Swanton,NE,Nebraska,31151,Saline,40.3797,-97.0799,91,175,polygon,FALSE,TRUE,America/Chicago,3
26444,Bow Valley,Bow Valley,NE,Nebraska,31027,Cedar,42.7154,-97.2522,91,246,polygon,FALSE,FALSE,America/Chicago,3
26445,Odessa,Odessa,NE,Nebraska,31019,Buffalo,40.6991,-99.2544,91,19,polygon,FALSE,FALSE,America/Chicago,3
26446,St. Helena,St. Helena,NE,Nebraska,31027,Cedar,42.8106,-97.2489,91,79,polygon,FALSE,TRUE,America/Chicago,3
26447,Saulsbury,Saulsbury,TN,Tennessee,47069,Hardeman,35.0489,-89.0883,91,58,polygon,FALSE,TRUE,America/Chicago,3
26448,Lund,Lund,NV,Nevada,32033,White Pine,38.8654,-115.0091,91,20,polygon,FALSE,FALSE,America/Los_Angeles,3
26449,Sanford,Sanford,VA,Virginia,51001,Accomack,37.9299,-75.662,91,12,polygon,FALSE,FALSE,America/New_York,3
26450,San Acacio,San Acacio,CO,Colorado,8023,Costilla,37.2086,-105.5666,91,27,polygon,FALSE,FALSE,America/Denver,3
26451,Symerton,Symerton,IL,Illinois,17197,Will,41.3255,-88.0532,91,231,polygon,FALSE,TRUE,America/Chicago,3
26452,Lone Oak,Lone Oak,GA,Georgia,13199,Meriwether,33.1724,-84.8173,91,56,polygon,FALSE,TRUE,America/New_York,3
26453,Saltillo,Saltillo,IN,Indiana,18175,Washington,38.6662,-86.2975,91,30,polygon,FALSE,TRUE,America/Indiana/Indianapolis,3
26454,Morrison,Morrison,IA,Iowa,19075,Grundy,42.343,-92.6733,91,369,polygon,FALSE,TRUE,America/Chicago,3
26455,Rock House,Rock House,AZ,Arizona,4007,Gila,33.6318,-110.9456,91,57,polygon,FALSE,TRUE,America/Phoenix,3
26456,Lake Aluma,Lake Aluma,OK,Oklahoma,40109,Oklahoma,35.5334,-97.4484,91,135,polygon,FALSE,TRUE,America/Chicago,3
26457,Cloud Creek,Cloud Creek,OK,Oklahoma,40041,Delaware,36.2712,-94.79,91,4,polygon,FALSE,FALSE,America/Chicago,3
26458,Blanco,Blanco,OK,Oklahoma,40121,Pittsburg,34.7507,-95.7736,91,53,polygon,FALSE,FALSE,America/Chicago,3
26459,Blakeslee,Blakeslee,OH,Ohio,39171,Williams,41.5242,-84.7308,91,372,polygon,FALSE,TRUE,America/New_York,3
26460,Spokane,Spokane,MO,Missouri,29043,Christian,36.8633,-93.3056,91,41,polygon,FALSE,FALSE,America/Chicago,3
26461,McFall,McFall,MO,Missouri,29075,Gentry,40.1116,-94.2223,91,114,polygon,FALSE,TRUE,America/Chicago,3
26462,Waco,Waco,MO,Missouri,29097,Jasper,37.247,-94.6003,91,136,polygon,FALSE,TRUE,America/Chicago,3
26463,Spring Hill,Spring Hill,MN,Minnesota,27145,Stearns,45.5232,-94.8317,91,48,polygon,FALSE,TRUE,America/Chicago,3
26464,St. Leo,St. Leo,MN,Minnesota,27173,Yellow Medicine,44.7173,-96.0526,91,138,polygon,FALSE,TRUE,America/Chicago,3
26465,Bejou,Bejou,MN,Minnesota,27087,Mahnomen,47.4429,-95.9727,91,122,polygon,FALSE,TRUE,America/Chicago,3
26466,Portis,Portis,KS,Kansas,20141,Osborne,39.5638,-98.6916,91,134,polygon,FALSE,TRUE,America/Chicago,3
26467,Chautauqua,Chautauqua,KS,Kansas,20019,Chautauqua,37.0241,-96.1776,91,82,polygon,FALSE,TRUE,America/Chicago,3
26468,Alton,Alton,KS,Kansas,20141,Osborne,39.4678,-98.9486,91,113,polygon,FALSE,TRUE,America/Chicago,3
26469,Conner,Conner,MT,Montana,30081,Ravalli,45.929,-114.1326,91,19,polygon,FALSE,FALSE,America/Denver,3
26470,Centerville,Centerville,WA,Washington,53039,Klickitat,45.754,-120.908,90,10,polygon,FALSE,FALSE,America/Los_Angeles,3
26471,Henlawson,Henlawson,WV,West Virginia,54045,Logan,37.9,-81.982,90,43,polygon,FALSE,FALSE,America/New_York,3
26472,Round Top,Round Top,TX,Texas,48149,Fayette,30.064,-96.6959,90,36,polygon,FALSE,TRUE,America/Chicago,3
26473,Crooked Creek,Crooked Creek,AK,Alaska,2050,Bethel,61.8439,-158.1082,90,0,polygon,FALSE,FALSE,America/Anchorage,3
26474,Wakulla,Wakulla,NC,North Carolina,37155,Robeson,34.797,-79.256,90,40,polygon,FALSE,FALSE,America/New_York,3
26475,Sharon,Sharon,ND,North Dakota,38091,Steele,47.5974,-97.8994,90,23,polygon,FALSE,TRUE,America/Chicago,3
26476,Lankin,Lankin,ND,North Dakota,38099,Walsh,48.3147,-97.9203,90,121,polygon,FALSE,TRUE,America/Chicago,3
26477,Ericson,Ericson,NE,Nebraska,31183,Wheeler,41.7803,-98.6785,90,92,polygon,FALSE,TRUE,America/Chicago,3
26478,La Junta Gardens,La Junta Gardens,CO,Colorado,8089,Otero,38.0014,-103.5549,90,65,polygon,FALSE,FALSE,America/Denver,3
26479,Fish Camp,Fish Camp,CA,California,6043,Mariposa,37.4797,-119.6373,90,38,polygon,FALSE,FALSE,America/Los_Angeles,3
26480,Amagon,Amagon,AR,Arkansas,5067,Jackson,35.5632,-91.1094,90,312,polygon,FALSE,TRUE,America/Chicago,3
26481,Hansell,Hansell,IA,Iowa,19069,Franklin,42.7578,-93.1041,90,155,polygon,FALSE,TRUE,America/Chicago,3
26482,Rochester,Rochester,IA,Iowa,19031,Cedar,41.6747,-91.1509,90,36,polygon,FALSE,FALSE,America/Chicago,3
26483,Percival,Percival,IA,Iowa,19071,Fremont,40.7512,-95.8131,90,78,polygon,FALSE,FALSE,America/Chicago,3
26484,Big Spring,Big Spring,MD,Maryland,24043,Washington,39.6258,-77.9396,90,249,polygon,FALSE,FALSE,America/New_York,3
26485,Maramec,Maramec,OK,Oklahoma,40117,Pawnee,36.242,-96.6805,90,142,polygon,FALSE,TRUE,America/Chicago,3
26486,Tippecanoe,Tippecanoe,OH,Ohio,39067,Harrison,40.2737,-81.2812,90,64,polygon,FALSE,FALSE,America/New_York,3
26487,Watson,Watson,MO,Missouri,29005,Atchison,40.4799,-95.6232,90,320,polygon,FALSE,TRUE,America/Chicago,3
26488,Newark,Newark,MO,Missouri,29103,Knox,39.9946,-91.9733,90,107,polygon,FALSE,TRUE,America/Chicago,3
26489,Mooresville,Mooresville,MO,Missouri,29117,Livingston,39.7468,-93.721,90,193,polygon,FALSE,TRUE,America/Chicago,3
26490,Weldon Spring Heights,Weldon Spring Heights,MO,Missouri,29183,St. Charles,38.7042,-90.6855,90,361,polygon,FALSE,TRUE,America/Chicago,3
26491,Danvers,Danvers,MN,Minnesota,27151,Swift,45.2814,-95.7559,90,50,polygon,FALSE,TRUE,America/Chicago,3
26492,Zemple,Zemple,MN,Minnesota,27061,Itasca,47.3207,-93.7859,90,52,polygon,FALSE,TRUE,America/Chicago,3
26493,Willard,Willard,KS,Kansas,20177,Shawnee,39.094,-95.9427,90,318,polygon,FALSE,TRUE,America/Chicago,3
26494,Coolidge,Coolidge,KS,Kansas,20075,Hamilton,38.0415,-102.0079,90,75,polygon,FALSE,TRUE,America/Denver,3
26495,Severance,Severance,KS,Kansas,20043,Doniphan,39.7668,-95.2492,90,247,polygon,FALSE,TRUE,America/Chicago,3
26496,Glade,Glade,KS,Kansas,20147,Phillips,39.6837,-99.3116,90,129,polygon,FALSE,TRUE,America/Chicago,3
26497,Woodbury,Woodbury,KY,Kentucky,21031,Butler,37.1835,-86.6353,90,243,polygon,FALSE,TRUE,America/Chicago,3
26498,Neibert,Neibert,WV,West Virginia,54045,Logan,37.7861,-81.9341,89,56,polygon,FALSE,FALSE,America/New_York,3
26499,Indian Creek,Indian Creek,FL,Florida,12086,Miami-Dade,25.8783,-80.137,89,80,polygon,FALSE,TRUE,America/New_York,3
26500,Domino,Domino,TX,Texas,48067,Cass,33.2495,-94.1163,89,75,polygon,FALSE,TRUE,America/Chicago,3
26501,Chignik,Chignik,AK,Alaska,2164,Lake and Peninsula,56.3003,-158.4132,89,3,polygon,FALSE,TRUE,America/Anchorage,3
26502,Tylersburg,Tylersburg,PA,Pennsylvania,42031,Clarion,41.3838,-79.3202,89,58,polygon,FALSE,FALSE,America/New_York,3
26503,Shade Gap,Shade Gap,PA,Pennsylvania,42061,Huntingdon,40.1803,-77.8662,89,1087,polygon,FALSE,TRUE,America/New_York,3
26504,Farmington,Farmington,CA,California,6077,San Joaquin,37.9299,-121.0043,89,13,polygon,FALSE,FALSE,America/Los_Angeles,3
26505,Lee Vining,Lee Vining,CA,California,6051,Mono,37.9547,-119.1221,89,6,polygon,FALSE,FALSE,America/Los_Angeles,3
26506,Basco,Basco,IL,Illinois,17067,Hancock,40.3278,-91.1995,89,154,polygon,FALSE,TRUE,America/Chicago,3
26507,Bethany,Bethany,IN,Indiana,18109,Morgan,39.5337,-86.3778,89,363,polygon,FALSE,TRUE,America/Indiana/Indianapolis,3
26508,Bradford,Bradford,IA,Iowa,19069,Franklin,42.637,-93.2485,89,63,polygon,FALSE,FALSE,America/Chicago,3
26509,Numa,Numa,IA,Iowa,19007,Appanoose,40.6854,-92.98,89,77,polygon,FALSE,TRUE,America/Chicago,3
26510,Strang,Strang,OK,Oklahoma,40097,Mayes,36.4122,-95.1345,89,128,polygon,FALSE,TRUE,America/Chicago,3
26511,Greenfield,Greenfield,OK,Oklahoma,40011,Blaine,35.7289,-98.3776,89,259,polygon,FALSE,TRUE,America/Chicago,3
26512,Elmer,Elmer,OK,Oklahoma,40065,Jackson,34.4808,-99.3519,89,79,polygon,FALSE,TRUE,America/Chicago,3
26513,Celeryville,Celeryville,OH,Ohio,39077,Huron,41.0287,-82.7273,89,66,polygon,FALSE,FALSE,America/New_York,3
26514,Langlois,Langlois,OR,Oregon,41015,Curry,42.9259,-124.4532,89,24,polygon,FALSE,FALSE,America/Los_Angeles,3
26515,Parker,Parker,WA,Washington,53077,Yakima,46.5022,-120.4668,88,285,polygon,FALSE,FALSE,America/Los_Angeles,3
26516,Sarah Ann,Sarah Ann,WV,West Virginia,54045,Logan,37.7086,-81.9881,88,18,polygon,FALSE,FALSE,America/New_York,3
26517,Auburn,Auburn,WV,West Virginia,54085,Ritchie,39.0961,-80.8562,88,101,polygon,FALSE,TRUE,America/New_York,3
26518,La Minita,La Minita,TX,Texas,48427,Starr,26.5022,-99.0734,88,64,polygon,FALSE,TRUE,America/Chicago,3
26519,Port Mansfield,Port Mansfield,TX,Texas,48489,Willacy,26.5623,-97.4365,88,6,polygon,FALSE,FALSE,America/Chicago,3
26520,Lumber Bridge,Lumber Bridge,NC,North Carolina,37155,Robeson,34.8898,-79.0724,88,50,polygon,FALSE,TRUE,America/New_York,3
26521,Comstock,Comstock,NE,Nebraska,31041,Custer,41.5572,-99.243,88,97,polygon,FALSE,TRUE,America/Chicago,3
26522,Martinsburg,Martinsburg,NE,Nebraska,31051,Dixon,42.5084,-96.8314,88,325,polygon,FALSE,TRUE,America/Chicago,3
26523,Portland,Portland,CO,Colorado,8091,Ouray,38.0892,-107.6952,88,10,polygon,FALSE,FALSE,America/Denver,3
26524,Kirk,Kirk,CO,Colorado,8125,Yuma,39.6127,-102.592,88,8,polygon,FALSE,FALSE,America/Denver,3
26525,Movico,Movico,AL,Alabama,1097,Mobile,31.0628,-88.0266,88,43,polygon,FALSE,FALSE,America/Chicago,3
26526,Riddleville,Riddleville,GA,Georgia,13303,Washington,32.9069,-82.6661,88,44,polygon,FALSE,TRUE,America/New_York,3
26527,Douds,Douds,IA,Iowa,19177,Van Buren,40.8438,-92.0764,88,15,polygon,FALSE,FALSE,America/Chicago,3
26528,Sour John,Sour John,OK,Oklahoma,40101,Muskogee,35.6206,-95.1433,88,5,polygon,FALSE,TRUE,America/Chicago,3
26529,Headrick,Headrick,OK,Oklahoma,40065,Jackson,34.6268,-99.1373,88,164,polygon,FALSE,TRUE,America/Chicago,3
26530,Defiance,Defiance,MO,Missouri,29183,St. Charles,38.6327,-90.7846,88,33,polygon,FALSE,FALSE,America/Chicago,3
26531,Revere,Revere,MN,Minnesota,27127,Redwood,44.2215,-95.3611,88,59,polygon,FALSE,TRUE,America/Chicago,3
26532,Dumont,Dumont,MN,Minnesota,27155,Traverse,45.7174,-96.4231,88,78,polygon,FALSE,TRUE,America/Chicago,3
26533,Sun River,Sun River,MT,Montana,30013,Cascade,47.5306,-111.7239,88,18,polygon,FALSE,FALSE,America/Denver,3
26534,Old Agency,Old Agency,MT,Montana,30089,Sanders,47.3227,-114.2987,88,59,polygon,FALSE,FALSE,America/Denver,3
26535,Hebgen Lake Estates,Hebgen Lake Estates,MT,Montana,30031,Gallatin,44.7692,-111.1905,88,184,polygon,FALSE,TRUE,America/Denver,3
26536,Gattman,Gattman,MS,Mississippi,28095,Monroe,33.8849,-88.2367,88,60,polygon,FALSE,TRUE,America/Chicago,3
26537,Doddsville,Doddsville,MS,Mississippi,28133,Sunflower,33.6599,-90.5214,88,44,polygon,FALSE,TRUE,America/Chicago,3
26538,Learned,Learned,MS,Mississippi,28049,Hinds,32.1972,-90.5486,88,101,polygon,FALSE,TRUE,America/Chicago,3
26539,Keene,Keene,KY,Kentucky,21113,Jessamine,37.9431,-84.6411,88,276,polygon,FALSE,TRUE,America/New_York,3
26540,Cape Meares,Cape Meares,OR,Oregon,41057,Tillamook,45.5153,-123.9536,88,13,polygon,FALSE,FALSE,America/Los_Angeles,3
26541,Winfred,Winfred,SD,South Dakota,46079,Lake,44.0009,-97.3598,88,33,polygon,FALSE,FALSE,America/Chicago,3
26542,Davis,Davis,SD,South Dakota,46125,Turner,43.2595,-96.9945,88,79,polygon,FALSE,TRUE,America/Chicago,3
26543,Lamont,Lamont,FL,Florida,12065,Jefferson,30.3796,-83.8135,87,14,polygon,FALSE,FALSE,America/New_York,3
26544,Manville,Manville,WY,Wyoming,56027,Niobrara,42.7794,-104.6175,87,123,polygon,FALSE,TRUE,America/Denver,3
26545,Coyote,Coyote,NM,New Mexico,35039,Rio Arriba,36.1616,-106.6067,87,8,polygon,FALSE,FALSE,America/Denver,3
26546,Jordan Hill,Jordan Hill,LA,Louisiana,22127,Winn,31.8591,-92.5156,87,5,polygon,FALSE,FALSE,America/Chicago,3
26547,Pelican,Pelican,AK,Alaska,2105,Hoonah-Angoon,57.9577,-136.2177,87,61,polygon,FALSE,TRUE,America/Juneau,3
26548,Orrum,Orrum,NC,North Carolina,37155,Robeson,34.4667,-79.0089,87,70,polygon,FALSE,TRUE,America/New_York,3
26549,Wilsonville,Wilsonville,NE,Nebraska,31065,Furnas,40.112,-100.1068,87,125,polygon,FALSE,TRUE,America/Chicago,3
26550,Newport,Newport,NE,Nebraska,31149,Rock,42.6002,-99.3283,87,105,polygon,FALSE,TRUE,America/Chicago,3
26551,Carleton,Carleton,NE,Nebraska,31169,Thayer,40.3033,-97.6816,87,36,polygon,FALSE,TRUE,America/Chicago,3
26552,Center,Center,NE,Nebraska,31107,Knox,42.609,-97.8761,87,321,polygon,FALSE,TRUE,America/Chicago,3
26553,Fort Indiantown Gap,Fort Indiantown Gap,PA,Pennsylvania,42075,Lebanon,40.4421,-76.5971,87,1,polygon,FALSE,FALSE,America/New_York,3
26554,Middlebrook,Middlebrook,VA,Virginia,51015,Augusta,38.0552,-79.2182,87,4,polygon,FALSE,FALSE,America/New_York,3
26555,Divide,Divide,CO,Colorado,8119,Teller,38.945,-105.1619,87,100,polygon,FALSE,FALSE,America/Denver,3
26556,Rodriguez Camp,Rodriguez Camp,CA,California,6107,Tulare,35.809,-119.1388,87,127,polygon,FALSE,TRUE,America/Los_Angeles,3
26557,Blue Springs,Blue Springs,AL,Alabama,1005,Barbour,31.6635,-85.5035,87,11,polygon,FALSE,TRUE,America/Chicago,3
26558,New Middletown,New Middletown,IN,Indiana,18061,Harrison,38.1644,-86.0508,87,962,polygon,FALSE,TRUE,America/Kentucky/Louisville,3
26559,Matlock,Matlock,IA,Iowa,19167,Sioux,43.2443,-95.9343,87,89,polygon,FALSE,TRUE,America/Chicago,3
26560,Theba,Theba,AZ,Arizona,4013,Maricopa,32.9182,-112.8899,87,54,polygon,FALSE,FALSE,America/Phoenix,3
26561,Sehili,Sehili,AZ,Arizona,4001,Apache,36.2807,-109.1814,87,51,polygon,FALSE,FALSE,America/Denver,3
26562,Gate,Gate,OK,Oklahoma,40007,Beaver,36.8517,-100.0553,87,133,polygon,FALSE,TRUE,America/Chicago,3
26563,Milo,Milo,MO,Missouri,29217,Vernon,37.7554,-94.3051,87,440,polygon,FALSE,TRUE,America/Chicago,3
26564,Arrow Point,Arrow Point,MO,Missouri,29009,Barry,36.544,-93.6223,87,175,polygon,FALSE,TRUE,America/Chicago,3
26565,Ionia,Ionia,MO,Missouri,29015,Benton,38.5037,-93.3236,87,226,polygon,FALSE,TRUE,America/Chicago,3
26566,Holt,Holt,MN,Minnesota,27089,Marshall,48.2929,-96.1945,87,33,polygon,FALSE,TRUE,America/Chicago,3
26567,Lengby,Lengby,MN,Minnesota,27119,Polk,47.5155,-95.6346,87,136,polygon,FALSE,TRUE,America/Chicago,3
26568,Cross Village,Cross Village,MI,Michigan,26047,Emmet,45.6439,-85.0312,87,44,polygon,FALSE,FALSE,America/Detroit,3
26569,Blandville,Blandville,KY,Kentucky,21007,Ballard,36.9441,-88.9646,87,160,polygon,FALSE,TRUE,America/Chicago,3
26570,Wallace,Wallace,SD,South Dakota,46029,Codington,45.0845,-97.4781,87,252,polygon,FALSE,TRUE,America/Chicago,3
26571,Glen Flora,Glen Flora,WI,Wisconsin,55107,Rusk,45.497,-90.8935,86,58,polygon,FALSE,TRUE,America/Chicago,3
26572,Couderay,Couderay,WI,Wisconsin,55113,Sawyer,45.7976,-91.3005,86,34,polygon,FALSE,TRUE,America/Chicago,3
26573,Paisano Park,Paisano Park,TX,Texas,48409,San Patricio,28.0951,-97.8592,86,378,polygon,FALSE,FALSE,America/Chicago,3
26574,Perryville,Perryville,AK,Alaska,2164,Lake and Peninsula,55.9315,-159.1559,86,2,polygon,FALSE,FALSE,America/Anchorage,3
26575,Nikolai,Nikolai,AK,Alaska,2290,Yukon-Koyukuk,63.0095,-154.3763,86,7,polygon,FALSE,TRUE,America/Anchorage,3
26576,Solen,Solen,ND,North Dakota,38085,Sioux,46.3873,-100.7958,86,99,polygon,FALSE,TRUE,America/Chicago,3
26577,Fingal,Fingal,ND,North Dakota,38003,Barnes,46.7625,-97.7932,86,79,polygon,FALSE,TRUE,America/Chicago,3
26578,Verona,Verona,ND,North Dakota,38045,LaMoure,46.3626,-98.0771,86,57,polygon,FALSE,TRUE,America/Chicago,3
26579,Karlsruhe,Karlsruhe,ND,North Dakota,38049,McHenry,48.091,-100.6162,86,44,polygon,FALSE,TRUE,America/Chicago,3
26580,Belmar,Belmar,NE,Nebraska,31101,Keith,41.3055,-101.9346,86,7,polygon,FALSE,FALSE,America/Denver,3
26581,Cottage Grove,Cottage Grove,TN,Tennessee,47079,Henry,36.3781,-88.4789,86,194,polygon,FALSE,TRUE,America/Chicago,3
26582,Mount Carbon,Mount Carbon,PA,Pennsylvania,42107,Schuylkill,40.6735,-76.1885,86,481,polygon,FALSE,TRUE,America/New_York,3
26583,Vandervoort,Vandervoort,AR,Arkansas,5113,Polk,34.38,-94.3641,86,115,polygon,FALSE,TRUE,America/Chicago,3
26584,Russellville,Russellville,IL,Illinois,17101,Lawrence,38.8188,-87.53,86,83,polygon,FALSE,TRUE,America/Chicago,3
26585,Hollowayville,Hollowayville,IL,Illinois,17011,Bureau,41.3649,-89.2947,86,699,polygon,FALSE,TRUE,America/Chicago,3
26586,Vera Cruz,Vera Cruz,IN,Indiana,18179,Wells,40.7016,-85.0795,86,327,polygon,FALSE,TRUE,America/Indiana/Indianapolis,3
26587,Rathbun,Rathbun,IA,Iowa,19007,Appanoose,40.8017,-92.8871,86,153,polygon,FALSE,TRUE,America/Chicago,3
26588,Yorktown,Yorktown,IA,Iowa,19145,Page,40.7354,-95.1544,86,122,polygon,FALSE,TRUE,America/Chicago,3
26589,Whispering Pines,Whispering Pines,AZ,Arizona,4007,Gila,34.3728,-111.2813,86,77,polygon,FALSE,FALSE,America/Phoenix,3
26590,Crellin,Crellin,MD,Maryland,24023,Garrett,39.3887,-79.4686,86,47,polygon,FALSE,FALSE,America/New_York,3
26591,Howard,Howard,OH,Ohio,39083,Knox,40.4092,-82.3275,86,148,polygon,FALSE,FALSE,America/New_York,3
26592,Merrifield,Merrifield,MN,Minnesota,27035,Crow Wing,46.4673,-94.1746,86,61,polygon,FALSE,FALSE,America/Chicago,3
26593,Iron Junction,Iron Junction,MN,Minnesota,27137,St. Louis,47.4189,-92.6087,86,41,polygon,FALSE,TRUE,America/Chicago,3
26594,Formoso,Formoso,KS,Kansas,20089,Jewell,39.7784,-97.9927,86,134,polygon,FALSE,TRUE,America/Chicago,3
26595,Hazelton,Hazelton,KS,Kansas,20007,Barber,37.0894,-98.4015,86,56,polygon,FALSE,TRUE,America/Chicago,3
26596,Narka,Narka,KS,Kansas,20157,Republic,39.9598,-97.4266,86,207,polygon,FALSE,TRUE,America/Chicago,3
26597,Dante,Dante,SD,South Dakota,46023,Charles Mix,43.0399,-98.1856,86,66,polygon,FALSE,TRUE,America/Chicago,3
26598,Hazel,Hazel,SD,South Dakota,46057,Hamlin,44.7583,-97.381,86,137,polygon,FALSE,TRUE,America/Chicago,3
26599,Waumandee,Waumandee,WI,Wisconsin,55011,Buffalo,44.3023,-91.7053,85,188,polygon,FALSE,FALSE,America/Chicago,3
26600,Blanco,Blanco,NM,New Mexico,35045,San Juan,36.7211,-107.8332,85,9,polygon,FALSE,FALSE,America/Denver,3
26601,Windmill,Windmill,NM,New Mexico,35023,Hidalgo,31.9769,-108.6315,85,22,polygon,FALSE,FALSE,America/Denver,3
26602,Mosquero,Mosquero,NM,New Mexico,35021,Harding,35.7743,-103.9544,85,32,polygon,FALSE,TRUE,America/Denver,3
26603,Chistochina,Chistochina,AK,Alaska,2261,Valdez-Cordova,62.5921,-144.8135,85,0,polygon,FALSE,FALSE,America/Anchorage,3
26604,Manning,Manning,ND,North Dakota,38025,Dunn,47.231,-102.7702,85,57,polygon,FALSE,FALSE,America/Denver,3
26605,Roscoe,Roscoe,NE,Nebraska,31101,Keith,41.1317,-101.5853,85,208,polygon,FALSE,FALSE,America/Denver,3
26606,Linwood,Linwood,NY,New York,36051,Livingston,42.8967,-77.9476,85,35,polygon,FALSE,FALSE,America/New_York,3
26607,Palo Verde,Palo Verde,CA,California,6025,Imperial,33.4279,-114.7273,85,55,polygon,FALSE,FALSE,America/Los_Angeles,3
26608,Needham,Needham,AL,Alabama,1023,Choctaw,31.987,-88.3366,85,57,polygon,FALSE,TRUE,America/Chicago,3
26609,Sims Chapel,Sims Chapel,AL,Alabama,1129,Washington,31.2365,-88.1435,85,5,polygon,FALSE,FALSE,America/Chicago,3
26610,Whelen Springs,Whelen Springs,AR,Arkansas,5019,Clark,33.8331,-93.1259,85,140,polygon,FALSE,TRUE,America/Chicago,3
26611,Yale,Yale,IL,Illinois,17079,Jasper,39.1203,-88.0246,85,57,polygon,FALSE,TRUE,America/Chicago,3
26612,Manassas,Manassas,GA,Georgia,13267,Tattnall,32.1603,-82.02,85,42,polygon,FALSE,TRUE,America/New_York,3
26613,Tarrytown,Tarrytown,GA,Georgia,13209,Montgomery,32.3187,-82.5596,85,38,polygon,FALSE,TRUE,America/New_York,3
26614,Mauckport,Mauckport,IN,Indiana,18061,Harrison,38.026,-86.1997,85,163,polygon,FALSE,TRUE,America/New_York,3
26615,Garber,Garber,IA,Iowa,19043,Clayton,42.7445,-91.2617,85,142,polygon,FALSE,TRUE,America/Chicago,3
26616,Sharpsburg,Sharpsburg,IA,Iowa,19173,Taylor,40.8029,-94.6405,85,90,polygon,FALSE,TRUE,America/Chicago,3
26617,Hard Rock,Hard Rock,AZ,Arizona,4017,Navajo,36.0309,-110.5048,85,5,polygon,FALSE,TRUE,America/Denver,3
26618,New Alluwe,New Alluwe,OK,Oklahoma,40105,Nowata,36.6099,-95.4888,85,286,polygon,FALSE,TRUE,America/Chicago,3
26619,Smithville,Smithville,OK,Oklahoma,40089,McCurtain,34.4689,-94.6462,85,30,polygon,FALSE,TRUE,America/Chicago,3
26620,Hendrix,Hendrix,OK,Oklahoma,40013,Bryan,33.7753,-96.4071,85,273,polygon,FALSE,TRUE,America/Chicago,3
26621,Blackgum,Blackgum,OK,Oklahoma,40135,Sequoyah,35.6112,-94.99,85,150,polygon,FALSE,FALSE,America/Chicago,3
26622,Mount Leonard,Mount Leonard,MO,Missouri,29195,Saline,39.1254,-93.3945,85,316,polygon,FALSE,TRUE,America/Chicago,3
26623,Millard,Millard,MO,Missouri,29001,Adair,40.1075,-92.546,85,272,polygon,FALSE,TRUE,America/Chicago,3
26624,South Greenfield,South Greenfield,MO,Missouri,29057,Dade,37.3752,-93.8437,85,201,polygon,FALSE,TRUE,America/Chicago,3
26625,La Salle,La Salle,MN,Minnesota,27165,Watonwan,44.0711,-94.5713,85,379,polygon,FALSE,TRUE,America/Chicago,3
26626,Holloway,Holloway,MN,Minnesota,27151,Swift,45.2441,-95.9112,85,23,polygon,FALSE,TRUE,America/Chicago,3
26627,Willowbrook,Willowbrook,KS,Kansas,20155,Reno,38.1011,-97.992,85,109,polygon,FALSE,TRUE,America/Chicago,3
26628,Abbyville,Abbyville,KS,Kansas,20155,Reno,37.9704,-98.2028,85,122,polygon,FALSE,TRUE,America/Chicago,3
26629,Gem,Gem,KS,Kansas,20193,Thomas,39.426,-100.8973,85,98,polygon,FALSE,TRUE,America/Chicago,3
26630,Neahkahnie,Neahkahnie,OR,Oregon,41057,Tillamook,45.7324,-123.9399,85,50,polygon,FALSE,FALSE,America/Los_Angeles,3
26631,Bruceton Mills,Bruceton Mills,WV,West Virginia,54077,Preston,39.6594,-79.6406,84,584,polygon,FALSE,TRUE,America/New_York,3
26632,Slater,Slater,WY,Wyoming,56031,Platte,41.8776,-104.7887,84,0,polygon,FALSE,FALSE,America/Denver,3
26633,Y-O Ranch,Y-O Ranch,WY,Wyoming,56031,Platte,42.0351,-104.9229,84,13,polygon,FALSE,FALSE,America/Denver,3
26634,Kirby,Kirby,WY,Wyoming,56017,Hot Springs,43.8033,-108.1808,84,212,polygon,FALSE,TRUE,America/Denver,3
26635,Little America,Little America,WY,Wyoming,56037,Sweetwater,41.547,-109.8642,84,11,polygon,FALSE,FALSE,America/Denver,3
26636,Gutierrez,Gutierrez,TX,Texas,48427,Starr,26.3401,-98.6315,84,629,polygon,FALSE,TRUE,America/Chicago,3
26637,Longoria,Longoria,TX,Texas,48427,Starr,26.3024,-98.6425,84,1935,polygon,FALSE,TRUE,America/Chicago,3
26638,Montpelier,Montpelier,ND,North Dakota,38093,Stutsman,46.6988,-98.5884,84,212,polygon,FALSE,TRUE,America/Chicago,3
26639,Riverton,Riverton,NE,Nebraska,31061,Franklin,40.0897,-98.7597,84,82,polygon,FALSE,TRUE,America/Chicago,3
26640,Mainville,Mainville,PA,Pennsylvania,42037,Columbia,40.9798,-76.3705,84,46,polygon,FALSE,FALSE,America/New_York,3
26641,Saddle Ridge,Saddle Ridge,CO,Colorado,8087,Morgan,40.3134,-103.8023,84,186,polygon,FALSE,TRUE,America/Denver,3
26642,Graham,Graham,AL,Alabama,1111,Randolph,33.4552,-85.3231,84,5,polygon,FALSE,FALSE,America/Chicago,3
26643,Norristown,Norristown,GA,Georgia,13107,Emanuel,32.5064,-82.4981,84,79,polygon,FALSE,FALSE,America/New_York,3
26644,Weston,Weston,IA,Iowa,19155,Pottawattamie,41.342,-95.7448,84,79,polygon,FALSE,FALSE,America/Chicago,3
26645,Hackberry,Hackberry,AZ,Arizona,4015,Mohave,35.3401,-113.7256,84,1,polygon,FALSE,FALSE,America/Phoenix,3
26646,Carrier,Carrier,OK,Oklahoma,40047,Garfield,36.4786,-98.0172,84,26,polygon,FALSE,TRUE,America/Chicago,3
26647,Riverview Estates,Riverview Estates,MO,Missouri,29037,Cass,38.7489,-94.5246,84,135,polygon,FALSE,TRUE,America/Chicago,3
26648,Evan,Evan,MN,Minnesota,27015,Brown,44.3549,-94.8361,84,31,polygon,FALSE,TRUE,America/Chicago,3
26649,Eagle River,Eagle River,MI,Michigan,26083,Keweenaw,47.41,-88.2644,84,5,polygon,FALSE,FALSE,America/Detroit,3
26650,Kerr,Kerr,MT,Montana,30047,Lake,47.6771,-114.1874,84,35,polygon,FALSE,FALSE,America/Denver,3
26651,Turner,Turner,MT,Montana,30005,Blaine,48.8469,-108.4006,84,72,polygon,FALSE,FALSE,America/Denver,3
26652,Hazel Green,Hazel Green,KY,Kentucky,21237,Wolfe,37.7999,-83.4173,84,30,polygon,FALSE,FALSE,America/New_York,3
26653,Bickleton,Bickleton,WA,Washington,53039,Klickitat,46.0056,-120.308,83,6,polygon,FALSE,FALSE,America/Los_Angeles,3
26654,Grand View,Grand View,WI,Wisconsin,55007,Bayfield,46.368,-91.1034,83,43,polygon,FALSE,FALSE,America/Chicago,3
26655,San Acacia,San Acacia,NM,New Mexico,35053,Socorro,34.255,-106.9023,83,45,polygon,FALSE,FALSE,America/Denver,3
26656,Canova,Canova,NM,New Mexico,35039,Rio Arriba,36.1648,-105.9857,83,37,polygon,FALSE,FALSE,America/Denver,3
26657,Sun Valley,Sun Valley,TX,Texas,48277,Lamar,33.6704,-95.4286,83,199,polygon,FALSE,TRUE,America/Chicago,3
26658,Barrera,Barrera,TX,Texas,48427,Starr,26.3925,-98.8985,83,1282,polygon,FALSE,TRUE,America/Chicago,3
26659,Larsen Bay,Larsen Bay,AK,Alaska,2150,Kodiak Island,57.5404,-154.0056,83,7,polygon,FALSE,TRUE,America/Anchorage,3
26660,Eagle,Eagle,AK,Alaska,2240,Southeast Fairbanks,64.7813,-141.1979,83,36,polygon,FALSE,TRUE,America/Anchorage,3
26661,Sleetmute,Sleetmute,AK,Alaska,2050,Bethel,61.6516,-157.1251,83,0,polygon,FALSE,FALSE,America/Anchorage,3
26662,Hughes,Hughes,AK,Alaska,2290,Yukon-Koyukuk,66.0452,-154.2376,83,10,polygon,FALSE,TRUE,America/Anchorage,3
26663,Como,Como,NC,North Carolina,37091,Hertford,36.5011,-77.0073,83,10,polygon,FALSE,TRUE,America/New_York,3
26664,Ocean Beach,Ocean Beach,NY,New York,36103,Suffolk,40.6463,-73.1565,83,226,polygon,FALSE,TRUE,America/New_York,3
26665,Graceton,Graceton,PA,Pennsylvania,42063,Indiana,40.5071,-79.1687,83,263,polygon,FALSE,FALSE,America/New_York,3
26666,Kempton,Kempton,PA,Pennsylvania,42011,Berks,40.6278,-75.8548,83,40,polygon,FALSE,FALSE,America/New_York,3
26667,Duffield,Duffield,VA,Virginia,51169,Scott,36.7197,-82.7962,83,52,polygon,FALSE,TRUE,America/New_York,3
26668,Atwood,Atwood,CO,Colorado,8075,Logan,40.5503,-103.2746,83,30,polygon,FALSE,FALSE,America/Denver,3
26669,Sheridan Lake,Sheridan Lake,CO,Colorado,8061,Kiowa,38.4667,-102.2944,83,103,polygon,FALSE,TRUE,America/Denver,3
26670,Comptche,Comptche,CA,California,6045,Mendocino,39.2651,-123.5896,83,27,polygon,FALSE,FALSE,America/Los_Angeles,3
26671,Guion,Guion,AR,Arkansas,5065,Izard,35.9269,-91.939,83,57,polygon,FALSE,TRUE,America/Chicago,3
26672,Mount Erie,Mount Erie,IL,Illinois,17191,Wayne,38.5146,-88.2325,83,83,polygon,FALSE,TRUE,America/Chicago,3
26673,Chestnut,Chestnut,IL,Illinois,17107,Logan,40.0538,-89.1866,83,292,polygon,FALSE,FALSE,America/Chicago,3
26674,Gruver,Gruver,IA,Iowa,19063,Emmet,43.3931,-94.7036,83,246,polygon,FALSE,TRUE,America/Chicago,3
26675,Bradgate,Bradgate,IA,Iowa,19091,Humboldt,42.8029,-94.4196,83,92,polygon,FALSE,TRUE,America/Chicago,3
26676,Grant,Grant,IA,Iowa,19137,Montgomery,41.1427,-94.985,83,43,polygon,FALSE,TRUE,America/Chicago,3
26677,Nolic,Nolic,AZ,Arizona,4019,Pima,32.0341,-111.955,83,61,polygon,FALSE,FALSE,America/Phoenix,3
26678,Elk City,Elk City,ID,Idaho,16049,Idaho,45.8266,-115.4378,83,12,polygon,FALSE,FALSE,America/Los_Angeles,3
26679,Whitehaven,Whitehaven,MD,Maryland,24045,Wicomico,38.2707,-75.7935,83,86,polygon,FALSE,FALSE,America/New_York,3
26680,Loyal,Loyal,OK,Oklahoma,40073,Kingfisher,35.9728,-98.1185,83,389,polygon,FALSE,TRUE,America/Chicago,3
26681,Hitchita,Hitchita,OK,Oklahoma,40091,McIntosh,35.5198,-95.7518,83,276,polygon,FALSE,TRUE,America/Chicago,3
26682,Sweetwater,Sweetwater,OK,Oklahoma,40009,Beckham,35.4222,-99.9116,83,2,polygon,FALSE,TRUE,America/Chicago,3
26683,Crystal Rock,Crystal Rock,OH,Ohio,39043,Erie,41.448,-82.8419,83,301,polygon,FALSE,FALSE,America/New_York,3
26684,Old Appleton,Old Appleton,MO,Missouri,29031,Cape Girardeau,37.5938,-89.7108,83,265,polygon,FALSE,TRUE,America/Chicago,3
26685,Perley,Perley,MN,Minnesota,27107,Norman,47.1761,-96.8015,83,129,polygon,FALSE,TRUE,America/Chicago,3
26686,Opheim,Opheim,MT,Montana,30105,Valley,48.8571,-106.4084,83,153,polygon,FALSE,TRUE,America/Denver,3
26687,Silver Lake,Silver Lake,OR,Oregon,41037,Lake,43.1264,-121.0495,83,21,polygon,FALSE,FALSE,America/Los_Angeles,3
26688,Las Nutrias,Las Nutrias,NM,New Mexico,35053,Socorro,34.4699,-106.7708,82,32,polygon,FALSE,FALSE,America/Denver,3
26689,Terlingua,Terlingua,TX,Texas,48043,Brewster,29.2991,-103.5795,82,2,polygon,FALSE,FALSE,America/Chicago,3
26690,Red Dog Mine,Red Dog Mine,AK,Alaska,2188,Northwest Arctic,68.0645,-162.8667,82,0,polygon,FALSE,FALSE,America/Nome,3
26691,Anvik,Anvik,AK,Alaska,2290,Yukon-Koyukuk,62.6541,-160.214,82,3,polygon,FALSE,TRUE,America/Anchorage,3
26692,Coleharbor,Coleharbor,ND,North Dakota,38055,McLean,47.5425,-101.2214,82,173,polygon,FALSE,TRUE,America/Chicago,3
26693,Mountain,Mountain,ND,North Dakota,38067,Pembina,48.6843,-97.8648,82,258,polygon,FALSE,TRUE,America/Chicago,3
26694,Linwood,Linwood,NE,Nebraska,31023,Butler,41.4122,-96.9323,82,85,polygon,FALSE,TRUE,America/Chicago,3
26695,Vowinckel,Vowinckel,PA,Pennsylvania,42031,Clarion,41.4108,-79.2286,82,12,polygon,FALSE,FALSE,America/New_York,3
26696,Jerseytown,Jerseytown,PA,Pennsylvania,42037,Columbia,41.0889,-76.5804,82,43,polygon,FALSE,FALSE,America/New_York,3
26697,Sereno del Mar,Sereno del Mar,CA,California,6097,Sonoma,38.3836,-123.0732,82,42,polygon,FALSE,TRUE,America/Los_Angeles,3
26698,Ripley,Ripley,IL,Illinois,17009,Brown,40.0252,-90.6379,82,83,polygon,FALSE,TRUE,America/Chicago,3
26699,Wallace,Wallace,IN,Indiana,18045,Fountain,39.987,-87.1473,82,221,polygon,FALSE,TRUE,America/Indiana/Indianapolis,3
26700,Westphalia,Westphalia,IN,Indiana,18083,Knox,38.8665,-87.2277,82,15,polygon,FALSE,FALSE,America/Indiana/Vincennes,3
26701,Hayfield,Hayfield,IA,Iowa,19081,Hancock,43.1781,-93.6926,82,38,polygon,FALSE,FALSE,America/Chicago,3
26702,Cylinder,Cylinder,IA,Iowa,19147,Palo Alto,43.0897,-94.5512,82,398,polygon,FALSE,TRUE,America/Chicago,3
26703,Lower Salem,Lower Salem,OH,Ohio,39167,Washington,39.5635,-81.3942,82,539,polygon,FALSE,TRUE,America/New_York,3
26704,Otway,Otway,OH,Ohio,39145,Scioto,38.865,-83.1886,82,155,polygon,FALSE,TRUE,America/New_York,3
26705,Levasy,Levasy,MO,Missouri,29095,Jackson,39.1363,-94.1307,82,52,polygon,FALSE,TRUE,America/Chicago,3
26706,Glen Allen,Glen Allen,MO,Missouri,29017,Bollinger,37.3171,-90.0282,82,546,polygon,FALSE,TRUE,America/Chicago,3
26707,Zalma,Zalma,MO,Missouri,29017,Bollinger,37.1423,-90.0825,82,153,polygon,FALSE,FALSE,America/Chicago,3
26708,Worthington,Worthington,MO,Missouri,29171,Putnam,40.4091,-92.6892,82,292,polygon,FALSE,TRUE,America/Chicago,3
26709,Nielsville,Nielsville,MN,Minnesota,27119,Polk,47.5288,-96.8161,82,102,polygon,FALSE,TRUE,America/Chicago,3
26710,Seaforth,Seaforth,MN,Minnesota,27127,Redwood,44.4761,-95.331,82,31,polygon,FALSE,TRUE,America/Chicago,3
26711,Crystal Downs Country Club,Crystal Downs Country Club,MI,Michigan,26019,Benzie,44.7014,-86.2311,82,25,polygon,FALSE,TRUE,America/Detroit,3
26712,Belpre,Belpre,KS,Kansas,20047,Edwards,37.9507,-99.0998,82,77,polygon,FALSE,TRUE,America/Chicago,3
26713,Cambridge,Cambridge,KS,Kansas,20035,Cowley,37.3178,-96.6676,82,180,polygon,FALSE,TRUE,America/Chicago,3
26714,Loma,Loma,MT,Montana,30015,Chouteau,47.9512,-110.4887,82,9,polygon,FALSE,FALSE,America/Denver,3
26715,Bearcreek,Bearcreek,MT,Montana,30009,Carbon,45.1605,-109.1571,82,276,polygon,FALSE,TRUE,America/Denver,3
26716,Jamestown,Jamestown,SC,South Carolina,45015,Berkeley,33.2859,-79.6945,82,52,polygon,FALSE,TRUE,America/New_York,3
26717,Andover,Andover,SD,South Dakota,46037,Day,45.4102,-97.9037,82,117,polygon,FALSE,TRUE,America/Chicago,3
26718,Wasta,Wasta,SD,South Dakota,46103,Pennington,44.0695,-102.4463,82,165,polygon,FALSE,TRUE,America/Denver,3
26719,Methow,Methow,WA,Washington,53047,Okanogan,48.1288,-120.0055,81,46,polygon,FALSE,FALSE,America/Los_Angeles,3
26720,Dunbar,Dunbar,WI,Wisconsin,55075,Marinette,45.6471,-88.1754,81,29,polygon,FALSE,FALSE,America/Chicago,3
26721,Herbster,Herbster,WI,Wisconsin,55007,Bayfield,46.8421,-91.2419,81,5,polygon,FALSE,FALSE,America/Chicago,3
26722,Galloway,Galloway,WV,West Virginia,54001,Barbour,39.2339,-80.1277,81,49,polygon,FALSE,FALSE,America/New_York,3
26723,Atka,Atka,AK,Alaska,2016,Aleutians West,52.2301,-174.2133,81,3,polygon,FALSE,TRUE,America/Adak,3
26724,Tuttle,Tuttle,ND,North Dakota,38043,Kidder,47.1445,-99.9934,81,125,polygon,FALSE,TRUE,America/Chicago,3
26725,Halsey,Halsey,NE,Nebraska,31171,Thomas,41.9033,-100.2699,81,161,polygon,FALSE,TRUE,America/Chicago,3
26726,Dixon,Dixon,NE,Nebraska,31051,Dixon,42.4153,-96.9948,81,206,polygon,FALSE,TRUE,America/Chicago,3
26727,Wilburton Number Two,Wilburton Number Two,PA,Pennsylvania,42037,Columbia,40.8187,-76.3782,81,41,polygon,FALSE,FALSE,America/New_York,3
26728,Warfield,Warfield,VA,Virginia,51025,Brunswick,36.8976,-77.8194,81,13,polygon,FALSE,FALSE,America/New_York,3
26729,Eagleville,Eagleville,CA,California,6049,Modoc,41.3191,-120.1147,81,32,polygon,FALSE,FALSE,America/Los_Angeles,3
26730,Freeport,Freeport,CA,California,6067,Sacramento,38.4636,-121.5022,81,615,polygon,FALSE,FALSE,America/Los_Angeles,3
26731,Ozan,Ozan,AR,Arkansas,5057,Hempstead,33.848,-93.7203,81,95,polygon,FALSE,TRUE,America/Chicago,3
26732,Detroit,Detroit,IL,Illinois,17149,Pike,39.6201,-90.6759,81,124,polygon,FALSE,TRUE,America/Chicago,3
26733,Rose Hill,Rose Hill,IL,Illinois,17079,Jasper,39.1043,-88.1499,81,49,polygon,FALSE,TRUE,America/Chicago,3
26734,Gay,Gay,GA,Georgia,13199,Meriwether,33.0937,-84.5755,81,36,polygon,FALSE,TRUE,America/New_York,3
26735,Sidney,Sidney,IN,Indiana,18085,Kosciusko,41.1049,-85.7425,81,250,polygon,FALSE,TRUE,America/Indiana/Indianapolis,3
26736,Chatsworth,Chatsworth,IA,Iowa,19167,Sioux,42.9163,-96.5144,81,63,polygon,FALSE,TRUE,America/Chicago,3
26737,Graf,Graf,IA,Iowa,19061,Dubuque,42.4939,-90.8735,81,236,polygon,FALSE,TRUE,America/Chicago,3
26738,Nemaha,Nemaha,IA,Iowa,19161,Sac,42.515,-95.0889,81,425,polygon,FALSE,TRUE,America/Chicago,3
26739,Moccasin,Moccasin,AZ,Arizona,4015,Mohave,36.9099,-112.7546,81,40,polygon,FALSE,FALSE,America/Phoenix,3
26740,Brownsville,Brownsville,OH,Ohio,39089,Licking,39.9438,-82.2517,81,35,polygon,FALSE,FALSE,America/New_York,3
26741,Fairview,Fairview,OH,Ohio,39059,Guernsey,40.0573,-81.235,81,77,polygon,FALSE,TRUE,America/New_York,3
26742,Aldrich,Aldrich,MO,Missouri,29167,Polk,37.5489,-93.5512,81,192,polygon,FALSE,TRUE,America/Chicago,3
26743,Whiteside,Whiteside,MO,Missouri,29113,Lincoln,39.1839,-91.0166,81,334,polygon,FALSE,TRUE,America/Chicago,3
26744,Filer City,Filer City,MI,Michigan,26101,Manistee,44.2149,-86.2889,81,120,polygon,FALSE,FALSE,America/Detroit,3
26745,Reserve,Reserve,KS,Kansas,20013,Brown,39.977,-95.5654,81,271,polygon,FALSE,TRUE,America/Chicago,3
26746,Isabel,Isabel,KS,Kansas,20007,Barber,37.4672,-98.5515,81,124,polygon,FALSE,TRUE,America/Chicago,3
26747,Mapleton,Mapleton,KS,Kansas,20011,Bourbon,38.0155,-94.8834,81,63,polygon,FALSE,TRUE,America/Chicago,3
26748,Fort Hill,Fort Hill,OR,Oregon,41053,Polk,45.067,-123.5605,81,21,polygon,FALSE,FALSE,America/Los_Angeles,3
26749,Helvetia,Helvetia,WV,West Virginia,54083,Randolph,38.7058,-80.1992,80,17,polygon,FALSE,FALSE,America/New_York,3
26750,Soham,Soham,NM,New Mexico,35047,San Miguel,35.4168,-105.4985,80,19,polygon,FALSE,FALSE,America/Denver,3
26751,Veguita,Veguita,NM,New Mexico,35053,Socorro,34.5147,-106.7679,80,36,polygon,FALSE,FALSE,America/Denver,3
26752,Palo Blanco,Palo Blanco,TX,Texas,48427,Starr,26.3875,-98.9024,80,507,polygon,FALSE,TRUE,America/Chicago,3
26753,Whitestone,Whitestone,AK,Alaska,2240,Southeast Fairbanks,64.1528,-145.9061,80,4,polygon,FALSE,TRUE,America/Anchorage,3
26754,Manley Hot Springs,Manley Hot Springs,AK,Alaska,2290,Yukon-Koyukuk,65.0187,-150.6453,80,0,polygon,FALSE,FALSE,America/Anchorage,3
26755,Berwyn,Berwyn,NE,Nebraska,31041,Custer,41.3508,-99.5006,80,120,polygon,FALSE,TRUE,America/Chicago,3
26756,Byron,Byron,NE,Nebraska,31169,Thayer,40.0048,-97.7686,80,201,polygon,FALSE,TRUE,America/Chicago,3
26757,Sunny Slopes,Sunny Slopes,CA,California,6051,Mono,37.5694,-118.6759,80,16,polygon,FALSE,TRUE,America/Los_Angeles,3
26758,Williford,Williford,AR,Arkansas,5135,Sharp,36.2517,-91.3604,80,88,polygon,FALSE,TRUE,America/Chicago,3
26759,Fargo,Fargo,AR,Arkansas,5095,Monroe,34.9537,-91.1764,80,67,polygon,FALSE,TRUE,America/Chicago,3
26760,Bingham,Bingham,IL,Illinois,17051,Fayette,39.1122,-89.2137,80,112,polygon,FALSE,TRUE,America/Chicago,3
26761,Keenes,Keenes,IL,Illinois,17191,Wayne,38.3386,-88.6419,80,238,polygon,FALSE,TRUE,America/Chicago,3
26762,Adeline,Adeline,IL,Illinois,17141,Ogle,42.1405,-89.4918,80,116,polygon,FALSE,TRUE,America/Chicago,3
26763,Hartwick,Hartwick,IA,Iowa,19157,Poweshiek,41.7861,-92.3453,80,230,polygon,FALSE,TRUE,America/Chicago,3
26764,Struble,Struble,IA,Iowa,19149,Plymouth,42.8945,-96.1946,80,198,polygon,FALSE,TRUE,America/Chicago,3
26765,New Haven,New Haven,IA,Iowa,19131,Mitchell,43.2839,-92.6422,80,16,polygon,FALSE,FALSE,America/Chicago,3
26766,Carlos,Carlos,MD,Maryland,24001,Allegany,39.6237,-78.9567,80,107,polygon,FALSE,FALSE,America/New_York,3
26767,Nescatunga,Nescatunga,OK,Oklahoma,40003,Alfalfa,36.7543,-98.156,80,136,polygon,FALSE,FALSE,America/Chicago,3
26768,Paradise Hill,Paradise Hill,OK,Oklahoma,40135,Sequoyah,35.6134,-95.0704,80,56,polygon,FALSE,TRUE,America/Chicago,3
26769,Elberta,Elberta,UT,Utah,49049,Utah,39.9739,-111.9553,80,2,polygon,FALSE,TRUE,America/Denver,3
26770,Ritchey,Ritchey,MO,Missouri,29145,Newton,36.944,-94.1858,80,630,polygon,FALSE,TRUE,America/Chicago,3
26771,Mount Moriah,Mount Moriah,MO,Missouri,29081,Harrison,40.3292,-93.7971,80,30,polygon,FALSE,TRUE,America/Chicago,3
26772,Wanda,Wanda,MN,Minnesota,27127,Redwood,44.3148,-95.2131,80,119,polygon,FALSE,TRUE,America/Chicago,3
26773,Turtle River,Turtle River,MN,Minnesota,27007,Beltrami,47.5882,-94.7581,80,28,polygon,FALSE,TRUE,America/Chicago,3
26774,Brentford,Brentford,SD,South Dakota,46115,Spink,45.1591,-98.3223,80,189,polygon,FALSE,TRUE,America/Chicago,3
26775,Agar,Agar,SD,South Dakota,46119,Sully,44.8398,-100.0734,80,150,polygon,FALSE,TRUE,America/Chicago,3
26776,Page,Page,WV,West Virginia,54019,Fayette,38.0506,-81.2717,79,69,polygon,FALSE,FALSE,America/New_York,3
26777,Turnerville,Turnerville,WY,Wyoming,56023,Lincoln,42.8622,-110.9007,79,6,polygon,FALSE,FALSE,America/Denver,3
26778,Los Nopalitos,Los Nopalitos,TX,Texas,48479,Webb,27.6195,-99.2056,79,205,polygon,FALSE,TRUE,America/Chicago,3
26779,Maxbass,Maxbass,ND,North Dakota,38009,Bottineau,48.7225,-101.1426,79,186,polygon,FALSE,TRUE,America/Chicago,3
26780,Kilgore,Kilgore,NE,Nebraska,31031,Cherry,42.9392,-100.9571,79,68,polygon,FALSE,TRUE,America/Denver,3
26781,Union Grove,Union Grove,AL,Alabama,1095,Marshall,34.4025,-86.4483,79,54,polygon,FALSE,TRUE,America/Chicago,3
26782,Brooksburg,Brooksburg,IN,Indiana,18077,Jefferson,38.735,-85.2445,79,300,polygon,FALSE,TRUE,America/New_York,3
26783,Pine Lake,Pine Lake,AZ,Arizona,4015,Mohave,35.0887,-113.8739,79,18,polygon,FALSE,TRUE,America/Phoenix,3
26784,Murphy,Murphy,ID,Idaho,16073,Owyhee,43.2121,-116.5485,79,7,polygon,FALSE,FALSE,America/Boise,3
26785,Georgetown,Georgetown,MD,Maryland,24029,Kent,39.2194,-76.1971,79,20,polygon,FALSE,FALSE,America/New_York,3
26786,Antioch,Antioch,OH,Ohio,39111,Monroe,39.6608,-81.0668,79,296,polygon,FALSE,TRUE,America/New_York,3
26787,Pollock,Pollock,MO,Missouri,29211,Sullivan,40.3583,-93.0835,79,183,polygon,FALSE,TRUE,America/Chicago,3
26788,Clyde,Clyde,MO,Missouri,29147,Nodaway,40.2662,-94.6696,79,181,polygon,FALSE,TRUE,America/Chicago,3
26789,Lucerne,Lucerne,MO,Missouri,29171,Putnam,40.4639,-93.2911,79,122,polygon,FALSE,TRUE,America/Chicago,3
26790,Trosky,Trosky,MN,Minnesota,27117,Pipestone,43.8884,-96.2509,79,21,polygon,FALSE,TRUE,America/Chicago,3
26791,Elgin,Elgin,KS,Kansas,20019,Chautauqua,37.0019,-96.2806,79,156,polygon,FALSE,TRUE,America/Chicago,3
26792,Simpson,Simpson,KS,Kansas,20123,Mitchell,39.386,-97.934,79,118,polygon,FALSE,TRUE,America/Chicago,3
26793,Kremlin,Kremlin,MT,Montana,30041,Hill,48.5707,-110.0862,79,69,polygon,FALSE,FALSE,America/Denver,3
26794,Toston,Toston,MT,Montana,30007,Broadwater,46.1658,-111.446,79,11,polygon,FALSE,FALSE,America/Denver,3
26795,Fox Lake,Fox Lake,MT,Montana,30083,Richland,47.6858,-104.6331,79,7,polygon,FALSE,FALSE,America/Denver,3
26796,Camas,Camas,MT,Montana,30089,Sanders,47.6179,-114.656,79,55,polygon,FALSE,FALSE,America/Denver,3
26797,Aurora Center,Aurora Center,SD,South Dakota,46003,Aurora,43.5272,-98.5894,79,707,polygon,FALSE,FALSE,America/Chicago,3
26798,Bartow,Bartow,WV,West Virginia,54075,Pocahontas,38.5422,-79.7859,78,64,polygon,FALSE,FALSE,America/New_York,3
26799,Encino,Encino,NM,New Mexico,35057,Torrance,34.6518,-105.4586,78,15,polygon,FALSE,TRUE,America/Denver,3
26800,Tatitlek,Tatitlek,AK,Alaska,2261,Valdez-Cordova,60.8921,-146.6727,78,4,polygon,FALSE,FALSE,America/Anchorage,3
26801,Shageluk,Shageluk,AK,Alaska,2290,Yukon-Koyukuk,62.6684,-159.563,78,2,polygon,FALSE,TRUE,America/Anchorage,3
26802,Cashiers,Cashiers,NC,North Carolina,37099,Jackson,35.1116,-83.0975,78,28,polygon,FALSE,FALSE,America/New_York,3
26803,Ardoch,Ardoch,ND,North Dakota,38099,Walsh,48.2054,-97.338,78,79,polygon,FALSE,TRUE,America/Chicago,3
26804,Alamo,Alamo,ND,North Dakota,38105,Williams,48.5825,-103.4677,78,54,polygon,FALSE,TRUE,America/Chicago,3
26805,Dwight,Dwight,ND,North Dakota,38077,Richland,46.3038,-96.7399,78,147,polygon,FALSE,TRUE,America/Chicago,3
26806,Driscoll,Driscoll,ND,North Dakota,38015,Burleigh,46.8427,-100.1439,78,52,polygon,FALSE,FALSE,America/Chicago,3
26807,Ryder,Ryder,ND,North Dakota,38101,Ward,47.9211,-101.6694,78,57,polygon,FALSE,TRUE,America/Chicago,3
26808,Wellfleet,Wellfleet,NE,Nebraska,31111,Lincoln,40.7539,-100.7318,78,111,polygon,FALSE,TRUE,America/Chicago,3
26809,Sunol,Sunol,NE,Nebraska,31033,Cheyenne,41.1539,-102.763,78,13,polygon,FALSE,FALSE,America/Denver,3
26810,Columbia,Columbia,VA,Virginia,51065,Fluvanna,37.7538,-78.1632,78,210,polygon,FALSE,FALSE,America/New_York,3
26811,Mount Hebron,Mount Hebron,CA,California,6093,Siskiyou,41.7855,-122.0083,78,42,polygon,FALSE,FALSE,America/Los_Angeles,3
26812,Morrison Bluff,Morrison Bluff,AR,Arkansas,5083,Logan,35.3828,-93.5228,78,22,polygon,FALSE,TRUE,America/Chicago,3
26813,Camden,Camden,IL,Illinois,17169,Schuyler,40.1529,-90.7733,78,39,polygon,FALSE,TRUE,America/Chicago,3
26814,Country Club Heights,Country Club Heights,IN,Indiana,18095,Madison,40.1242,-85.6877,78,106,polygon,FALSE,TRUE,America/Indiana/Indianapolis,3
26815,Redding,Redding,IA,Iowa,19159,Ringgold,40.6068,-94.3863,78,30,polygon,FALSE,TRUE,America/Chicago,3
26816,Truxton,Truxton,AZ,Arizona,4015,Mohave,35.487,-113.5607,78,7,polygon,FALSE,FALSE,America/Phoenix,3
26817,Powellville,Powellville,MD,Maryland,24045,Wicomico,38.3296,-75.3753,78,20,polygon,FALSE,FALSE,America/New_York,3
26818,Smith Village,Smith Village,OK,Oklahoma,40109,Oklahoma,35.4508,-97.457,78,1068,polygon,FALSE,TRUE,America/Chicago,3
26819,Deerfield,Deerfield,MO,Missouri,29217,Vernon,37.8386,-94.5078,78,295,polygon,FALSE,TRUE,America/Chicago,3
26820,Ebro,Ebro,MN,Minnesota,27029,Clearwater,47.4942,-95.5411,78,34,polygon,FALSE,FALSE,America/Chicago,3
26821,Vining,Vining,MN,Minnesota,27111,Otter Tail,46.2619,-95.535,78,26,polygon,FALSE,TRUE,America/Chicago,3
26822,Zenda,Zenda,KS,Kansas,20095,Kingman,37.4441,-98.282,78,134,polygon,FALSE,TRUE,America/Chicago,3
26823,Milan,Milan,KS,Kansas,20191,Sumner,37.2576,-97.6741,78,227,polygon,FALSE,TRUE,America/Chicago,3
26824,Spivey,Spivey,KS,Kansas,20095,Kingman,37.4484,-98.1658,78,57,polygon,FALSE,TRUE,America/Chicago,3
26825,Dycusburg,Dycusburg,KY,Kentucky,21055,Crittenden,37.1595,-88.1845,78,47.8,point,FALSE,FALSE,America/Chicago,4
26826,Bradley,Bradley,SD,South Dakota,46025,Clark,45.0904,-97.642,78,122,polygon,FALSE,TRUE,America/Chicago,3
26827,Lebanon,Lebanon,NE,Nebraska,31145,Red Willow,40.0487,-100.2761,77,184,polygon,FALSE,TRUE,America/Chicago,3
26828,Sattley,Sattley,CA,California,6091,Sierra,39.6265,-120.4357,77,14,polygon,FALSE,FALSE,America/Los_Angeles,3
26829,Johnsonville,Johnsonville,IL,Illinois,17191,Wayne,38.5208,-88.5382,77,139,polygon,FALSE,TRUE,America/Chicago,3
26830,High Amana,High Amana,IA,Iowa,19095,Iowa,41.8011,-91.9419,77,77,polygon,FALSE,FALSE,America/Chicago,3
26831,Spragueville,Spragueville,IA,Iowa,19097,Jackson,42.0715,-90.4328,77,39,polygon,FALSE,TRUE,America/Chicago,3
26832,Truesdale,Truesdale,IA,Iowa,19021,Buena Vista,42.7292,-95.1835,77,203,polygon,FALSE,TRUE,America/Chicago,3
26833,Elmer,Elmer,MO,Missouri,29121,Macon,39.9571,-92.65,77,117,polygon,FALSE,TRUE,America/Chicago,3
26834,Lake Mary Ronan,Lake Mary Ronan,MT,Montana,30047,Lake,47.9292,-114.389,77,28,polygon,FALSE,FALSE,America/Denver,3
26835,Gratz,Gratz,KY,Kentucky,21187,Owen,38.4718,-84.947,77,85,polygon,FALSE,TRUE,America/New_York,3
26836,New Witten,New Witten,SD,South Dakota,46123,Tripp,43.4407,-100.0819,77,107,polygon,FALSE,TRUE,America/Chicago,3
26837,Sherman,Sherman,SD,South Dakota,46099,Minnehaha,43.7577,-96.4762,77,115,polygon,FALSE,TRUE,America/Chicago,3
26838,Hartly,Hartly,DE,Delaware,10001,Kent,39.1684,-75.7127,76,518,polygon,FALSE,TRUE,America/New_York,3
26839,Chamizal,Chamizal,NM,New Mexico,35053,Socorro,34.2183,-106.9151,76,66,polygon,FALSE,FALSE,America/Denver,3
26840,Toco,Toco,TX,Texas,48277,Lamar,33.6539,-95.6492,76,172,polygon,FALSE,TRUE,America/Chicago,3
26841,Levelock,Levelock,AK,Alaska,2164,Lake and Peninsula,59.0683,-156.901,76,1,polygon,FALSE,FALSE,America/Anchorage,3
26842,Hassell,Hassell,NC,North Carolina,37117,Martin,35.9083,-77.2763,76,106,polygon,FALSE,TRUE,America/New_York,3
26843,Benedict,Benedict,ND,North Dakota,38055,McLean,47.8301,-101.0843,76,117,polygon,FALSE,TRUE,America/Chicago,3
26844,Butte,Butte,ND,North Dakota,38055,McLean,47.837,-100.6658,76,119,polygon,FALSE,TRUE,America/Chicago,3
26845,Cleveland,Cleveland,ND,North Dakota,38093,Stutsman,46.891,-99.1196,76,138,polygon,FALSE,TRUE,America/Chicago,3
26846,Hurdsfield,Hurdsfield,ND,North Dakota,38103,Wells,47.4468,-99.931,76,101,polygon,FALSE,TRUE,America/Chicago,3
26847,Naper,Naper,NE,Nebraska,31015,Boyd,42.9641,-99.097,76,216,polygon,FALSE,TRUE,America/Chicago,3
26848,New Morgan,New Morgan,PA,Pennsylvania,42011,Berks,40.1833,-75.8896,76,5,polygon,FALSE,TRUE,America/New_York,3
26849,Hiko,Hiko,NV,Nevada,32017,Lincoln,37.6063,-115.2018,76,1,polygon,FALSE,FALSE,America/Los_Angeles,3
26850,Lookout,Lookout,CA,California,6049,Modoc,41.21,-121.1545,76,5,polygon,FALSE,FALSE,America/Los_Angeles,3
26851,Kirkwood,Kirkwood,CA,California,6003,Alpine,38.693,-120.064,76,6,polygon,FALSE,FALSE,America/Los_Angeles,3
26852,Belgreen,Belgreen,AL,Alabama,1059,Franklin,34.4767,-87.8653,76,23,polygon,FALSE,FALSE,America/Chicago,3
26853,El Dara,El Dara,IL,Illinois,17149,Pike,39.6227,-90.9917,76,29,polygon,FALSE,TRUE,America/Chicago,3
26854,Woodlawn Heights,Woodlawn Heights,IN,Indiana,18095,Madison,40.1184,-85.6969,76,258,polygon,FALSE,TRUE,America/Indiana/Indianapolis,3
26855,California Junction,California Junction,IA,Iowa,19085,Harrison,41.5601,-95.9947,76,63,polygon,FALSE,FALSE,America/Chicago,3
26856,Princeton,Princeton,ID,Idaho,16057,Latah,46.9152,-116.8315,76,45,polygon,FALSE,FALSE,America/Los_Angeles,3
26857,Antietam,Antietam,MD,Maryland,24043,Washington,39.4151,-77.7364,76,191,polygon,FALSE,FALSE,America/New_York,3
26858,Tindall,Tindall,MO,Missouri,29079,Grundy,40.1609,-93.6096,76,222,polygon,FALSE,TRUE,America/Chicago,3
26859,Mahaska,Mahaska,KS,Kansas,20201,Washington,39.9874,-97.3538,76,131,polygon,FALSE,TRUE,America/Chicago,3
26860,Coats,Coats,KS,Kansas,20151,Pratt,37.5108,-98.8253,76,129,polygon,FALSE,TRUE,America/Chicago,3
26861,Raymond,Raymond,KS,Kansas,20159,Rice,38.2779,-98.414,76,94,polygon,FALSE,TRUE,America/Chicago,3
26862,Rosebud,Rosebud,MT,Montana,30087,Rosebud,46.2712,-106.447,76,38,polygon,FALSE,FALSE,America/Denver,3
26863,Gracey,Gracey,KY,Kentucky,21047,Christian,36.8792,-87.6638,76,122,polygon,FALSE,FALSE,America/Chicago,3
26864,Escudilla Bonita,Escudilla Bonita,NM,New Mexico,35003,Catron,34.1122,-109.0231,75,2,polygon,FALSE,TRUE,America/Denver,3
26865,Rocky Mound,Rocky Mound,TX,Texas,48063,Camp,33.0287,-95.0291,75,71,polygon,FALSE,TRUE,America/Chicago,3
26866,Chignik Lagoon,Chignik Lagoon,AK,Alaska,2164,Lake and Peninsula,56.3041,-158.5004,75,2,polygon,FALSE,FALSE,America/Anchorage,3
26867,Speed,Speed,NC,North Carolina,37065,Edgecombe,35.9684,-77.4444,75,102,polygon,FALSE,TRUE,America/New_York,3
26868,Fort Ransom,Fort Ransom,ND,North Dakota,38073,Ransom,46.5244,-97.9311,75,94,polygon,FALSE,TRUE,America/Chicago,3
26869,Zeeland,Zeeland,ND,North Dakota,38051,McIntosh,45.9729,-99.8325,75,97,polygon,FALSE,TRUE,America/Chicago,3
26870,Tamora,Tamora,NE,Nebraska,31159,Seward,40.8945,-97.2252,75,29,polygon,FALSE,FALSE,America/Chicago,3
26871,St. Clairsville,St. Clairsville,PA,Pennsylvania,42009,Bedford,40.1561,-78.5108,75,958,polygon,FALSE,TRUE,America/New_York,3
26872,Hartman,Hartman,CO,Colorado,8099,Prowers,38.121,-102.2215,75,105,polygon,FALSE,TRUE,America/Denver,3
26873,Crows Nest,Crows Nest,IN,Indiana,18097,Marion,39.8565,-86.1691,75,67,polygon,FALSE,TRUE,America/Indiana/Indianapolis,3
26874,Clarksburg,Clarksburg,IN,Indiana,18031,Decatur,39.4354,-85.3471,75,60,polygon,FALSE,FALSE,America/Indiana/Indianapolis,3
26875,Swan,Swan,IA,Iowa,19125,Marion,41.4675,-93.3096,75,45,polygon,FALSE,TRUE,America/Chicago,3
26876,Popejoy,Popejoy,IA,Iowa,19069,Franklin,42.5938,-93.4278,75,38,polygon,FALSE,TRUE,America/Chicago,3
26877,Yankee Lake,Yankee Lake,OH,Ohio,39155,Trumbull,41.2682,-80.568,75,51,polygon,FALSE,TRUE,America/New_York,3
26878,Deersville,Deersville,OH,Ohio,39067,Harrison,40.3083,-81.188,75,84,polygon,FALSE,TRUE,America/New_York,3
26879,Stafford,Stafford,OH,Ohio,39111,Monroe,39.7124,-81.2765,75,85,polygon,FALSE,TRUE,America/New_York,3
26880,Flaming Gorge,Flaming Gorge,UT,Utah,49009,Daggett,40.889,-109.4751,75,12,polygon,FALSE,TRUE,America/Denver,3
26881,Revere,Revere,MO,Missouri,29045,Clark,40.4943,-91.6763,75,155,polygon,FALSE,TRUE,America/Chicago,3
26882,Pierpont,Pierpont,MO,Missouri,29019,Boone,38.8633,-92.3132,75,116,polygon,FALSE,TRUE,America/Chicago,3
26883,Coney Island,Coney Island,MO,Missouri,29209,Stone,36.593,-93.3972,75,452,polygon,FALSE,TRUE,America/Chicago,3
26884,Ashley,Ashley,MO,Missouri,29163,Pike,39.2538,-91.2239,75,21,polygon,FALSE,FALSE,America/Chicago,3
26885,Paynesville,Paynesville,MO,Missouri,29163,Pike,39.2627,-90.9003,75,110,polygon,FALSE,TRUE,America/Chicago,3
26886,Dayton,Dayton,MT,Montana,30047,Lake,47.8644,-114.2765,75,52,polygon,FALSE,FALSE,America/Denver,3
26887,Klein,Klein,MT,Montana,30065,Musselshell,46.3983,-108.5525,75,2,polygon,FALSE,FALSE,America/Denver,3
26888,Claire City,Claire City,SD,South Dakota,46109,Roberts,45.8566,-97.1035,75,158,polygon,FALSE,TRUE,America/Chicago,3
26889,Lamont,Lamont,WA,Washington,53075,Whitman,47.2007,-117.9049,74,98,polygon,FALSE,TRUE,America/Los_Angeles,3
26890,Orin,Orin,WY,Wyoming,56009,Converse,42.6506,-105.1827,74,28,polygon,FALSE,FALSE,America/Denver,3
26891,Driftwood,Driftwood,TX,Texas,48209,Hays,30.133,-98.0373,74,22,polygon,FALSE,FALSE,America/Chicago,3
26892,Nelson Lagoon,Nelson Lagoon,AK,Alaska,2013,Aleutians East,55.8451,-161.6103,74,0,polygon,FALSE,FALSE,America/Anchorage,3
26893,Circle,Circle,AK,Alaska,2290,Yukon-Koyukuk,65.7936,-144.1813,74,0,polygon,FALSE,FALSE,America/Anchorage,3
26894,Gardner,Gardner,ND,North Dakota,38017,Cass,47.1445,-96.9686,74,57,polygon,FALSE,TRUE,America/Chicago,3
26895,Burchard,Burchard,NE,Nebraska,31133,Pawnee,40.1492,-96.3488,74,175,polygon,FALSE,TRUE,America/Chicago,3
26896,Haysville,Haysville,PA,Pennsylvania,42003,Allegheny,40.5268,-80.1561,74,165,polygon,FALSE,TRUE,America/New_York,3
26897,Montezuma,Montezuma,CO,Colorado,8117,Summit,39.5815,-105.8676,74,356,polygon,FALSE,TRUE,America/Denver,3
26898,Mabie,Mabie,CA,California,6063,Plumas,39.7771,-120.5447,74,7,polygon,FALSE,FALSE,America/Los_Angeles,3
26899,Irwin,Irwin,IL,Illinois,17091,Kankakee,41.0523,-87.9838,74,638,polygon,FALSE,TRUE,America/Chicago,3
26900,Clio,Clio,IA,Iowa,19185,Wayne,40.636,-93.4514,74,38,polygon,FALSE,TRUE,America/Chicago,3
26901,Oak Springs,Oak Springs,AZ,Arizona,4001,Apache,35.476,-109.1318,74,153,polygon,FALSE,FALSE,America/Denver,3
26902,Weingarten,Weingarten,MO,Missouri,29186,Ste. Genevieve,37.8894,-90.2172,74,27,polygon,FALSE,FALSE,America/Chicago,3
26903,Kent,Kent,MN,Minnesota,27167,Wilkin,46.4376,-96.6834,74,148,polygon,FALSE,TRUE,America/Chicago,3
26904,McGrath,McGrath,MN,Minnesota,27001,Aitkin,46.2421,-93.2751,74,77,polygon,FALSE,TRUE,America/Chicago,3
26905,Maple Grove,Maple Grove,MI,Michigan,26019,Benzie,44.709,-85.8537,74,82,polygon,FALSE,TRUE,America/Detroit,3
26906,Kicking Horse,Kicking Horse,MT,Montana,30047,Lake,47.4568,-114.0717,74,11,polygon,FALSE,FALSE,America/Denver,3
26907,Plum Branch,Plum Branch,SC,South Carolina,45065,McCormick,33.8481,-82.2587,74,78,polygon,FALSE,TRUE,America/New_York,3
26908,Bath Corner,Bath Corner,SD,South Dakota,46013,Brown,45.4627,-98.3329,74,163,polygon,FALSE,FALSE,America/Chicago,3
26909,Fairview,Fairview,SD,South Dakota,46083,Lincoln,43.2222,-96.4878,74,334,polygon,FALSE,TRUE,America/Chicago,3
26910,Stratford,Stratford,SD,South Dakota,46013,Brown,45.3174,-98.3043,74,114,polygon,FALSE,TRUE,America/Chicago,3
26911,Boyds,Boyds,WA,Washington,53019,Ferry,48.7244,-118.1322,73,144,polygon,FALSE,FALSE,America/Los_Angeles,3
26912,Ingram,Ingram,WI,Wisconsin,55107,Rusk,45.5056,-90.8137,73,28,polygon,FALSE,TRUE,America/Chicago,3
26913,Townsend,Townsend,WI,Wisconsin,55083,Oconto,45.324,-88.5903,73,57,polygon,FALSE,FALSE,America/Chicago,3
26914,Liberty,Liberty,NE,Nebraska,31067,Gage,40.0854,-96.4829,73,114,polygon,FALSE,TRUE,America/Chicago,3
26915,Eyers Grove,Eyers Grove,PA,Pennsylvania,42037,Columbia,41.0936,-76.5189,73,130,polygon,FALSE,FALSE,America/New_York,3
26916,Kingvale,Kingvale,CA,California,6057,Nevada,39.3203,-120.4387,73,29,polygon,FALSE,FALSE,America/Los_Angeles,3
26917,Ethelsville,Ethelsville,AL,Alabama,1107,Pickens,33.4141,-88.2161,73,49,polygon,FALSE,TRUE,America/Chicago,3
26918,Tibbie,Tibbie,AL,Alabama,1129,Washington,31.3628,-88.2471,73,16,polygon,FALSE,FALSE,America/Chicago,3
26919,Sherrill,Sherrill,AR,Arkansas,5069,Jefferson,34.385,-91.9517,73,214,polygon,FALSE,TRUE,America/Chicago,3
26920,Ralston,Ralston,IA,Iowa,19027,Carroll,42.0418,-94.6293,73,14,polygon,FALSE,TRUE,America/Chicago,3
26921,Sweet Water Village,Sweet Water Village,AZ,Arizona,4021,Pinal,33.1274,-111.8424,73,35,polygon,FALSE,TRUE,America/Phoenix,3
26922,Jakes Corner,Jakes Corner,AZ,Arizona,4007,Gila,34.0083,-111.3202,73,19,polygon,FALSE,FALSE,America/Phoenix,3
26923,Pondsville,Pondsville,MD,Maryland,24043,Washington,39.6234,-77.5916,73,91,polygon,FALSE,FALSE,America/New_York,3
26924,Hickory,Hickory,OK,Oklahoma,40099,Murray,34.557,-96.858,73,51,polygon,FALSE,TRUE,America/Chicago,3
26925,Country Life Acres,Country Life Acres,MO,Missouri,29189,St. Louis,38.6222,-90.4554,73,227,polygon,FALSE,TRUE,America/Chicago,3
26926,Unity Village,Unity Village,MO,Missouri,29095,Jackson,38.9525,-94.3996,73,19,polygon,FALSE,TRUE,America/Chicago,3
26927,Guilford,Guilford,MO,Missouri,29147,Nodaway,40.1686,-94.736,73,393,polygon,FALSE,TRUE,America/Chicago,3
26928,Niotaze,Niotaze,KS,Kansas,20019,Chautauqua,37.0678,-96.0147,73,76,polygon,FALSE,TRUE,America/Chicago,3
26929,Bartlett,Bartlett,KS,Kansas,20099,Labette,37.055,-95.2112,73,212,polygon,FALSE,TRUE,America/Chicago,3
26930,Huron,Huron,KS,Kansas,20005,Atchison,39.6383,-95.3513,73,392,polygon,FALSE,TRUE,America/Chicago,3
26931,Ovando,Ovando,MT,Montana,30077,Powell,47.0207,-113.1717,73,3,polygon,FALSE,FALSE,America/Denver,3
26932,Ulmer,Ulmer,SC,South Carolina,45005,Allendale,33.0987,-81.208,73,10,polygon,FALSE,TRUE,America/New_York,3
26933,McCartys Village,McCartys Village,NM,New Mexico,35006,Cibola,35.0636,-107.6836,72,139,polygon,FALSE,TRUE,America/Denver,3
26934,Anzac Village,Anzac Village,NM,New Mexico,35006,Cibola,35.0613,-107.7456,72,49,polygon,FALSE,TRUE,America/Denver,3
26935,Laredo Ranchettes,Laredo Ranchettes,TX,Texas,48479,Webb,27.4913,-99.3598,72,50,polygon,FALSE,FALSE,America/Chicago,3
26936,Garciasville,Garciasville,TX,Texas,48427,Starr,26.3198,-98.6996,72,589,polygon,FALSE,FALSE,America/Chicago,3
26937,Venice,Venice,NE,Nebraska,31055,Douglas,41.239,-96.3526,72,58,polygon,FALSE,FALSE,America/Chicago,3
26938,Richland,Richland,NE,Nebraska,31037,Colfax,41.4367,-97.2154,72,129,polygon,FALSE,TRUE,America/Chicago,3
26939,Prosser,Prosser,NE,Nebraska,31001,Adams,40.6875,-98.5777,72,104,polygon,FALSE,TRUE,America/Chicago,3
26940,Whitney,Whitney,NE,Nebraska,31045,Dawes,42.7837,-103.2569,72,176,polygon,FALSE,TRUE,America/Denver,3
26941,Atlantic,Atlantic,PA,Pennsylvania,42039,Crawford,41.5077,-80.3393,72,187,polygon,FALSE,FALSE,America/New_York,3
26942,Baskerville,Baskerville,VA,Virginia,51117,Mecklenburg,36.6844,-78.2732,72,12,polygon,FALSE,FALSE,America/New_York,3
26943,Branson,Branson,CO,Colorado,8071,Las Animas,37.0156,-103.8839,72,113,polygon,FALSE,TRUE,America/Denver,3
26944,Redstone,Redstone,CO,Colorado,8097,Pitkin,39.1838,-107.2408,72,63,polygon,FALSE,FALSE,America/Denver,3
26945,Rutherford,Rutherford,CA,California,6055,Napa,38.4568,-122.4231,72,16,polygon,FALSE,FALSE,America/Los_Angeles,3
26946,Phillipsville,Phillipsville,CA,California,6023,Humboldt,40.2117,-123.7844,72,38,polygon,FALSE,FALSE,America/Los_Angeles,3
26947,Paderborn,Paderborn,IL,Illinois,17163,St. Clair,38.3595,-90.0465,72,185,polygon,FALSE,FALSE,America/Chicago,3
26948,Kent,Kent,IN,Indiana,18077,Jefferson,38.7369,-85.5387,72,268,polygon,FALSE,FALSE,America/Indiana/Indianapolis,3
26949,Kinross,Kinross,IA,Iowa,19107,Keokuk,41.4589,-91.9873,72,140,polygon,FALSE,TRUE,America/Chicago,3
26950,Roosevelt,Roosevelt,AZ,Arizona,4007,Gila,33.6618,-111.1295,72,10,polygon,FALSE,FALSE,America/Phoenix,3
26951,Valentine,Valentine,AZ,Arizona,4015,Mohave,35.3886,-113.6591,72,17,polygon,FALSE,FALSE,America/Phoenix,3
26952,Valley Park,Valley Park,OK,Oklahoma,40131,Rogers,36.2818,-95.733,72,11,polygon,FALSE,TRUE,America/Chicago,3
26953,Yeager,Yeager,OK,Oklahoma,40063,Hughes,35.1567,-96.34,72,150,polygon,FALSE,TRUE,America/Chicago,3
26954,Graysville,Graysville,OH,Ohio,39111,Monroe,39.6633,-81.1746,72,27,polygon,FALSE,TRUE,America/New_York,3
26955,Powhattan,Powhattan,KS,Kansas,20013,Brown,39.7618,-95.6341,72,203,polygon,FALSE,TRUE,America/Chicago,3
26956,Longford,Longford,KS,Kansas,20027,Clay,39.1722,-97.3288,72,180,polygon,FALSE,TRUE,America/Chicago,3
26957,Oneida,Oneida,KS,Kansas,20131,Nemaha,39.8668,-95.9398,72,120,polygon,FALSE,TRUE,America/Chicago,3
26958,Carter,Carter,MT,Montana,30015,Chouteau,47.7812,-110.9399,72,9,polygon,FALSE,FALSE,America/Denver,3
26959,Weeksville,Weeksville,MT,Montana,30089,Sanders,47.5309,-115.0082,72,9,polygon,FALSE,FALSE,America/Denver,3
26960,Twin Lakes,Twin Lakes,WA,Washington,53019,Ferry,48.2622,-118.3591,71,6,polygon,FALSE,TRUE,America/Los_Angeles,3
26961,Taos Ski Valley,Taos Ski Valley,NM,New Mexico,35055,Taos,36.5902,-105.437,71,9,polygon,FALSE,TRUE,America/Denver,3
26962,Chaparrito,Chaparrito,TX,Texas,48427,Starr,26.3408,-98.7354,71,284,polygon,FALSE,TRUE,America/Chicago,3
26963,Halibut Cove,Halibut Cove,AK,Alaska,2122,Kenai Peninsula,59.5744,-151.2296,71,3,polygon,FALSE,FALSE,America/Anchorage,3
26964,Raynham,Raynham,NC,North Carolina,37155,Robeson,34.5759,-79.1911,71,225,polygon,FALSE,TRUE,America/New_York,3
26965,Briarwood,Briarwood,ND,North Dakota,38017,Cass,46.787,-96.7949,71,192,polygon,FALSE,TRUE,America/Chicago,3
26966,Havana,Havana,ND,North Dakota,38081,Sargent,45.9517,-97.6185,71,72,polygon,FALSE,TRUE,America/Chicago,3
26967,Maskell,Maskell,NE,Nebraska,31051,Dixon,42.6901,-96.9807,71,174,polygon,FALSE,TRUE,America/Chicago,3
26968,Hublersburg,Hublersburg,PA,Pennsylvania,42027,Centre,40.9623,-77.6069,71,169,polygon,FALSE,FALSE,America/New_York,3
26969,New Pine Creek,New Pine Creek,CA,California,6049,Modoc,41.9872,-120.3009,71,12,polygon,FALSE,FALSE,America/Los_Angeles,3
26970,Marie,Marie,AR,Arkansas,5093,Mississippi,35.613,-90.0829,71,186,polygon,FALSE,TRUE,America/Chicago,3
26971,LaGrange,LaGrange,AR,Arkansas,5077,Lee,34.6554,-90.735,71,180,polygon,FALSE,TRUE,America/Chicago,3
26972,Westervelt,Westervelt,IL,Illinois,17173,Shelby,39.4791,-88.8613,71,320,polygon,FALSE,FALSE,America/Chicago,3
26973,Talking Rock,Talking Rock,GA,Georgia,13227,Pickens,34.5277,-84.4941,71,18,polygon,FALSE,TRUE,America/New_York,3
26974,Webster,Webster,IA,Iowa,19107,Keokuk,41.4379,-92.1715,71,84,polygon,FALSE,TRUE,America/Chicago,3
26975,Orchard,Orchard,IA,Iowa,19131,Mitchell,43.2273,-92.7751,71,310,polygon,FALSE,TRUE,America/Chicago,3
26976,Dames Quarter,Dames Quarter,MD,Maryland,24039,Somerset,38.1697,-75.8895,71,2,polygon,FALSE,FALSE,America/New_York,3
26977,Rosedale,Rosedale,OK,Oklahoma,40087,McClain,34.9188,-97.1855,71,467,polygon,FALSE,TRUE,America/Chicago,3
26978,Echo,Echo,UT,Utah,49043,Summit,40.9803,-111.4393,71,33,polygon,FALSE,FALSE,America/Denver,3
26979,Livonia,Livonia,MO,Missouri,29171,Putnam,40.492,-92.7005,71,103,polygon,FALSE,TRUE,America/Chicago,3
26980,St. Rosa,St. Rosa,MN,Minnesota,27145,Stearns,45.7286,-94.7162,71,74,polygon,FALSE,TRUE,America/Chicago,3
26981,Copper Harbor,Copper Harbor,MI,Michigan,26083,Keweenaw,47.47,-87.8766,71,18,polygon,FALSE,FALSE,America/Detroit,3
26982,Cayuse,Cayuse,OR,Oregon,41059,Umatilla,45.6765,-118.5735,71,9,polygon,FALSE,FALSE,America/Los_Angeles,3
26983,Olivet,Olivet,SD,South Dakota,46067,Hutchinson,43.2432,-97.6749,71,135,polygon,FALSE,TRUE,America/Chicago,3
26984,Veteran,Veteran,WY,Wyoming,56015,Goshen,41.9627,-104.3863,70,20,polygon,FALSE,FALSE,America/Denver,3
26985,Pena,Pena,TX,Texas,48427,Starr,26.4155,-98.97,70,1807,polygon,FALSE,TRUE,America/Chicago,3
26986,Mount Lebanon,Mount Lebanon,LA,Louisiana,22013,Bienville,32.5053,-93.0499,70,6,polygon,FALSE,TRUE,America/Chicago,3
26987,Salvo,Salvo,NC,North Carolina,37055,Dare,35.549,-75.4689,70,27,polygon,FALSE,FALSE,America/New_York,3
26988,Menoken,Menoken,ND,North Dakota,38015,Burleigh,46.8148,-100.5341,70,12,polygon,FALSE,FALSE,America/Chicago,3
26989,Lehr,Lehr,ND,North Dakota,38051,McIntosh,46.2826,-99.3528,70,140,polygon,FALSE,TRUE,America/Chicago,3
26990,Jud,Jud,ND,North Dakota,38045,LaMoure,46.5258,-98.8976,70,111,polygon,FALSE,TRUE,America/Chicago,3
26991,Martin,Martin,ND,North Dakota,38083,Sheridan,47.827,-100.115,70,303,polygon,FALSE,TRUE,America/Chicago,3
26992,Steinauer,Steinauer,NE,Nebraska,31133,Pawnee,40.2073,-96.2329,70,200,polygon,FALSE,TRUE,America/Chicago,3
26993,Kim,Kim,CO,Colorado,8071,Las Animas,37.2472,-103.3532,70,71,polygon,FALSE,TRUE,America/Denver,3
26994,New Bedford,New Bedford,IL,Illinois,17011,Bureau,41.5112,-89.7182,70,157,polygon,FALSE,TRUE,America/Chicago,3
26995,Topeka,Topeka,IL,Illinois,17125,Mason,40.3304,-89.9306,70,197,polygon,FALSE,TRUE,America/Chicago,3
26996,Whitewater,Whitewater,IN,Indiana,18177,Wayne,39.9449,-84.8309,70,343,polygon,FALSE,TRUE,America/Indiana/Indianapolis,3
26997,Imogene,Imogene,IA,Iowa,19071,Fremont,40.879,-95.4275,70,135,polygon,FALSE,TRUE,America/Chicago,3
26998,Colwell,Colwell,IA,Iowa,19067,Floyd,43.1577,-92.5911,70,147,polygon,FALSE,TRUE,America/Chicago,3
26999,Grand Lake Towne,Grand Lake Towne,OK,Oklahoma,40097,Mayes,36.5048,-95.0256,70,189,polygon,FALSE,TRUE,America/Chicago,3
27000,Gentry,Gentry,MO,Missouri,29075,Gentry,40.3326,-94.4233,70,117,polygon,FALSE,TRUE,America/Chicago,3
27001,Dennis Acres,Dennis Acres,MO,Missouri,29145,Newton,37.0465,-94.5044,70,636,polygon,FALSE,TRUE,America/Chicago,3
27002,Norcross,Norcross,MN,Minnesota,27051,Grant,45.8687,-96.1964,70,17,polygon,FALSE,TRUE,America/Chicago,3
27003,Gove City,Gove City,KS,Kansas,20063,Gove,38.9595,-100.4871,70,111,polygon,FALSE,TRUE,America/Chicago,3
27004,Sylvanite,Sylvanite,MT,Montana,30053,Lincoln,48.7062,-115.874,70,4,polygon,FALSE,FALSE,America/Denver,3
27005,De Borgia,De Borgia,MT,Montana,30061,Mineral,47.3778,-115.3189,70,4,polygon,FALSE,FALSE,America/Denver,3
27006,Cope,Cope,SC,South Carolina,45075,Orangeburg,33.3777,-81.0079,70,108,polygon,FALSE,TRUE,America/New_York,3
27007,Rickreall,Rickreall,OR,Oregon,41053,Polk,44.9319,-123.2344,70,156,polygon,FALSE,FALSE,America/Los_Angeles,3
27008,Unity,Unity,OR,Oregon,41001,Baker,44.449,-118.188,70,42,polygon,FALSE,TRUE,America/Los_Angeles,3
27009,Strandburg,Strandburg,SD,South Dakota,46051,Grant,45.0441,-96.7604,70,362,polygon,FALSE,TRUE,America/Chicago,3
27010,Twin Brooks,Twin Brooks,SD,South Dakota,46051,Grant,45.209,-96.7855,70,66,polygon,FALSE,TRUE,America/Chicago,3
27011,Big Falls,Big Falls,WI,Wisconsin,55135,Waupaca,44.6175,-89.0166,69,56,polygon,FALSE,TRUE,America/Chicago,3
27012,Yuba,Yuba,WI,Wisconsin,55103,Richland,43.5364,-90.4267,69,87,polygon,FALSE,TRUE,America/Chicago,3
27013,Quemado,Quemado,NM,New Mexico,35003,Catron,34.3415,-108.5061,69,14,polygon,FALSE,FALSE,America/Denver,3
27014,Casa Colorada,Casa Colorada,NM,New Mexico,35061,Valencia,34.5534,-106.742,69,4,polygon,FALSE,FALSE,America/Denver,3
27015,Los Corralitos,Los Corralitos,TX,Texas,48479,Webb,27.6412,-99.5574,69,752,polygon,FALSE,TRUE,America/Chicago,3
27016,El Socio,El Socio,TX,Texas,48427,Starr,26.3404,-98.6371,69,2373,polygon,FALSE,TRUE,America/Chicago,2
27017,Ramireno,Ramireno,TX,Texas,48505,Zapata,27.0144,-99.3822,69,18,polygon,FALSE,FALSE,America/Chicago,3
27018,Sugartown,Sugartown,LA,Louisiana,22011,Beauregard,30.8401,-93.0123,69,13,polygon,FALSE,FALSE,America/Chicago,3
27019,Crookston,Crookston,NE,Nebraska,31031,Cherry,42.9263,-100.7534,69,61,polygon,FALSE,TRUE,America/Chicago,3
27020,Heartwell,Heartwell,NE,Nebraska,31099,Kearney,40.5699,-98.7891,69,367,polygon,FALSE,TRUE,America/Chicago,3
27021,Ames,Ames,NE,Nebraska,31053,Dodge,41.449,-96.6263,69,81,polygon,FALSE,FALSE,America/Chicago,3
27022,Harrison City,Harrison City,PA,Pennsylvania,42129,Westmoreland,40.3544,-79.6506,69,544,polygon,FALSE,FALSE,America/New_York,3
27023,Mappsburg,Mappsburg,VA,Virginia,51001,Accomack,37.576,-75.7593,69,11,polygon,FALSE,FALSE,America/New_York,3
27024,Pitkin,Pitkin,CO,Colorado,8051,Gunnison,38.6088,-106.5149,69,103,polygon,FALSE,TRUE,America/Denver,3
27025,Cale,Cale,AR,Arkansas,5099,Nevada,33.6279,-93.2348,69,27,polygon,FALSE,TRUE,America/Chicago,3
27026,Smithville,Smithville,AR,Arkansas,5075,Lawrence,36.0799,-91.3027,69,39,polygon,FALSE,TRUE,America/Chicago,3
27027,Shannon City,Shannon City,IA,Iowa,19175,Union,40.8992,-94.2639,69,64,polygon,FALSE,TRUE,America/Chicago,3
27028,Balltown,Balltown,IA,Iowa,19061,Dubuque,42.6371,-90.87,69,372,polygon,FALSE,TRUE,America/Chicago,3
27029,Aredale,Aredale,IA,Iowa,19023,Butler,42.8332,-93.0054,69,26,polygon,FALSE,TRUE,America/Chicago,3
27030,Plover,Plover,IA,Iowa,19151,Pocahontas,42.8767,-94.6222,69,49,polygon,FALSE,TRUE,America/Chicago,3
27031,Marysville,Marysville,IA,Iowa,19125,Marion,41.1827,-92.9537,69,72,polygon,FALSE,TRUE,America/Chicago,3
27032,Bevington,Bevington,IA,Iowa,19121,Madison,41.3596,-93.7904,69,59,polygon,FALSE,TRUE,America/Chicago,3
27033,Katherine,Katherine,AZ,Arizona,4015,Mohave,35.2206,-114.5615,69,7,polygon,FALSE,FALSE,America/Phoenix,3
27034,Stanley,Stanley,ID,Idaho,16037,Custer,44.215,-114.9364,69,49,polygon,FALSE,TRUE,America/Boise,3
27035,Eagle Harbor,Eagle Harbor,MD,Maryland,24033,Prince George's,38.5664,-76.6872,69,218,polygon,FALSE,TRUE,America/New_York,3
27036,Atwood,Atwood,OK,Oklahoma,40063,Hughes,34.9549,-96.3367,69,97,polygon,FALSE,TRUE,America/Chicago,3
27037,Vandiver,Vandiver,MO,Missouri,29007,Audrain,39.1621,-91.847,69,85,polygon,FALSE,TRUE,America/Chicago,3
27038,Arco,Arco,MN,Minnesota,27081,Lincoln,44.3814,-96.1812,69,41,polygon,FALSE,TRUE,America/Chicago,3
27039,Henriette,Henriette,MN,Minnesota,27115,Pine,45.8711,-93.12,69,94,polygon,FALSE,TRUE,America/Chicago,3
27040,Englewood,Englewood,KS,Kansas,20025,Clark,37.0405,-99.9876,69,23,polygon,FALSE,TRUE,America/Chicago,3
27041,Box Elder,Box Elder,MT,Montana,30041,Hill,48.323,-110.0176,69,33,polygon,FALSE,FALSE,America/Denver,3
27042,Tatum,Tatum,SC,South Carolina,45069,Marlboro,34.6438,-79.5867,69,29,polygon,FALSE,TRUE,America/New_York,3
27043,Cayce,Cayce,KY,Kentucky,21075,Fulton,36.5577,-89.0349,69,16,polygon,FALSE,FALSE,America/Chicago,3
27044,Thornton,Thornton,WI,Wisconsin,55115,Shawano,44.7985,-88.6911,68,101,polygon,FALSE,FALSE,America/Chicago,3
27045,Babcock,Babcock,WI,Wisconsin,55141,Wood,44.3044,-90.1076,68,8,polygon,FALSE,FALSE,America/Chicago,3
27046,Eccles,Eccles,WV,West Virginia,54081,Raleigh,37.7817,-81.2649,68,38,polygon,FALSE,FALSE,America/New_York,3
27047,Kincaid,Kincaid,WV,West Virginia,54019,Fayette,38.0381,-81.2759,68,30,polygon,FALSE,FALSE,America/New_York,3
27048,Teterboro,Teterboro,NJ,New Jersey,34003,Bergen,40.8579,-74.0594,68,23,polygon,FALSE,TRUE,America/New_York,3
27049,Rodeo,Rodeo,NM,New Mexico,35023,Hidalgo,31.8396,-109.0265,68,3,polygon,FALSE,FALSE,America/Denver,3
27050,Akhiok,Akhiok,AK,Alaska,2150,Kodiak Island,56.945,-154.2151,68,3,polygon,FALSE,TRUE,America/Anchorage,3
27051,Golva,Golva,ND,North Dakota,38033,Golden Valley,46.7347,-103.9829,68,82,polygon,FALSE,TRUE,America/Denver,3
27052,Pettibone,Pettibone,ND,North Dakota,38043,Kidder,47.1171,-99.5209,68,144,polygon,FALSE,TRUE,America/Chicago,3
27053,Haswell,Haswell,CO,Colorado,8061,Kiowa,38.4525,-103.165,68,32,polygon,FALSE,TRUE,America/Denver,3
27054,Penton,Penton,AL,Alabama,1017,Chambers,33.009,-85.4722,68,2,polygon,FALSE,FALSE,America/Chicago,3
27055,Bucks,Bucks,AL,Alabama,1097,Mobile,31.017,-88.0249,68,67,polygon,FALSE,FALSE,America/Chicago,3
27056,Weldon,Weldon,AR,Arkansas,5067,Jackson,35.4481,-91.2315,68,107,polygon,FALSE,TRUE,America/Chicago,3
27057,Mount Carmel,Mount Carmel,IN,Indiana,18047,Franklin,39.4076,-84.8755,68,599,polygon,FALSE,TRUE,America/Indiana/Indianapolis,3
27058,Rossie,Rossie,IA,Iowa,19041,Clay,43.0137,-95.1886,68,181,polygon,FALSE,TRUE,America/Chicago,3
27059,Greenville,Greenville,IA,Iowa,19041,Clay,43.017,-95.1461,68,158,polygon,FALSE,TRUE,America/Chicago,3
27060,Dana,Dana,IA,Iowa,19073,Greene,42.1071,-94.2383,68,93,polygon,FALSE,TRUE,America/Chicago,3
27061,Butte City,Butte City,ID,Idaho,16023,Butte,43.607,-113.2408,68,155,polygon,FALSE,TRUE,America/Boise,3
27062,Swanton,Swanton,MD,Maryland,24023,Garrett,39.4598,-79.2328,68,68,polygon,FALSE,FALSE,America/New_York,3
27063,Dawson,Dawson,MD,Maryland,24001,Allegany,39.4789,-78.9462,68,50,polygon,FALSE,FALSE,America/New_York,3
27064,Cedar Highlands,Cedar Highlands,UT,Utah,49021,Iron,37.6295,-113.0667,68,2,polygon,FALSE,TRUE,America/Denver,3
27065,Strandquist,Strandquist,MN,Minnesota,27089,Marshall,48.4894,-96.4479,68,100,polygon,FALSE,TRUE,America/Chicago,3
27066,Fallon,Fallon,MT,Montana,30079,Prairie,46.8373,-105.127,68,5,polygon,FALSE,FALSE,America/Denver,3
27067,Morristown,Morristown,SD,South Dakota,46031,Corson,45.9386,-101.7188,68,74,polygon,FALSE,TRUE,America/Denver,3
27068,La Bolt,La Bolt,SD,South Dakota,46051,Grant,45.049,-96.6752,68,110,polygon,FALSE,TRUE,America/Chicago,3
27069,Fruitdale,Fruitdale,SD,South Dakota,46019,Butte,44.6692,-103.6955,68,95,polygon,FALSE,TRUE,America/Denver,3
27070,Frank,Frank,WV,West Virginia,54075,Pocahontas,38.5462,-79.808,67,67,polygon,FALSE,FALSE,America/New_York,3
27071,Hot Springs Landing,Hot Springs Landing,NM,New Mexico,35051,Sierra,33.2047,-107.21,67,57,polygon,FALSE,FALSE,America/Denver,3
27072,Platinum,Platinum,AK,Alaska,2050,Bethel,58.978,-161.7185,67,0,polygon,FALSE,TRUE,America/Anchorage,3
27073,Waterbury,Waterbury,NE,Nebraska,31051,Dixon,42.4571,-96.7353,67,186,polygon,FALSE,TRUE,America/Chicago,3
27074,Waller,Waller,PA,Pennsylvania,42037,Columbia,41.2337,-76.4216,67,20,polygon,FALSE,FALSE,America/New_York,3
27075,Aspen Springs,Aspen Springs,CA,California,6051,Mono,37.55,-118.7087,67,7,polygon,FALSE,FALSE,America/Los_Angeles,3
27076,Corinth,Corinth,AR,Arkansas,5149,Yell,35.0693,-93.4235,67,8,polygon,FALSE,TRUE,America/Chicago,3
27077,Scarville,Scarville,IA,Iowa,19189,Winnebago,43.471,-93.6166,67,313,polygon,FALSE,TRUE,America/Chicago,3
27078,Plano,Plano,IA,Iowa,19007,Appanoose,40.7554,-93.0469,67,45,polygon,FALSE,TRUE,America/Chicago,3
27079,Conkling Park,Conkling Park,ID,Idaho,16055,Kootenai,47.3997,-116.7703,67,24,polygon,FALSE,FALSE,America/Los_Angeles,3
27080,Chilo,Chilo,OH,Ohio,39025,Clermont,38.7934,-84.1373,67,127,polygon,FALSE,TRUE,America/New_York,3
27081,Fort Ripley,Fort Ripley,MN,Minnesota,27035,Crow Wing,46.169,-94.363,67,20,polygon,FALSE,TRUE,America/Chicago,3
27082,Dundee,Dundee,MN,Minnesota,27105,Nobles,43.844,-95.4666,67,84,polygon,FALSE,TRUE,America/Chicago,3
27083,Genola,Genola,MN,Minnesota,27097,Morrison,45.9653,-94.1129,67,84,polygon,FALSE,TRUE,America/Chicago,3
27084,Nassau,Nassau,MN,Minnesota,27073,Lac qui Parle,45.0677,-96.4417,67,162,polygon,FALSE,TRUE,America/Chicago,3
27085,Walters,Walters,MN,Minnesota,27043,Faribault,43.6049,-93.6743,67,129,polygon,FALSE,TRUE,America/Chicago,3
27086,Roseland,Roseland,KS,Kansas,20021,Cherokee,37.2805,-94.8438,67,35,polygon,FALSE,TRUE,America/Chicago,3
27087,Olivet,Olivet,KS,Kansas,20139,Osage,38.4813,-95.7519,67,102,polygon,FALSE,TRUE,America/Chicago,3
27088,Elsmore,Elsmore,KS,Kansas,20001,Allen,37.7941,-95.15,67,169,polygon,FALSE,TRUE,America/Chicago,3
27089,Stark,Stark,KS,Kansas,20133,Neosho,37.6897,-95.144,67,157,polygon,FALSE,TRUE,America/Chicago,3
27090,Lost Springs,Lost Springs,KS,Kansas,20115,Marion,38.5665,-96.9658,67,116,polygon,FALSE,TRUE,America/Chicago,3
27091,Flaxville,Flaxville,MT,Montana,30019,Daniels,48.8045,-105.1736,67,330,polygon,FALSE,TRUE,America/Denver,3
27092,Marysville,Marysville,MT,Montana,30049,Lewis and Clark,46.7503,-112.3027,67,51,polygon,FALSE,FALSE,America/Denver,3
27093,New Pine Creek,New Pine Creek,OR,Oregon,41037,Lake,42.0014,-120.3043,67,10,polygon,FALSE,FALSE,America/Los_Angeles,3
27094,Draper,Draper,SD,South Dakota,46075,Jones,43.9261,-100.5372,67,39,polygon,FALSE,TRUE,America/Chicago,3
27095,Utica,Utica,SD,South Dakota,46135,Yankton,42.9811,-97.4967,67,98,polygon,FALSE,TRUE,America/Chicago,3
27096,Belva,Belva,WV,West Virginia,54067,Nicholas,38.2328,-81.1894,66,185,polygon,FALSE,FALSE,America/New_York,3
27097,La Coma,La Coma,TX,Texas,48479,Webb,27.5029,-99.3014,66,20,polygon,FALSE,TRUE,America/Chicago,3
27098,Bear Grass,Bear Grass,NC,North Carolina,37117,Martin,35.766,-77.1291,66,95,polygon,FALSE,TRUE,America/New_York,3
27099,Warwick,Warwick,ND,North Dakota,38005,Benson,47.8547,-98.7056,66,39,polygon,FALSE,TRUE,America/Chicago,3
27100,Winnetoon,Winnetoon,NE,Nebraska,31107,Knox,42.5135,-97.9601,66,87,polygon,FALSE,TRUE,America/Chicago,3
27101,Reynolds,Reynolds,NE,Nebraska,31095,Jefferson,40.0598,-97.3359,66,101,polygon,FALSE,TRUE,America/Chicago,3
27102,Hazard,Hazard,NE,Nebraska,31163,Sherman,41.0914,-99.0772,66,99,polygon,FALSE,TRUE,America/Chicago,3
27103,Harrisburg,Harrisburg,NE,Nebraska,31007,Banner,41.5505,-103.7266,66,3,polygon,FALSE,FALSE,America/Denver,3
27104,Thendara,Thendara,NY,New York,36043,Herkimer,43.701,-74.9971,66,45,polygon,FALSE,FALSE,America/New_York,3
27105,Whitehawk,Whitehawk,CA,California,6063,Plumas,39.7206,-120.5536,66,9,polygon,FALSE,FALSE,America/Los_Angeles,3
27106,Canyondam,Canyondam,CA,California,6063,Plumas,40.1699,-121.0769,66,33,polygon,FALSE,FALSE,America/Los_Angeles,3
27107,McNab,McNab,AR,Arkansas,5057,Hempstead,33.6609,-93.8323,66,74,polygon,FALSE,TRUE,America/Chicago,3
27108,East Burke,East Burke,VT,Vermont,50005,Caledonia,44.5875,-71.9403,66,48,polygon,FALSE,FALSE,America/New_York,3
27109,Chewey,Chewey,OK,Oklahoma,40001,Adair,36.0905,-94.7385,66,1,polygon,FALSE,FALSE,America/Chicago,3
27110,Swink,Swink,OK,Oklahoma,40023,Choctaw,34.0168,-95.2022,66,104,polygon,FALSE,FALSE,America/Chicago,3
27111,Oakwood,Oakwood,OK,Oklahoma,40043,Dewey,35.9315,-98.7029,66,111,polygon,FALSE,TRUE,America/Chicago,3
27112,Burgess,Burgess,MO,Missouri,29011,Barton,37.5568,-94.6153,66,228,polygon,FALSE,FALSE,America/Chicago,3
27113,Commerce,Commerce,MO,Missouri,29201,Scott,37.1583,-89.4467,66,73,polygon,FALSE,TRUE,America/Chicago,3
27114,Manhattan Beach,Manhattan Beach,MN,Minnesota,27035,Crow Wing,46.737,-94.1396,66,16,polygon,FALSE,TRUE,America/Chicago,3
27115,Whalan,Whalan,MN,Minnesota,27045,Fillmore,43.7341,-91.9238,66,59,polygon,FALSE,TRUE,America/Chicago,3
27116,Kenneth,Kenneth,MN,Minnesota,27133,Rock,43.7543,-96.0725,66,23,polygon,FALSE,TRUE,America/Chicago,3
27117,Ihlen,Ihlen,MN,Minnesota,27117,Pipestone,43.9122,-96.3709,66,67,polygon,FALSE,TRUE,America/Chicago,3
27118,Gully,Gully,MN,Minnesota,27119,Polk,47.7684,-95.6229,66,103,polygon,FALSE,TRUE,America/Chicago,3
27119,Labette,Labette,KS,Kansas,20099,Labette,37.23,-95.1835,66,113,polygon,FALSE,TRUE,America/Chicago,3
27120,Benedict,Benedict,KS,Kansas,20205,Wilson,37.6269,-95.7436,66,174,polygon,FALSE,TRUE,America/Chicago,3
27121,Agenda,Agenda,KS,Kansas,20157,Republic,39.7066,-97.4322,66,147,polygon,FALSE,TRUE,America/Chicago,3
27122,Horace,Horace,KS,Kansas,20071,Greeley,38.4768,-101.7904,66,104,polygon,FALSE,TRUE,America/Denver,3
27123,Rodríguez Hevia,Rodriguez Hevia,PR,Puerto Rico,72041,Cidra,18.202,-66.1824,66,66,polygon,FALSE,FALSE,America/Puerto_Rico,3
27124,Plush,Plush,OR,Oregon,41037,Lake,42.4051,-119.8993,66,15,polygon,FALSE,FALSE,America/Los_Angeles,3
27125,Mound City,Mound City,SD,South Dakota,46021,Campbell,45.7262,-100.0688,66,200,polygon,FALSE,TRUE,America/Chicago,3
27126,Camp Crook,Camp Crook,SD,South Dakota,46063,Harding,45.55,-103.975,66,182,polygon,FALSE,TRUE,America/Denver,3
27127,Cucumber,Cucumber,WV,West Virginia,54047,McDowell,37.2785,-81.6241,65,55,polygon,FALSE,FALSE,America/New_York,3
27128,Pilot Point,Pilot Point,AK,Alaska,2164,Lake and Peninsula,57.5585,-157.6798,65,1,polygon,FALSE,TRUE,America/Anchorage,3
27129,Pekin,Pekin,ND,North Dakota,38063,Nelson,47.7919,-98.3278,65,99,polygon,FALSE,TRUE,America/Chicago,3
27130,Dawson,Dawson,ND,North Dakota,38043,Kidder,46.8679,-99.7536,65,73,polygon,FALSE,TRUE,America/Chicago,3
27131,Mantador,Mantador,ND,North Dakota,38077,Richland,46.1656,-96.9783,65,183,polygon,FALSE,TRUE,America/Chicago,3
27132,Abie,Abie,NE,Nebraska,31023,Butler,41.3339,-96.9495,65,235,polygon,FALSE,TRUE,America/Chicago,3
27133,Deweese,Deweese,NE,Nebraska,31035,Clay,40.3548,-98.1392,65,199,polygon,FALSE,TRUE,America/Chicago,3
27134,Inavale,Inavale,NE,Nebraska,31181,Webster,40.0923,-98.6484,65,75,polygon,FALSE,FALSE,America/Chicago,3
27135,Hubbell,Hubbell,NE,Nebraska,31169,Thayer,40.0088,-97.4966,65,73,polygon,FALSE,TRUE,America/Chicago,3
27136,Fishers Landing,Fishers Landing,NY,New York,36045,Jefferson,44.2743,-76.0069,65,117,polygon,FALSE,FALSE,America/New_York,3
27137,Worthville,Worthville,PA,Pennsylvania,42065,Jefferson,41.0251,-79.1405,65,74,polygon,FALSE,TRUE,America/New_York,3
27138,Clio,Clio,CA,California,6063,Plumas,39.7487,-120.5725,65,42,polygon,FALSE,FALSE,America/Los_Angeles,3
27139,Lake Davis,Lake Davis,CA,California,6063,Plumas,39.8564,-120.463,65,4,polygon,FALSE,FALSE,America/Los_Angeles,3
27140,El Rancho,El Rancho,CA,California,6107,Tulare,36.2207,-119.069,65,348,polygon,FALSE,TRUE,America/Los_Angeles,3
27141,Hindsville,Hindsville,AR,Arkansas,5087,Madison,36.1458,-93.8627,65,67,polygon,FALSE,TRUE,America/Chicago,3
27142,Golden Gate,Golden Gate,IL,Illinois,17191,Wayne,38.3588,-88.2045,65,316,polygon,FALSE,TRUE,America/Chicago,3
27143,San Pierre,San Pierre,IN,Indiana,18149,Starke,41.1989,-86.8921,65,172,polygon,FALSE,FALSE,America/Indiana/Knox,3
27144,Varina,Varina,IA,Iowa,19151,Pocahontas,42.6582,-94.8977,65,92,polygon,FALSE,TRUE,America/Chicago,3
27145,Spring Hill,Spring Hill,IA,Iowa,19181,Warren,41.4122,-93.65,65,197,polygon,FALSE,TRUE,America/Chicago,3
27146,Martinez Lake,Martinez Lake,AZ,Arizona,4027,Yuma,32.9843,-114.4722,65,16,polygon,FALSE,TRUE,America/Phoenix,3
27147,White Water,White Water,OK,Oklahoma,40041,Delaware,36.5017,-94.7289,65,20,polygon,FALSE,TRUE,America/Chicago,3
27148,Duchess Landing,Duchess Landing,OK,Oklahoma,40091,McIntosh,35.3985,-95.4165,65,4,polygon,FALSE,FALSE,America/Chicago,3
27149,Jacksonburg,Jacksonburg,OH,Ohio,39017,Butler,39.5383,-84.5035,65,1258,polygon,FALSE,TRUE,America/New_York,3
27150,Peaceful Village,Peaceful Village,MO,Missouri,29099,Jefferson,38.4669,-90.5426,65,128,polygon,FALSE,TRUE,America/Chicago,3
27151,Taopi,Taopi,MN,Minnesota,27099,Mower,43.5575,-92.6404,65,64,polygon,FALSE,TRUE,America/Chicago,3
27152,Nessen City,Nessen City,MI,Michigan,26019,Benzie,44.5202,-85.8729,65,20,polygon,FALSE,FALSE,America/Detroit,3
27153,Climax,Climax,KS,Kansas,20073,Greenwood,37.7191,-96.224,65,209,polygon,FALSE,TRUE,America/Chicago,3
27154,Timken,Timken,KS,Kansas,20165,Rush,38.4731,-99.1781,65,194,polygon,FALSE,TRUE,America/Chicago,3
27155,Bushnell,Bushnell,SD,South Dakota,46011,Brookings,44.3274,-96.6424,65,35,polygon,FALSE,TRUE,America/Chicago,3
27156,Stockholm,Stockholm,WI,Wisconsin,55091,Pepin,44.4852,-92.2633,64,26,polygon,FALSE,TRUE,America/Chicago,3
27157,Winston,Winston,NM,New Mexico,35051,Sierra,33.3461,-107.6488,64,58,polygon,FALSE,FALSE,America/Denver,3
27158,Aragon,Aragon,NM,New Mexico,35003,Catron,33.8899,-108.5201,64,2,polygon,FALSE,FALSE,America/Denver,3
27159,Oscarville,Oscarville,AK,Alaska,2050,Bethel,60.7288,-161.7728,64,9,polygon,FALSE,FALSE,America/Anchorage,3
27160,Flaxton,Flaxton,ND,North Dakota,38013,Burke,48.8974,-102.3933,64,87,polygon,FALSE,TRUE,America/Chicago,3
27161,Thousand Island Park,Thousand Island Park,NY,New York,36045,Jefferson,44.2888,-76.026,64,84,polygon,FALSE,FALSE,America/New_York,3
27162,Baker,Baker,NV,Nevada,32033,White Pine,39.015,-114.1233,64,27,polygon,FALSE,FALSE,America/Los_Angeles,3
27163,Charles City,Charles City,VA,Virginia,51036,Charles City,37.3441,-77.0687,64,9,polygon,FALSE,FALSE,America/New_York,3
27164,Clinchport,Clinchport,VA,Virginia,51169,Scott,36.6781,-82.7451,64,37,polygon,FALSE,TRUE,America/New_York,3
27165,Randsburg,Randsburg,CA,California,6029,Kern,35.368,-117.6607,64,12,polygon,FALSE,FALSE,America/Los_Angeles,3
27166,Fairford,Fairford,AL,Alabama,1129,Washington,31.178,-88.0728,64,8,polygon,FALSE,FALSE,America/Chicago,3
27167,Nimmons,Nimmons,AR,Arkansas,5021,Clay,36.3062,-90.0951,64,99,polygon,FALSE,TRUE,America/Chicago,3
27168,Mill Creek,Mill Creek,IL,Illinois,17181,Union,37.341,-89.2535,64,65,polygon,FALSE,TRUE,America/Chicago,3
27169,Knoxville,Knoxville,GA,Georgia,13079,Crawford,32.7232,-83.996,64,77,polygon,FALSE,FALSE,America/New_York,3
27170,Alamo,Alamo,IN,Indiana,18107,Montgomery,39.9834,-87.0552,64,390,polygon,FALSE,TRUE,America/Indiana/Indianapolis,3
27171,Reubens,Reubens,ID,Idaho,16061,Lewis,46.3229,-116.5429,64,146,polygon,FALSE,TRUE,America/Los_Angeles,3
27172,Bull Hollow,Bull Hollow,OK,Oklahoma,40041,Delaware,36.3046,-94.9008,64,4,polygon,FALSE,FALSE,America/Chicago,3
27173,Grand Pass,Grand Pass,MO,Missouri,29195,Saline,39.205,-93.4427,64,227,polygon,FALSE,TRUE,America/Chicago,3
27174,Arkoe,Arkoe,MO,Missouri,29147,Nodaway,40.2594,-94.8279,64,194,polygon,FALSE,TRUE,America/Chicago,3
27175,Nashua,Nashua,MN,Minnesota,27167,Wilkin,46.0377,-96.3059,64,7,polygon,FALSE,TRUE,America/Chicago,3
27176,Delhi,Delhi,MN,Minnesota,27127,Redwood,44.5979,-95.2134,64,32,polygon,FALSE,TRUE,America/Chicago,3
27177,Nimrod,Nimrod,MN,Minnesota,27159,Wadena,46.6375,-94.8805,64,26,polygon,FALSE,TRUE,America/Chicago,3
27178,Crystal Mountain,Crystal Mountain,MI,Michigan,26019,Benzie,44.522,-86.0022,64,15,polygon,FALSE,TRUE,America/Detroit,3
27179,Hunnewell,Hunnewell,KS,Kansas,20191,Sumner,37.0041,-97.4077,64,44,polygon,FALSE,TRUE,America/Chicago,3
27180,West Kootenai,West Kootenai,MT,Montana,30053,Lincoln,48.9652,-115.2212,64,1,polygon,FALSE,TRUE,America/Denver,3
27181,Willington,Willington,SC,South Carolina,45065,McCormick,33.9687,-82.4576,64,4,polygon,FALSE,FALSE,America/New_York,3
27182,Islandton,Islandton,SC,South Carolina,45029,Colleton,32.9093,-80.9359,64,8,polygon,FALSE,FALSE,America/New_York,3
27183,Ortley,Ortley,SD,South Dakota,46109,Roberts,45.3349,-97.205,64,11,polygon,FALSE,TRUE,America/Chicago,3
27184,Ravinia,Ravinia,SD,South Dakota,46023,Charles Mix,43.1365,-98.4268,64,99,polygon,FALSE,TRUE,America/Chicago,3
27185,Bayport,Bayport,FL,Florida,12053,Hernando,28.5468,-82.6456,63,42,polygon,FALSE,FALSE,America/New_York,3
27186,Hill View Heights,Hill View Heights,WY,Wyoming,56045,Weston,43.8159,-104.1517,63,11,polygon,FALSE,FALSE,America/Denver,3
27187,Oasis,Oasis,NM,New Mexico,35051,Sierra,32.9277,-107.3164,63,11,polygon,FALSE,FALSE,America/Denver,3
27188,Chilili,Chilili,NM,New Mexico,35001,Bernalillo,34.8974,-106.2332,63,24,polygon,FALSE,FALSE,America/Denver,3
27189,San Carlos I,San Carlos I,TX,Texas,48479,Webb,27.4906,-99.3726,63,183,polygon,FALSE,FALSE,America/Chicago,3
27190,Taft,Taft,LA,Louisiana,22089,St. Charles,29.9854,-90.4533,63,4,polygon,FALSE,FALSE,America/Chicago,3
27191,Iliamna,Iliamna,AK,Alaska,2164,Lake and Peninsula,59.7957,-154.8698,63,0,polygon,FALSE,FALSE,America/Anchorage,3
27192,Twin Hills,Twin Hills,AK,Alaska,2070,Dillingham,59.0815,-160.2826,63,1,polygon,FALSE,FALSE,America/Anchorage,3
27193,Douglas,Douglas,ND,North Dakota,38101,Ward,47.8579,-101.5018,63,85,polygon,FALSE,TRUE,America/Chicago,3
27194,Hague,Hague,ND,North Dakota,38029,Emmons,46.0289,-99.9991,63,92,polygon,FALSE,TRUE,America/Chicago,3
27195,Sentinel Butte,Sentinel Butte,ND,North Dakota,38033,Golden Valley,46.9195,-103.84,63,23,polygon,FALSE,TRUE,America/Denver,3
27196,Wood Lake,Wood Lake,NE,Nebraska,31031,Cherry,42.6386,-100.2376,63,76,polygon,FALSE,TRUE,America/Chicago,3
27197,Lewiston,Lewiston,NE,Nebraska,31133,Pawnee,40.2428,-96.4073,63,234,polygon,FALSE,TRUE,America/Chicago,3
27198,Joes,Joes,CO,Colorado,8125,Yuma,39.6559,-102.6785,63,11,polygon,FALSE,FALSE,America/Denver,3
27199,Tuttle,Tuttle,CA,California,6047,Merced,37.2965,-120.3789,63,13,polygon,FALSE,FALSE,America/Los_Angeles,3
27200,Mohawk Vista,Mohawk Vista,CA,California,6063,Plumas,39.8048,-120.5883,63,2,polygon,FALSE,FALSE,America/Los_Angeles,3
27201,Fourche,Fourche,AR,Arkansas,5105,Perry,34.9933,-92.6189,63,122,polygon,FALSE,TRUE,America/Chicago,3
27202,Powhatan,Powhatan,AR,Arkansas,5075,Lawrence,36.0841,-91.1202,63,111,polygon,FALSE,TRUE,America/Chicago,3
27203,Muddy,Muddy,IL,Illinois,17165,Saline,37.7655,-88.5138,63,80,polygon,FALSE,TRUE,America/Chicago,3
27204,Macedonia,Macedonia,IL,Illinois,17055,Franklin,38.0525,-88.7054,63,91,polygon,FALSE,TRUE,America/Chicago,3
27205,Rest Haven,Rest Haven,GA,Georgia,13135,Gwinnett,34.1354,-83.9763,63,124,polygon,FALSE,TRUE,America/New_York,3
27206,Turin,Turin,IA,Iowa,19133,Monona,42.0208,-95.966,63,273,polygon,FALSE,TRUE,America/Chicago,3
27207,Bassett,Bassett,IA,Iowa,19037,Chickasaw,43.0615,-92.5153,63,62,polygon,FALSE,TRUE,America/Chicago,3
27208,Ashland,Ashland,OK,Oklahoma,40121,Pittsburg,34.7668,-96.0706,63,122,polygon,FALSE,TRUE,America/Chicago,3
27209,Kerrick,Kerrick,MN,Minnesota,27115,Pine,46.3386,-92.5843,63,24,polygon,FALSE,TRUE,America/Chicago,3
27210,Virgil,Virgil,KS,Kansas,20073,Greenwood,37.9807,-96.0116,63,43,polygon,FALSE,TRUE,America/Chicago,3
27211,Welda,Welda,KS,Kansas,20003,Anderson,38.1746,-95.2914,63,26,polygon,FALSE,FALSE,America/Chicago,3
27212,Barnard,Barnard,KS,Kansas,20105,Lincoln,39.1892,-98.0443,63,109,polygon,FALSE,TRUE,America/Chicago,3
27213,Oketo,Oketo,KS,Kansas,20117,Marshall,39.9632,-96.5988,63,236,polygon,FALSE,TRUE,America/Chicago,3
27214,Indian Springs,Indian Springs,MT,Montana,30053,Lincoln,48.9534,-115.0446,63,5,polygon,FALSE,TRUE,America/Denver,3
27215,Peak,Peak,SC,South Carolina,45071,Newberry,34.2363,-81.3288,63,70,polygon,FALSE,TRUE,America/New_York,3
27216,Prescott,Prescott,OR,Oregon,41009,Columbia,46.0487,-122.8879,63,351,polygon,FALSE,TRUE,America/Los_Angeles,3
27217,Wood,Wood,SD,South Dakota,46095,Mellette,43.4971,-100.4802,63,98,polygon,FALSE,TRUE,America/Chicago,3
27218,Altoona,Altoona,WA,Washington,53069,Wahkiakum,46.2699,-123.6144,62,4,polygon,FALSE,FALSE,America/Los_Angeles,3
27219,Sekiu,Sekiu,WA,Washington,53009,Clallam,48.2637,-124.3012,62,187,polygon,FALSE,FALSE,America/Los_Angeles,3
27220,Ross Corner,Ross Corner,NJ,New Jersey,34037,Sussex,41.1276,-74.7134,62,48,polygon,FALSE,FALSE,America/New_York,3
27221,House,House,NM,New Mexico,35037,Quay,34.6489,-103.904,62,26,polygon,FALSE,TRUE,America/Denver,3
27222,Pinehill,Pinehill,NM,New Mexico,35006,Cibola,35.0031,-108.408,62,7,polygon,FALSE,FALSE,America/Denver,3
27223,Salineño North,Salineno North,TX,Texas,48427,Starr,26.5255,-99.0901,62,122,polygon,FALSE,TRUE,America/Chicago,3
27224,Guadalupe Guerra,Guadalupe Guerra,TX,Texas,48427,Starr,26.4108,-99.0819,62,1629,polygon,FALSE,TRUE,America/Chicago,3
27225,Igiugig,Igiugig,AK,Alaska,2164,Lake and Peninsula,59.3056,-155.8738,62,1,polygon,FALSE,FALSE,America/Anchorage,3
27226,Clark's Point,Clark's Point,AK,Alaska,2070,Dillingham,58.8329,-158.5276,62,7,polygon,FALSE,TRUE,America/Anchorage,3
27227,Bowmore,Bowmore,NC,North Carolina,37093,Hoke,34.9358,-79.2999,62,7,polygon,FALSE,FALSE,America/New_York,3
27228,Cherry Valley,Cherry Valley,PA,Pennsylvania,42019,Butler,41.1594,-79.8012,62,8,polygon,FALSE,TRUE,America/New_York,3
27229,Leggett,Leggett,CA,California,6045,Mendocino,39.8635,-123.7253,62,8,polygon,FALSE,FALSE,America/Los_Angeles,3
27230,Walshville,Walshville,IL,Illinois,17135,Montgomery,39.069,-89.6189,62,93,polygon,FALSE,TRUE,America/Chicago,3
27231,Tennant,Tennant,IA,Iowa,19165,Shelby,41.5941,-95.4449,62,33,polygon,FALSE,TRUE,America/Chicago,3
27232,Thornburg,Thornburg,IA,Iowa,19107,Keokuk,41.4554,-92.3328,62,121,polygon,FALSE,TRUE,America/Chicago,3
27233,Flowing Springs,Flowing Springs,AZ,Arizona,4007,Gila,34.3131,-111.3379,62,14,polygon,FALSE,FALSE,America/Phoenix,3
27234,Gu Oidak,Gu Oidak,AZ,Arizona,4019,Pima,31.9206,-112.0233,62,3,polygon,FALSE,FALSE,America/Phoenix,3
27235,Kimbolton,Kimbolton,OH,Ohio,39059,Guernsey,40.1508,-81.5758,62,48,polygon,FALSE,FALSE,America/New_York,3
27236,St. Vincent,St. Vincent,MN,Minnesota,27069,Kittson,48.9693,-97.2264,62,23,polygon,FALSE,TRUE,America/Chicago,3
27237,Seward,Seward,KS,Kansas,20185,Stafford,38.1778,-98.7943,62,93,polygon,FALSE,TRUE,America/Chicago,3
27238,Randall,Randall,KS,Kansas,20089,Jewell,39.6418,-98.0457,62,137,polygon,FALSE,TRUE,America/Chicago,3
27239,Birney,Birney,MT,Montana,30087,Rosebud,45.4155,-106.4934,62,1,polygon,FALSE,FALSE,America/Denver,3
27240,Wamic,Wamic,OR,Oregon,41065,Wasco,45.2256,-121.2927,62,19,polygon,FALSE,FALSE,America/Los_Angeles,3
27241,Malo,Malo,WA,Washington,53019,Ferry,48.7997,-118.6119,61,200,polygon,FALSE,FALSE,America/Los_Angeles,3
27242,El Brazil,El Brazil,TX,Texas,48427,Starr,26.4686,-98.7269,61,130,polygon,FALSE,TRUE,America/Chicago,3
27243,Glenville,Glenville,NC,North Carolina,37099,Jackson,35.1718,-83.1273,61,17,polygon,FALSE,FALSE,America/New_York,3
27244,Pingree,Pingree,ND,North Dakota,38093,Stutsman,47.1638,-98.9086,61,122,polygon,FALSE,TRUE,America/Chicago,3
27245,Johnstown,Johnstown,NE,Nebraska,31017,Brown,42.5721,-100.0563,61,44,polygon,FALSE,TRUE,America/Chicago,3
27246,Oak,Oak,NE,Nebraska,31129,Nuckolls,40.2384,-97.9037,61,155,polygon,FALSE,TRUE,America/Chicago,3
27247,Moss Landing,Moss Landing,CA,California,6053,Monterey,36.8019,-121.7872,61,59,polygon,FALSE,FALSE,America/Los_Angeles,3
27248,Montgomery Creek,Montgomery Creek,CA,California,6089,Shasta,40.8415,-121.9215,61,7,polygon,FALSE,FALSE,America/Los_Angeles,3
27249,Hornitos,Hornitos,CA,California,6043,Mariposa,37.5034,-120.242,61,20,polygon,FALSE,FALSE,America/Los_Angeles,3
27250,Mooresville,Mooresville,AL,Alabama,1083,Limestone,34.627,-86.8799,61,198,polygon,FALSE,TRUE,America/Chicago,3
27251,Cornland,Cornland,IL,Illinois,17107,Logan,39.9375,-89.4019,61,248,polygon,FALSE,FALSE,America/Chicago,3
27252,Kirkman,Kirkman,IA,Iowa,19165,Shelby,41.7281,-95.2673,61,83,polygon,FALSE,TRUE,America/Chicago,3
27253,Webb City,Webb City,OK,Oklahoma,40113,Osage,36.8074,-96.7119,61,93,polygon,FALSE,TRUE,America/Chicago,3
27254,Mutual,Mutual,OK,Oklahoma,40153,Woodward,36.2304,-99.1679,61,89,polygon,FALSE,TRUE,America/Chicago,3
27255,Penermon,Penermon,MO,Missouri,29207,Stoddard,36.7909,-89.8301,61,111,polygon,FALSE,TRUE,America/Chicago,3
27256,Brimson,Brimson,MO,Missouri,29079,Grundy,40.145,-93.7386,61,270,polygon,FALSE,TRUE,America/Chicago,3
27257,Halma,Halma,MN,Minnesota,27069,Kittson,48.66,-96.5972,61,25,polygon,FALSE,TRUE,America/Chicago,3
27258,Westport,Westport,MN,Minnesota,27121,Pope,45.7146,-95.168,61,89,polygon,FALSE,TRUE,America/Chicago,3
27259,Parkerville,Parkerville,KS,Kansas,20127,Morris,38.7638,-96.6614,61,183,polygon,FALSE,TRUE,America/Chicago,3
27260,Kickapoo Site 2,Kickapoo Site 2,KS,Kansas,20013,Brown,39.7029,-95.6495,61,27,polygon,FALSE,TRUE,America/Chicago,3
27261,Orient,Orient,SD,South Dakota,46049,Faulk,44.9017,-99.0888,61,80,polygon,FALSE,TRUE,America/Chicago,3
27262,Quinn,Quinn,SD,South Dakota,46103,Pennington,43.9866,-102.1264,61,19,polygon,FALSE,TRUE,America/Denver,3
27263,Hartville,Hartville,WY,Wyoming,56031,Platte,42.3277,-104.7245,60,89,polygon,FALSE,TRUE,America/Denver,3
27264,Rampart,Rampart,AK,Alaska,2290,Yukon-Koyukuk,65.4087,-149.9915,60,0,polygon,FALSE,FALSE,America/Anchorage,3
27265,Edie,Edie,PA,Pennsylvania,42111,Somerset,40.0863,-79.128,60,40,polygon,FALSE,FALSE,America/New_York,3
27266,Iron Horse,Iron Horse,CA,California,6063,Plumas,39.7805,-120.4823,60,2,polygon,FALSE,FALSE,America/Los_Angeles,3
27267,Putnam,Putnam,AL,Alabama,1091,Marengo,32.0181,-88.0331,60,2,polygon,FALSE,FALSE,America/Chicago,3
27268,Patmos,Patmos,AR,Arkansas,5057,Hempstead,33.5112,-93.5679,60,208,polygon,FALSE,TRUE,America/Chicago,3
27269,Exeter,Exeter,IL,Illinois,17171,Scott,39.7191,-90.4961,60,33,polygon,FALSE,TRUE,America/Chicago,3
27270,Simpson,Simpson,IL,Illinois,17087,Johnson,37.4673,-88.7556,60,44,polygon,FALSE,TRUE,America/Chicago,3
27271,Guernsey,Guernsey,IA,Iowa,19157,Poweshiek,41.6492,-92.343,60,125,polygon,FALSE,TRUE,America/Chicago,3
27272,Gibson,Gibson,IA,Iowa,19107,Keokuk,41.4803,-92.3922,60,349,polygon,FALSE,TRUE,America/Chicago,3
27273,Wide Ruins,Wide Ruins,AZ,Arizona,4001,Apache,35.4175,-109.4995,60,59,polygon,FALSE,FALSE,America/Denver,3
27274,Luke,Luke,MD,Maryland,24001,Allegany,39.4766,-79.0593,60,86,polygon,FALSE,TRUE,America/New_York,3
27275,Brooksville,Brooksville,OK,Oklahoma,40125,Pottawatomie,35.2103,-96.9609,60,7,polygon,FALSE,TRUE,America/Chicago,3
27276,Ethel,Ethel,MO,Missouri,29121,Macon,39.8933,-92.741,60,100,polygon,FALSE,TRUE,America/Chicago,3
27277,Catron,Catron,MO,Missouri,29143,New Madrid,36.6111,-89.7061,60,62,polygon,FALSE,TRUE,America/Chicago,3
27278,Tightwad,Tightwad,MO,Missouri,29083,Henry,38.3096,-93.5466,60,23,polygon,FALSE,TRUE,America/Chicago,3
27279,Sargeant,Sargeant,MN,Minnesota,27099,Mower,43.8057,-92.8006,60,27,polygon,FALSE,TRUE,America/Chicago,3
27280,Wallace,Wallace,KS,Kansas,20199,Wallace,38.9127,-101.593,60,57,polygon,FALSE,TRUE,America/Denver,3
27281,Falun,Falun,KS,Kansas,20169,Saline,38.6747,-97.751,60,20,polygon,FALSE,FALSE,America/Chicago,3
27282,Tolu,Tolu,KY,Kentucky,21055,Crittenden,37.4335,-88.2453,60,66,polygon,FALSE,FALSE,America/Chicago,3
27283,Blodgett,Blodgett,OR,Oregon,41003,Benton,44.597,-123.521,60,41,polygon,FALSE,FALSE,America/Los_Angeles,3
27284,Ferney,Ferney,SD,South Dakota,46013,Brown,45.3346,-98.0939,60,23,polygon,FALSE,FALSE,America/Chicago,3
27285,Brant Lake,Brant Lake,SD,South Dakota,46079,Lake,43.9308,-96.9435,60,149,polygon,FALSE,TRUE,America/Chicago,3
27286,Lane,Lane,SD,South Dakota,46073,Jerauld,44.0697,-98.4246,60,49,polygon,FALSE,TRUE,America/Chicago,3
27287,Qui-nai-elt Village,Qui-nai-elt Village,WA,Washington,53027,Grays Harbor,47.2502,-124.1903,59,30,polygon,FALSE,TRUE,America/Los_Angeles,3
27288,Mayhill,Mayhill,NM,New Mexico,35035,Otero,32.8962,-105.496,59,2,polygon,FALSE,FALSE,America/Denver,3
27289,Del Sol,Del Sol,TX,Texas,48409,San Patricio,28.0132,-97.5202,59,26,polygon,FALSE,FALSE,America/Chicago,3
27290,Balta,Balta,ND,North Dakota,38069,Pierce,48.1666,-100.0369,59,100,polygon,FALSE,TRUE,America/Chicago,3
27291,Ong,Ong,NE,Nebraska,31035,Clay,40.3983,-97.8392,59,79,polygon,FALSE,TRUE,America/Chicago,3
27292,Bristow,Bristow,NE,Nebraska,31015,Boyd,42.8409,-98.5837,59,140,polygon,FALSE,TRUE,America/Chicago,3
27293,Burr,Burr,NE,Nebraska,31131,Otoe,40.536,-96.2997,59,265,polygon,FALSE,TRUE,America/Chicago,3
27294,Adamsville,Adamsville,PA,Pennsylvania,42039,Crawford,41.5114,-80.3705,59,127,polygon,FALSE,FALSE,America/New_York,3
27295,Lake City,Lake City,CA,California,6049,Modoc,41.646,-120.2255,59,3,polygon,FALSE,FALSE,America/Los_Angeles,3
27296,Oakhaven,Oakhaven,AR,Arkansas,5057,Hempstead,33.7294,-93.6209,59,495,polygon,FALSE,TRUE,America/Chicago,3
27297,Mendes,Mendes,GA,Georgia,13267,Tattnall,31.9953,-81.9709,59,37,polygon,FALSE,FALSE,America/New_York,3
27298,Dolliver,Dolliver,IA,Iowa,19063,Emmet,43.4638,-94.6143,59,62,polygon,FALSE,TRUE,America/Chicago,3
27299,Valeria,Valeria,IA,Iowa,19099,Jasper,41.7298,-93.3256,59,456,polygon,FALSE,TRUE,America/Chicago,3
27300,Worth,Worth,MO,Missouri,29227,Worth,40.4045,-94.4465,59,90,polygon,FALSE,TRUE,America/Chicago,3
27301,Rives,Rives,MO,Missouri,29069,Dunklin,36.0945,-90.0115,59,62,polygon,FALSE,TRUE,America/Chicago,3
27302,Menlo,Menlo,KS,Kansas,20193,Thomas,39.3561,-100.7242,59,195,polygon,FALSE,TRUE,America/Chicago,3
27303,Kickapoo Site 1,Kickapoo Site 1,KS,Kansas,20013,Brown,39.7145,-95.6484,59,45,polygon,FALSE,TRUE,America/Chicago,3
27304,Alexander,Alexander,KS,Kansas,20165,Rush,38.4694,-99.5529,59,87,polygon,FALSE,TRUE,America/Chicago,3
27305,Bluff City,Bluff City,KS,Kansas,20077,Harper,37.0761,-97.8747,59,45,polygon,FALSE,TRUE,America/Chicago,3
27306,Esterbrook,Esterbrook,WY,Wyoming,56009,Converse,42.4062,-105.3858,58,6,polygon,FALSE,FALSE,America/Denver,3
27307,Johnsonburg,Johnsonburg,NJ,New Jersey,34041,Warren,40.965,-74.8782,58,114,polygon,FALSE,FALSE,America/New_York,3
27308,Caballo,Caballo,NM,New Mexico,35051,Sierra,32.9806,-107.3075,58,22,polygon,FALSE,FALSE,America/Denver,3
27309,La Esperanza,La Esperanza,TX,Texas,48427,Starr,26.4313,-98.8923,58,790,polygon,FALSE,TRUE,America/Chicago,3
27310,South Fork Estates,South Fork Estates,TX,Texas,48247,Jim Hogg,27.2697,-98.7239,58,6,polygon,FALSE,FALSE,America/Chicago,3
27311,Crown Point,Crown Point,AK,Alaska,2122,Kenai Peninsula,60.4267,-149.3529,58,6,polygon,FALSE,FALSE,America/Anchorage,3
27312,Bathgate,Bathgate,ND,North Dakota,38067,Pembina,48.8805,-97.4738,58,80,polygon,FALSE,TRUE,America/Chicago,3
27313,Milton,Milton,ND,North Dakota,38019,Cavalier,48.626,-98.0459,58,47,polygon,FALSE,TRUE,America/Chicago,3
27314,Grace City,Grace City,ND,North Dakota,38031,Foster,47.5513,-98.8039,58,91,polygon,FALSE,TRUE,America/Chicago,3
27315,Ypsilanti,Ypsilanti,ND,North Dakota,38093,Stutsman,46.7834,-98.561,58,40,polygon,FALSE,FALSE,America/Chicago,3
27316,Primrose,Primrose,NE,Nebraska,31011,Boone,41.6238,-98.2375,58,80,polygon,FALSE,TRUE,America/Chicago,3
27317,Steele City,Steele City,NE,Nebraska,31095,Jefferson,40.0368,-97.0229,58,96,polygon,FALSE,TRUE,America/Chicago,3
27318,Thayer,Thayer,NE,Nebraska,31185,York,40.9703,-97.4967,58,76,polygon,FALSE,TRUE,America/Chicago,3
27319,Royal,Royal,NE,Nebraska,31003,Antelope,42.3331,-98.125,58,158,polygon,FALSE,TRUE,America/Chicago,3
27320,West Hampton Dunes,West Hampton Dunes,NY,New York,36103,Suffolk,40.7776,-72.7137,58,67,polygon,FALSE,TRUE,America/New_York,3
27321,Glasgow,Glasgow,PA,Pennsylvania,42007,Beaver,40.6444,-80.508,58,374,polygon,FALSE,TRUE,America/New_York,3
27322,Driftwood,Driftwood,PA,Pennsylvania,42023,Cameron,41.3448,-78.134,58,8,polygon,FALSE,TRUE,America/New_York,3
27323,Ocotillo,Ocotillo,CA,California,6025,Imperial,32.7431,-116.002,58,2,polygon,FALSE,FALSE,America/Los_Angeles,3
27324,Waldenburg,Waldenburg,AR,Arkansas,5111,Poinsett,35.5653,-90.9346,58,164,polygon,FALSE,TRUE,America/Chicago,3
27325,Knierim,Knierim,IA,Iowa,19025,Calhoun,42.4561,-94.4559,58,22,polygon,FALSE,TRUE,America/Chicago,3
27326,Brookview,Brookview,MD,Maryland,24019,Dorchester,38.5738,-75.7926,58,516,polygon,FALSE,TRUE,America/New_York,3
27327,Octa,Octa,OH,Ohio,39047,Fayette,39.6133,-83.6107,58,77,polygon,FALSE,TRUE,America/New_York,3
27328,McKittrick,McKittrick,MO,Missouri,29139,Montgomery,38.7357,-91.4449,58,254,polygon,FALSE,TRUE,America/Chicago,3
27329,Wooldridge,Wooldridge,MO,Missouri,29053,Cooper,38.9066,-92.5215,58,372,polygon,FALSE,TRUE,America/Chicago,3
27330,Garden City,Garden City,SD,South Dakota,46025,Clark,44.9592,-97.5806,58,56,polygon,FALSE,TRUE,America/Chicago,3
27331,Ree Heights,Ree Heights,SD,South Dakota,46059,Hand,44.5158,-99.2005,58,75,polygon,FALSE,TRUE,America/Chicago,3
27332,Bergoo,Bergoo,WV,West Virginia,54101,Webster,38.4851,-80.2981,57,103,polygon,FALSE,FALSE,America/New_York,3
27333,Bridgeville,Bridgeville,NJ,New Jersey,34041,Warren,40.8371,-75.0244,57,115,polygon,FALSE,FALSE,America/New_York,3
27334,Regina,Regina,NM,New Mexico,35043,Sandoval,36.1947,-106.9453,57,3,polygon,FALSE,FALSE,America/Denver,3
27335,Folsom,Folsom,NM,New Mexico,35059,Union,36.8478,-103.9176,57,33,polygon,FALSE,TRUE,America/Denver,3
27336,Puerto de Luna,Puerto de Luna,NM,New Mexico,35019,Guadalupe,34.8297,-104.6222,57,1,polygon,FALSE,FALSE,America/Denver,3
27337,Los Arcos,Los Arcos,TX,Texas,48479,Webb,27.6144,-99.2105,57,106,polygon,FALSE,TRUE,America/Chicago,3
27338,Virginia,Virginia,NE,Nebraska,31067,Gage,40.2459,-96.4988,57,222,polygon,FALSE,TRUE,America/Chicago,3
27339,Nathalie,Nathalie,VA,Virginia,51083,Halifax,36.9381,-78.9422,57,7,polygon,FALSE,FALSE,America/New_York,3
27340,Lynn,Lynn,CO,Colorado,8071,Las Animas,37.4219,-104.643,57,30,polygon,FALSE,FALSE,America/Denver,3
27341,Union Hill,Union Hill,IL,Illinois,17091,Kankakee,41.1084,-88.1461,57,476,polygon,FALSE,TRUE,America/Chicago,3
27342,Dougherty,Dougherty,IA,Iowa,19033,Cerro Gordo,42.922,-93.0359,57,40,polygon,FALSE,TRUE,America/Chicago,3
27343,Gray,Gray,IA,Iowa,19009,Audubon,41.8418,-94.9859,57,22,polygon,FALSE,TRUE,America/Chicago,3
27344,Rodney,Rodney,IA,Iowa,19133,Monona,42.2048,-95.9508,57,135,polygon,FALSE,TRUE,America/Chicago,3
27345,Placerville,Placerville,ID,Idaho,16015,Boise,43.9427,-115.946,57,22,polygon,FALSE,TRUE,America/Boise,3
27346,Eldorado,Eldorado,MD,Maryland,24019,Dorchester,38.5842,-75.7893,57,303,polygon,FALSE,TRUE,America/New_York,3
27347,Hoberg,Hoberg,MO,Missouri,29109,Lawrence,37.0682,-93.8493,57,407,polygon,FALSE,TRUE,America/Chicago,3
27348,Leonard,Leonard,MO,Missouri,29205,Shelby,39.8944,-92.182,57,68,polygon,FALSE,TRUE,America/Chicago,3
27349,Merwin,Merwin,MO,Missouri,29013,Bates,38.4041,-94.5908,57,149,polygon,FALSE,TRUE,America/Chicago,3
27350,Pine Bend,Pine Bend,MN,Minnesota,27087,Mahnomen,47.4222,-95.5979,57,17,polygon,FALSE,FALSE,America/Chicago,3
27351,Stanchfield,Stanchfield,MN,Minnesota,27059,Isanti,45.6649,-93.1815,57,41,polygon,FALSE,FALSE,America/Chicago,3
27352,Wilder,Wilder,MN,Minnesota,27063,Jackson,43.828,-95.2058,57,27,polygon,FALSE,TRUE,America/Chicago,3
27353,Hadley,Hadley,MN,Minnesota,27101,Murray,43.9987,-95.8575,57,77,polygon,FALSE,TRUE,America/Chicago,3
27354,Nashville,Nashville,KS,Kansas,20095,Kingman,37.4384,-98.4228,57,107,polygon,FALSE,TRUE,America/Chicago,3
27355,Springdale,Springdale,MT,Montana,30067,Park,45.7381,-110.2236,57,166,polygon,FALSE,FALSE,America/Denver,3
27356,Musselshell,Musselshell,MT,Montana,30065,Musselshell,46.5063,-108.0862,57,8,polygon,FALSE,FALSE,America/Denver,3
27357,Bradley,Bradley,SC,South Carolina,45047,Greenwood,34.0391,-82.2436,57,2,polygon,FALSE,FALSE,America/New_York,3
27358,Belvidere,Belvidere,SD,South Dakota,46071,Jackson,43.8321,-101.2711,57,28,polygon,FALSE,TRUE,America/Denver,3
27359,Danville,Danville,WA,Washington,53019,Ferry,48.9938,-118.5068,56,122,polygon,FALSE,FALSE,America/Los_Angeles,3
27360,Hat Island,Hat Island,WA,Washington,53061,Snohomish,48.013,-122.3201,56,31,polygon,FALSE,TRUE,America/Los_Angeles,3
27361,Bent,Bent,NM,New Mexico,35035,Otero,33.1473,-105.859,56,3,polygon,FALSE,FALSE,America/Denver,3
27362,La Rosita,La Rosita,TX,Texas,48427,Starr,26.402,-98.9326,56,315,polygon,FALSE,FALSE,America/Chicago,3
27363,Hamilton,Hamilton,ND,North Dakota,38067,Pembina,48.808,-97.4518,56,75,polygon,FALSE,TRUE,America/Chicago,3
27364,Nome,Nome,ND,North Dakota,38003,Barnes,46.6758,-97.8162,56,52,polygon,FALSE,TRUE,America/Chicago,3
27365,Great Bend,Great Bend,ND,North Dakota,38077,Richland,46.1546,-96.801,56,38,polygon,FALSE,TRUE,America/Chicago,3
27366,Hamlet,Hamlet,NE,Nebraska,31085,Hayes,40.3845,-101.2346,56,69,polygon,FALSE,TRUE,America/Chicago,3
27367,Ohiopyle,Ohiopyle,PA,Pennsylvania,42051,Fayette,39.869,-79.4947,56,51,polygon,FALSE,TRUE,America/New_York,3
27368,Lancaster,Lancaster,VA,Virginia,51103,Lancaster,37.7675,-76.4549,56,9,polygon,FALSE,FALSE,America/New_York,3
27369,Midland,Midland,VA,Virginia,51061,Fauquier,38.5984,-77.7213,56,5,polygon,FALSE,FALSE,America/New_York,3
27370,Darwin,Darwin,CA,California,6027,Inyo,36.2689,-117.589,56,16,polygon,FALSE,FALSE,America/Los_Angeles,3
27371,Petrey,Petrey,AL,Alabama,1041,Crenshaw,31.8495,-86.2057,56,29,polygon,FALSE,TRUE,America/Chicago,3
27372,Hensley,Hensley,AR,Arkansas,5119,Pulaski,34.5068,-92.2069,56,21,polygon,FALSE,FALSE,America/Chicago,3
27373,Sciota,Sciota,IL,Illinois,17109,McDonough,40.5626,-90.748,56,69,polygon,FALSE,TRUE,America/Chicago,3
27374,Osterdock,Osterdock,IA,Iowa,19043,Clayton,42.7313,-91.1579,56,47,polygon,FALSE,TRUE,America/Chicago,3
27375,Randalia,Randalia,IA,Iowa,19065,Fayette,42.8636,-91.8864,56,99,polygon,FALSE,TRUE,America/Chicago,3
27376,Northboro,Northboro,IA,Iowa,19145,Page,40.608,-95.2937,56,84,polygon,FALSE,TRUE,America/Chicago,3
27377,Big Pool,Big Pool,MD,Maryland,24043,Washington,39.6251,-78.0161,56,200,polygon,FALSE,FALSE,America/New_York,3
27378,Elgin,Elgin,OH,Ohio,39161,Van Wert,40.7428,-84.4759,56,96,polygon,FALSE,TRUE,America/New_York,3
27379,Lock Springs,Lock Springs,MO,Missouri,29061,Daviess,39.8488,-93.7762,56,174,polygon,FALSE,TRUE,America/Chicago,3
27380,Harris,Harris,MO,Missouri,29211,Sullivan,40.3062,-93.3504,56,140,polygon,FALSE,TRUE,America/Chicago,3
27381,Hazel Run,Hazel Run,MN,Minnesota,27173,Yellow Medicine,44.7484,-95.7165,56,28,polygon,FALSE,TRUE,America/Chicago,3
27382,Wolf Lake,Wolf Lake,MN,Minnesota,27005,Becker,46.8066,-95.3526,56,69,polygon,FALSE,TRUE,America/Chicago,3
27383,Aurora,Aurora,KS,Kansas,20029,Cloud,39.4519,-97.5299,56,213,polygon,FALSE,TRUE,America/Chicago,3
27384,Shawmut,Shawmut,MT,Montana,30107,Wheatland,46.3447,-109.5122,56,10,polygon,FALSE,FALSE,America/Denver,3
27385,Govan,Govan,SC,South Carolina,45009,Bamberg,33.2228,-81.1749,56,28,polygon,FALSE,TRUE,America/New_York,3
27386,Long Lake,Long Lake,WI,Wisconsin,55037,Florence,45.8431,-88.6673,55,80,polygon,FALSE,FALSE,America/Chicago,3
27387,Hope,Hope,AK,Alaska,2122,Kenai Peninsula,60.8925,-149.6352,55,0,polygon,FALSE,FALSE,America/Anchorage,3
27388,Leggett,Leggett,NC,North Carolina,37065,Edgecombe,35.9896,-77.58,55,30,polygon,FALSE,TRUE,America/New_York,3
27389,Julian,Julian,NE,Nebraska,31127,Nemaha,40.5198,-95.8674,55,241,polygon,FALSE,TRUE,America/Chicago,3
27390,New Washington,New Washington,PA,Pennsylvania,42033,Clearfield,40.8218,-78.7019,55,9,polygon,FALSE,TRUE,America/New_York,3
27391,Cardiff,Cardiff,AL,Alabama,1073,Jefferson,33.6472,-86.9307,55,84,polygon,FALSE,TRUE,America/Chicago,3
27392,Curlew,Curlew,IA,Iowa,19147,Palo Alto,42.9795,-94.7377,55,28,polygon,FALSE,TRUE,America/Chicago,3
27393,Portland,Portland,IA,Iowa,19033,Cerro Gordo,43.1276,-93.1271,55,100,polygon,FALSE,FALSE,America/Chicago,3
27394,Thayer,Thayer,IA,Iowa,19175,Union,41.029,-94.0497,55,229,polygon,FALSE,TRUE,America/Chicago,3
27395,Dripping Springs,Dripping Springs,OK,Oklahoma,40041,Delaware,36.171,-94.6852,55,14,polygon,FALSE,FALSE,America/Chicago,3
27396,Randolph,Randolph,MO,Missouri,29047,Clay,39.156,-94.4929,55,63,polygon,FALSE,TRUE,America/Chicago,3
27397,Iatan,Iatan,MO,Missouri,29165,Platte,39.4774,-94.9837,55,176,polygon,FALSE,TRUE,America/Chicago,3
27398,Tintah,Tintah,MN,Minnesota,27155,Traverse,46.0109,-96.3201,55,28,polygon,FALSE,TRUE,America/Chicago,3
27399,Manchester,Manchester,MN,Minnesota,27047,Freeborn,43.7256,-93.451,55,285,polygon,FALSE,TRUE,America/Chicago,3
27400,Clayton,Clayton,KS,Kansas,20137,Norton,39.7369,-100.1765,55,50,polygon,FALSE,TRUE,America/Chicago,3
27401,Saddle Butte,Saddle Butte,MT,Montana,30041,Hill,48.5235,-109.6448,55,8,polygon,FALSE,FALSE,America/Denver,3
27402,Sweet Grass,Sweet Grass,MT,Montana,30101,Toole,48.9929,-111.9668,55,43,polygon,FALSE,FALSE,America/Denver,3
27403,Elbe,Elbe,WA,Washington,53053,Pierce,46.7653,-122.1946,54,362,polygon,FALSE,FALSE,America/Los_Angeles,3
27404,Saxon,Saxon,WI,Wisconsin,55051,Iron,46.4941,-90.4099,54,17,polygon,FALSE,FALSE,America/Chicago,3
27405,Vivian,Vivian,WV,West Virginia,54047,McDowell,37.4172,-81.4923,54,57,polygon,FALSE,FALSE,America/New_York,3
27406,Bartley,Bartley,WV,West Virginia,54047,McDowell,37.3373,-81.7334,54,18,polygon,FALSE,FALSE,America/New_York,3
27407,Taylor,Taylor,WY,Wyoming,56023,Lincoln,42.0703,-110.9899,54,8,polygon,FALSE,TRUE,America/Denver,3
27408,Capulin,Capulin,NM,New Mexico,35059,Union,36.7445,-103.9958,54,14,polygon,FALSE,FALSE,America/Denver,3
27409,Buena Vista,Buena Vista,TX,Texas,48427,Starr,26.2941,-98.6109,54,638,polygon,FALSE,FALSE,America/Chicago,3
27410,Waves,Waves,NC,North Carolina,37055,Dare,35.5672,-75.467,54,38,polygon,FALSE,FALSE,America/New_York,3
27411,North River,North River,ND,North Dakota,38017,Cass,46.9503,-96.802,54,342,polygon,FALSE,TRUE,America/Chicago,3
27412,Brocket,Brocket,ND,North Dakota,38071,Ramsey,48.2107,-98.3556,54,27,polygon,FALSE,TRUE,America/Chicago,3
27413,Magnet,Magnet,NE,Nebraska,31027,Cedar,42.4561,-97.4693,54,139,polygon,FALSE,TRUE,America/Chicago,3
27414,Wann,Wann,NE,Nebraska,31155,Saunders,41.1394,-96.3632,54,13,polygon,FALSE,FALSE,America/Chicago,3
27415,Colona,Colona,CO,Colorado,8091,Ouray,38.3274,-107.7795,54,344,polygon,FALSE,FALSE,America/Denver,3
27416,Starkville,Starkville,CO,Colorado,8071,Las Animas,37.1171,-104.5233,54,285,polygon,FALSE,TRUE,America/Denver,3
27417,Indian Falls,Indian Falls,CA,California,6063,Plumas,40.0587,-120.9803,54,11,polygon,FALSE,FALSE,America/Los_Angeles,3
27418,Goldville,Goldville,AL,Alabama,1123,Tallapoosa,33.0841,-85.7831,54,21,polygon,FALSE,TRUE,America/Chicago,3
27419,Alton,Alton,IN,Indiana,18025,Crawford,38.1211,-86.4195,54,121,polygon,FALSE,TRUE,America/Indiana/Marengo,3
27420,Jackson Junction,Jackson Junction,IA,Iowa,19191,Winneshiek,43.1014,-92.0463,54,3,polygon,FALSE,TRUE,America/Chicago,3
27421,Franklin,Franklin,AZ,Arizona,4011,Greenlee,32.677,-109.072,54,20,polygon,FALSE,FALSE,America/Phoenix,3
27422,Ali Molina,Ali Molina,AZ,Arizona,4019,Pima,31.9025,-111.7805,54,27,polygon,FALSE,FALSE,America/Phoenix,3
27423,Ginger Blue,Ginger Blue,MO,Missouri,29119,McDonald,36.5899,-94.4596,54,79,polygon,FALSE,TRUE,America/Chicago,3
27424,Powersville,Powersville,MO,Missouri,29171,Putnam,40.5496,-93.3003,54,36,polygon,FALSE,TRUE,America/Chicago,3
27425,Ponshewaing,Ponshewaing,MI,Michigan,26047,Emmet,45.4208,-84.806,54,236,polygon,FALSE,FALSE,America/Detroit,3
27426,Hunter,Hunter,KS,Kansas,20123,Mitchell,39.2349,-98.396,54,99,polygon,FALSE,TRUE,America/Chicago,3
27427,Raymond,Raymond,SD,South Dakota,46025,Clark,44.9105,-97.9372,54,79,polygon,FALSE,TRUE,America/Chicago,3
27428,Bay Lake,Bay Lake,FL,Florida,12095,Orange,28.3871,-81.5751,53,0,polygon,FALSE,TRUE,America/New_York,3
27429,Evergreen,Evergreen,TX,Texas,48427,Starr,26.4247,-99.024,53,1921,polygon,FALSE,FALSE,America/Chicago,3
27430,Donnybrook,Donnybrook,ND,North Dakota,38101,Ward,48.5077,-101.8872,53,30,polygon,FALSE,TRUE,America/Chicago,3
27431,Fullerton,Fullerton,ND,North Dakota,38021,Dickey,46.1632,-98.4272,53,52,polygon,FALSE,TRUE,America/Chicago,3
27432,McHenry,McHenry,ND,North Dakota,38031,Foster,47.5764,-98.591,53,83,polygon,FALSE,TRUE,America/Chicago,3
27433,Smithfield,Smithfield,NE,Nebraska,31073,Gosper,40.5733,-99.7409,53,120,polygon,FALSE,TRUE,America/Chicago,3
27434,Seneca,Seneca,NE,Nebraska,31171,Thomas,42.044,-100.832,53,69,polygon,FALSE,FALSE,America/Denver,3
27435,Logan Creek,Logan Creek,NV,Nevada,32005,Douglas,39.0626,-119.9294,53,11,polygon,FALSE,TRUE,America/Los_Angeles,3
27436,No Name,No Name,CO,Colorado,8045,Garfield,39.5597,-107.293,53,114,polygon,FALSE,FALSE,America/Denver,3
27437,Butte Meadows,Butte Meadows,CA,California,6007,Butte,40.0871,-121.537,53,9,polygon,FALSE,FALSE,America/Los_Angeles,3
27438,Paynes Creek,Paynes Creek,CA,California,6103,Tehama,40.3409,-121.9174,53,5,polygon,FALSE,FALSE,America/Los_Angeles,3
27439,Washington,Washington,CA,California,6057,Nevada,39.3591,-120.7906,53,10,polygon,FALSE,FALSE,America/Los_Angeles,3
27440,Landess,Landess,IN,Indiana,18053,Grant,40.6126,-85.5592,53,14,polygon,FALSE,FALSE,America/Indiana/Indianapolis,3
27441,Sandyville,Sandyville,IA,Iowa,19181,Warren,41.3709,-93.3862,53,41,polygon,FALSE,TRUE,America/Chicago,3
27442,Amado,Amado,AZ,Arizona,4023,Santa Cruz,31.6968,-111.0583,53,3,polygon,FALSE,FALSE,America/Phoenix,3
27443,Worton,Worton,MD,Maryland,24029,Kent,39.2717,-76.0934,53,22,polygon,FALSE,FALSE,America/New_York,3
27444,Dwight Mission,Dwight Mission,OK,Oklahoma,40135,Sequoyah,35.5466,-94.8594,53,11,polygon,FALSE,FALSE,America/Chicago,3
27445,Amity,Amity,MO,Missouri,29063,DeKalb,39.8683,-94.4354,53,118,polygon,FALSE,TRUE,America/Chicago,3
27446,Arcola,Arcola,MO,Missouri,29057,Dade,37.5493,-93.8761,53,69,polygon,FALSE,TRUE,America/Chicago,3
27447,Leonidas,Leonidas,MN,Minnesota,27137,St. Louis,47.4681,-92.5679,53,15,polygon,FALSE,TRUE,America/Chicago,3
27448,Marienthal,Marienthal,KS,Kansas,20203,Wichita,38.4891,-101.22,53,10,polygon,FALSE,FALSE,America/Chicago,3
27449,Smyrna,Smyrna,SC,South Carolina,45091,York,35.042,-81.4094,53,28,polygon,FALSE,TRUE,America/New_York,3
27450,Krupp,Krupp,WA,Washington,53025,Grant,47.4105,-118.9887,52,34,polygon,FALSE,TRUE,America/Los_Angeles,3
27451,Riverside,Riverside,WY,Wyoming,56007,Carbon,41.2154,-106.7813,52,74,polygon,FALSE,TRUE,America/Denver,3
27452,Los Ojos,Los Ojos,NM,New Mexico,35039,Rio Arriba,36.736,-106.567,52,14,polygon,FALSE,FALSE,America/Denver,3
27453,Rancho Grande,Rancho Grande,NM,New Mexico,35003,Catron,33.6827,-108.8581,52,47,polygon,FALSE,TRUE,America/Denver,3
27454,Yznaga,Yznaga,TX,Texas,48061,Cameron,26.3188,-97.8153,52,3,polygon,FALSE,FALSE,America/Chicago,3
27455,Gulkana,Gulkana,AK,Alaska,2261,Valdez-Cordova,62.2152,-145.4449,52,0,polygon,FALSE,FALSE,America/Anchorage,3
27456,Port Alexander,Port Alexander,AK,Alaska,2198,Prince of Wales-Hyder,56.2346,-134.6532,52,5,polygon,FALSE,TRUE,America/Sitka,3
27457,Souris,Souris,ND,North Dakota,38009,Bottineau,48.91,-100.6826,52,205,polygon,FALSE,TRUE,America/Chicago,3
27458,East Fairview,East Fairview,ND,North Dakota,38053,McKenzie,47.8554,-104.0375,52,52,polygon,FALSE,FALSE,America/Denver,3
27459,Barney,Barney,ND,North Dakota,38077,Richland,46.2658,-96.9988,52,109,polygon,FALSE,TRUE,America/Chicago,3
27460,New Freeport,New Freeport,PA,Pennsylvania,42059,Greene,39.7594,-80.4279,52,30,polygon,FALSE,FALSE,America/New_York,3
27461,Mount Eagle,Mount Eagle,PA,Pennsylvania,42027,Centre,40.9799,-77.7058,52,77,polygon,FALSE,FALSE,America/New_York,3
27462,Smeltertown,Smeltertown,CO,Colorado,8015,Chaffee,38.5523,-106.0085,52,137,polygon,FALSE,FALSE,America/Denver,3
27463,Laird,Laird,CO,Colorado,8125,Yuma,40.0819,-102.102,52,133,polygon,FALSE,FALSE,America/Denver,3
27464,Panola,Panola,IL,Illinois,17203,Woodford,40.7829,-89.0203,52,46,polygon,FALSE,TRUE,America/Chicago,3
27465,Boykin,Boykin,GA,Georgia,13201,Miller,31.1017,-84.6848,52,8,polygon,FALSE,FALSE,America/New_York,3
27466,Tat Momoli,Tat Momoli,AZ,Arizona,4021,Pinal,32.6013,-111.8862,52,21,polygon,FALSE,FALSE,America/Phoenix,3
27467,Oxford,Oxford,ID,Idaho,16041,Franklin,42.2598,-112.0177,52,76,polygon,FALSE,TRUE,America/Boise,3
27468,Bakersville,Bakersville,MD,Maryland,24043,Washington,39.5148,-77.757,52,395,polygon,FALSE,FALSE,America/New_York,3
27469,Lima,Lima,OK,Oklahoma,40133,Seminole,35.1737,-96.5985,52,44,polygon,FALSE,TRUE,America/Chicago,3
27470,Winigan,Winigan,MO,Missouri,29211,Sullivan,40.0469,-92.9017,52,40,polygon,FALSE,FALSE,America/Chicago,3
27471,Arrow Rock,Arrow Rock,MO,Missouri,29195,Saline,39.07,-92.9473,52,150,polygon,FALSE,TRUE,America/Chicago,3
27472,Urbank,Urbank,MN,Minnesota,27111,Otter Tail,46.1242,-95.5104,52,30,polygon,FALSE,TRUE,America/Chicago,3
27473,Hatfield,Hatfield,MN,Minnesota,27117,Pipestone,43.9546,-96.1905,52,7,polygon,FALSE,TRUE,America/Chicago,3
27474,Mizpah,Mizpah,MN,Minnesota,27071,Koochiching,47.9209,-94.2132,52,6,polygon,FALSE,TRUE,America/Chicago,3
27475,Farwell,Farwell,MN,Minnesota,27121,Pope,45.7524,-95.6189,52,78,polygon,FALSE,TRUE,America/Chicago,3
27476,Elmdale,Elmdale,KS,Kansas,20017,Chase,38.3732,-96.6457,52,121,polygon,FALSE,TRUE,America/Chicago,3
27477,Earlton,Earlton,KS,Kansas,20133,Neosho,37.5873,-95.4696,52,125,polygon,FALSE,TRUE,America/Chicago,3
27478,Garrison,Garrison,MT,Montana,30077,Powell,46.5259,-112.8205,52,2,polygon,FALSE,FALSE,America/Denver,3
27479,Ward,Ward,SD,South Dakota,46101,Moody,44.1548,-96.4626,52,69,polygon,FALSE,TRUE,America/Chicago,3
27480,Lake City,Lake City,SD,South Dakota,46091,Marshall,45.7248,-97.4139,52,91,polygon,FALSE,TRUE,America/Chicago,3
27481,Apple Grove,Apple Grove,WV,West Virginia,54053,Mason,38.6663,-82.1706,51,8,polygon,FALSE,FALSE,America/New_York,3
27482,Mammoth,Mammoth,WY,Wyoming,56029,Park,44.9733,-110.6931,51,24,polygon,FALSE,FALSE,America/Denver,3
27483,Lake Roberts Heights,Lake Roberts Heights,NM,New Mexico,35017,Grant,33.0271,-108.1382,51,25,polygon,FALSE,TRUE,America/Denver,3
27484,Chignik Lake,Chignik Lake,AK,Alaska,2164,Lake and Peninsula,56.2631,-158.8049,51,1,polygon,FALSE,FALSE,America/Anchorage,3
27485,Niagara,Niagara,ND,North Dakota,38035,Grand Forks,47.9983,-97.8717,51,20,polygon,FALSE,TRUE,America/Chicago,3
27486,Foster,Foster,NE,Nebraska,31139,Pierce,42.2747,-97.6651,51,88,polygon,FALSE,TRUE,America/Chicago,3
27487,Poole,Poole,NE,Nebraska,31019,Buffalo,40.9871,-98.9655,51,7,polygon,FALSE,FALSE,America/Chicago,3
27488,Garrison,Garrison,NE,Nebraska,31023,Butler,41.1754,-97.1633,51,172,polygon,FALSE,TRUE,America/Chicago,3
27489,Elyria,Elyria,NE,Nebraska,31175,Valley,41.6802,-99.0053,51,73,polygon,FALSE,TRUE,America/Chicago,3
27490,Paradise Valley,Paradise Valley,NV,Nevada,32013,Humboldt,41.49,-117.5323,51,1,polygon,FALSE,FALSE,America/Los_Angeles,3
27491,Snowville,Snowville,VA,Virginia,51155,Pulaski,37.026,-80.5739,51,9,polygon,FALSE,FALSE,America/New_York,3
27492,Parshall,Parshall,CO,Colorado,8049,Grand,40.0555,-106.1758,51,65,polygon,FALSE,FALSE,America/Denver,3
27493,Buck Meadows,Buck Meadows,CA,California,6043,Mariposa,37.8127,-120.0653,51,11,polygon,FALSE,FALSE,America/Los_Angeles,3
27494,Laconia,Laconia,IN,Indiana,18061,Harrison,38.0318,-86.0855,51,389,polygon,FALSE,TRUE,America/Kentucky/Louisville,3
27495,Tonopah,Tonopah,AZ,Arizona,4013,Maricopa,33.488,-112.9308,51,14,polygon,FALSE,FALSE,America/Phoenix,3
27496,Allendale,Allendale,MO,Missouri,29227,Worth,40.4853,-94.2887,51,34,polygon,FALSE,TRUE,America/Chicago,3
27497,Boy River,Boy River,MN,Minnesota,27021,Cass,47.1669,-94.1233,51,46,polygon,FALSE,TRUE,America/Chicago,3
27498,Dovray,Dovray,MN,Minnesota,27101,Murray,44.0545,-95.5477,51,79,polygon,FALSE,TRUE,America/Chicago,3
27499,New Albany,New Albany,KS,Kansas,20205,Wilson,37.5678,-95.9363,51,106,polygon,FALSE,TRUE,America/Chicago,3
27500,Nunda,Nunda,SD,South Dakota,46079,Lake,44.1599,-97.0194,51,19,polygon,FALSE,TRUE,America/Chicago,3
27501,Grenville,Grenville,SD,South Dakota,46037,Day,45.467,-97.3902,51,83,polygon,FALSE,TRUE,America/Chicago,3
27502,Tolley,Tolley,ND,North Dakota,38075,Renville,48.7309,-101.8273,50,132,polygon,FALSE,TRUE,America/Chicago,3
27503,Loretto,Loretto,NE,Nebraska,31011,Boone,41.7635,-98.0817,50,68,polygon,FALSE,FALSE,America/Chicago,3
27504,Montello,Montello,NV,Nevada,32007,Elko,41.2673,-114.197,50,48,polygon,FALSE,FALSE,America/Los_Angeles,3
27505,Savageville,Savageville,VA,Virginia,51001,Accomack,37.6826,-75.7591,50,18,polygon,FALSE,FALSE,America/New_York,3
27506,Belle Prairie City,Belle Prairie City,IL,Illinois,17065,Hamilton,38.2235,-88.5556,50,44,polygon,FALSE,TRUE,America/Chicago,3
27507,Rinard,Rinard,IA,Iowa,19025,Calhoun,42.3396,-94.485,50,19,polygon,FALSE,TRUE,America/Chicago,3
27508,Beaver,Beaver,IA,Iowa,19015,Boone,42.0383,-94.14,50,77,polygon,FALSE,TRUE,America/Chicago,3
27509,Parkline,Parkline,ID,Idaho,16009,Benewah,47.3384,-116.6939,50,39,polygon,FALSE,FALSE,America/Los_Angeles,3
27510,IXL,IXL,OK,Oklahoma,40107,Okfuskee,35.5227,-96.3881,50,4,polygon,FALSE,TRUE,America/Chicago,3
27511,Badger Lee,Badger Lee,OK,Oklahoma,40135,Sequoyah,35.4726,-94.8151,50,28,polygon,FALSE,TRUE,America/Chicago,3
27512,Skedee,Skedee,OK,Oklahoma,40117,Pawnee,36.3804,-96.7039,50,144,polygon,FALSE,TRUE,America/Chicago,3
27513,Elmira,Elmira,MO,Missouri,29177,Ray,39.5087,-94.1546,50,265,polygon,FALSE,TRUE,America/Chicago,3
27514,Doran,Doran,MN,Minnesota,27167,Wilkin,46.1852,-96.4858,50,93,polygon,FALSE,TRUE,America/Chicago,3
27515,Leona,Leona,KS,Kansas,20043,Doniphan,39.7861,-95.3214,50,306,polygon,FALSE,TRUE,America/Chicago,3
27516,Satartia,Satartia,MS,Mississippi,28163,Yazoo,32.672,-90.5445,50,134,polygon,FALSE,TRUE,America/Chicago,3
27517,Pronghorn,Pronghorn,OR,Oregon,41017,Deschutes,44.1881,-121.1817,50,2,polygon,FALSE,TRUE,America/Los_Angeles,3
27518,Antelope,Antelope,OR,Oregon,41065,Wasco,44.9113,-120.7236,50,41,polygon,FALSE,TRUE,America/Los_Angeles,3
27519,Rockport,Rockport,WA,Washington,53057,Skagit,48.4854,-121.6065,49,51,polygon,FALSE,FALSE,America/Los_Angeles,3
27520,Robertson,Robertson,WY,Wyoming,56041,Uinta,41.1816,-110.4274,49,6,polygon,FALSE,FALSE,America/Denver,3
27521,Bondurant,Bondurant,WY,Wyoming,56035,Sublette,43.1948,-110.4026,49,0,polygon,FALSE,FALSE,America/Denver,3
27522,Ramirez-Perez,Ramirez-Perez,TX,Texas,48427,Starr,26.317,-98.6933,49,582,polygon,FALSE,TRUE,America/Chicago,3
27523,Corral City,Corral City,TX,Texas,48121,Denton,33.0985,-97.2304,49,123,polygon,FALSE,TRUE,America/Chicago,3
27524,Prairie Rose,Prairie Rose,ND,North Dakota,38017,Cass,46.8171,-96.8353,49,464,polygon,FALSE,TRUE,America/Chicago,3
27525,Nekoma,Nekoma,ND,North Dakota,38019,Cavalier,48.5763,-98.3755,49,50,polygon,FALSE,TRUE,America/Chicago,3
27526,Erie,Erie,ND,North Dakota,38017,Cass,47.1154,-97.3879,49,9,polygon,FALSE,FALSE,America/Chicago,3
27527,Orovada,Orovada,NV,Nevada,32013,Humboldt,41.561,-117.7762,49,0,polygon,FALSE,FALSE,America/Los_Angeles,3
27528,Fellows,Fellows,CA,California,6029,Kern,35.1779,-119.5472,49,27,polygon,FALSE,FALSE,America/Los_Angeles,3
27529,Hayesville,Hayesville,IA,Iowa,19107,Keokuk,41.2646,-92.2477,49,74,polygon,FALSE,TRUE,America/Chicago,3
27530,Dragoon,Dragoon,AZ,Arizona,4003,Cochise,32.0263,-110.0365,49,10,polygon,FALSE,FALSE,America/Phoenix,3
27531,State Line,State Line,ID,Idaho,16055,Kootenai,47.7052,-117.0366,49,171,polygon,FALSE,TRUE,America/Los_Angeles,3
27532,Tagg Flats,Tagg Flats,OK,Oklahoma,40041,Delaware,36.3387,-94.9037,49,3,polygon,FALSE,FALSE,America/Chicago,3
27533,Umber View Heights,Umber View Heights,MO,Missouri,29039,Cedar,37.6233,-93.8036,49,304,polygon,FALSE,TRUE,America/Chicago,3
27534,Irwin,Irwin,MO,Missouri,29011,Barton,37.5884,-94.287,49,63,polygon,FALSE,FALSE,America/Chicago,3
27535,Neihart,Neihart,MT,Montana,30013,Cascade,46.9352,-110.7361,49,9,polygon,FALSE,TRUE,America/Denver,3
27536,Millstone,Millstone,KY,Kentucky,21133,Letcher,37.1638,-82.7495,49,88,polygon,FALSE,FALSE,America/New_York,3
27537,Turton,Turton,SD,South Dakota,46115,Spink,45.049,-98.0974,49,51,polygon,FALSE,TRUE,America/Chicago,3
27538,Torboy,Torboy,WA,Washington,53019,Ferry,48.6772,-118.6689,48,19,polygon,FALSE,FALSE,America/Los_Angeles,3
27539,Glen Haven,Glen Haven,WI,Wisconsin,55043,Grant,42.8313,-91.0633,48,8,polygon,FALSE,FALSE,America/Chicago,3
27540,Las Palmas,Las Palmas,TX,Texas,48505,Zapata,26.9516,-99.2761,48,273,polygon,FALSE,FALSE,America/Chicago,3
27541,Kasaan,Kasaan,AK,Alaska,2198,Prince of Wales-Hyder,55.5573,-132.4137,48,3,polygon,FALSE,TRUE,America/Sitka,3
27542,Chenega,Chenega,AK,Alaska,2261,Valdez-Cordova,60.0757,-148.0194,48,0,polygon,FALSE,FALSE,America/Anchorage,3
27543,Kathryn,Kathryn,ND,North Dakota,38003,Barnes,46.6812,-97.9704,48,31,polygon,FALSE,TRUE,America/Chicago,3
27544,Valmont,Valmont,CO,Colorado,8013,Boulder,40.0341,-105.2058,48,68,polygon,FALSE,FALSE,America/Denver,3
27545,Emelle,Emelle,AL,Alabama,1119,Sumter,32.7287,-88.3165,48,87,polygon,FALSE,TRUE,America/Chicago,3
27546,Burnt Prairie,Burnt Prairie,IL,Illinois,17193,White,38.2508,-88.2585,48,244,polygon,FALSE,TRUE,America/Chicago,3
27547,Coppock,Coppock,IA,Iowa,19087,Henry,41.1635,-91.7151,48,78,polygon,FALSE,TRUE,America/Chicago,3
27548,Vining,Vining,IA,Iowa,19171,Tama,41.991,-92.3876,48,32,polygon,FALSE,TRUE,America/Chicago,3
27549,Bryce,Bryce,AZ,Arizona,4009,Graham,32.9258,-109.8229,48,22,polygon,FALSE,FALSE,America/Phoenix,3
27550,Clearview,Clearview,OK,Oklahoma,40107,Okfuskee,35.3971,-96.1908,48,107,polygon,FALSE,TRUE,America/Chicago,3
27551,South Gifford,South Gifford,MO,Missouri,29121,Macon,40.0258,-92.6831,48,90,polygon,FALSE,TRUE,America/Chicago,3
27552,Rea,Rea,MO,Missouri,29003,Andrew,40.0616,-94.7646,48,154,polygon,FALSE,TRUE,America/Chicago,3
27553,Paradise,Paradise,KS,Kansas,20167,Russell,39.1145,-98.9184,48,75,polygon,FALSE,TRUE,America/Chicago,3
27554,Sun City,Sun City,KS,Kansas,20007,Barber,37.3785,-98.9165,48,131,polygon,FALSE,TRUE,America/Chicago,3
27555,Wilmore,Wilmore,KS,Kansas,20033,Comanche,37.3352,-99.2103,48,104,polygon,FALSE,TRUE,America/Chicago,3
27556,Biddle,Biddle,MT,Montana,30075,Powder River,45.1051,-105.3116,48,1,polygon,FALSE,FALSE,America/Denver,3
27557,Carrsville,Carrsville,KY,Kentucky,21139,Livingston,37.3981,-88.3754,48,284,polygon,FALSE,TRUE,America/Chicago,3
27558,Naples,Naples,SD,South Dakota,46025,Clark,44.7716,-97.5131,48,133,polygon,FALSE,TRUE,America/Chicago,3
27559,Cora,Cora,WY,Wyoming,56035,Sublette,42.9578,-109.9917,47,3,polygon,FALSE,FALSE,America/Denver,3
27560,South Acomita Village,South Acomita Village,NM,New Mexico,35006,Cibola,35.0534,-107.561,47,32,polygon,FALSE,TRUE,America/Denver,3
27561,City of the Sun,City of the Sun,NM,New Mexico,35029,Luna,31.8466,-107.6504,47,71,polygon,FALSE,TRUE,America/Denver,3
27562,Nara Visa,Nara Visa,NM,New Mexico,35037,Quay,35.6068,-103.1043,47,2,polygon,FALSE,FALSE,America/Denver,3
27563,Rangerville,Rangerville,TX,Texas,48061,Cameron,26.105,-97.7373,47,5,polygon,FALSE,TRUE,America/Chicago,3
27564,Klukwan,Klukwan,AK,Alaska,2105,Hoonah-Angoon,59.3987,-135.8886,47,13,polygon,FALSE,FALSE,America/Juneau,3
27565,Central,Central,AK,Alaska,2290,Yukon-Koyukuk,65.5213,-144.6409,47,0,polygon,FALSE,FALSE,America/Anchorage,3
27566,Inkster,Inkster,ND,North Dakota,38035,Grand Forks,48.1513,-97.6442,47,18,polygon,FALSE,TRUE,America/Chicago,3
27567,Nash,Nash,ND,North Dakota,38099,Walsh,48.4778,-97.5245,47,17,polygon,FALSE,FALSE,America/Chicago,3
27568,Woodworth,Woodworth,ND,North Dakota,38093,Stutsman,47.1421,-99.3045,47,85,polygon,FALSE,TRUE,America/Chicago,3
27569,Cotesfield,Cotesfield,NE,Nebraska,31093,Howard,41.3575,-98.6335,47,34,polygon,FALSE,TRUE,America/Chicago,3
27570,Conejos,Conejos,CO,Colorado,8021,Conejos,37.0872,-106.0161,47,37,polygon,FALSE,FALSE,America/Denver,3
27571,Carrick,Carrick,CA,California,6093,Siskiyou,41.4467,-122.3635,47,308,polygon,FALSE,FALSE,America/Los_Angeles,3
27572,Gulf Port,Gulf Port,IL,Illinois,17071,Henderson,40.8086,-91.0846,47,12,polygon,FALSE,TRUE,America/Chicago,3
27573,Cherry Log,Cherry Log,GA,Georgia,13123,Gilmer,34.7864,-84.3839,47,15,polygon,FALSE,FALSE,America/New_York,3
27574,North Crows Nest,North Crows Nest,IN,Indiana,18097,Marion,39.8661,-86.1623,47,280,polygon,FALSE,TRUE,America/Indiana/Indianapolis,3
27575,Mier,Mier,IN,Indiana,18053,Grant,40.5748,-85.8234,47,75,polygon,FALSE,FALSE,America/Indiana/Indianapolis,3
27576,Gillett Grove,Gillett Grove,IA,Iowa,19041,Clay,43.0166,-95.0365,47,81,polygon,FALSE,TRUE,America/Chicago,3
27577,Barrelville,Barrelville,MD,Maryland,24001,Allegany,39.7026,-78.8425,47,413,polygon,FALSE,FALSE,America/New_York,3
27578,Wightmans Grove,Wightmans Grove,OH,Ohio,39143,Sandusky,41.4241,-83.0466,47,128,polygon,FALSE,FALSE,America/New_York,3
27579,Holiday City,Holiday City,OH,Ohio,39171,Williams,41.6182,-84.5385,47,7,polygon,FALSE,TRUE,America/New_York,3
27580,Vickery,Vickery,OH,Ohio,39143,Sandusky,41.3769,-82.9416,47,42,polygon,FALSE,FALSE,America/New_York,3
27581,Metz,Metz,MO,Missouri,29217,Vernon,37.9965,-94.443,47,143,polygon,FALSE,TRUE,America/Chicago,3
27582,Cedar Mills,Cedar Mills,MN,Minnesota,27093,Meeker,44.9431,-94.5196,47,56,polygon,FALSE,TRUE,America/Chicago,3
27583,Trail,Trail,MN,Minnesota,27119,Polk,47.7833,-95.6981,47,18,polygon,FALSE,TRUE,America/Chicago,3
27584,Sedan,Sedan,MN,Minnesota,27121,Pope,45.5782,-95.2451,47,37,polygon,FALSE,TRUE,America/Chicago,3
27585,Outlook,Outlook,MT,Montana,30091,Sheridan,48.8888,-104.7849,47,14,polygon,FALSE,TRUE,America/Denver,3
27586,Waverly,Waverly,SD,South Dakota,46029,Codington,44.9987,-96.9742,47,17,polygon,FALSE,FALSE,America/Chicago,3
27587,Hetland,Hetland,SD,South Dakota,46077,Kingsbury,44.3772,-97.2347,47,158,polygon,FALSE,TRUE,America/Chicago,3
27588,Akaska,Akaska,SD,South Dakota,46129,Walworth,45.3309,-100.1207,47,29,polygon,FALSE,TRUE,America/Chicago,3
27589,Concepcion,Concepcion,TX,Texas,48131,Duval,27.3951,-98.3558,46,222,polygon,FALSE,FALSE,America/Chicago,3
27590,Beaver,Beaver,AK,Alaska,2290,Yukon-Koyukuk,66.383,-147.3219,46,0,polygon,FALSE,FALSE,America/Anchorage,3
27591,Robinson,Robinson,ND,North Dakota,38043,Kidder,47.142,-99.7813,46,103,polygon,FALSE,TRUE,America/Chicago,3
27592,Courtenay,Courtenay,ND,North Dakota,38093,Stutsman,47.2241,-98.5685,46,42,polygon,FALSE,TRUE,America/Chicago,3
27593,Dahlen,Dahlen,ND,North Dakota,38063,Nelson,48.1587,-97.932,46,127,polygon,FALSE,FALSE,America/Chicago,3
27594,Harbine,Harbine,NE,Nebraska,31095,Jefferson,40.1916,-96.9742,46,169,polygon,FALSE,TRUE,America/Chicago,3
27595,Tarnov,Tarnov,NE,Nebraska,31141,Platte,41.6148,-97.5025,46,559,polygon,FALSE,TRUE,America/Chicago,3
27596,Belvidere,Belvidere,NE,Nebraska,31169,Thayer,40.2546,-97.5577,46,37,polygon,FALSE,TRUE,America/Chicago,3
27597,Emmet,Emmet,NE,Nebraska,31089,Holt,42.4757,-98.8093,46,68,polygon,FALSE,TRUE,America/Chicago,3
27598,Keystone,Keystone,NE,Nebraska,31101,Keith,41.2187,-101.5841,46,88,polygon,FALSE,FALSE,America/Denver,3
27599,Gazelle,Gazelle,CA,California,6093,Siskiyou,41.5137,-122.5215,46,30,polygon,FALSE,FALSE,America/Los_Angeles,3
27600,Dayton,Dayton,AL,Alabama,1091,Marengo,32.3509,-87.6416,46,17,polygon,FALSE,TRUE,America/Chicago,3
27601,Wiederkehr Village,Wiederkehr Village,AR,Arkansas,5047,Franklin,35.4813,-93.7578,46,4,polygon,FALSE,TRUE,America/Chicago,3
27602,Cotter,Cotter,IA,Iowa,19115,Louisa,41.294,-91.4658,46,72,polygon,FALSE,TRUE,America/Chicago,3
27603,Comobabi,Comobabi,AZ,Arizona,4019,Pima,32.0538,-111.8029,46,15,polygon,FALSE,FALSE,America/Phoenix,3
27604,Strong City,Strong City,OK,Oklahoma,40129,Roger Mills,35.6699,-99.6003,46,34,polygon,FALSE,TRUE,America/Chicago,3
27605,Hollister,Hollister,OK,Oklahoma,40141,Tillman,34.3413,-98.8706,46,72,polygon,FALSE,TRUE,America/Chicago,3
27606,Vista,Vista,MO,Missouri,29185,St. Clair,37.9891,-93.6637,46,135,polygon,FALSE,TRUE,America/Chicago,3
27607,Pendleton,Pendleton,MO,Missouri,29219,Warren,38.8263,-91.2322,46,195,polygon,FALSE,TRUE,America/Chicago,3
27608,Edmond,Edmond,KS,Kansas,20137,Norton,39.6271,-99.8197,46,107,polygon,FALSE,TRUE,America/Chicago,3
27609,Cooke City,Cooke City,MT,Montana,30067,Park,45.0187,-109.9119,46,1,polygon,FALSE,FALSE,America/Denver,3
27610,Blaine,Blaine,KY,Kentucky,21127,Lawrence,38.0272,-82.8413,46,62,polygon,FALSE,TRUE,America/New_York,3
27611,Hampden,Hampden,ND,North Dakota,38071,Ramsey,48.5396,-98.6544,45,101,polygon,FALSE,TRUE,America/Chicago,3
27612,Voltaire,Voltaire,ND,North Dakota,38049,McHenry,48.0187,-100.844,45,35,polygon,FALSE,TRUE,America/Chicago,3
27613,Stockham,Stockham,NE,Nebraska,31081,Hamilton,40.7163,-97.9433,45,102,polygon,FALSE,TRUE,America/Chicago,3
27614,Saronville,Saronville,NE,Nebraska,31035,Clay,40.6029,-97.9386,45,116,polygon,FALSE,TRUE,America/Chicago,3
27615,Lisco,Lisco,NE,Nebraska,31069,Garden,41.4987,-102.6237,45,29,polygon,FALSE,FALSE,America/Denver,3
27616,La Prairie,La Prairie,IL,Illinois,17001,Adams,40.1473,-91.0024,45,90,polygon,FALSE,TRUE,America/Chicago,3
27617,Deer Grove,Deer Grove,IL,Illinois,17195,Whiteside,41.6096,-89.6866,45,42,polygon,FALSE,TRUE,America/Chicago,3
27618,Deputy,Deputy,IN,Indiana,18077,Jefferson,38.7952,-85.6528,45,235,polygon,FALSE,FALSE,America/Indiana/Indianapolis,3
27619,Fenwick,Fenwick,CT,Connecticut,9007,Middlesex,41.2711,-72.3546,45,44,polygon,FALSE,TRUE,America/New_York,3
27620,Spring Gap,Spring Gap,MD,Maryland,24001,Allegany,39.5653,-78.7054,45,26,polygon,FALSE,FALSE,America/New_York,3
27621,Harwood,Harwood,MO,Missouri,29217,Vernon,37.9567,-94.1539,45,165,polygon,FALSE,TRUE,America/Chicago,3
27622,Aldrich,Aldrich,MN,Minnesota,27159,Wadena,46.3747,-94.9394,45,35,polygon,FALSE,TRUE,America/Chicago,3
27623,Myrtle,Myrtle,MN,Minnesota,27047,Freeborn,43.5632,-93.163,45,179,polygon,FALSE,TRUE,America/Chicago,3
27624,Vienna,Vienna,SD,South Dakota,46025,Clark,44.7032,-97.5,45,20,polygon,FALSE,TRUE,America/Chicago,3
27625,Farson,Farson,WY,Wyoming,56037,Sweetwater,42.1528,-109.4283,44,0,polygon,FALSE,FALSE,America/Denver,3
27626,Playas,Playas,NM,New Mexico,35023,Hidalgo,31.9126,-108.5363,44,9,polygon,FALSE,FALSE,America/Denver,3
27627,Faywood,Faywood,NM,New Mexico,35017,Grant,32.6248,-107.8723,44,32,polygon,FALSE,TRUE,America/Denver,3
27628,Encino,Encino,TX,Texas,48047,Brooks,26.9363,-98.1153,44,2,polygon,FALSE,FALSE,America/Chicago,3
27629,Airport Heights,Airport Heights,TX,Texas,48427,Starr,26.4087,-98.8366,44,429,polygon,FALSE,TRUE,America/Chicago,3
27630,Sammy Martinez,Sammy Martinez,TX,Texas,48427,Starr,26.4329,-98.7512,44,54,polygon,FALSE,TRUE,America/Chicago,3
27631,Karluk,Karluk,AK,Alaska,2150,Kodiak Island,57.5845,-154.3255,44,0,polygon,FALSE,FALSE,America/Anchorage,3
27632,Forbes,Forbes,ND,North Dakota,38021,Dickey,45.9425,-98.782,44,70,polygon,FALSE,TRUE,America/Chicago,3
27633,Norman,Norman,NE,Nebraska,31099,Kearney,40.4791,-98.7922,44,183,polygon,FALSE,TRUE,America/Chicago,3
27634,Volcano,Volcano,CA,California,6005,Amador,38.4456,-120.6306,44,11,polygon,FALSE,FALSE,America/Los_Angeles,3
27635,Tinsman,Tinsman,AR,Arkansas,5013,Calhoun,33.6291,-92.3533,44,32,polygon,FALSE,TRUE,America/Chicago,3
27636,Pleasanton,Pleasanton,IA,Iowa,19053,Decatur,40.5825,-93.743,44,48,polygon,FALSE,TRUE,America/Chicago,3
27637,Anderson,Anderson,IA,Iowa,19071,Fremont,40.7983,-95.6086,44,51,polygon,FALSE,FALSE,America/Chicago,3
27638,Reid,Reid,MD,Maryland,24043,Washington,39.7126,-77.6794,44,135,polygon,FALSE,FALSE,America/New_York,3
27639,Beryl Junction,Beryl Junction,UT,Utah,49021,Iron,37.7009,-113.6535,44,9,polygon,FALSE,FALSE,America/Denver,3
27640,Osgood,Osgood,MO,Missouri,29211,Sullivan,40.1973,-93.3499,44,93,polygon,FALSE,TRUE,America/Chicago,3
27641,North Lilbourn,North Lilbourn,MO,Missouri,29143,New Madrid,36.6018,-89.6221,44,98,polygon,FALSE,TRUE,America/Chicago,3
27642,Louisburg,Louisburg,MN,Minnesota,27073,Lac qui Parle,45.1645,-96.1711,44,66,polygon,FALSE,TRUE,America/Chicago,3
27643,Baker,Baker,MN,Minnesota,27027,Clay,46.7105,-96.5579,44,16,polygon,FALSE,FALSE,America/Chicago,3
27644,Erwin,Erwin,SD,South Dakota,46077,Kingsbury,44.488,-97.4409,44,35,polygon,FALSE,TRUE,America/Chicago,3
27645,Luna,Luna,NM,New Mexico,35003,Catron,33.8181,-108.9435,43,2,polygon,FALSE,FALSE,America/Denver,3
27646,Moquino,Moquino,NM,New Mexico,35006,Cibola,35.1801,-107.3701,43,7,polygon,FALSE,FALSE,America/Denver,3
27647,Box Canyon,Box Canyon,TX,Texas,48465,Val Verde,29.5335,-101.1586,43,11,polygon,FALSE,TRUE,America/Matamoros,3
27648,Port Clarence,Port Clarence,AK,Alaska,2180,Nome,65.1108,-166.7683,43,0,polygon,FALSE,FALSE,America/Nome,3
27649,False Pass,False Pass,AK,Alaska,2013,Aleutians East,54.8416,-163.348,43,0,polygon,FALSE,TRUE,America/Nome,3
27650,Regan,Regan,ND,North Dakota,38015,Burleigh,47.1568,-100.5273,43,16,polygon,FALSE,TRUE,America/Chicago,3
27651,Clifford,Clifford,ND,North Dakota,38097,Traill,47.3482,-97.4101,43,118,polygon,FALSE,TRUE,America/Chicago,3
27652,Lorton,Lorton,NE,Nebraska,31131,Otoe,40.5972,-96.0243,43,389,polygon,FALSE,TRUE,America/Chicago,3
27653,Huntley,Huntley,NE,Nebraska,31083,Harlan,40.2105,-99.2904,43,47,polygon,FALSE,TRUE,America/Chicago,3
27654,Smicksburg,Smicksburg,PA,Pennsylvania,42063,Indiana,40.8701,-79.1712,43,113,polygon,FALSE,TRUE,America/New_York,3
27655,Annapolis,Annapolis,IL,Illinois,17033,Crawford,39.1452,-87.8154,43,535,polygon,FALSE,FALSE,America/Chicago,3
27656,East Amana,East Amana,IA,Iowa,19095,Iowa,41.8071,-91.8498,43,23,polygon,FALSE,FALSE,America/Chicago,3
27657,Udell,Udell,IA,Iowa,19007,Appanoose,40.7801,-92.7427,43,52,polygon,FALSE,TRUE,America/Chicago,3
27658,Clarysville,Clarysville,MD,Maryland,24001,Allegany,39.6421,-78.8887,43,142,polygon,FALSE,FALSE,America/New_York,3
27659,Meridian,Meridian,OK,Oklahoma,40083,Logan,35.844,-97.2456,43,84,polygon,FALSE,TRUE,America/Chicago,3
27660,Leonard,Leonard,MN,Minnesota,27029,Clearwater,47.6513,-95.2671,43,35,polygon,FALSE,TRUE,America/Chicago,3
27661,South End,South End,MN,Minnesota,27029,Clearwater,47.3231,-95.4788,43,9,polygon,FALSE,FALSE,America/Chicago,3
27662,Matfield Green,Matfield Green,KS,Kansas,20017,Chase,38.1596,-96.5626,43,116,polygon,FALSE,TRUE,America/Chicago,3
27663,Gramling,Gramling,SC,South Carolina,45083,Spartanburg,35.0782,-82.1332,43,16,polygon,FALSE,FALSE,America/New_York,3
27664,Jenkinsville,Jenkinsville,SC,South Carolina,45039,Fairfield,34.3128,-81.2875,43,186,polygon,FALSE,TRUE,America/New_York,3
27665,Lebanon,Lebanon,SD,South Dakota,46107,Potter,45.0688,-99.7664,43,31,polygon,FALSE,TRUE,America/Chicago,3
27666,Great Meadows,Great Meadows,NJ,New Jersey,34041,Warren,40.877,-74.9034,42,10,polygon,FALSE,FALSE,America/New_York,3
27667,Hainesburg,Hainesburg,NJ,New Jersey,34041,Warren,40.9542,-75.0632,42,104,polygon,FALSE,FALSE,America/New_York,3
27668,Youngsville,Youngsville,NM,New Mexico,35039,Rio Arriba,36.1928,-106.5659,42,18,polygon,FALSE,FALSE,America/Denver,3
27669,Amaya,Amaya,TX,Texas,48507,Zavala,28.7121,-99.8353,42,70,polygon,FALSE,FALSE,America/Chicago,3
27670,Skwentna,Skwentna,AK,Alaska,2170,Matanuska-Susitna,61.9314,-151.2096,42,0,polygon,FALSE,FALSE,America/Anchorage,3
27671,Lake Santeetlah,Lake Santeetlah,NC,North Carolina,37075,Graham,35.3636,-83.8664,42,83,polygon,FALSE,TRUE,America/New_York,3
27672,Fredonia,Fredonia,ND,North Dakota,38047,Logan,46.3292,-99.0957,42,67,polygon,FALSE,TRUE,America/Chicago,3
27673,Archer,Archer,NE,Nebraska,31121,Merrick,41.1667,-98.1389,42,16,polygon,FALSE,FALSE,America/Chicago,3
27674,Nelson,Nelson,NV,Nevada,32003,Clark,35.7179,-114.8313,42,3,polygon,FALSE,FALSE,America/Los_Angeles,3
27675,Deep Creek,Deep Creek,VA,Virginia,51001,Accomack,37.763,-75.7549,42,26,polygon,FALSE,FALSE,America/New_York,3
27676,Panorama Heights,Panorama Heights,CA,California,6107,Tulare,35.8068,-118.627,42,34,polygon,FALSE,FALSE,America/Los_Angeles,3
27677,Nanafalia,Nanafalia,AL,Alabama,1091,Marengo,32.1114,-87.9957,42,7,polygon,FALSE,FALSE,America/Chicago,3
27678,Cherokee City,Cherokee City,AR,Arkansas,5007,Benton,36.2947,-94.5769,42,34,polygon,FALSE,FALSE,America/Chicago,3
27679,Birdsong,Birdsong,AR,Arkansas,5093,Mississippi,35.4612,-90.2597,42,80,polygon,FALSE,TRUE,America/Chicago,3
27680,Florence,Florence,IN,Indiana,18155,Switzerland,38.7836,-84.9238,42,120,polygon,FALSE,FALSE,America/Indiana/Vevay,3
27681,Millerton,Millerton,IA,Iowa,19185,Wayne,40.8494,-93.3057,42,78,polygon,FALSE,TRUE,America/Chicago,3
27682,Hardy,Hardy,IA,Iowa,19091,Humboldt,42.8101,-94.0512,42,36,polygon,FALSE,TRUE,America/Chicago,3
27683,Owasa,Owasa,IA,Iowa,19083,Hardin,42.4319,-93.2047,42,28,polygon,FALSE,TRUE,America/Chicago,3
27684,Leando,Leando,IA,Iowa,19177,Van Buren,40.8221,-92.0805,42,8,polygon,FALSE,FALSE,America/Chicago,3
27685,Sugden,Sugden,OK,Oklahoma,40067,Jefferson,34.0826,-97.9788,42,74,polygon,FALSE,TRUE,America/Chicago,3
27686,Arbela,Arbela,MO,Missouri,29199,Scotland,40.4631,-92.0156,42,181,polygon,FALSE,TRUE,America/Chicago,3
27687,Strathcona,Strathcona,MN,Minnesota,27135,Roseau,48.5537,-96.1671,42,32,polygon,FALSE,TRUE,America/Chicago,3
27688,Humboldt,Humboldt,MN,Minnesota,27069,Kittson,48.9215,-97.0946,42,145,polygon,FALSE,TRUE,America/Chicago,3
27689,Vining,Vining,KS,Kansas,20027,Clay,39.5674,-97.2937,42,75,polygon,FALSE,TRUE,America/Chicago,3
27690,Coyville,Coyville,KS,Kansas,20205,Wilson,37.6873,-95.8959,42,60,polygon,FALSE,TRUE,America/Chicago,3
27691,Herron Island,Herron Island,WA,Washington,53053,Pierce,47.2645,-122.8348,41,33,polygon,FALSE,TRUE,America/Los_Angeles,3
27692,Jacksonburg,Jacksonburg,WV,West Virginia,54103,Wetzel,39.5304,-80.6404,41,10,polygon,FALSE,FALSE,America/New_York,3
27693,Etna,Etna,WY,Wyoming,56023,Lincoln,43.0334,-111.0129,41,8,polygon,FALSE,FALSE,America/Denver,3
27694,Moraida,Moraida,TX,Texas,48427,Starr,26.415,-98.9767,41,386,polygon,FALSE,TRUE,America/Chicago,3
27695,Edna Bay,Edna Bay,AK,Alaska,2198,Prince of Wales-Hyder,55.964,-133.6662,41,0,polygon,FALSE,TRUE,America/Sitka,3
27696,South Naknek,South Naknek,AK,Alaska,2060,Bristol Bay,58.6638,-156.9908,41,0,polygon,FALSE,FALSE,America/Anchorage,3
27697,Stony River,Stony River,AK,Alaska,2050,Bethel,61.7936,-156.586,41,5,polygon,FALSE,FALSE,America/Anchorage,3
27698,Rogers,Rogers,ND,North Dakota,38003,Barnes,47.074,-98.2031,41,16,polygon,FALSE,TRUE,America/Chicago,3
27699,Surprise,Surprise,NE,Nebraska,31023,Butler,41.1047,-97.3086,41,40,polygon,FALSE,TRUE,America/Chicago,3
27700,Saltaire,Saltaire,NY,New York,36103,Suffolk,40.6388,-73.1949,41,68,polygon,FALSE,TRUE,America/New_York,3
27701,McCoy,McCoy,CO,Colorado,8037,Eagle,39.9143,-106.7258,41,53,polygon,FALSE,FALSE,America/Denver,3
27702,Keddie,Keddie,CA,California,6063,Plumas,40.0059,-120.9525,41,24,polygon,FALSE,FALSE,America/Los_Angeles,3
27703,McClenney Tract,McClenney Tract,CA,California,6107,Tulare,35.822,-118.6478,41,25,polygon,FALSE,TRUE,America/Los_Angeles,3
27704,Benton,Benton,AL,Alabama,1085,Lowndes,32.3078,-86.818,41,52,polygon,FALSE,TRUE,America/Chicago,3
27705,Fitzpatrick,Fitzpatrick,AL,Alabama,1011,Bullock,32.2113,-85.8784,41,3,polygon,FALSE,FALSE,America/Chicago,3
27706,Phillipstown,Phillipstown,IL,Illinois,17193,White,38.1429,-88.0181,41,58,polygon,FALSE,TRUE,America/Chicago,3
27707,Rockwood,Rockwood,IL,Illinois,17157,Randolph,37.8405,-89.6968,41,74,polygon,FALSE,TRUE,America/Chicago,3
27708,Rodman,Rodman,IA,Iowa,19147,Palo Alto,43.0266,-94.5272,41,92,polygon,FALSE,TRUE,America/Chicago,3
27709,Buck Grove,Buck Grove,IA,Iowa,19047,Crawford,41.9178,-95.3951,41,43,polygon,FALSE,TRUE,America/Chicago,3
27710,Benton,Benton,IA,Iowa,19159,Ringgold,40.7041,-94.3612,41,23,polygon,FALSE,TRUE,America/Chicago,3
27711,Little Cedar,Little Cedar,IA,Iowa,19131,Mitchell,43.3698,-92.7236,41,8,polygon,FALSE,FALSE,America/Chicago,3
27712,Brownsville,Brownsville,MD,Maryland,24043,Washington,39.3782,-77.6615,41,55,polygon,FALSE,FALSE,America/New_York,3
27713,Oldtown,Oldtown,MD,Maryland,24001,Allegany,39.5428,-78.6155,41,118,polygon,FALSE,FALSE,America/New_York,3
27714,May,May,OK,Oklahoma,40059,Harper,36.6174,-99.7484,41,63,polygon,FALSE,TRUE,America/Chicago,3
27715,Athol,Athol,KS,Kansas,20183,Smith,39.7661,-98.9199,41,85,polygon,FALSE,TRUE,America/Chicago,3
27716,Langdon,Langdon,KS,Kansas,20155,Reno,37.8532,-98.3241,41,159,polygon,FALSE,TRUE,America/Chicago,3
27717,Inverness,Inverness,MT,Montana,30041,Hill,48.5599,-110.7103,41,4,polygon,FALSE,FALSE,America/Denver,3
27718,Maryhill,Maryhill,WA,Washington,53039,Klickitat,45.6928,-120.8071,40,5,polygon,FALSE,FALSE,America/Los_Angeles,3
27719,Boulder,Boulder,WY,Wyoming,56035,Sublette,42.7461,-109.7067,40,8,polygon,FALSE,FALSE,America/Denver,3
27720,Sunrise,Sunrise,AK,Alaska,2122,Kenai Peninsula,60.8701,-149.4678,40,1,polygon,FALSE,FALSE,America/Anchorage,3
27721,Springbrook,Springbrook,ND,North Dakota,38105,Williams,48.2521,-103.4618,40,41,polygon,FALSE,TRUE,America/Chicago,3
27722,Alice,Alice,ND,North Dakota,38017,Cass,46.76,-97.5562,40,15,polygon,FALSE,TRUE,America/Chicago,3
27723,Champion,Champion,NE,Nebraska,31029,Chase,40.4706,-101.7469,40,64,polygon,FALSE,FALSE,America/Denver,3
27724,Table Rock,Table Rock,PA,Pennsylvania,42001,Adams,39.9122,-77.2229,40,204,polygon,FALSE,FALSE,America/New_York,3
27725,Stonewall Gap,Stonewall Gap,CO,Colorado,8071,Las Animas,37.1604,-105.034,40,8,polygon,FALSE,FALSE,America/Denver,3
27726,Two Buttes,Two Buttes,CO,Colorado,8009,Baca,37.5607,-102.3964,40,62,polygon,FALSE,TRUE,America/Denver,3
27727,Edgewood,Edgewood,CA,California,6093,Siskiyou,41.462,-122.426,40,15,polygon,FALSE,FALSE,America/Los_Angeles,3
27728,Conway,Conway,IA,Iowa,19173,Taylor,40.7492,-94.62,40,69,polygon,FALSE,TRUE,America/Chicago,3
27729,Crozier,Crozier,AZ,Arizona,4015,Mohave,35.4227,-113.6486,40,14,polygon,FALSE,FALSE,America/Phoenix,3
27730,Gorman,Gorman,MD,Maryland,24023,Garrett,39.2923,-79.3527,40,12,polygon,FALSE,FALSE,America/New_York,3
27731,Miltonsburg,Miltonsburg,OH,Ohio,39111,Monroe,39.8313,-81.1646,40,212,polygon,FALSE,TRUE,America/New_York,3
27732,Stoutsville,Stoutsville,MO,Missouri,29137,Monroe,39.5479,-91.8572,40,18,polygon,FALSE,TRUE,America/Chicago,3
27733,Donaldson,Donaldson,MN,Minnesota,27069,Kittson,48.5749,-96.899,40,22,polygon,FALSE,TRUE,America/Chicago,3
27734,Roxbury,Roxbury,KS,Kansas,20113,McPherson,38.5511,-97.4274,40,3,polygon,FALSE,FALSE,America/Chicago,3
27735,Dresden,Dresden,KS,Kansas,20039,Decatur,39.6228,-100.4191,40,17,polygon,FALSE,TRUE,America/Chicago,3
27736,Carlton,Carlton,KS,Kansas,20041,Dickinson,38.6867,-97.2931,40,90,polygon,FALSE,TRUE,America/Chicago,3
27737,Woodford,Woodford,WI,Wisconsin,55065,Lafayette,42.6476,-89.8597,39,62,polygon,FALSE,FALSE,America/Chicago,3
27738,Arvada,Arvada,WY,Wyoming,56033,Sheridan,44.6621,-106.1419,39,8,polygon,FALSE,FALSE,America/Denver,3
27739,San Fernando,San Fernando,TX,Texas,48427,Starr,26.4033,-98.8351,39,621,polygon,FALSE,TRUE,America/Chicago,3
27740,Jessie,Jessie,ND,North Dakota,38039,Griggs,47.5402,-98.2291,39,31,polygon,FALSE,FALSE,America/Chicago,3
27741,Dickey,Dickey,ND,North Dakota,38045,LaMoure,46.5368,-98.4681,39,62,polygon,FALSE,TRUE,America/Chicago,3
27742,Cathay,Cathay,ND,North Dakota,38103,Wells,47.5542,-99.4108,39,81,polygon,FALSE,TRUE,America/Chicago,3
27743,Clinton,Clinton,NE,Nebraska,31161,Sheridan,42.7597,-102.3479,39,160,polygon,FALSE,TRUE,America/Denver,3
27744,Sawpit,Sawpit,CO,Colorado,8113,San Miguel,37.9947,-108.0022,39,501,polygon,FALSE,TRUE,America/Denver,3
27745,Eldora,Eldora,CO,Colorado,8013,Boulder,39.9536,-105.578,39,3,polygon,FALSE,FALSE,America/Denver,3
27746,Goldfield,Goldfield,CO,Colorado,8119,Teller,38.7177,-105.1254,39,106,polygon,FALSE,FALSE,America/Denver,3
27747,Ellston,Ellston,IA,Iowa,19159,Ringgold,40.8405,-94.1088,39,67,polygon,FALSE,TRUE,America/Chicago,3
27748,Aspinwall,Aspinwall,IA,Iowa,19047,Crawford,41.9105,-95.135,39,84,polygon,FALSE,TRUE,America/Chicago,3
27749,Coburg,Coburg,IA,Iowa,19137,Montgomery,40.9188,-95.2656,39,51,polygon,FALSE,TRUE,America/Chicago,3
27750,Clayton,Clayton,IA,Iowa,19043,Clayton,42.9033,-91.1505,39,30,polygon,FALSE,TRUE,America/Chicago,3
27751,Triplett,Triplett,MO,Missouri,29041,Chariton,39.4984,-93.194,39,65,polygon,FALSE,TRUE,America/Chicago,3
27752,Cliff Village,Cliff Village,MO,Missouri,29145,Newton,37.0251,-94.517,39,374,polygon,FALSE,TRUE,America/Chicago,3
27753,St. Cloud,St. Cloud,MO,Missouri,29055,Crawford,38.1732,-91.2127,39,12,polygon,FALSE,TRUE,America/Chicago,3
27754,Onton,Onton,KY,Kentucky,21233,Webster,37.5578,-87.4371,39,18,polygon,FALSE,FALSE,America/Chicago,3
27755,Cow Creek,Cow Creek,SD,South Dakota,46119,Sully,44.5538,-100.4753,39,8,polygon,FALSE,TRUE,America/Chicago,3
27756,Cass,Cass,WV,West Virginia,54075,Pocahontas,38.3963,-79.9191,38,18,polygon,FALSE,FALSE,America/New_York,3
27757,Glenwood,Glenwood,NM,New Mexico,35003,Catron,33.3188,-108.8811,38,9,polygon,FALSE,FALSE,America/Denver,3
27758,Lipscomb,Lipscomb,TX,Texas,48295,Lipscomb,36.2215,-100.2621,38,3,polygon,FALSE,FALSE,America/Chicago,3
27759,Morales-Sanchez,Morales-Sanchez,TX,Texas,48505,Zapata,26.7876,-99.1147,38,10,polygon,FALSE,TRUE,America/Chicago,3
27760,Port Protection,Port Protection,AK,Alaska,2198,Prince of Wales-Hyder,56.3293,-133.594,38,3,polygon,FALSE,FALSE,America/Sitka,3
27761,Dot Lake Village,Dot Lake Village,AK,Alaska,2240,Southeast Fairbanks,63.6622,-144.016,38,3,polygon,FALSE,FALSE,America/Anchorage,3
27762,Monango,Monango,ND,North Dakota,38021,Dickey,46.1734,-98.5952,38,38,polygon,FALSE,TRUE,America/Chicago,3
27763,Ragan,Ragan,NE,Nebraska,31083,Harlan,40.3108,-99.2896,38,57,polygon,FALSE,TRUE,America/Chicago,3
27764,Gilead,Gilead,NE,Nebraska,31169,Thayer,40.1461,-97.4151,38,212,polygon,FALSE,TRUE,America/Chicago,3
27765,Callimont,Callimont,PA,Pennsylvania,42111,Somerset,39.8011,-78.9216,38,3,polygon,FALSE,TRUE,America/New_York,3
27766,Coulterville,Coulterville,CA,California,6043,Mariposa,37.7105,-120.1992,38,3,polygon,FALSE,FALSE,America/Los_Angeles,3
27767,Toeterville,Toeterville,IA,Iowa,19131,Mitchell,43.4401,-92.8879,38,16,polygon,FALSE,FALSE,America/Chicago,3
27768,Greer,Greer,AZ,Arizona,4001,Apache,34.0054,-109.4611,38,27,polygon,FALSE,FALSE,America/Phoenix,3
27769,Nutrioso,Nutrioso,AZ,Arizona,4001,Apache,33.9515,-109.2058,38,47,polygon,FALSE,FALSE,America/Phoenix,3
27770,Indian Springs,Indian Springs,MD,Maryland,24043,Washington,39.6457,-78.0074,38,126,polygon,FALSE,FALSE,America/New_York,3
27771,Amorita,Amorita,OK,Oklahoma,40003,Alfalfa,36.924,-98.2936,38,57,polygon,FALSE,TRUE,America/Chicago,3
27772,Chesapeake,Chesapeake,MO,Missouri,29109,Lawrence,37.1161,-93.6791,38,32,polygon,FALSE,FALSE,America/Chicago,3
27773,Willis,Willis,KS,Kansas,20013,Brown,39.7227,-95.5057,38,89,polygon,FALSE,TRUE,America/Chicago,3
27774,Ravalli,Ravalli,MT,Montana,30047,Lake,47.2798,-114.1658,38,5,polygon,FALSE,FALSE,America/Denver,3
27775,Stryker,Stryker,MT,Montana,30053,Lincoln,48.6728,-114.7677,38,14,polygon,FALSE,FALSE,America/Denver,3
27776,Farmers,Farmers,KY,Kentucky,21205,Rowan,38.1405,-83.5414,38,17,polygon,FALSE,FALSE,America/New_York,3
27777,Dolton,Dolton,SD,South Dakota,46125,Turner,43.4911,-97.3848,38,57,polygon,FALSE,TRUE,America/Chicago,3
27778,Diaperville,Diaperville,WI,Wisconsin,55003,Ashland,46.606,-90.7101,37,34,polygon,FALSE,TRUE,America/Chicago,3
27779,Cañones,Canones,NM,New Mexico,35039,Rio Arriba,36.1769,-106.4244,37,3,polygon,FALSE,FALSE,America/Denver,3
27780,Lake Roberts,Lake Roberts,NM,New Mexico,35017,Grant,33.0313,-108.1689,37,50,polygon,FALSE,TRUE,America/Denver,3
27781,La Chuparosa,La Chuparosa,TX,Texas,48427,Starr,26.4037,-98.9268,37,1415,polygon,FALSE,TRUE,America/Chicago,3
27782,Samnorwood,Samnorwood,TX,Texas,48087,Collingsworth,35.0503,-100.2812,37,8,polygon,FALSE,FALSE,America/Chicago,3
27783,Wheatland,Wheatland,ND,North Dakota,38017,Cass,46.9049,-97.3455,37,3,polygon,FALSE,FALSE,America/Chicago,3
27784,Idalia,Idalia,CO,Colorado,8125,Yuma,39.7029,-102.2938,37,168,polygon,FALSE,FALSE,America/Denver,3
27785,Trona,Trona,CA,California,6027,Inyo,35.815,-117.3449,37,1,polygon,FALSE,TRUE,America/Los_Angeles,3
27786,Florence,Florence,IL,Illinois,17149,Pike,39.6288,-90.6108,37,51,polygon,FALSE,TRUE,America/Chicago,3
27787,Jolley,Jolley,IA,Iowa,19025,Calhoun,42.4794,-94.7182,37,124,polygon,FALSE,TRUE,America/Chicago,3
27788,Ottosen,Ottosen,IA,Iowa,19091,Humboldt,42.898,-94.3756,37,25,polygon,FALSE,TRUE,America/Chicago,3
27789,Mount Sterling,Mount Sterling,IA,Iowa,19177,Van Buren,40.6198,-91.9326,37,4,polygon,FALSE,FALSE,America/Chicago,3
27790,Elliott,Elliott,MD,Maryland,24019,Dorchester,38.3095,-76.0067,37,40,polygon,FALSE,FALSE,America/New_York,3
27791,Hartwell,Hartwell,MO,Missouri,29083,Henry,38.4331,-93.9342,37,30,polygon,FALSE,FALSE,America/Chicago,3
27792,Hillman,Hillman,MN,Minnesota,27097,Morrison,46.0063,-93.8887,37,22,polygon,FALSE,TRUE,America/Chicago,3
27793,West Roy Lake,West Roy Lake,MN,Minnesota,27087,Mahnomen,47.3116,-95.5954,37,8,polygon,FALSE,TRUE,America/Chicago,3
27794,Shaniko,Shaniko,OR,Oregon,41065,Wasco,45.0037,-120.7521,37,28,polygon,FALSE,TRUE,America/Los_Angeles,3
27795,Seneca,Seneca,SD,South Dakota,46049,Faulk,45.0608,-99.5092,37,34,polygon,FALSE,TRUE,America/Chicago,3
27796,Twilight,Twilight,WV,West Virginia,54005,Boone,37.9252,-81.6177,36,27,polygon,FALSE,FALSE,America/New_York,3
27797,Dundarrach,Dundarrach,NC,North Carolina,37093,Hoke,34.9246,-79.1574,36,10,polygon,FALSE,FALSE,America/New_York,3
27798,Landa,Landa,ND,North Dakota,38009,Bottineau,48.8959,-100.912,36,181,polygon,FALSE,TRUE,America/Chicago,3
27799,Cornlea,Cornlea,NE,Nebraska,31141,Platte,41.68,-97.5669,36,150,polygon,FALSE,TRUE,America/Chicago,3
27800,Crab Orchard,Crab Orchard,NE,Nebraska,31097,Johnson,40.3347,-96.4224,36,87,polygon,FALSE,TRUE,America/Chicago,3
27801,McLean,McLean,NE,Nebraska,31139,Pierce,42.3862,-97.4682,36,146,polygon,FALSE,TRUE,America/Chicago,3
27802,California Hot Springs,California Hot Springs,CA,California,6107,Tulare,35.8863,-118.6561,36,18,polygon,FALSE,FALSE,America/Los_Angeles,3
27803,Carlton,Carlton,AL,Alabama,1025,Clarke,31.343,-87.8378,36,3,polygon,FALSE,FALSE,America/Chicago,3
27804,Blue Eye,Blue Eye,AR,Arkansas,5015,Carroll,36.4966,-93.3977,36,183,polygon,FALSE,TRUE,America/Chicago,3
27805,Blanchard,Blanchard,IA,Iowa,19145,Page,40.5808,-95.2215,36,60,polygon,FALSE,TRUE,America/Chicago,3
27806,Elkport,Elkport,IA,Iowa,19043,Clayton,42.7411,-91.2751,36,55,polygon,FALSE,TRUE,America/Chicago,3
27807,Kenton,Kenton,OK,Oklahoma,40025,Cimarron,36.9064,-102.9653,36,19,polygon,FALSE,FALSE,America/Chicago,3
27808,Rendville,Rendville,OH,Ohio,39127,Perry,39.6199,-82.09,36,44,polygon,FALSE,TRUE,America/New_York,3
27809,Denver,Denver,MO,Missouri,29227,Worth,40.3989,-94.3233,36,36,polygon,FALSE,TRUE,America/Chicago,3
27810,Florence,Florence,MN,Minnesota,27083,Lyon,44.2372,-96.0517,36,129,polygon,FALSE,TRUE,America/Chicago,3
27811,Hamlin,Hamlin,KS,Kansas,20013,Brown,39.9155,-95.6276,36,158,polygon,FALSE,TRUE,America/Chicago,3
27812,Kickapoo Site 6,Kickapoo Site 6,KS,Kansas,20013,Brown,39.6917,-95.6905,36,44,polygon,FALSE,TRUE,America/Chicago,3
27813,Galatia,Galatia,KS,Kansas,20009,Barton,38.6411,-98.9578,36,39,polygon,FALSE,TRUE,America/Chicago,3
27814,Richfield,Richfield,KS,Kansas,20129,Morton,37.2653,-101.7828,36,13,polygon,FALSE,TRUE,America/Chicago,3
27815,Granite,Granite,OR,Oregon,41023,Grant,44.81,-118.4187,36,37,polygon,FALSE,TRUE,America/Los_Angeles,3
27816,Tolstoy,Tolstoy,SD,South Dakota,46107,Potter,45.2083,-99.614,36,76,polygon,FALSE,TRUE,America/Chicago,3
27817,Cundiyo,Cundiyo,NM,New Mexico,35049,Santa Fe,35.9565,-105.8971,35,27,polygon,FALSE,FALSE,America/Denver,3
27818,Covenant Life,Covenant Life,AK,Alaska,2100,Haines,59.3998,-136.0948,35,0,polygon,FALSE,FALSE,America/Juneau,3
27819,Berlin,Berlin,ND,North Dakota,38045,LaMoure,46.3784,-98.4885,35,140,polygon,FALSE,TRUE,America/Chicago,3
27820,Riceville,Riceville,PA,Pennsylvania,42039,Crawford,41.7792,-79.8045,35,31,polygon,FALSE,FALSE,America/New_York,3
27821,Piedra,Piedra,CO,Colorado,8053,Hinsdale,37.4418,-107.1685,35,1,polygon,FALSE,TRUE,America/Denver,3
27822,Old Station,Old Station,CA,California,6089,Shasta,40.6722,-121.4228,35,6,polygon,FALSE,FALSE,America/Los_Angeles,3
27823,Robinson Mill,Robinson Mill,CA,California,6007,Butte,39.4857,-121.3202,35,10,polygon,FALSE,TRUE,America/Los_Angeles,3
27824,Homewood Canyon,Homewood Canyon,CA,California,6027,Inyo,35.89,-117.3863,35,1,polygon,FALSE,TRUE,America/Los_Angeles,3
27825,Natural Bridge,Natural Bridge,AL,Alabama,1133,Winston,34.0904,-87.6014,35,31,polygon,FALSE,TRUE,America/Chicago,3
27826,Wenonah,Wenonah,IL,Illinois,17135,Montgomery,39.32,-89.288,35,8,polygon,FALSE,TRUE,America/Chicago,3
27827,Frytown,Frytown,IA,Iowa,19103,Johnson,41.5719,-91.7321,35,16,polygon,FALSE,FALSE,America/Chicago,3
27828,Texola,Texola,OK,Oklahoma,40009,Beckham,35.2222,-99.9927,35,21,polygon,FALSE,TRUE,America/Chicago,3
27829,Byron,Byron,OK,Oklahoma,40003,Alfalfa,36.9014,-98.2946,35,56,polygon,FALSE,TRUE,America/Chicago,3
27830,Rocky Ford,Rocky Ford,OK,Oklahoma,40041,Delaware,36.1749,-94.9113,35,5,polygon,FALSE,FALSE,America/Chicago,3
27831,Regal,Regal,MN,Minnesota,27067,Kandiyohi,45.4054,-94.8397,35,26,polygon,FALSE,TRUE,America/Chicago,3
27832,Cobden,Cobden,MN,Minnesota,27015,Brown,44.2825,-94.8466,35,13,polygon,FALSE,TRUE,America/Chicago,3
27833,Ronneby,Ronneby,MN,Minnesota,27009,Benton,45.6853,-93.8601,35,14,polygon,FALSE,FALSE,America/Chicago,3
27834,Bynum,Bynum,MT,Montana,30099,Teton,47.9681,-112.3165,35,8,polygon,FALSE,FALSE,America/Denver,3
27835,Juntura,Juntura,OR,Oregon,41045,Malheur,43.7487,-118.0789,35,5,polygon,FALSE,FALSE,America/Boise,3
27836,Hachita,Hachita,NM,New Mexico,35017,Grant,31.9153,-108.3251,34,29,polygon,FALSE,FALSE,America/Denver,3
27837,Fairdale,Fairdale,ND,North Dakota,38099,Walsh,48.49,-98.2312,34,41,polygon,FALSE,TRUE,America/Chicago,3
27838,Brinsmade,Brinsmade,ND,North Dakota,38005,Benson,48.184,-99.3236,34,48,polygon,FALSE,TRUE,America/Chicago,3
27839,Websters Crossing,Websters Crossing,NY,New York,36051,Livingston,42.6661,-77.6373,34,119,polygon,FALSE,FALSE,America/New_York,3
27840,Oasis,Oasis,NV,Nevada,32007,Elko,41.0286,-114.4763,34,14,polygon,FALSE,FALSE,America/Los_Angeles,3
27841,Maybell,Maybell,CO,Colorado,8081,Moffat,40.5191,-108.0889,34,25,polygon,FALSE,FALSE,America/Denver,3
27842,Paoli,Paoli,CO,Colorado,8095,Phillips,40.6128,-102.4717,34,44,polygon,FALSE,TRUE,America/Denver,3
27843,Jerome,Jerome,AR,Arkansas,5043,Drew,33.3988,-91.4697,34,129,polygon,FALSE,TRUE,America/Chicago,3
27844,Douglas,Douglas,OK,Oklahoma,40047,Garfield,36.2604,-97.6675,34,86,polygon,FALSE,TRUE,America/Chicago,3
27845,Kilbourne,Kilbourne,OH,Ohio,39041,Delaware,40.3323,-82.9592,34,29,polygon,FALSE,FALSE,America/New_York,3
27846,Granger,Granger,MO,Missouri,29199,Scotland,40.467,-91.9736,34,82,polygon,FALSE,TRUE,America/Chicago,3
27847,Sundown,Sundown,MO,Missouri,29153,Ozark,36.566,-92.638,34,12,polygon,FALSE,FALSE,America/Chicago,3
27848,Lupus,Lupus,MO,Missouri,29135,Moniteau,38.846,-92.454,34,71,polygon,FALSE,TRUE,America/Chicago,3
27849,Denham,Denham,MN,Minnesota,27115,Pine,46.3617,-92.9415,34,9,polygon,FALSE,TRUE,America/Chicago,3
27850,Beaulieu,Beaulieu,MN,Minnesota,27087,Mahnomen,47.3389,-95.8054,34,3,polygon,FALSE,FALSE,America/Chicago,3
27851,Danville,Danville,KS,Kansas,20077,Harper,37.286,-97.8921,34,158,polygon,FALSE,TRUE,America/Chicago,3
27852,Speed,Speed,KS,Kansas,20147,Phillips,39.6764,-99.4209,34,87,polygon,FALSE,TRUE,America/Chicago,3
27853,Kickapoo Site 7,Kickapoo Site 7,KS,Kansas,20013,Brown,39.6894,-95.6713,34,25,polygon,FALSE,TRUE,America/Chicago,3
27854,Reserve,Reserve,MT,Montana,30091,Sheridan,48.6024,-104.4677,34,9,polygon,FALSE,FALSE,America/Denver,3
27855,Boyd,Boyd,MT,Montana,30009,Carbon,45.4556,-109.0667,34,58,polygon,FALSE,FALSE,America/Denver,3
27856,Altamont,Altamont,SD,South Dakota,46039,Deuel,44.8408,-96.6901,34,10,polygon,FALSE,TRUE,America/Chicago,3
27857,Broadland,Broadland,SD,South Dakota,46005,Beadle,44.4938,-98.3466,34,13,polygon,FALSE,TRUE,America/Chicago,3
27858,Port Murray,Port Murray,NJ,New Jersey,34041,Warren,40.7912,-74.9138,33,73,polygon,FALSE,FALSE,America/New_York,3
27859,Homestead,Homestead,NM,New Mexico,35003,Catron,34.1489,-107.8822,33,10,polygon,FALSE,TRUE,America/Denver,3
27860,Los Minerales,Los Minerales,TX,Texas,48479,Webb,27.6555,-99.6179,33,11,polygon,FALSE,TRUE,America/Matamoros,3
27861,Mentone,Mentone,TX,Texas,48301,Loving,31.7073,-103.5989,33,74,polygon,FALSE,FALSE,America/Chicago,3
27862,Excursion Inlet,Excursion Inlet,AK,Alaska,2100,Haines,58.4355,-135.373,33,0,polygon,FALSE,FALSE,America/Juneau,3
27863,Canton City,Canton City,ND,North Dakota,38067,Pembina,48.688,-97.6661,33,51,polygon,FALSE,TRUE,America/Chicago,3
27864,Caledonia,Caledonia,ND,North Dakota,38097,Traill,47.4576,-96.8893,33,24,polygon,FALSE,FALSE,America/Chicago,3
27865,Cushing,Cushing,NE,Nebraska,31093,Howard,41.2948,-98.3691,33,41,polygon,FALSE,TRUE,America/Chicago,3
27866,Twain,Twain,CA,California,6063,Plumas,40.0355,-121.0404,33,1,polygon,FALSE,FALSE,America/Los_Angeles,3
27867,Panola,Panola,AL,Alabama,1119,Sumter,32.9478,-88.2674,33,17,polygon,FALSE,FALSE,America/Chicago,3
27868,Floraville,Floraville,IL,Illinois,17163,St. Clair,38.3763,-90.0557,33,231,polygon,FALSE,FALSE,America/Chicago,3
27869,Bentley,Bentley,IL,Illinois,17067,Hancock,40.344,-91.1118,33,89,polygon,FALSE,TRUE,America/Chicago,3
27870,Berkley,Berkley,IA,Iowa,19015,Boone,41.9465,-94.1136,33,63,polygon,FALSE,TRUE,America/Chicago,3
27871,Macomb,Macomb,OK,Oklahoma,40125,Pottawatomie,35.1479,-97.0087,33,143,polygon,FALSE,TRUE,America/Chicago,3
27872,Piney,Piney,OK,Oklahoma,40001,Adair,35.8875,-94.5536,33,2,polygon,FALSE,FALSE,America/Chicago,3
27873,Bushong,Bushong,KS,Kansas,20111,Lyon,38.6428,-96.2567,33,84,polygon,FALSE,TRUE,America/Chicago,3
27874,Byers,Byers,KS,Kansas,20151,Pratt,37.7879,-98.867,33,75,polygon,FALSE,TRUE,America/Chicago,3
27875,Jardine,Jardine,MT,Montana,30067,Park,45.0565,-110.6186,33,0,polygon,FALSE,FALSE,America/Denver,3
27876,Princeton,Princeton,SC,South Carolina,45059,Laurens,34.4912,-82.2957,33,16,polygon,FALSE,FALSE,America/New_York,3
27877,Concord,Concord,KY,Kentucky,21135,Lewis,38.6876,-83.4915,33,206,polygon,FALSE,TRUE,America/New_York,3
27878,Rockham,Rockham,SD,South Dakota,46049,Faulk,44.9043,-98.8234,33,25,polygon,FALSE,TRUE,America/Chicago,3
27879,Orason,Orason,TX,Texas,48061,Cameron,26.0742,-97.4458,32,37,polygon,FALSE,FALSE,America/Chicago,3
27880,Wolford,Wolford,ND,North Dakota,38069,Pierce,48.4976,-99.7035,32,68,polygon,FALSE,TRUE,America/Chicago,3
27881,Alsen,Alsen,ND,North Dakota,38019,Cavalier,48.6303,-98.7048,32,0,polygon,FALSE,TRUE,America/Chicago,3
27882,Jenner,Jenner,CA,California,6097,Sonoma,38.4511,-123.1203,32,5,polygon,FALSE,FALSE,America/Los_Angeles,3
27883,Victoria,Victoria,AR,Arkansas,5093,Mississippi,35.7574,-90.0602,32,39,polygon,FALSE,TRUE,America/Chicago,3
27884,Dresser,Dresser,IN,Indiana,18167,Vigo,39.4633,-87.424,32,81,polygon,FALSE,TRUE,America/Indiana/Indianapolis,3
27885,Yetter,Yetter,IA,Iowa,19025,Calhoun,42.3161,-94.8432,32,98,polygon,FALSE,TRUE,America/Chicago,3
27886,Spencer,Spencer,ID,Idaho,16033,Clark,44.3769,-112.1897,32,10,polygon,FALSE,TRUE,America/Boise,3
27887,Kemps Mill,Kemps Mill,MD,Maryland,24043,Washington,39.6268,-77.8138,32,47,polygon,FALSE,TRUE,America/New_York,3
27888,Bison,Bison,OK,Oklahoma,40047,Garfield,36.196,-97.8979,32,11,polygon,FALSE,FALSE,America/Chicago,3
27889,Rosston,Rosston,OK,Oklahoma,40059,Harper,36.8128,-99.9328,32,45,polygon,FALSE,TRUE,America/Chicago,3
27890,Huntsdale,Huntsdale,MO,Missouri,29019,Boone,38.912,-92.4786,32,42,polygon,FALSE,TRUE,America/Chicago,3
27891,Biehle,Biehle,MO,Missouri,29157,Perry,37.6066,-89.8376,32,55,polygon,FALSE,FALSE,America/Chicago,3
27892,Passaic,Passaic,MO,Missouri,29013,Bates,38.322,-94.3486,32,174,polygon,FALSE,TRUE,America/Chicago,3
27893,Correll,Correll,MN,Minnesota,27011,Big Stone,45.232,-96.1627,32,32,polygon,FALSE,TRUE,America/Chicago,3
27894,Kickapoo Site 5,Kickapoo Site 5,KS,Kansas,20013,Brown,39.6735,-95.6842,32,16,polygon,FALSE,TRUE,America/Chicago,3
27895,Catharine,Catharine,KS,Kansas,20051,Ellis,38.9302,-99.2144,32,6,polygon,FALSE,FALSE,America/Chicago,3
27896,Roscoe,Roscoe,MT,Montana,30009,Carbon,45.3517,-109.4933,32,54,polygon,FALSE,FALSE,America/Denver,3
27897,Storla,Storla,SD,South Dakota,46003,Aurora,43.8625,-98.3526,32,98,polygon,FALSE,FALSE,America/Chicago,3
27898,Escondida,Escondida,NM,New Mexico,35053,Socorro,34.1012,-106.8974,31,89,polygon,FALSE,FALSE,America/Denver,3
27899,Los Veteranos II,Los Veteranos II,TX,Texas,48427,Starr,27.7712,-99.4433,31,75,polygon,FALSE,FALSE,America/Chicago,3
27900,Jardin de San Julian,Jardin de San Julian,TX,Texas,48427,Starr,26.5254,-99.0999,31,768,polygon,FALSE,TRUE,America/Chicago,3
27901,Lawton,Lawton,ND,North Dakota,38071,Ramsey,48.3036,-98.3684,31,13,polygon,FALSE,TRUE,America/Chicago,3
27902,Gandy,Gandy,NE,Nebraska,31113,Logan,41.4698,-100.4583,31,48,polygon,FALSE,TRUE,America/Chicago,3
27903,Warm Springs,Warm Springs,VA,Virginia,51017,Bath,38.0463,-79.7826,31,7,polygon,FALSE,FALSE,America/New_York,3
27904,Galt,Galt,IA,Iowa,19197,Wright,42.693,-93.6051,31,22,polygon,FALSE,TRUE,America/Chicago,3
27905,Grainola,Grainola,OK,Oklahoma,40113,Osage,36.9379,-96.6488,31,50,polygon,FALSE,TRUE,America/Chicago,3
27906,Charmwood,Charmwood,MO,Missouri,29071,Franklin,38.2811,-91.0966,31,85,polygon,FALSE,TRUE,America/Chicago,3
27907,Susank,Susank,KS,Kansas,20009,Barton,38.6407,-98.7745,31,120,polygon,FALSE,TRUE,America/Chicago,3
27908,Logan,Logan,MT,Montana,30031,Gallatin,45.8843,-111.4236,31,23,polygon,FALSE,FALSE,America/Denver,3
27909,Running Water,Running Water,SD,South Dakota,46009,Bon Homme,42.7822,-97.9816,31,5,polygon,FALSE,FALSE,America/Chicago,3
27910,Long Lake,Long Lake,SD,South Dakota,46089,McPherson,45.8567,-99.2059,31,43,polygon,FALSE,TRUE,America/Chicago,3
27911,Chelan Falls,Chelan Falls,WA,Washington,53007,Chelan,47.7994,-119.9884,30,41,polygon,FALSE,FALSE,America/Los_Angeles,3
27912,Santiago,Santiago,WA,Washington,53027,Grays Harbor,47.2975,-124.2327,30,7,polygon,FALSE,TRUE,America/Los_Angeles,3
27913,Impact,Impact,TX,Texas,48441,Taylor,32.5002,-99.7466,30,133,polygon,FALSE,TRUE,America/Chicago,3
27914,Whale Pass,Whale Pass,AK,Alaska,2198,Prince of Wales-Hyder,56.1053,-133.1244,30,0,polygon,FALSE,TRUE,America/Sitka,3
27915,Wales,Wales,ND,North Dakota,38019,Cavalier,48.8952,-98.6008,30,47,polygon,FALSE,TRUE,America/Chicago,3
27916,Moorefield,Moorefield,NE,Nebraska,31063,Frontier,40.6899,-100.4004,30,69,polygon,FALSE,TRUE,America/Chicago,3
27917,Verdel,Verdel,NE,Nebraska,31107,Knox,42.8114,-98.1933,30,67,polygon,FALSE,TRUE,America/Chicago,3
27918,Dry Valley,Dry Valley,NV,Nevada,32017,Lincoln,37.8843,-114.3051,30,3,polygon,FALSE,TRUE,America/Los_Angeles,3
27919,Alleghany,Alleghany,CA,California,6091,Sierra,39.4666,-120.841,30,33,polygon,FALSE,FALSE,America/Los_Angeles,3
27920,Creston,Creston,CA,California,6079,San Luis Obispo,35.5173,-120.5211,30,20,polygon,FALSE,FALSE,America/Los_Angeles,3
27921,Hardwick,Hardwick,CA,California,6031,Kings,36.4026,-119.7208,30,83,polygon,FALSE,FALSE,America/Los_Angeles,3
27922,Carbon,Carbon,IA,Iowa,19003,Adams,41.0497,-94.824,30,16,polygon,FALSE,TRUE,America/Chicago,3
27923,Haigler Creek,Haigler Creek,AZ,Arizona,4007,Gila,34.2163,-110.9719,30,7,polygon,FALSE,TRUE,America/Phoenix,3
27924,Littlejohn Island,Littlejohn Island,ME,Maine,23005,Cumberland,43.7599,-70.1284,30,33,polygon,FALSE,FALSE,America/New_York,3
27925,Wardville,Wardville,OK,Oklahoma,40005,Atoka,34.655,-96.0309,30,11,polygon,FALSE,FALSE,America/Chicago,3
27926,Nardin,Nardin,OK,Oklahoma,40071,Kay,36.8041,-97.4499,30,11,polygon,FALSE,FALSE,America/Chicago,3
27927,Caberfae,Caberfae,MI,Michigan,26165,Wexford,44.2491,-85.7256,30,26,polygon,FALSE,TRUE,America/Detroit,3
27928,Waldo,Waldo,KS,Kansas,20167,Russell,39.12,-98.7983,30,30,polygon,FALSE,TRUE,America/Chicago,3
27929,Levant,Levant,KS,Kansas,20193,Thomas,39.3881,-101.1948,30,11,polygon,FALSE,FALSE,America/Chicago,3
27930,Zortman,Zortman,MT,Montana,30071,Phillips,47.9167,-108.5091,30,2,polygon,FALSE,FALSE,America/Denver,3
27931,Clam Lake,Clam Lake,WI,Wisconsin,55003,Ashland,46.1579,-90.9056,29,27,polygon,FALSE,FALSE,America/Chicago,3
27932,Jeffrey City,Jeffrey City,WY,Wyoming,56013,Fremont,42.4808,-107.8256,29,0,polygon,FALSE,FALSE,America/Denver,3
27933,Grenville,Grenville,NM,New Mexico,35059,Union,36.5905,-103.6145,29,29,polygon,FALSE,TRUE,America/Denver,3
27934,Luverne,Luverne,ND,North Dakota,38091,Steele,47.2514,-97.9348,29,43,polygon,FALSE,TRUE,America/Chicago,3
27935,Lushton,Lushton,NE,Nebraska,31185,York,40.724,-97.7237,29,78,polygon,FALSE,TRUE,America/Chicago,3
27936,Bazile Mills,Bazile Mills,NE,Nebraska,31107,Knox,42.5124,-97.9083,29,22,polygon,FALSE,TRUE,America/Chicago,3
27937,Byersville,Byersville,NY,New York,36051,Livingston,42.5839,-77.7914,29,21,polygon,FALSE,FALSE,America/New_York,3
27938,Beaverdam,Beaverdam,NV,Nevada,32017,Lincoln,37.6892,-114.4489,29,17,polygon,FALSE,TRUE,America/Los_Angeles,3
27939,Goodyears Bar,Goodyears Bar,CA,California,6091,Sierra,39.5458,-120.8881,29,5,polygon,FALSE,FALSE,America/Los_Angeles,3
27940,Pearsonville,Pearsonville,CA,California,6027,Inyo,35.8188,-117.8755,29,2,polygon,FALSE,FALSE,America/Los_Angeles,3
27941,Cannondale,Cannondale,CT,Connecticut,9001,Fairfield,41.2161,-73.4248,29,36,polygon,FALSE,FALSE,America/New_York,3
27942,Putnam,Putnam,OK,Oklahoma,40043,Dewey,35.8559,-98.9679,29,111,polygon,FALSE,TRUE,America/Chicago,3
27943,Fortescue,Fortescue,MO,Missouri,29087,Holt,40.0519,-95.3176,29,145,polygon,FALSE,TRUE,America/Chicago,3
27944,Marvin,Marvin,SD,South Dakota,46051,Grant,45.2605,-96.9154,29,20,polygon,FALSE,TRUE,America/Chicago,3
27945,Dailey,Dailey,WV,West Virginia,54083,Randolph,38.7968,-79.8967,28,21,polygon,FALSE,FALSE,America/New_York,3
27946,Byram Center,Byram Center,NJ,New Jersey,34037,Sussex,40.9399,-74.7171,28,9,polygon,FALSE,TRUE,America/New_York,3
27947,Ensenada,Ensenada,NM,New Mexico,35039,Rio Arriba,36.7309,-106.5367,28,7,polygon,FALSE,FALSE,America/Denver,3
27948,Tonsina,Tonsina,AK,Alaska,2261,Valdez-Cordova,61.5617,-145.0656,28,0,polygon,FALSE,FALSE,America/Anchorage,3
27949,Gardena,Gardena,ND,North Dakota,38009,Bottineau,48.7012,-100.4981,28,31,polygon,FALSE,TRUE,America/Chicago,3
27950,Sibley,Sibley,ND,North Dakota,38003,Barnes,47.2186,-97.9653,28,240,polygon,FALSE,TRUE,America/Chicago,3
27951,Kramer,Kramer,ND,North Dakota,38009,Bottineau,48.691,-100.7078,28,70,polygon,FALSE,TRUE,America/Chicago,3
27952,Green Hills,Green Hills,PA,Pennsylvania,42125,Washington,40.1153,-80.3049,28,11,polygon,FALSE,TRUE,America/New_York,3
27953,Sequoia Crest,Sequoia Crest,CA,California,6107,Tulare,36.1858,-118.6256,28,10,polygon,FALSE,TRUE,America/Los_Angeles,3
27954,Prattville,Prattville,CA,California,6063,Plumas,40.206,-121.1575,28,17,polygon,FALSE,FALSE,America/Los_Angeles,3
27955,Fults,Fults,IL,Illinois,17133,Monroe,38.1644,-90.2128,28,204,polygon,FALSE,TRUE,America/Chicago,3
27956,New Amsterdam,New Amsterdam,IN,Indiana,18061,Harrison,38.1022,-86.276,28,141,polygon,FALSE,TRUE,America/New_York,3
27957,Maloy,Maloy,IA,Iowa,19159,Ringgold,40.6732,-94.4119,28,17,polygon,FALSE,TRUE,America/Chicago,3
27958,Charco,Charco,AZ,Arizona,4019,Pima,32.2474,-112.6001,28,11,polygon,FALSE,FALSE,America/Phoenix,3
27959,Little Orleans,Little Orleans,MD,Maryland,24001,Allegany,39.6308,-78.3921,28,15,polygon,FALSE,FALSE,America/New_York,3
27960,Evergreen,Evergreen,MO,Missouri,29105,Laclede,37.5486,-92.5961,28,1,polygon,FALSE,TRUE,America/Chicago,3
27961,Fremont,Fremont,MO,Missouri,29035,Carter,36.9522,-91.1623,28,54,polygon,FALSE,FALSE,America/Chicago,3
27962,Annada,Annada,MO,Missouri,29163,Pike,39.2621,-90.8287,28,177,polygon,FALSE,TRUE,America/Chicago,3
27963,Dunlap,Dunlap,KS,Kansas,20127,Morris,38.5763,-96.3676,28,43,polygon,FALSE,TRUE,America/Chicago,3
27964,Monte Verde,Monte Verde,PR,Puerto Rico,72113,Ponce,18.0972,-66.6196,28,26,polygon,FALSE,TRUE,America/Puerto_Rico,3
27965,Kaylor,Kaylor,SD,South Dakota,46067,Hutchinson,43.193,-97.8434,28,16,polygon,FALSE,FALSE,America/Chicago,3
27966,Greenwater,Greenwater,WA,Washington,53053,Pierce,47.1465,-121.632,27,7,polygon,FALSE,FALSE,America/Los_Angeles,3
27967,Lake Buena Vista,Lake Buena Vista,FL,Florida,12095,Orange,28.379,-81.5262,27,3,polygon,FALSE,TRUE,America/New_York,3
27968,Casas,Casas,TX,Texas,48427,Starr,26.4753,-98.9333,27,1160,polygon,FALSE,TRUE,America/Chicago,3
27969,Fernando Salinas,Fernando Salinas,TX,Texas,48427,Starr,26.3979,-98.8311,27,551,polygon,FALSE,TRUE,America/Chicago,3
27970,Aleneva,Aleneva,AK,Alaska,2150,Kodiak Island,58.059,-152.9091,27,0,polygon,FALSE,FALSE,America/Anchorage,3
27971,De Lamere,De Lamere,ND,North Dakota,38081,Sargent,46.2668,-97.3332,27,39,polygon,FALSE,FALSE,America/Chicago,3
27972,Egeland,Egeland,ND,North Dakota,38095,Towner,48.6281,-99.098,27,32,polygon,FALSE,TRUE,America/Chicago,3
27973,Braddock,Braddock,ND,North Dakota,38029,Emmons,46.564,-100.0896,27,41,polygon,FALSE,TRUE,America/Chicago,3
27974,Embden,Embden,ND,North Dakota,38017,Cass,46.805,-97.4395,27,14,polygon,FALSE,FALSE,America/Chicago,3
27975,Sarles,Sarles,ND,North Dakota,38019,Cavalier,48.945,-98.9969,27,39,polygon,FALSE,TRUE,America/Chicago,3
27976,Balfour,Balfour,ND,North Dakota,38049,McHenry,47.9509,-100.5343,27,18,polygon,FALSE,TRUE,America/Chicago,3
27977,Strang,Strang,NE,Nebraska,31059,Fillmore,40.4149,-97.5872,27,83,polygon,FALSE,TRUE,America/Chicago,3
27978,Cowles,Cowles,NE,Nebraska,31181,Webster,40.1714,-98.4491,27,18,polygon,FALSE,TRUE,America/Chicago,3
27979,Lee Mont,Lee Mont,VA,Virginia,51001,Accomack,37.7799,-75.6802,27,13,polygon,FALSE,FALSE,America/New_York,3
27980,Bankston,Bankston,IA,Iowa,19061,Dubuque,42.5074,-90.9613,27,38,polygon,FALSE,TRUE,America/Chicago,3
27981,Atomic City,Atomic City,ID,Idaho,16011,Bingham,43.4431,-112.8124,27,131,polygon,FALSE,TRUE,America/Boise,3
27982,Fairview,Fairview,MD,Maryland,24043,Washington,39.7111,-77.8406,27,49,polygon,FALSE,FALSE,America/New_York,3
27983,Fallis,Fallis,OK,Oklahoma,40081,Lincoln,35.7499,-97.1183,27,35,polygon,FALSE,TRUE,America/Chicago,3
27984,Rockbridge,Rockbridge,OH,Ohio,39073,Hocking,39.5862,-82.5262,27,27,polygon,FALSE,FALSE,America/New_York,3
27985,South Lineville,South Lineville,MO,Missouri,29129,Mercer,40.5785,-93.5243,27,191,polygon,FALSE,TRUE,America/Chicago,3
27986,Johnson,Johnson,MN,Minnesota,27011,Big Stone,45.5722,-96.294,27,33,polygon,FALSE,TRUE,America/Chicago,3
27987,Pilgrim,Pilgrim,MI,Michigan,26019,Benzie,44.6645,-86.2498,27,29,polygon,FALSE,FALSE,America/Detroit,3
27988,Cedar Point,Cedar Point,KS,Kansas,20017,Chase,38.2601,-96.8218,27,154,polygon,FALSE,TRUE,America/Chicago,3
27989,Crocker,Crocker,SD,South Dakota,46025,Clark,45.107,-97.7806,27,2,polygon,FALSE,FALSE,America/Chicago,3
27990,Lazy Lake,Lazy Lake,FL,Florida,12011,Broward,26.1563,-80.1452,26,436,polygon,FALSE,TRUE,America/New_York,3
27991,Mendeltna,Mendeltna,AK,Alaska,2261,Valdez-Cordova,62.1359,-146.5388,26,0,polygon,FALSE,FALSE,America/Anchorage,3
27992,Kupreanof,Kupreanof,AK,Alaska,2195,Petersburg Borough,56.8089,-132.9889,26,3,polygon,FALSE,TRUE,America/Sitka,3
27993,Nikolski,Nikolski,AK,Alaska,2016,Aleutians West,53.0133,-168.7536,26,0,polygon,FALSE,FALSE,America/Nome,3
27994,Antler,Antler,ND,North Dakota,38009,Bottineau,48.9713,-101.2832,26,54,polygon,FALSE,TRUE,America/Chicago,3
27995,Bucyrus,Bucyrus,ND,North Dakota,38001,Adams,46.0648,-102.7885,26,28,polygon,FALSE,TRUE,America/Denver,3
27996,Cayuga,Cayuga,ND,North Dakota,38081,Sargent,46.0761,-97.3845,26,10,polygon,FALSE,TRUE,America/Chicago,3
27997,Preston,Preston,NE,Nebraska,31147,Richardson,40.0346,-95.5182,26,176,polygon,FALSE,TRUE,America/Chicago,3
27998,Ursine,Ursine,NV,Nevada,32017,Lincoln,37.9772,-114.2289,26,2,polygon,FALSE,FALSE,America/Los_Angeles,3
27999,Memphis,Memphis,AL,Alabama,1107,Pickens,33.1369,-88.3008,26,25,polygon,FALSE,TRUE,America/Chicago,3
28000,Gilbert,Gilbert,AR,Arkansas,5129,Searcy,35.9905,-92.7166,26,27,polygon,FALSE,TRUE,America/Chicago,3
28001,St. Benedict,St. Benedict,IA,Iowa,19109,Kossuth,43.044,-94.0609,26,13,polygon,FALSE,FALSE,America/Chicago,3
28002,Kent,Kent,IA,Iowa,19175,Union,40.9536,-94.4611,26,20,polygon,FALSE,FALSE,America/Chicago,3
28003,Danville,Danville,MO,Missouri,29139,Montgomery,38.9125,-91.5323,26,26,polygon,FALSE,FALSE,America/Chicago,3
28004,Brownell,Brownell,KS,Kansas,20135,Ness,38.6406,-99.7442,26,50,polygon,FALSE,TRUE,America/Chicago,3
28005,Martinsdale,Martinsdale,MT,Montana,30059,Meagher,46.4548,-110.312,26,11,polygon,FALSE,FALSE,America/Denver,3
28006,Fingerville,Fingerville,SC,South Carolina,45083,Spartanburg,35.1351,-82.0003,26,41,polygon,FALSE,FALSE,America/New_York,3
28007,Lowes,Lowes,KY,Kentucky,21083,Graves,36.8828,-88.7706,26,14,polygon,FALSE,FALSE,America/Chicago,3
28008,Biggs Junction,Biggs Junction,OR,Oregon,41055,Sherman,45.664,-120.8389,26,11,polygon,FALSE,FALSE,America/Los_Angeles,3
28009,Chelsea,Chelsea,SD,South Dakota,46049,Faulk,45.1676,-98.7434,26,31,polygon,FALSE,TRUE,America/Chicago,3
28010,Covel,Covel,WV,West Virginia,54109,Wyoming,37.4907,-81.3196,25,45,polygon,FALSE,FALSE,America/New_York,3
28011,Albany,Albany,WY,Wyoming,56001,Albany,41.1868,-106.1255,25,0,polygon,FALSE,FALSE,America/Denver,3
28012,Olivia Lopez de Gutierrez,Olivia Lopez de Gutierrez,TX,Texas,48427,Starr,26.3276,-98.7167,25,1033,polygon,FALSE,TRUE,America/Chicago,3
28013,Eagle Village,Eagle Village,AK,Alaska,2240,Southeast Fairbanks,64.7434,-141.1138,25,0,polygon,FALSE,FALSE,America/Anchorage,3
28014,Ludden,Ludden,ND,North Dakota,38021,Dickey,46.0082,-98.1254,25,12,polygon,FALSE,TRUE,America/Chicago,3
28015,Selz,Selz,ND,North Dakota,38069,Pierce,47.8594,-99.8934,25,70,polygon,FALSE,FALSE,America/Chicago,3
28016,Elliott,Elliott,ND,North Dakota,38073,Ransom,46.4023,-97.8149,25,63,polygon,FALSE,TRUE,America/Chicago,3
28017,Knox,Knox,ND,North Dakota,38005,Benson,48.3439,-99.6911,25,20,polygon,FALSE,TRUE,America/Chicago,3
28018,Denhoff,Denhoff,ND,North Dakota,38083,Sheridan,47.4786,-100.2592,25,14,polygon,FALSE,FALSE,America/Chicago,3
28019,Stockville,Stockville,NE,Nebraska,31063,Frontier,40.5336,-100.3845,25,36,polygon,FALSE,TRUE,America/Chicago,3
28020,Brandon,Brandon,CO,Colorado,8061,Kiowa,38.4464,-102.4412,25,82,polygon,FALSE,FALSE,America/Denver,3
28021,Blairsden,Blairsden,CA,California,6063,Plumas,39.7752,-120.6109,25,17,polygon,FALSE,FALSE,America/Los_Angeles,3
28022,Lowman,Lowman,ID,Idaho,16015,Boise,44.0785,-115.6205,25,4,polygon,FALSE,FALSE,America/Boise,3
28023,Old Eucha,Old Eucha,OK,Oklahoma,40041,Delaware,36.3551,-94.9379,25,3,polygon,FALSE,FALSE,America/Chicago,3
28024,Panola,Panola,OK,Oklahoma,40077,Latimer,34.9273,-95.2099,25,8,polygon,FALSE,FALSE,America/Chicago,3
28025,Silver Gate,Silver Gate,MT,Montana,30067,Park,45.0198,-109.9829,25,2,polygon,FALSE,FALSE,America/Denver,3
28026,Tillatoba,Tillatoba,MS,Mississippi,28161,Yalobusha,33.9851,-89.8961,25,9,polygon,FALSE,TRUE,America/Chicago,3
28027,Jump River,Jump River,WI,Wisconsin,55119,Taylor,45.3555,-90.7966,24,24,polygon,FALSE,FALSE,America/Chicago,3
28028,Roderfield,Roderfield,WV,West Virginia,54047,McDowell,37.4501,-81.7029,24,34,polygon,FALSE,FALSE,America/New_York,3
28029,Manele,Manele,HI,Hawaii,15009,Maui,20.7419,-156.9012,24,7,polygon,FALSE,TRUE,Pacific/Honolulu,3
28030,Lake Harbor,Lake Harbor,FL,Florida,12099,Palm Beach,26.6885,-80.8079,24,7,polygon,FALSE,FALSE,America/New_York,3
28031,Cobre,Cobre,NM,New Mexico,35017,Grant,32.7805,-108.1105,24,138,polygon,FALSE,FALSE,America/Denver,3
28032,Grandfather,Grandfather,NC,North Carolina,37011,Avery,36.0987,-81.8482,24,5,polygon,FALSE,TRUE,America/New_York,3
28033,Ambrose,Ambrose,ND,North Dakota,38023,Divide,48.9559,-103.4813,24,9,polygon,FALSE,TRUE,America/Chicago,3
28034,Aten,Aten,NE,Nebraska,31027,Cedar,42.8369,-97.4408,24,5,polygon,FALSE,FALSE,America/Chicago,3
28035,Seven Springs,Seven Springs,PA,Pennsylvania,42111,Somerset,40.0251,-79.2935,24,8,polygon,FALSE,TRUE,America/New_York,3
28036,Delphos,Delphos,IA,Iowa,19159,Ringgold,40.6632,-94.3403,24,41,polygon,FALSE,FALSE,America/Chicago,3
28037,Wintersburg,Wintersburg,AZ,Arizona,4013,Maricopa,33.4187,-112.8666,24,18,polygon,FALSE,FALSE,America/Phoenix,3
28038,Buckshot,Buckshot,AZ,Arizona,4027,Yuma,32.7404,-114.4829,24,30,polygon,FALSE,TRUE,America/Phoenix,3
28039,Zion,Zion,OK,Oklahoma,40001,Adair,35.7853,-94.6378,24,5,polygon,FALSE,FALSE,America/Chicago,3
28040,Milford,Milford,MO,Missouri,29011,Barton,37.5864,-94.1584,24,221,polygon,FALSE,TRUE,America/Chicago,3
28041,Gerster,Gerster,MO,Missouri,29185,St. Clair,37.9548,-93.5769,24,114,polygon,FALSE,TRUE,America/Chicago,3
28042,Bigelow,Bigelow,MO,Missouri,29087,Holt,40.1098,-95.2894,24,96,polygon,FALSE,TRUE,America/Chicago,3
28043,Webber,Webber,KS,Kansas,20089,Jewell,39.9344,-98.0351,24,79,polygon,FALSE,TRUE,America/Chicago,3
28044,Radium,Radium,KS,Kansas,20185,Stafford,38.1738,-98.8944,24,223,polygon,FALSE,TRUE,America/Chicago,3
28045,Russell Springs,Russell Springs,KS,Kansas,20109,Logan,38.9128,-101.1757,24,13,polygon,FALSE,TRUE,America/Chicago,3
28046,Alzada,Alzada,MT,Montana,30011,Carter,45.0206,-104.4129,24,18,polygon,FALSE,FALSE,America/Denver,3
28047,Vantage,Vantage,WA,Washington,53037,Kittitas,46.9452,-119.9921,23,27,polygon,FALSE,FALSE,America/Los_Angeles,3
28048,Zarephath,Zarephath,NJ,New Jersey,34035,Somerset,40.5361,-74.5745,23,22,polygon,FALSE,FALSE,America/New_York,3
28049,Arrey,Arrey,NM,New Mexico,35051,Sierra,32.8472,-107.3204,23,11,polygon,FALSE,FALSE,America/Denver,3
28050,Chapeno,Chapeno,TX,Texas,48427,Starr,26.5508,-99.1338,23,110,polygon,FALSE,TRUE,America/Chicago,3
28051,El Indio,El Indio,TX,Texas,48323,Maverick,28.5091,-100.3068,23,5,polygon,FALSE,FALSE,America/Chicago,3
28052,Amistad,Amistad,TX,Texas,48465,Val Verde,29.5245,-101.153,23,5,polygon,FALSE,TRUE,America/Matamoros,3
28053,Takotna,Takotna,AK,Alaska,2290,Yukon-Koyukuk,62.9823,-156.0841,23,0,polygon,FALSE,FALSE,America/Anchorage,3
28054,Delway,Delway,NC,North Carolina,37163,Sampson,34.8102,-78.2169,23,0,polygon,FALSE,FALSE,America/New_York,3
28055,York,York,ND,North Dakota,38005,Benson,48.3132,-99.5733,23,42,polygon,FALSE,TRUE,America/Chicago,3
28056,Amidon,Amidon,ND,North Dakota,38087,Slope,46.4823,-103.3194,23,14,polygon,FALSE,TRUE,America/Denver,3
28057,Haynes,Haynes,ND,North Dakota,38001,Adams,45.9739,-102.471,23,65,polygon,FALSE,TRUE,America/Denver,3
28058,Lindy,Lindy,NE,Nebraska,31107,Knox,42.7351,-97.7499,23,8,polygon,FALSE,FALSE,America/Chicago,3
28059,Hendley,Hendley,NE,Nebraska,31065,Furnas,40.1312,-99.9713,23,41,polygon,FALSE,TRUE,America/Chicago,3
28060,Weston,Weston,CO,Colorado,8071,Las Animas,37.146,-104.8683,23,2,polygon,FALSE,FALSE,America/Denver,3
28061,Redcrest,Redcrest,CA,California,6023,Humboldt,40.3987,-123.9474,23,14,polygon,FALSE,FALSE,America/Los_Angeles,3
28062,Oak Hill,Oak Hill,AL,Alabama,1131,Wilcox,31.9216,-87.0852,23,15,polygon,FALSE,TRUE,America/Chicago,3
28063,Edge Hill,Edge Hill,GA,Georgia,13125,Glascock,33.1534,-82.625,23,48,polygon,FALSE,TRUE,America/New_York,3
28064,Corley,Corley,IA,Iowa,19165,Shelby,41.5776,-95.3308,23,148,polygon,FALSE,FALSE,America/Chicago,3
28065,Sunwest,Sunwest,AZ,Arizona,4012,La Paz,33.651,-113.4091,23,0,polygon,FALSE,TRUE,America/Phoenix,3
28066,Sutherland,Sutherland,UT,Utah,49027,Millard,39.3896,-112.64,23,4,polygon,FALSE,FALSE,America/Denver,3
28067,Scofield,Scofield,UT,Utah,49007,Carbon,39.7198,-111.1623,23,9,polygon,FALSE,TRUE,America/Denver,3
28068,Montier,Montier,MO,Missouri,29203,Shannon,36.9817,-91.5749,23,9,polygon,FALSE,FALSE,America/Chicago,3
28069,Roy Lake,Roy Lake,MN,Minnesota,27029,Clearwater,47.3176,-95.5428,23,19,polygon,FALSE,FALSE,America/Chicago,3
28070,Mildred,Mildred,KS,Kansas,20001,Allen,38.0248,-95.174,23,44,polygon,FALSE,FALSE,America/Chicago,3
28071,Scottsville,Scottsville,KS,Kansas,20123,Mitchell,39.5426,-97.9523,23,35,polygon,FALSE,TRUE,America/Chicago,3
28072,Lone Elm,Lone Elm,KS,Kansas,20003,Anderson,38.0796,-95.243,23,131,polygon,FALSE,TRUE,America/Chicago,3
28073,Oak Hill,Oak Hill,KS,Kansas,20027,Clay,39.2466,-97.3428,23,174,polygon,FALSE,TRUE,America/Chicago,3
28074,Craig,Craig,MT,Montana,30049,Lewis and Clark,47.0741,-111.9652,23,29,polygon,FALSE,FALSE,America/Denver,3
28075,Milltown,Milltown,SD,South Dakota,46067,Hutchinson,43.4252,-97.8081,23,20,polygon,FALSE,FALSE,America/Chicago,3
28076,Fedora,Fedora,SD,South Dakota,46097,Miner,44.0068,-97.7894,23,2,polygon,FALSE,FALSE,America/Chicago,3
28077,Blyn,Blyn,WA,Washington,53009,Clallam,48.013,-122.9897,22,1,polygon,FALSE,FALSE,America/Los_Angeles,3
28078,Loco Hills,Loco Hills,NM,New Mexico,35015,Eddy,32.8197,-103.9783,22,9,polygon,FALSE,FALSE,America/Denver,3
28079,La Madera,La Madera,NM,New Mexico,35039,Rio Arriba,36.3807,-106.042,22,1,polygon,FALSE,FALSE,America/Denver,3
28080,Falcon Heights,Falcon Heights,TX,Texas,48427,Starr,26.5604,-99.1225,22,129,polygon,FALSE,FALSE,America/Chicago,3
28081,Botines,Botines,TX,Texas,48479,Webb,27.7719,-99.4571,22,4,polygon,FALSE,FALSE,America/Chicago,3
28082,Foxholm,Foxholm,ND,North Dakota,38101,Ward,48.3654,-101.5721,22,8,polygon,FALSE,FALSE,America/Chicago,3
28083,Obert,Obert,NE,Nebraska,31027,Cedar,42.6895,-97.0272,22,116,polygon,FALSE,TRUE,America/Chicago,3
28084,Fontanelle,Fontanelle,NE,Nebraska,31177,Washington,41.5383,-96.4271,22,33,polygon,FALSE,FALSE,America/Chicago,3
28085,Lamar,Lamar,NE,Nebraska,31029,Chase,40.5725,-101.9794,22,107,polygon,FALSE,TRUE,America/Denver,3
28086,Barada,Barada,NE,Nebraska,31147,Richardson,40.2185,-95.5777,22,93,polygon,FALSE,TRUE,America/Chicago,3
28087,Scott,Scott,AR,Arkansas,5085,Lonoke,34.6966,-92.0938,22,2,polygon,FALSE,FALSE,America/Chicago,3
28088,Time,Time,IL,Illinois,17149,Pike,39.5612,-90.7236,22,33,polygon,FALSE,TRUE,America/Chicago,3
28089,River Forest,River Forest,IN,Indiana,18095,Madison,40.1107,-85.7294,22,487,polygon,FALSE,TRUE,America/Indiana/Indianapolis,3
28090,Miller,Miller,IA,Iowa,19081,Hancock,43.1864,-93.6076,22,4,polygon,FALSE,FALSE,America/Chicago,3
28091,Pioneer,Pioneer,IA,Iowa,19091,Humboldt,42.6535,-94.3909,22,133,polygon,FALSE,TRUE,America/Chicago,3
28092,Woodland,Woodland,MD,Maryland,24001,Allegany,39.6081,-78.9497,22,46,polygon,FALSE,FALSE,America/New_York,3
28093,Friendship,Friendship,OK,Oklahoma,40065,Jackson,34.6978,-99.2287,22,56,polygon,FALSE,TRUE,America/Chicago,3
28094,Dutchtown,Dutchtown,MO,Missouri,29031,Cape Girardeau,37.2598,-89.6466,22,4,polygon,FALSE,FALSE,America/Chicago,3
28095,Lonerock,Lonerock,OR,Oregon,41021,Gilliam,45.0888,-119.884,22,8,polygon,FALSE,TRUE,America/Los_Angeles,3
28096,Golden,Golden,NM,New Mexico,35049,Santa Fe,35.2637,-106.223,21,1,polygon,FALSE,FALSE,America/Denver,3
28097,Middle Frisco,Middle Frisco,NM,New Mexico,35003,Catron,33.6949,-108.7639,21,14,polygon,FALSE,TRUE,America/Denver,3
28098,Flowella,Flowella,TX,Texas,48047,Brooks,27.22,-98.0645,21,8,polygon,FALSE,FALSE,America/Chicago,3
28099,Mustang,Mustang,TX,Texas,48349,Navarro,32.0135,-96.4303,21,66,polygon,FALSE,TRUE,America/Chicago,3
28100,Red Devil,Red Devil,AK,Alaska,2050,Bethel,61.7735,-157.346,21,0,polygon,FALSE,FALSE,America/Anchorage,3
28101,Mylo,Mylo,ND,North Dakota,38079,Rolette,48.6358,-99.6179,21,9,polygon,FALSE,TRUE,America/Chicago,3
28102,Fortuna,Fortuna,ND,North Dakota,38023,Divide,48.9099,-103.7783,21,8,polygon,FALSE,TRUE,America/Chicago,3
28103,Conway,Conway,ND,North Dakota,38099,Walsh,48.2343,-97.6751,21,39,polygon,FALSE,TRUE,America/Chicago,3
28104,Savage Town,Savage Town,VA,Virginia,51001,Accomack,37.55,-75.7983,21,27,polygon,FALSE,FALSE,America/New_York,3
28105,Soda Springs,Soda Springs,CA,California,6057,Nevada,39.3248,-120.3784,21,24,polygon,FALSE,FALSE,America/Los_Angeles,3
28106,Catherine,Catherine,AL,Alabama,1131,Wilcox,32.1861,-87.4699,21,3,polygon,FALSE,FALSE,America/Chicago,3
28107,Bassett,Bassett,KS,Kansas,20001,Allen,37.9062,-95.4077,21,121,polygon,FALSE,TRUE,America/Chicago,3
28108,New Holland,New Holland,SD,South Dakota,46043,Douglas,43.4287,-98.6074,21,69,polygon,FALSE,FALSE,America/Chicago,3
28109,Nina,Nina,TX,Texas,48427,Starr,26.2811,-98.581,20,185,polygon,FALSE,TRUE,America/Chicago,3
28110,Zarate,Zarate,TX,Texas,48427,Starr,26.3199,-98.6369,20,410,polygon,FALSE,TRUE,America/Chicago,3
28111,Pedro Bay,Pedro Bay,AK,Alaska,2164,Lake and Peninsula,59.7822,-154.1236,20,0,polygon,FALSE,FALSE,America/Anchorage,3
28112,Calio,Calio,ND,North Dakota,38019,Cavalier,48.6238,-98.938,20,0,polygon,FALSE,TRUE,America/Chicago,3
28113,Nora,Nora,NE,Nebraska,31129,Nuckolls,40.1642,-97.9738,20,20,polygon,FALSE,TRUE,America/Chicago,3
28114,Lorenzo,Lorenzo,NE,Nebraska,31033,Cheyenne,41.0576,-103.0821,20,1,polygon,FALSE,FALSE,America/Denver,3
28115,Sholes,Sholes,NE,Nebraska,31179,Wayne,42.3348,-97.2946,20,56,polygon,FALSE,TRUE,America/Chicago,3
28116,Martin,Martin,NE,Nebraska,31101,Keith,41.2581,-101.7091,20,21,polygon,FALSE,FALSE,America/Denver,3
28117,Kennedy Meadows,Kennedy Meadows,CA,California,6107,Tulare,36.0076,-118.11,20,1,polygon,FALSE,TRUE,America/Los_Angeles,3
28118,Salmon Creek,Salmon Creek,CA,California,6097,Sonoma,38.3463,-123.0595,20,6,polygon,FALSE,FALSE,America/Los_Angeles,3
28119,Nubieber,Nubieber,CA,California,6035,Lassen,41.0967,-121.1816,20,10,polygon,FALSE,FALSE,America/Los_Angeles,3
28120,Drytown,Drytown,CA,California,6005,Amador,38.4382,-120.8565,20,2,polygon,FALSE,FALSE,America/Los_Angeles,3
28121,Floriston,Floriston,CA,California,6057,Nevada,39.393,-120.0145,20,8,polygon,FALSE,FALSE,America/Los_Angeles,3
28122,Hutchins,Hutchins,IA,Iowa,19081,Hancock,43.0878,-93.8865,20,25,polygon,FALSE,FALSE,America/Chicago,3
28123,Alamo Lake,Alamo Lake,AZ,Arizona,4012,La Paz,34.2588,-113.5079,20,0,polygon,FALSE,TRUE,America/Phoenix,3
28124,Nanticoke Acres,Nanticoke Acres,MD,Maryland,24045,Wicomico,38.2578,-75.906,20,29,polygon,FALSE,FALSE,America/New_York,3
28125,Ophir,Ophir,UT,Utah,49045,Tooele,40.3719,-112.2498,20,60,polygon,FALSE,FALSE,America/Denver,3
28126,Hollenberg,Hollenberg,KS,Kansas,20201,Washington,39.981,-96.9917,20,105,polygon,FALSE,TRUE,America/Chicago,3
28127,Pickens,Pickens,WV,West Virginia,54083,Randolph,38.6559,-80.216,19,3,polygon,FALSE,FALSE,America/New_York,3
28128,Los Ybanez,Los Ybanez,TX,Texas,48115,Dawson,32.7188,-101.9174,19,88,polygon,FALSE,TRUE,America/Chicago,3
28129,Rivereno,Rivereno,TX,Texas,48427,Starr,26.3052,-98.6398,19,731,polygon,FALSE,TRUE,America/Chicago,3
28130,Auburn,Auburn,ND,North Dakota,38099,Walsh,48.5066,-97.4368,19,7,polygon,FALSE,FALSE,America/Chicago,3
28131,Hamberg,Hamberg,ND,North Dakota,38103,Wells,47.7634,-99.516,19,18,polygon,FALSE,TRUE,America/Chicago,3
28132,Nenzel,Nenzel,NE,Nebraska,31031,Cherry,42.9274,-101.1018,19,23,polygon,FALSE,TRUE,America/Denver,3
28133,S.N.P.J.,S.N.P.J.,PA,Pennsylvania,42073,Lawrence,40.9298,-80.4978,19,9,polygon,FALSE,TRUE,America/New_York,3
28134,Cathedral,Cathedral,CO,Colorado,8053,Hinsdale,38.0836,-107.0306,19,0,polygon,FALSE,FALSE,America/Denver,3
28135,Bonanza,Bonanza,CO,Colorado,8109,Saguache,38.2966,-106.1419,19,16,polygon,FALSE,TRUE,America/Denver,3
28136,Coleman,Coleman,GA,Georgia,13243,Randolph,31.6717,-84.8902,19,11,polygon,FALSE,FALSE,America/New_York,3
28137,Durango,Durango,IA,Iowa,19061,Dubuque,42.561,-90.7743,19,172,polygon,FALSE,TRUE,America/Chicago,3
28138,Hunter Creek,Hunter Creek,AZ,Arizona,4007,Gila,34.3054,-111.0159,19,3,polygon,FALSE,TRUE,America/Phoenix,3
28139,Middleburg,Middleburg,MD,Maryland,24043,Washington,39.7177,-77.7239,19,75,polygon,FALSE,TRUE,America/New_York,3
28140,Nikep,Nikep,MD,Maryland,24001,Allegany,39.5516,-78.9978,19,48,polygon,FALSE,FALSE,America/New_York,3
28141,Stidham,Stidham,OK,Oklahoma,40091,McIntosh,35.3686,-95.7008,19,211,polygon,FALSE,TRUE,America/Chicago,3
28142,Stockdale,Stockdale,OH,Ohio,39131,Pike,38.9579,-82.8574,19,13,polygon,FALSE,FALSE,America/New_York,3
28143,Oasis,Oasis,UT,Utah,49027,Millard,39.2923,-112.629,19,19,polygon,FALSE,FALSE,America/Denver,3
28144,Frederick,Frederick,KS,Kansas,20159,Rice,38.5127,-98.2673,19,38,polygon,FALSE,TRUE,America/Chicago,3
28145,Latimer,Latimer,KS,Kansas,20127,Morris,38.7386,-96.8459,19,122,polygon,FALSE,TRUE,America/Chicago,3
28146,Ismay,Ismay,MT,Montana,30017,Custer,46.5002,-104.793,19,17,polygon,FALSE,TRUE,America/Denver,3
28147,Vilas,Vilas,SD,South Dakota,46097,Miner,44.0083,-97.596,19,3,polygon,FALSE,TRUE,America/Chicago,3
28148,Bancroft,Bancroft,SD,South Dakota,46077,Kingsbury,44.4894,-97.7505,19,31,polygon,FALSE,TRUE,America/Chicago,3
28149,Fontenelle,Fontenelle,WY,Wyoming,56023,Lincoln,41.9973,-110.0626,18,1,polygon,FALSE,FALSE,America/Denver,3
28150,Van Tassell,Van Tassell,WY,Wyoming,56027,Niobrara,42.6643,-104.0913,18,3,polygon,FALSE,TRUE,America/Denver,3
28151,Lance Creek,Lance Creek,WY,Wyoming,56027,Niobrara,43.041,-104.6626,18,0,polygon,FALSE,FALSE,America/Denver,3
28152,Bayou Corne,Bayou Corne,LA,Louisiana,22007,Assumption,30.0159,-91.1528,18,19,polygon,FALSE,FALSE,America/Chicago,3
28153,Calvin,Calvin,ND,North Dakota,38019,Cavalier,48.8518,-98.938,18,31,polygon,FALSE,TRUE,America/Chicago,3
28154,Ayr,Ayr,ND,North Dakota,38017,Cass,47.0411,-97.4909,18,82,polygon,FALSE,TRUE,America/Chicago,3
28155,Leal,Leal,ND,North Dakota,38003,Barnes,47.1049,-98.3155,18,53,polygon,FALSE,TRUE,America/Chicago,3
28156,Towner,Towner,CO,Colorado,8061,Kiowa,38.4705,-102.0804,18,186,polygon,FALSE,FALSE,America/Denver,3
28157,Tennant,Tennant,CA,California,6093,Siskiyou,41.5815,-121.9151,18,28,polygon,FALSE,FALSE,America/Los_Angeles,3
28158,Little Valley,Little Valley,CA,California,6035,Lassen,40.893,-121.1781,18,16,polygon,FALSE,FALSE,America/Los_Angeles,3
28159,Lupton,Lupton,AZ,Arizona,4001,Apache,35.3548,-109.0528,18,19,polygon,FALSE,FALSE,America/Denver,3
28160,Waterview,Waterview,MD,Maryland,24045,Wicomico,38.2482,-75.9017,18,14,polygon,FALSE,FALSE,America/New_York,3
28161,Foraker,Foraker,OK,Oklahoma,40113,Osage,36.8722,-96.5691,18,32,polygon,FALSE,TRUE,America/Chicago,3
28162,Brush Creek,Brush Creek,OK,Oklahoma,40041,Delaware,36.4164,-94.7842,18,8,polygon,FALSE,FALSE,America/Chicago,3
28163,Goodnight,Goodnight,MO,Missouri,29167,Polk,37.4516,-93.2311,18,9,polygon,FALSE,TRUE,America/Chicago,3
28164,Midway,Midway,MN,Minnesota,27087,Mahnomen,47.317,-95.7838,18,3,polygon,FALSE,TRUE,America/Chicago,3
28165,Huson,Huson,MT,Montana,30063,Missoula,47.0326,-114.3397,18,9,polygon,FALSE,FALSE,America/Denver,3
28166,Virgil,Virgil,SD,South Dakota,46005,Beadle,44.2909,-98.4276,18,6,polygon,FALSE,TRUE,America/Chicago,3
28167,Lake Lindsey,Lake Lindsey,FL,Florida,12053,Hernando,28.6322,-82.3616,17,72,polygon,FALSE,FALSE,America/New_York,3
28168,Santa Cruz,Santa Cruz,TX,Texas,48427,Starr,26.3537,-98.7676,17,237,polygon,FALSE,FALSE,America/Chicago,3
28169,Attu Station,Attu Station,AK,Alaska,2016,Aleutians West,52.8955,173.123,17,0,polygon,FALSE,TRUE,America/Adak,3
28170,Overly,Overly,ND,North Dakota,38009,Bottineau,48.6811,-100.151,17,17,polygon,FALSE,TRUE,America/Chicago,3
28171,Brewster,Brewster,NE,Nebraska,31009,Blaine,41.9384,-99.8651,17,74,polygon,FALSE,TRUE,America/Chicago,3
28172,Preston,Preston,NV,Nevada,32033,White Pine,38.9157,-115.0643,17,5,polygon,FALSE,FALSE,America/Los_Angeles,3
28173,Hepburn,Hepburn,IA,Iowa,19145,Page,40.8476,-95.0167,17,84,polygon,FALSE,TRUE,America/Chicago,3
28174,Seconsett Island,Seconsett Island,MA,Massachusetts,25001,Barnstable,41.5661,-70.5123,17,63,polygon,FALSE,FALSE,America/New_York,3
28175,Mojave Ranch Estates,Mojave Ranch Estates,AZ,Arizona,4015,Mohave,34.9449,-114.5907,17,8,polygon,FALSE,FALSE,America/Phoenix,3
28176,Blanchard,Blanchard,MO,Missouri,29005,Atchison,40.5749,-95.2109,17,12,polygon,FALSE,TRUE,America/Chicago,3
28177,Irena,Irena,MO,Missouri,29227,Worth,40.5403,-94.39,17,7,polygon,FALSE,TRUE,America/Chicago,3
28178,Stotesbury,Stotesbury,MO,Missouri,29217,Vernon,37.9744,-94.5645,17,59,polygon,FALSE,TRUE,America/Chicago,3
28179,Penalosa,Penalosa,KS,Kansas,20095,Kingman,37.7156,-98.3202,17,63,polygon,FALSE,TRUE,America/Chicago,3
28180,Lovelaceville,Lovelaceville,KY,Kentucky,21007,Ballard,36.9672,-88.8335,17,12,polygon,FALSE,FALSE,America/Chicago,3
28181,Butler,Butler,SD,South Dakota,46037,Day,45.262,-97.7117,17,22,polygon,FALSE,TRUE,America/Chicago,3
28182,Disautel,Disautel,WA,Washington,53047,Okanogan,48.345,-119.2299,16,1,polygon,FALSE,FALSE,America/Los_Angeles,3
28183,Alpine Northwest,Alpine Northwest,WY,Wyoming,56023,Lincoln,43.1816,-111.0344,16,4,polygon,FALSE,TRUE,America/Denver,3
28184,Conchas Dam,Conchas Dam,NM,New Mexico,35047,San Miguel,35.3623,-104.2042,16,0,polygon,FALSE,TRUE,America/Denver,3
28185,Pablo Pena,Pablo Pena,TX,Texas,48427,Starr,26.3037,-98.6405,16,396,polygon,FALSE,TRUE,America/Chicago,3
28186,Mound,Mound,LA,Louisiana,22065,Madison,32.333,-91.0242,16,11,polygon,FALSE,TRUE,America/Chicago,3
28187,Ferry,Ferry,AK,Alaska,2068,Denali,64.0496,-148.9205,16,0,polygon,FALSE,FALSE,America/Anchorage,3
28188,Heil,Heil,ND,North Dakota,38037,Grant,46.3892,-101.7011,16,30,polygon,FALSE,FALSE,America/Denver,3
28189,Berea,Berea,NE,Nebraska,31013,Box Butte,42.2123,-102.983,16,5,polygon,FALSE,FALSE,America/Denver,3
28190,Rockville,Rockville,AL,Alabama,1025,Clarke,31.4059,-87.8442,16,2,polygon,FALSE,FALSE,America/Chicago,3
28191,Athelstan,Athelstan,IA,Iowa,19173,Taylor,40.5727,-94.5426,16,47,polygon,FALSE,FALSE,America/Chicago,3
28192,Drummond,Drummond,ID,Idaho,16043,Fremont,43.9996,-111.3433,16,64,polygon,FALSE,TRUE,America/Boise,3
28193,Dalton,Dalton,MO,Missouri,29041,Chariton,39.3976,-92.9921,16,34,polygon,FALSE,TRUE,America/Chicago,3
28194,Quitman,Quitman,MO,Missouri,29147,Nodaway,40.3732,-95.077,16,39,polygon,FALSE,TRUE,America/Chicago,3
28195,Gann Valley,Gann Valley,SD,South Dakota,46017,Buffalo,44.0336,-98.9885,16,77,polygon,FALSE,TRUE,America/Chicago,3
28196,Santa Monica,Santa Monica,TX,Texas,48489,Willacy,26.3654,-97.59,15,5,polygon,FALSE,FALSE,America/Chicago,3
28197,Falman,Falman,TX,Texas,48409,San Patricio,27.9281,-97.1713,15,76,polygon,FALSE,FALSE,America/Chicago,3
28198,Westdale,Westdale,TX,Texas,48249,Jim Wells,27.9657,-97.9938,15,1,polygon,FALSE,FALSE,America/Chicago,3
28199,Hyder,Hyder,AK,Alaska,2198,Prince of Wales-Hyder,55.9816,-130.0383,15,0,polygon,FALSE,FALSE,America/Sitka,3
28200,Leith,Leith,ND,North Dakota,38037,Grant,46.3626,-101.6385,15,4,polygon,FALSE,TRUE,America/Denver,3
28201,Loma,Loma,ND,North Dakota,38019,Cavalier,48.6417,-98.5248,15,0,polygon,FALSE,TRUE,America/Chicago,3
28202,Hannah,Hannah,ND,North Dakota,38019,Cavalier,48.9728,-98.6902,15,30,polygon,FALSE,TRUE,America/Chicago,3
28203,Gascoyne,Gascoyne,ND,North Dakota,38011,Bowman,46.119,-103.0788,15,5,polygon,FALSE,TRUE,America/Denver,3
28204,Holmesville,Holmesville,NE,Nebraska,31067,Gage,40.201,-96.6584,15,25,polygon,FALSE,FALSE,America/Chicago,3
28205,Valley-Hi,Valley-Hi,PA,Pennsylvania,42057,Fulton,40.0299,-78.1917,15,11,polygon,FALSE,TRUE,America/New_York,3
28206,Denio,Denio,NV,Nevada,32013,Humboldt,41.97,-118.6125,15,0,polygon,FALSE,FALSE,America/Los_Angeles,3
28207,Blue Sky,Blue Sky,CO,Colorado,8087,Morgan,40.3002,-103.8057,15,161,polygon,FALSE,TRUE,America/Denver,3
28208,Keeler,Keeler,CA,California,6027,Inyo,36.4846,-117.872,15,4,polygon,FALSE,FALSE,America/Los_Angeles,3
28209,Bucks Lake,Bucks Lake,CA,California,6063,Plumas,39.8798,-121.1941,15,0,polygon,FALSE,FALSE,America/Los_Angeles,3
28210,Supai,Supai,AZ,Arizona,4005,Coconino,36.2299,-112.6926,15,3,polygon,FALSE,FALSE,America/Phoenix,3
28211,Topock,Topock,AZ,Arizona,4015,Mohave,34.7206,-114.478,15,22,polygon,FALSE,FALSE,America/Phoenix,3
28212,Port Tobacco Village,Port Tobacco Village,MD,Maryland,24017,Charles,38.5104,-77.0197,15,37,polygon,FALSE,TRUE,America/New_York,3
28213,Cooperton,Cooperton,OK,Oklahoma,40075,Kiowa,34.8662,-98.8759,15,11,polygon,FALSE,TRUE,America/Chicago,3
28214,Kansas,Kansas,OH,Ohio,39147,Seneca,41.2452,-83.2839,15,13,polygon,FALSE,FALSE,America/New_York,3
28215,Barry,Barry,MN,Minnesota,27011,Big Stone,45.5582,-96.5604,15,22,polygon,FALSE,TRUE,America/Chicago,3
28216,Wallowa Lake,Wallowa Lake,OR,Oregon,41063,Wallowa,45.3041,-117.2117,15,3,polygon,FALSE,TRUE,America/Los_Angeles,3
28217,Green Grass,Green Grass,SD,South Dakota,46041,Dewey,45.1714,-101.2573,15,0,polygon,FALSE,FALSE,America/Denver,3
28218,Albee,Albee,SD,South Dakota,46051,Grant,45.0513,-96.5535,15,44,polygon,FALSE,TRUE,America/Chicago,3
28219,Kalaeloa,Kalaeloa,HI,Hawaii,15003,Honolulu,21.3215,-158.0812,14,20,polygon,FALSE,TRUE,Pacific/Honolulu,3
28220,Datil,Datil,NM,New Mexico,35003,Catron,34.1424,-107.8425,14,2,polygon,FALSE,FALSE,America/Denver,3
28221,Lake Minchumina,Lake Minchumina,AK,Alaska,2290,Yukon-Koyukuk,63.798,-152.3448,14,0,polygon,FALSE,FALSE,America/Anchorage,3
28222,Kief,Kief,ND,North Dakota,38049,McHenry,47.86,-100.5133,14,4,polygon,FALSE,TRUE,America/Chicago,3
28223,Bantry,Bantry,ND,North Dakota,38049,McHenry,48.4975,-100.6099,14,31,polygon,FALSE,TRUE,America/Chicago,3
28224,Valdez,Valdez,CO,Colorado,8071,Las Animas,37.1239,-104.6794,14,3,polygon,FALSE,FALSE,America/Denver,3
28225,Beaconsfield,Beaconsfield,IA,Iowa,19159,Ringgold,40.8076,-94.0507,14,7,polygon,FALSE,TRUE,America/Chicago,3
28226,Le Roy,Le Roy,IA,Iowa,19053,Decatur,40.8784,-93.5924,14,16,polygon,FALSE,TRUE,America/Chicago,3
28227,Ernstville,Ernstville,MD,Maryland,24043,Washington,39.6304,-78.0239,14,36,polygon,FALSE,FALSE,America/New_York,3
28228,Shamrock,Shamrock,OK,Oklahoma,40037,Creek,35.9113,-96.5772,14,16,polygon,FALSE,TRUE,America/Chicago,3
28229,Clear Creek,Clear Creek,UT,Utah,49007,Carbon,39.6429,-111.1547,14,26,polygon,FALSE,FALSE,America/Denver,3
28230,Corning,Corning,MO,Missouri,29087,Holt,40.2486,-95.4545,14,49,polygon,FALSE,TRUE,America/Chicago,3
28231,Onaka,Onaka,SD,South Dakota,46049,Faulk,45.1912,-99.4659,14,20,polygon,FALSE,TRUE,America/Chicago,3
28232,Silvana,Silvana,WA,Washington,53061,Snohomish,48.2018,-122.2459,13,3,polygon,FALSE,FALSE,America/Los_Angeles,3
28233,Helen,Helen,WV,West Virginia,54081,Raleigh,37.6374,-81.313,13,21,polygon,FALSE,FALSE,America/New_York,3
28234,Pine Island,Pine Island,FL,Florida,12053,Hernando,28.5727,-82.6545,13,78,polygon,FALSE,FALSE,America/New_York,3
28235,Weeki Wachee,Weeki Wachee,FL,Florida,12053,Hernando,28.517,-82.5774,13,4,polygon,FALSE,TRUE,America/New_York,3
28236,Los Huisaches,Los Huisaches,TX,Texas,48479,Webb,27.9071,-99.476,13,11,polygon,FALSE,TRUE,America/Chicago,3
28237,Chicken,Chicken,AK,Alaska,2240,Southeast Fairbanks,64.0878,-141.8283,13,0,polygon,FALSE,FALSE,America/Anchorage,3
28238,Wiseman,Wiseman,AK,Alaska,2290,Yukon-Koyukuk,67.4371,-150.1334,13,0,polygon,FALSE,FALSE,America/Anchorage,3
28239,Hansboro,Hansboro,ND,North Dakota,38095,Towner,48.9523,-99.3802,13,26,polygon,FALSE,TRUE,America/Chicago,3
28240,Shoshone,Shoshone,CA,California,6027,Inyo,35.951,-116.3055,13,0,polygon,FALSE,FALSE,America/Los_Angeles,3
28241,Spring Garden,Spring Garden,CA,California,6063,Plumas,39.9012,-120.7935,13,7,polygon,FALSE,FALSE,America/Los_Angeles,3
28242,Kaskaskia,Kaskaskia,IL,Illinois,17157,Randolph,37.9212,-89.9163,13,46,polygon,FALSE,TRUE,America/Chicago,3
28243,Valley City,Valley City,IL,Illinois,17149,Pike,39.7067,-90.6508,13,18,polygon,FALSE,TRUE,America/Chicago,3
28244,Dover Hill,Dover Hill,IN,Indiana,18101,Martin,38.7221,-86.8002,13,6,polygon,FALSE,FALSE,America/Indiana/Vincennes,3
28245,Burchinal,Burchinal,IA,Iowa,19033,Cerro Gordo,43.0648,-93.2785,13,65,polygon,FALSE,FALSE,America/Chicago,3
28246,Beulah Beach,Beulah Beach,OH,Ohio,39043,Erie,41.3917,-82.4428,13,109,polygon,FALSE,FALSE,America/New_York,3
28247,Plevna,Plevna,MO,Missouri,29103,Knox,39.9766,-92.0852,13,3,polygon,FALSE,FALSE,America/Chicago,3
28248,Champ,Champ,MO,Missouri,29189,St. Louis,38.745,-90.4538,13,6,polygon,FALSE,TRUE,America/Chicago,3
28249,Cedar,Cedar,KS,Kansas,20183,Smith,39.6571,-98.9402,13,28,polygon,FALSE,TRUE,America/Chicago,3
28250,Whitmer,Whitmer,WV,West Virginia,54083,Randolph,38.8148,-79.545,12,10,polygon,FALSE,FALSE,America/New_York,3
28251,La Joya,La Joya,NM,New Mexico,35053,Socorro,34.3449,-106.8465,12,4,polygon,FALSE,FALSE,America/Denver,3
28252,Bettles,Bettles,AK,Alaska,2290,Yukon-Koyukuk,66.9084,-151.5369,12,3,polygon,FALSE,TRUE,America/Anchorage,3
28253,Elfin Cove,Elfin Cove,AK,Alaska,2105,Hoonah-Angoon,58.1912,-136.3129,12,0,polygon,FALSE,FALSE,America/Juneau,3
28254,Raleigh,Raleigh,ND,North Dakota,38037,Grant,46.3572,-101.3053,12,16,polygon,FALSE,FALSE,America/Denver,3
28255,Pillsbury,Pillsbury,ND,North Dakota,38003,Barnes,47.2071,-97.7957,12,18,polygon,FALSE,TRUE,America/Chicago,3
28256,Venturia,Venturia,ND,North Dakota,38051,McIntosh,45.9971,-99.5479,12,41,polygon,FALSE,TRUE,America/Chicago,3
28257,Larson,Larson,ND,North Dakota,38013,Burke,48.8916,-102.8626,12,11,polygon,FALSE,FALSE,America/Chicago,3
28258,Churchs Ferry,Churchs Ferry,ND,North Dakota,38071,Ramsey,48.2686,-99.1944,12,10,polygon,FALSE,TRUE,America/Chicago,3
28259,Parks,Parks,NE,Nebraska,31057,Dundy,40.0437,-101.7251,12,26,polygon,FALSE,FALSE,America/Denver,3
28260,Megargel,Megargel,AL,Alabama,1099,Monroe,31.3781,-87.4307,12,6,polygon,FALSE,FALSE,America/Chicago,3
28261,Meyer,Meyer,IA,Iowa,19131,Mitchell,43.4618,-92.7011,12,6,polygon,FALSE,FALSE,America/Chicago,3
28262,Renfrow,Renfrow,OK,Oklahoma,40053,Grant,36.9249,-97.657,12,48,polygon,FALSE,TRUE,America/Chicago,3
28263,Loveland,Loveland,OK,Oklahoma,40141,Tillman,34.3045,-98.7708,12,20,polygon,FALSE,TRUE,America/Chicago,3
28264,Kinbrae,Kinbrae,MN,Minnesota,27105,Nobles,43.8265,-95.4823,12,5,polygon,FALSE,TRUE,America/Chicago,3
28265,Marineland,Marineland,FL,Florida,12035,Flagler,29.6656,-81.2138,11,20,polygon,FALSE,TRUE,America/New_York,3
28266,Pine Valley,Pine Valley,NJ,New Jersey,34007,Camden,39.787,-74.9742,11,4,polygon,FALSE,TRUE,America/New_York,3
28267,San Antonio,San Antonio,NM,New Mexico,35053,Socorro,33.9161,-106.87,11,9,polygon,FALSE,FALSE,America/Denver,3
28268,Duran,Duran,NM,New Mexico,35057,Torrance,34.4636,-105.3807,11,0,polygon,FALSE,FALSE,America/Denver,3
28269,Girard,Girard,TX,Texas,48263,Kent,33.3636,-100.6598,11,2,polygon,FALSE,FALSE,America/Chicago,3
28270,Evansville,Evansville,AK,Alaska,2290,Yukon-Koyukuk,66.9205,-151.4203,11,0,polygon,FALSE,FALSE,America/Anchorage,3
28271,Stevens Village,Stevens Village,AK,Alaska,2290,Yukon-Koyukuk,66.025,-149.0802,11,0,polygon,FALSE,FALSE,America/Anchorage,3
28272,Dering Harbor,Dering Harbor,NY,New York,36103,Suffolk,41.0931,-72.3417,11,17,polygon,FALSE,TRUE,America/New_York,3
28273,Centralia,Centralia,PA,Pennsylvania,42037,Columbia,40.8047,-76.3439,11,17,polygon,FALSE,TRUE,America/New_York,3
28274,McBaine,McBaine,MO,Missouri,29019,Boone,38.8831,-92.4549,11,18,polygon,FALSE,TRUE,America/Chicago,3
28275,Excello,Excello,MO,Missouri,29121,Macon,39.6334,-92.4743,11,12,polygon,FALSE,FALSE,America/Chicago,3
28276,Niarada,Niarada,MT,Montana,30029,Flathead,47.8309,-114.5578,11,0,polygon,FALSE,FALSE,America/Denver,3
28277,Quail,Quail,TX,Texas,48087,Collingsworth,34.9151,-100.3919,10,1,polygon,FALSE,FALSE,America/Chicago,3
28278,Santel,Santel,TX,Texas,48427,Starr,26.3756,-98.8833,10,135,polygon,FALSE,TRUE,America/Chicago,3
28279,Blue Clay Farms,Blue Clay Farms,NC,North Carolina,37129,New Hanover,34.3005,-77.8917,10,1,polygon,FALSE,TRUE,America/New_York,3
28280,Burton,Burton,NE,Nebraska,31103,Keya Paha,42.9119,-99.5918,10,36,polygon,FALSE,TRUE,America/Chicago,3
28281,Valley Ranch,Valley Ranch,CA,California,6063,Plumas,39.7403,-120.5649,10,3,polygon,FALSE,FALSE,America/Los_Angeles,3
28282,Sugarloaf Village,Sugarloaf Village,CA,California,6107,Tulare,35.8269,-118.6354,10,57,polygon,FALSE,FALSE,America/Los_Angeles,3
28283,Bartlett,Bartlett,IA,Iowa,19071,Fremont,40.8853,-95.7947,10,9,polygon,FALSE,FALSE,America/Chicago,3
28284,Knowles,Knowles,OK,Oklahoma,40007,Beaver,36.873,-100.1931,10,21,polygon,FALSE,TRUE,America/Chicago,3
28285,River Bend,River Bend,MO,Missouri,29095,Jackson,39.1841,-94.3941,10,2,polygon,FALSE,TRUE,America/Chicago,3
28286,Waldron,Waldron,KS,Kansas,20077,Harper,37.0018,-98.1826,10,12,polygon,FALSE,TRUE,America/Chicago,3
28287,Silesia,Silesia,MT,Montana,30009,Carbon,45.5559,-108.8373,10,2,polygon,FALSE,FALSE,America/Denver,3
28288,Cottonwood,Cottonwood,SD,South Dakota,46071,Jackson,43.9657,-101.902,10,4,polygon,FALSE,TRUE,America/Denver,3
28289,Farmer,Farmer,SD,South Dakota,46061,Hanson,43.7252,-97.689,10,46,polygon,FALSE,TRUE,America/Chicago,3
28290,Lake Louise,Lake Louise,AK,Alaska,2170,Matanuska-Susitna,62.3131,-146.5625,9,0,polygon,FALSE,FALSE,America/Anchorage,3
28291,Chase,Chase,AK,Alaska,2170,Matanuska-Susitna,62.4624,-149.9371,9,0,polygon,FALSE,FALSE,America/Anchorage,3
28292,Kenny Lake,Kenny Lake,AK,Alaska,2261,Valdez-Cordova,61.6644,-144.8662,9,0,polygon,FALSE,FALSE,America/Anchorage,3
28293,Perth,Perth,ND,North Dakota,38095,Towner,48.7148,-99.4582,9,27,polygon,FALSE,TRUE,America/Chicago,3
28294,Guffey,Guffey,CO,Colorado,8093,Park,38.7591,-105.5024,9,0,polygon,FALSE,FALSE,America/Denver,3
28295,Cuyama,Cuyama,CA,California,6083,Santa Barbara,34.9312,-119.6148,9,7,polygon,FALSE,FALSE,America/Los_Angeles,3
28296,McMullen,McMullen,AL,Alabama,1107,Pickens,33.1481,-88.1757,9,31,polygon,FALSE,TRUE,America/Chicago,3
28297,Jacksonville,Jacksonville,IA,Iowa,19165,Shelby,41.6452,-95.1516,9,35,polygon,FALSE,FALSE,America/Chicago,3
28298,Oak Grove,Oak Grove,OK,Oklahoma,40117,Pawnee,36.2056,-96.3384,9,27,polygon,FALSE,TRUE,America/Chicago,3
28299,Pastura,Pastura,NM,New Mexico,35019,Guadalupe,34.7851,-104.9421,8,8,polygon,FALSE,FALSE,America/Denver,3
28300,Elbert,Elbert,TX,Texas,48447,Throckmorton,33.2748,-99.0021,8,0,polygon,FALSE,FALSE,America/Chicago,3
28301,Anacua,Anacua,TX,Texas,48427,Starr,26.3856,-98.9191,8,116,polygon,FALSE,TRUE,America/Chicago,3
28302,Elias-Fela Solis,Elias-Fela Solis,TX,Texas,48427,Starr,26.3855,-98.6238,8,13,polygon,FALSE,TRUE,America/Chicago,3
28303,Lime Village,Lime Village,AK,Alaska,2050,Bethel,61.327,-155.3181,8,0,polygon,FALSE,FALSE,America/Anchorage,3
28304,Ugashik,Ugashik,AK,Alaska,2164,Lake and Peninsula,57.5736,-157.1232,8,0,polygon,FALSE,FALSE,America/Anchorage,3
28305,Loraine,Loraine,ND,North Dakota,38075,Renville,48.8683,-101.5678,8,12,polygon,FALSE,TRUE,America/Chicago,3
28306,Bergen,Bergen,ND,North Dakota,38049,McHenry,48.0037,-100.7199,8,4,polygon,FALSE,TRUE,America/Chicago,3
28307,Enders,Enders,NE,Nebraska,31029,Chase,40.455,-101.5356,8,23,polygon,FALSE,FALSE,America/Denver,3
28308,Lakeside,Lakeside,CO,Colorado,8059,Jefferson,39.7802,-105.0579,8,16,polygon,FALSE,TRUE,America/Denver,3
28309,Bolan,Bolan,IA,Iowa,19195,Worth,43.3735,-93.1085,8,1,polygon,FALSE,FALSE,America/Chicago,3
28310,Popponesset Island,Popponesset Island,MA,Massachusetts,25001,Barnstable,41.5855,-70.4591,8,42,polygon,FALSE,FALSE,America/New_York,3
28311,Ko Vaya,Ko Vaya,AZ,Arizona,4019,Pima,32.0815,-111.8959,8,2,polygon,FALSE,FALSE,America/Phoenix,3
28312,Clayton,Clayton,ID,Idaho,16037,Custer,44.2592,-114.3997,8,204,polygon,FALSE,TRUE,America/Boise,3
28313,Gideon,Gideon,OK,Oklahoma,40021,Cherokee,36.0088,-95.036,8,2,polygon,FALSE,FALSE,America/Chicago,3
28314,Jefferson,Jefferson,OK,Oklahoma,40053,Grant,36.7203,-97.7909,8,11,polygon,FALSE,TRUE,America/Chicago,3
28315,Funkley,Funkley,MN,Minnesota,27007,Beltrami,47.7869,-94.4267,8,4,polygon,FALSE,TRUE,America/Chicago,3
28316,Bellfountain,Bellfountain,OR,Oregon,41003,Benton,44.3654,-123.3559,8,2,polygon,FALSE,FALSE,America/Los_Angeles,3
28317,Greenhorn,Greenhorn,OR,Oregon,41001,Baker,44.7087,-118.4968,8,35,polygon,FALSE,TRUE,America/Los_Angeles,3
28318,Artas,Artas,SD,South Dakota,46021,Campbell,45.8873,-99.807,8,29,polygon,FALSE,TRUE,America/Chicago,3
28319,Wetonka,Wetonka,SD,South Dakota,46089,McPherson,45.6242,-98.7717,8,12,polygon,FALSE,TRUE,America/Chicago,3
28320,Cobbtown,Cobbtown,FL,Florida,12113,Santa Rosa,30.8823,-87.1212,7,1,polygon,FALSE,FALSE,America/Chicago,3
28321,Hawk Springs,Hawk Springs,WY,Wyoming,56015,Goshen,41.7852,-104.265,7,1,polygon,FALSE,FALSE,America/Denver,3
28322,Fontana Dam,Fontana Dam,NC,North Carolina,37075,Graham,35.4328,-83.8248,7,4,polygon,FALSE,TRUE,America/New_York,3
28323,Heimdal,Heimdal,ND,North Dakota,38103,Wells,47.7926,-99.6528,7,5,polygon,FALSE,FALSE,America/Chicago,3
28324,Spiritwood,Spiritwood,ND,North Dakota,38093,Stutsman,46.9342,-98.4933,7,3,polygon,FALSE,FALSE,America/Chicago,3
28325,Inland,Inland,NE,Nebraska,31035,Clay,40.5953,-98.2231,7,15,polygon,FALSE,FALSE,America/Chicago,3
28326,Willow Island,Willow Island,NE,Nebraska,31047,Dawson,40.89,-100.0707,7,0,polygon,FALSE,FALSE,America/Chicago,3
28327,Cartago,Cartago,CA,California,6027,Inyo,36.3123,-118.0261,7,2,polygon,FALSE,FALSE,America/Los_Angeles,3
28328,Banks,Banks,ID,Idaho,16015,Boise,44.0777,-116.1278,7,1,polygon,FALSE,FALSE,America/Boise,3
28329,Wickliffe,Wickliffe,OK,Oklahoma,40097,Mayes,36.2954,-95.1063,7,2,polygon,FALSE,TRUE,America/Chicago,3
28330,South Park View,South Park View,KY,Kentucky,21111,Jefferson,38.1185,-85.7199,7,21,polygon,FALSE,TRUE,America/New_York,3
28331,Arlington,Arlington,WY,Wyoming,56007,Carbon,41.6051,-106.1999,6,0,polygon,FALSE,FALSE,America/Denver,3
28332,Dellview,Dellview,NC,North Carolina,37071,Gaston,35.3865,-81.4127,6,20,polygon,FALSE,TRUE,America/New_York,3
28333,Blanchard,Blanchard,ND,North Dakota,38097,Traill,47.3432,-97.2228,6,9,polygon,FALSE,FALSE,America/Chicago,3
28334,Sutton,Sutton,ND,North Dakota,38039,Griggs,47.4038,-98.441,6,11,polygon,FALSE,FALSE,America/Chicago,3
28335,Grano,Grano,ND,North Dakota,38075,Renville,48.6153,-101.5893,6,7,polygon,FALSE,TRUE,America/Chicago,3
28336,Garfield,Garfield,CO,Colorado,8015,Chaffee,38.5494,-106.2896,6,6,polygon,FALSE,FALSE,America/Denver,3
28337,Rentchler,Rentchler,IL,Illinois,17163,St. Clair,38.4918,-89.8691,6,101,polygon,FALSE,FALSE,America/Chicago,3
28338,Lambert,Lambert,OK,Oklahoma,40003,Alfalfa,36.6832,-98.4237,6,20,polygon,FALSE,TRUE,America/Chicago,3
28339,Three Creeks,Three Creeks,MO,Missouri,29219,Warren,38.5758,-90.9971,6,0,polygon,FALSE,TRUE,America/Chicago,3
28340,Lowry,Lowry,SD,South Dakota,46129,Walworth,45.3156,-99.9812,6,9,polygon,FALSE,TRUE,America/Chicago,3
28341,Okaton,Okaton,SD,South Dakota,46075,Jones,43.8621,-100.9049,6,0,polygon,FALSE,FALSE,America/Chicago,3
28342,Tavistock,Tavistock,NJ,New Jersey,34007,Camden,39.8758,-75.0272,5,7,polygon,FALSE,TRUE,America/New_York,3
28343,McLeod,McLeod,ND,North Dakota,38073,Ransom,46.3887,-97.2986,5,2,polygon,FALSE,FALSE,America/Chicago,3
28344,Anoka,Anoka,NE,Nebraska,31015,Boyd,42.946,-98.8285,5,3,polygon,FALSE,TRUE,America/Chicago,3
28345,Rock Island Arsenal,Rock Island Arsenal,IL,Illinois,17161,Rock Island,41.5172,-90.5399,5,1,polygon,TRUE,TRUE,America/Chicago,3
28346,Cave,Cave,MO,Missouri,29113,Lincoln,39.0214,-91.0483,5,2,polygon,FALSE,TRUE,America/Chicago,3
28347,Verdon,Verdon,SD,South Dakota,46013,Brown,45.2442,-98.0992,5,7,polygon,FALSE,TRUE,America/Chicago,3
28348,Prairie City,Prairie City,SD,South Dakota,46105,Perkins,45.5312,-102.8164,5,1,polygon,FALSE,FALSE,America/Denver,3
28349,Thurmond,Thurmond,WV,West Virginia,54019,Fayette,37.961,-81.0796,4,16,polygon,FALSE,TRUE,America/New_York,3
28350,Lost Springs,Lost Springs,WY,Wyoming,56009,Converse,42.7652,-104.9255,4,17,polygon,FALSE,TRUE,America/Denver,3
28351,Butterfield,Butterfield,TX,Texas,48141,El Paso,31.8426,-106.0822,4,0,polygon,FALSE,FALSE,America/Denver,3
28352,Livengood,Livengood,AK,Alaska,2290,Yukon-Koyukuk,65.4817,-148.4171,4,0,polygon,FALSE,FALSE,America/Anchorage,3
28353,Healy Lake,Healy Lake,AK,Alaska,2240,Southeast Fairbanks,64.0281,-144.633,4,0,polygon,FALSE,FALSE,America/Anchorage,3
28354,Beluga,Beluga,AK,Alaska,2122,Kenai Peninsula,61.1869,-151.1637,4,0,polygon,FALSE,FALSE,America/Anchorage,3
28355,Four Mile Road,Four Mile Road,AK,Alaska,2290,Yukon-Koyukuk,64.6045,-149.1222,4,1,polygon,FALSE,TRUE,America/Anchorage,3
28356,Alatna,Alatna,AK,Alaska,2290,Yukon-Koyukuk,66.5638,-152.8385,4,0,polygon,FALSE,FALSE,America/Anchorage,3
28357,Ruso,Ruso,ND,North Dakota,38055,McLean,47.8373,-100.9343,4,6,polygon,FALSE,TRUE,America/Chicago,3
28358,Brownlee,Brownlee,NE,Nebraska,31031,Cherry,42.2893,-100.6241,4,14,polygon,FALSE,FALSE,America/Chicago,3
28359,Hoot Owl,Hoot Owl,OK,Oklahoma,40097,Mayes,36.36,-95.1214,4,26,polygon,FALSE,TRUE,America/Chicago,3
28360,Freeport,Freeport,KS,Kansas,20077,Harper,37.1989,-97.8542,4,7,polygon,FALSE,FALSE,America/Chicago,3
28361,St. Charles,St. Charles,SD,South Dakota,46053,Gregory,43.0882,-99.0949,4,7,polygon,FALSE,FALSE,America/Chicago,3
28362,Lily,Lily,SD,South Dakota,46037,Day,45.1818,-97.6835,4,5,polygon,FALSE,TRUE,America/Chicago,3
28363,Warm River,Warm River,ID,Idaho,16043,Fremont,44.1188,-111.32,3,1,polygon,FALSE,TRUE,America/Boise,3
28364,White Rock,White Rock,SD,South Dakota,46109,Roberts,45.9248,-96.576,3,0,polygon,FALSE,TRUE,America/Chicago,3
28365,Hillsview,Hillsview,SD,South Dakota,46089,McPherson,45.6642,-99.5607,3,1,polygon,FALSE,TRUE,America/Chicago,3
28366,Birch Creek,Birch Creek,AK,Alaska,2290,Yukon-Koyukuk,66.2686,-145.8698,2,0,polygon,FALSE,FALSE,America/Anchorage,3
28367,Gross,Gross,NE,Nebraska,31015,Boyd,42.9461,-98.5697,2,6,polygon,FALSE,TRUE,America/Chicago,3
28368,Poso Park,Poso Park,CA,California,6107,Tulare,35.8114,-118.6364,2,17,polygon,FALSE,FALSE,America/Los_Angeles,3
28369,Lotsee,Lotsee,OK,Oklahoma,40143,Tulsa,36.1334,-96.2091,2,39,polygon,FALSE,TRUE,America/Chicago,3
28370,The Ranch,The Ranch,MN,Minnesota,27087,Mahnomen,47.3198,-95.6952,2,2,polygon,FALSE,TRUE,America/Chicago,3
28371,Roswell,Roswell,SD,South Dakota,46097,Miner,44.006,-97.6975,2,1,polygon,FALSE,FALSE,America/Chicago,3
28372,Monowi,Monowi,NE,Nebraska,31015,Boyd,42.8307,-98.3296,1,1,polygon,FALSE,TRUE,America/Chicago,3
